chromosome	start	end	total_cn	major_cn	minor_cn	star
1	10001	809654	2	1	1	2
1	809655	13182499	2	1	1	2
1	13182500	85475552	2	1	1	3
1	85475553	85475580	2	1	1	2
1	85475581	85502723	1	1	0	3
1	85502724	85502930	1	1	0	2
1	85502931	85519489	1	1	0	2
1	85519490	101880638	2	1	1	3
1	101880639	101892122	2	1	1	3
1	101892123	106321678	2	1	1	3
1	106321679	106344187	2	1	1	3
1	106344188	121499999	2	1	1	3
1	121500000	128899999	2	1	1	2
1	128900000	143153938	2	1	1	2
1	143153939	143511001	3	2	1	2
1	143511002	149430742	3	2	1	2
1	149430743	158936877	3	2	1	2
1	158936878	158952654	3	2	1	2
1	158952655	160485476	3	2	1	2
1	160485477	160495813	3	2	1	2
1	160495814	166498185	3	2	1	2
1	166498186	166508845	3	2	1	2
1	166508846	195558958	3	2	1	2
1	195558959	195572236	3	2	1	2
1	195572237	213370675	3	2	1	2
1	213370676	213373479	3	2	1	2
1	213373480	213804001	3	2	1	2
1	213804002	213805723	3	2	1	2
1	213805724	214262200	3	2	1	2
1	214262201	214272031	3	2	1	2
1	214272032	239239534	3	2	1	2
1	239239535	239244250	3	2	1	2
1	239244251	247247500	3	2	1	2
1	247247501	249250620	3	2	1	2
2	20016	78291344	2	1	1	3
2	78291345	90499999	2	1	1	3
2	90500000	96799999	2	1	1	3
2	96800000	104339321	2	1	1	3
2	104339322	104342198	2	1	1	3
2	104342199	141014856	2	1	1	3
2	141014857	143524924	2	1	1	3
2	143524925	143526868	2	1	1	3
2	143526869	143810684	2	1	1	3
2	143810685	143811196	2	1	1	3
2	143811197	143813845	2	1	1	2
2	143813846	143814217	2	1	1	2
2	143814218	157068684	2	1	1	3
2	157068685	157079930	2	1	1	3
2	157079931	186571970	2	1	1	3
2	186571971	186580347	2	1	1	3
2	186580348	196831509	2	1	1	3
2	196831510	196843646	2	1	1	3
2	196843647	242986605	2	1	1	3
3	62226	3439240	2	1	1	2
3	3439241	3451854	2	1	1	2
3	3451855	14647202	2	1	1	2
3	14647203	41583422	2	1	1	2
3	41583423	41593845	2	1	1	2
3	41593846	50665002	2	1	1	3
3	50665003	52013639	2	1	1	3
3	52013640	52015632	2	1	1	3
3	52015633	87899999	2	1	1	3
3	87900000	93899999	2	1	1	2
3	93900000	118170325	2	1	1	3
3	118170326	118178717	2	1	1	3
3	118178718	164185500	2	1	1	3
3	164185501	164231508	2	1	1	2
3	164231509	179823439	2	1	1	3
3	179823440	179825378	2	1	1	3
3	179825379	189960689	2	1	1	3
3	189960690	189965838	2	1	1	3
3	189965839	197847500	2	1	1	3
4	31641	15816820	2	1	1	3
4	15816821	15824211	2	1	1	3
4	15824212	18768002	2	1	1	3
4	18768003	18778419	2	1	1	3
4	18778420	36561795	2	1	1	3
4	36561796	36565957	2	1	1	3
4	36565958	45973744	2	1	1	3
4	45973745	45980238	2	1	1	3
4	45980239	48199999	2	1	1	3
4	48200000	52709759	NA	NA	NA	NA
4	52709760	69881735	1	1	0	3
4	69881736	69898071	1	1	0	2
4	69898072	70120201	1	1	0	2
4	70120202	70241002	1	1	0	2
4	70241003	86766695	1	1	0	2
4	86766696	86796050	1	1	0	2
4	86796051	91596275	1	1	0	3
4	91596276	96334659	2	1	1	2
4	96334660	96761504	1	1	0	2
4	96761505	100018824	2	1	1	2
4	100018825	138035207	1	1	0	2
4	138035208	138038511	1	1	0	2
4	138038512	146142779	1	1	0	2
4	146142780	146144971	1	1	0	2
4	146144972	191154275	1	1	0	2
5	22500	419268	2	1	1	2
5	419269	5615867	2	1	1	3
5	5615868	5617287	2	1	1	3
5	5617288	35979310	2	1	1	3
5	35979311	35981686	2	1	1	2
5	35981687	40523129	2	1	1	2
5	40523130	40535595	2	1	1	2
5	40535596	43910582	2	1	1	2
5	43910583	43917083	2	1	1	2
5	43917084	45912001	2	1	1	2
5	45912002	46099999	2	1	1	2
5	46100000	50699999	2	1	1	2
5	50700000	93477468	2	1	1	2
5	93477469	93482406	2	1	1	2
5	93482407	134170701	2	1	1	2
5	134170702	134172283	2	1	1	2
5	134172284	155283373	2	1	1	2
5	155283374	155285100	2	1	1	2
5	155285101	161659412	2	1	1	2
5	161659413	161663922	2	1	1	2
5	161663923	180689978	2	1	1	2
6	39681	240004	2	1	1	3
6	240005	4518695	2	1	1	3
6	4518696	4520444	2	1	1	2
6	4520445	57267669	2	1	1	3
6	57267670	58075759	1	1	0	2
6	58075760	63299999	1	1	0	2
6	63300000	63543146	1	1	0	2
6	63543147	63599935	1	1	0	2
6	63599936	69428250	1	1	0	3
6	69428251	71635922	1	1	0	3
6	71635923	72015975	2	1	1	2
6	72015976	72465326	1	1	0	3
6	72465327	72581601	1	1	0	2
6	72581602	113624311	1	1	0	3
6	113624312	113753710	0	0	0	2
6	113753711	142374660	1	1	0	3
6	142374661	142386880	1	1	0	3
6	142386881	170929124	1	1	0	3
7	40386	11427521	3	2	1	2
7	11427522	11436548	3	2	1	2
7	11436549	57999987	3	2	1	2
7	57999988	61699999	3	2	1	2
7	61700000	63655077	3	2	1	2
7	63655078	63663680	3	2	1	2
7	63663681	85219979	3	2	1	3
7	85219980	99199946	3	2	1	3
7	99199947	118885309	3	2	1	3
7	118885310	143814622	3	2	1	3
7	143814623	143827828	3	2	1	3
7	143827829	158821400	3	2	1	3
8	10001	164049	1	1	0	2
8	164050	43099999	1	1	0	2
8	43100000	48099999	NA	NA	NA	NA
8	48100000	52543316	2	1	1	3
8	52543317	52546246	2	1	1	2
8	52546247	63686568	2	1	1	2
8	63686569	63693638	2	1	1	2
8	63693639	101830405	2	1	1	2
8	101830406	101832431	2	1	1	2
8	101832432	106212590	2	1	1	2
8	106212591	106223013	2	1	1	2
8	106223014	114709718	2	1	1	2
8	114709719	114715054	2	1	1	2
8	114715055	115903932	2	1	1	2
8	115903933	115924751	2	1	1	3
8	115924752	130795485	2	1	1	2
8	130795486	130802370	2	1	1	2
8	130802371	146364021	2	1	1	2
9	10001	2967709	2	2	0	2
9	2967710	2969266	2	2	0	2
9	2969267	3407975	2	2	0	2
9	3407976	5369711	1	1	0	2
9	5369712	23152645	2	2	0	2
9	23152646	23164424	2	2	0	2
9	23164425	26989600	2	2	0	2
9	26989601	29658335	2	2	0	2
9	29658336	29658898	2	2	0	2
9	29658899	29676494	2	2	0	2
9	29676495	29938264	4	2	2	2
9	29938265	30382939	2	2	0	2
9	30382940	30933811	4	2	2	3
9	30933812	31934921	4	2	2	3
9	31934922	32084632	8	6	2	1
9	32084633	32092739	8	6	2	1
9	32092740	32095256	8	6	2	1
9	32095257	32867233	8	6	2	2
9	32867234	34036454	6	4	2	2
9	34036455	34092637	8	7	1	2
9	34092638	34094317	8	7	1	2
9	34094318	34777252	4	3	1	2
9	34777253	36383879	6	5	1	2
9	36383880	36836519	4	3	1	2
9	36836520	37254346	6	5	1	2
9	37254347	38203569	4	3	1	3
9	38203570	38807855	6	5	1	2
9	38807856	39108358	4	3	1	2
9	39108359	42240602	3	2	1	2
9	42240603	43512004	4	3	1	2
9	43512005	47299999	2	1	1	2
9	47300000	50699999	2	1	1	2
9	50700000	67252499	2	1	1	2
9	67252500	83904226	2	1	1	3
9	83904227	83917918	2	1	1	3
9	83917919	91474066	2	1	1	3
9	91474067	91499008	2	1	1	3
9	91499009	140315015	2	1	1	3
9	140315016	141028356	2	1	1	2
10	95662	37999999	2	1	1	3
10	38000000	42497265	2	1	1	2
10	42497266	49699988	2	1	1	3
10	49699989	51085207	1	1	0	2
10	51085208	51593438	2	1	1	3
10	51593439	57754894	1	1	0	3
10	57754895	57760983	1	1	0	1
10	57760984	86401047	1	1	0	3
10	86401048	86407087	1	1	0	3
10	86407088	89331190	1	1	0	3
10	89331191	89334428	1	1	0	3
10	89334429	89643405	1	1	0	3
10	89643406	89659663	1	1	0	3
10	89659664	109646257	1	1	0	3
10	109646258	109651284	1	1	0	3
10	109651285	135389304	1	1	0	3
11	202072	50358249	2	1	1	3
11	50358250	51390071	2	1	1	2
11	51390072	55699999	2	1	1	2
11	55700000	77089884	2	1	1	3
11	77089885	77091360	2	1	1	3
11	77091361	81525811	2	1	1	3
11	81525812	134488795	2	1	1	3
12	110107	28797137	2	1	1	3
12	28797138	28823389	2	1	1	3
12	28823390	28880715	2	1	1	3
12	28880716	28887268	2	1	1	2
12	28887269	33299999	2	1	1	3
12	33300000	38438728	2	1	1	2
12	38438729	132349400	2	1	1	3
12	132349401	133851894	2	1	1	2
13	1	16299999	2	1	1	1
13	16300000	19499999	2	1	1	2
13	19500000	35931354	2	1	1	3
13	35931355	36180206	2	1	1	2
13	36180207	63568037	2	1	1	3
13	63568038	63578054	2	1	1	3
13	63578055	81213893	2	1	1	3
13	81213894	81220800	2	1	1	3
13	81220801	89158333	2	1	1	3
13	89158334	89161839	2	1	1	2
13	89161840	93743116	2	1	1	3
13	93743117	93744471	2	1	1	3
13	93744472	114161938	2	1	1	3
13	114161939	115169877	2	1	1	2
14	1	16099999	2	1	1	1
14	16100000	19099999	2	1	1	1
14	19100000	20378039	2	1	1	2
14	20378040	21728695	2	1	1	3
14	21728696	21731640	2	1	1	3
14	21731641	46299110	2	1	1	3
14	46299111	46301251	2	1	1	3
14	46301252	79333316	2	1	1	3
14	79333317	79334847	2	1	1	3
14	79334848	106394152	2	1	1	3
15	1	15799999	2	1	1	1
15	15800000	20699999	2	1	1	3
15	20700000	36269536	2	1	1	3
15	36269537	36272893	2	1	1	3
15	36272894	62621031	2	1	1	3
15	62621032	62623074	2	1	1	3
15	62623075	94282704	2	1	1	3
15	94282705	94290829	2	1	1	3
15	94290830	100299176	2	1	1	3
15	100299177	102399919	2	1	1	3
16	88688	31588691	3	2	1	2
16	31588692	31592264	3	2	1	2
16	31592265	32545201	3	2	1	2
16	32545202	34599999	3	2	1	2
16	34600000	38599999	3	2	1	2
16	38600000	46459001	3	2	1	2
16	46459002	88777200	1	1	0	3
16	88777201	90354752	1	1	0	2
17	3587	22199999	1	1	0	3
17	22200000	25799999	NA	NA	NA	NA
17	25800000	52960420	2	1	1	3
17	52960421	52962341	2	1	1	3
17	52962342	78774600	2	1	1	3
17	78774601	80025739	2	1	1	2
17	80025740	81195209	2	1	1	2
18	10001	133010	2	1	1	2
18	133011	15399999	2	1	1	3
18	15400000	18999999	2	1	1	3
18	19000000	25883899	2	1	1	3
18	25883900	25889856	2	1	1	3
18	25889857	76117000	2	1	1	3
18	76117001	78077247	2	1	1	3
19	102500	277156	2	1	1	2
19	277157	24393625	2	1	1	2
19	24393626	24399999	2	1	1	2
19	24400000	28599999	2	1	1	2
19	28600000	43142681	2	1	1	2
19	43142682	43150951	2	1	1	2
19	43150952	46670292	2	1	1	2
19	46670293	46673415	2	1	1	2
19	46673416	59128982	2	1	1	2
20	17500	25599999	2	1	1	2
20	25600000	29831740	2	1	1	3
20	29831741	62432500	2	1	1	2
21	1	10899999	NA	NA	NA	NA
21	10900000	15273856	2	1	1	2
21	15273857	28572286	2	1	1	3
21	28572287	28579895	2	1	1	3
21	28579896	40240225	2	1	1	3
21	40240226	40242167	2	1	1	2
21	40242168	46980014	2	1	1	3
21	46980015	48129894	2	1	1	2
22	1	12199999	2	1	1	1
22	12200000	17899999	2	1	1	3
22	17900000	19475223	2	1	1	2
22	19475224	19478662	2	1	1	2
22	19478663	49687500	2	1	1	2
22	49687501	51304565	2	1	1	2
X	1	58046342	1	1	0	3
X	58046343	58055815	1	1	0	2
X	58055816	62999999	1	1	0	2
X	63000000	74197235	1	1	0	3
X	74197236	74201402	1	1	0	3
X	74201403	127656862	1	1	0	3
X	127656863	127679655	1	1	0	2
X	127679656	155270559	1	1	0	3
Y	1	11599999	0	0	0	1
Y	11600000	13640202	NA	NA	NA	NA
Y	13640203	13885605	1	1	0	1
Y	13885606	59373565	NA	NA	NA	NA
