chromosome	start	end	total_cn	major_cn	minor_cn	star
1	10001	840008	1	1	0	2
1	840009	19826250	1	1	0	2
1	19826251	53154340	2	1	1	3
1	53154341	53154376	2	1	1	3
1	53154377	120479962	2	1	1	3
1	120479963	121499999	2	1	1	3
1	121500000	128899999	2	1	1	2
1	128900000	170802031	2	1	1	2
1	170802032	170986436	3	2	1	2
1	170986437	246673895	2	1	1	3
1	246673896	246801105	2	1	1	2
1	246801106	247247500	2	1	1	3
1	247247501	249250620	2	1	1	3
2	19956	90499999	2	1	1	3
2	90500000	96799999	2	1	1	3
2	96800000	242985493	2	1	1	3
3	100074	87899999	2	1	1	3
3	87900000	93899999	NA	NA	NA	NA
3	93900000	94585240	5	4	1	2
3	94585241	109649804	3	2	1	2
3	109649805	109658898	3	2	1	2
3	109658899	109789865	3	2	1	2
3	109789866	109864297	3	2	1	2
3	109864298	109965241	3	2	1	2
3	109965242	116388782	5	4	1	2
3	116388783	116422537	5	4	1	2
3	116422538	116805603	5	4	1	2
3	116805604	116848577	3	2	1	2
3	116848578	116978701	2	1	1	2
3	116978702	132443094	3	2	1	2
3	132443095	162383436	3	2	1	2
3	162383437	162421564	4	3	1	2
3	162421565	162793081	3	2	1	2
3	162793082	162793225	3	2	1	2
3	162793226	162820542	3	2	1	2
3	162820543	164079349	2	1	1	2
3	164079350	164906916	3	2	1	2
3	164906917	164907486	3	2	1	2
3	164907487	164907785	3	2	1	1
3	164907786	164907834	5	4	1	2
3	164907835	164991303	5	4	1	2
3	164991304	164991349	5	4	1	1
3	164991350	165010083	5	4	1	1
3	165010084	165010171	5	4	1	1
3	165010172	165010323	5	4	1	1
3	165010324	172197161	5	4	1	2
3	172197162	182707120	5	4	1	2
3	182707121	182709297	4	2	2	2
3	182709298	197850571	5	4	1	2
4	27500	69566	2	1	1	2
4	69567	10942457	2	1	1	3
4	10942458	11007863	2	1	1	2
4	11007864	48199999	2	1	1	3
4	48200000	52699999	2	1	1	3
4	52700000	190799943	2	1	1	3
5	22500	46099999	2	1	1	3
5	46100000	50699999	2	1	1	3
5	50700000	180689978	2	1	1	3
6	39681	212499	2	1	1	2
6	212500	391938	2	1	1	2
6	391939	2417853	2	1	1	3
6	2417854	2417987	2	1	1	3
6	2417988	58699999	2	1	1	3
6	58700000	63299999	2	1	1	3
6	63300000	136931874	2	1	1	3
6	136931875	136932091	2	1	1	2
6	136932092	136933135	1	1	0	2
6	136933136	137282493	1	1	0	3
6	137282494	170899934	2	1	1	3
7	49392	57999999	2	1	1	3
7	58000000	61699999	2	1	1	3
7	61700000	158817500	2	1	1	3
8	10001	170011	3	2	1	2
8	170012	43099999	3	2	1	2
8	43100000	48099999	3	2	1	2
8	48100000	146364021	3	2	1	2
9	10001	200100	2	2	0	1
9	200101	47299999	2	1	1	3
9	47300000	50699999	2	1	1	2
9	50700000	69137278	2	1	1	2
9	69137279	140290028	2	1	1	3
10	94426	37999999	2	1	1	3
10	38000000	42299999	2	1	1	3
10	42300000	67421082	2	1	1	3
10	67421083	67427499	1	1	0	3
10	67427500	67489866	1	1	0	2
10	67489867	67792306	3	2	1	2
10	67792307	67801994	2	1	1	2
10	67801995	67804020	3	2	1	2
10	67804021	68487529	2	1	1	3
10	68487530	89574146	1	1	0	3
10	89574147	89669626	0	0	0	3
10	89669627	105220775	1	1	0	2
10	105220776	105220955	1	1	0	2
10	105220956	135389924	1	1	0	2
11	20721	190009	2	1	1	2
11	190010	1697499	2	1	1	2
11	1697500	1879100	4	3	1	2
11	1879101	51599999	2	1	1	3
11	51600000	55699999	2	1	1	3
11	55700000	67302335	2	1	1	3
11	67302336	134452200	1	1	0	3
12	110107	19288964	2	1	1	3
12	19288965	19289226	2	1	1	3
12	19289227	33299999	2	1	1	3
12	33300000	38199999	2	1	1	3
12	38200000	41420728	2	1	1	3
12	41420729	41421029	2	1	1	3
12	41421030	41838764	2	1	1	2
12	41838765	57950827	2	1	1	3
12	57950828	132349400	2	1	1	3
12	132349401	133851894	2	1	1	3
13	1	16299999	2	1	1	1
13	16300000	19499999	2	1	1	3
13	19500000	43950045	2	1	1	3
13	43950046	48667528	3	2	1	3
13	48667529	48669023	1	1	0	1
13	48669024	49070608	1	1	0	2
13	49070609	114142800	2	1	1	3
13	114142801	115169877	2	1	1	3
14	1	16099999	2	1	1	1
14	16100000	19099999	2	1	1	2
14	19100000	27374115	2	1	1	2
14	27374116	27374162	2	1	1	2
14	27374163	33635911	2	1	1	2
14	33635912	106368400	1	1	0	3
15	1	15799999	2	1	1	1
15	15800000	20699999	2	1	1	2
15	20700000	100338800	2	1	1	3
15	100338801	102399919	2	1	1	3
16	100010	3098431	2	1	1	2
16	3098432	3098649	2	1	1	2
16	3098650	16587526	2	1	1	2
16	16587527	34599999	1	1	0	2
16	34600000	38599999	1	1	0	2
16	38600000	57017958	1	1	0	2
16	57017959	57021667	1	1	0	2
16	57021668	57829125	1	1	0	2
16	57829126	75897478	2	1	1	2
16	75897479	75898383	2	1	1	2
16	75898384	88827200	2	1	1	2
16	88827201	90354752	2	1	1	3
17	12500	22199999	2	1	1	2
17	22200000	25799999	2	1	1	2
17	25800000	78774600	2	1	1	2
17	78774601	81195209	2	1	1	3
18	34627	15399999	2	1	1	3
18	15400000	18999999	2	1	1	3
18	19000000	62648736	2	1	1	3
18	62648737	62665899	3	2	1	2
18	62665900	62666239	3	2	1	2
18	62666240	76117000	3	2	1	2
18	76117001	78077247	3	2	1	2
19	102500	260136	2	1	1	2
19	260137	24399999	2	1	1	2
19	24400000	28599999	2	1	1	2
19	28600000	59128982	2	1	1	2
20	17500	25599999	2	1	1	3
20	25600000	29399999	2	1	1	3
20	29400000	62432500	2	1	1	3
21	1	9417499	NA	NA	NA	NA
21	9417500	10899999	NA	NA	NA	NA
21	10900000	14299999	2	2	0	1
21	14300000	46937500	2	1	1	3
21	46937501	48129894	2	1	1	2
22	1	12199999	2	1	1	1
22	12200000	17899999	2	1	1	2
22	17900000	49687500	2	1	1	2
22	49687501	51304565	2	1	1	3
X	1	58099999	1	1	0	3
X	58100000	62999999	1	1	0	3
X	63000000	155270559	1	1	0	3
Y	1	11599999	1	1	0	1
Y	11600000	13399999	1	1	0	1
Y	13400000	59373565	1	1	0	1
