chromosome	start	end	total_cn	major_cn	minor_cn	star
1	10001	121499999	2	1	1	3
1	121500000	128899999	2	1	1	3
1	128900000	247247500	2	1	1	3
1	247247501	249250620	2	1	1	3
2	20016	90499999	2	1	1	3
2	90500000	96799999	2	1	1	3
2	96800000	242985695	2	1	1	3
3	100074	87899999	2	1	1	2
3	87900000	93899999	2	1	1	2
3	93900000	197851385	2	1	1	2
4	75655	48199999	2	1	1	3
4	48200000	52699999	2	1	1	3
4	52700000	91206653	2	1	1	2
4	91206654	93090438	2	1	1	2
4	93090439	190756822	2	1	1	2
5	22500	46099999	2	1	1	3
5	46100000	50699999	2	1	1	2
5	50700000	180689978	2	1	1	3
6	39681	202330	2	1	1	1
6	202331	58699999	2	1	1	2
6	58700000	63299999	2	1	1	2
6	63300000	170899934	2	1	1	3
7	40386	57999999	3	2	1	2
7	58000000	61699999	3	2	1	2
7	61700000	158817500	3	2	1	2
8	166041	43099999	1	1	0	2
8	43100000	48099999	1	1	0	2
8	48100000	146364021	1	1	0	2
9	10001	47299999	2	1	1	3
9	47300000	50699999	2	1	1	2
9	50700000	140267500	2	1	1	3
9	140267501	141069420	2	1	1	2
10	96469	37999999	2	1	1	2
10	38000000	42299999	2	1	1	2
10	42300000	135389924	2	1	1	2
11	190010	51599999	1	1	0	2
11	51600000	55699999	1	1	0	2
11	55700000	134442500	1	1	0	2
12	110107	33299999	2	1	1	2
12	33300000	38199999	2	1	1	2
12	38200000	132342500	2	1	1	2
12	132342501	133851894	2	1	1	2
13	1	16299999	2	1	1	1
13	16300000	19499999	2	1	1	2
13	19500000	114137500	2	1	1	3
13	114137501	115169877	2	1	1	2
14	1	16099999	2	1	1	1
14	16100000	19099999	2	1	1	1
14	19100000	106362500	2	1	1	3
15	1	15799999	2	1	1	1
15	15800000	20699999	2	1	1	2
15	20700000	100332500	2	1	1	3
15	100332501	102438023	2	1	1	3
16	35848	145121	2	1	1	2
16	145122	34599999	2	1	1	2
16	34600000	38599999	2	1	1	3
16	38600000	46430529	2	1	1	2
16	46430530	88822500	2	1	1	3
16	88822501	90354752	2	1	1	3
17	3104	2851436	2	2	0	2
17	2851437	3067910	1	1	0	2
17	3067911	19161635	2	2	0	2
17	19161636	22199999	3	2	1	2
17	22200000	25799999	NA	NA	NA	NA
17	25800000	78772500	4	2	2	2
17	78772501	81108302	4	2	2	2
18	27500	15399999	3	2	1	3
18	15400000	18999999	3	2	1	3
18	19000000	76112500	3	2	1	3
18	76112501	78077247	3	2	1	2
19	102500	289894	2	1	1	2
19	289895	24399999	2	1	1	3
19	24400000	28599999	2	1	1	2
19	28600000	59128982	2	1	1	3
20	24347	25599999	2	1	1	3
20	25600000	29399999	2	1	1	2
20	29400000	62432500	2	1	1	3
21	1	10899999	NA	NA	NA	NA
21	10900000	14667453	2	1	1	2
21	14667454	46937500	2	1	1	2
21	46937501	48129894	2	1	1	2
22	1	12199999	2	2	0	1
22	12200000	17899999	NA	NA	NA	NA
22	17900000	27742499	2	1	1	3
22	27742500	49687500	2	2	0	3
22	49687501	51304565	2	2	0	2
X	1	58099999	1	1	0	3
X	58100000	62999999	1	1	0	3
X	63000000	155270559	1	1	0	3
Y	1	11599999	1	1	0	1
Y	11600000	13399999	1	1	0	1
Y	13400000	59373565	1	1	0	1
