chromosome	start	end	total_cn	major_cn	minor_cn	star
1	10001	809978	2	1	1	1
1	809979	121499999	2	1	1	2
1	121500000	128899999	NA	NA	NA	NA
1	128900000	143670483	3	2	1	1
1	143670484	144920086	6	5	1	1
1	144920087	145432500	4	3	1	1
1	145432501	147856341	5	4	1	1
1	147856342	149886600	5	4	1	2
1	149886601	152557086	4	3	1	2
1	152557087	191245828	5	4	1	2
1	191245829	191304670	6	5	1	1
1	191304671	195246745	4	3	1	2
1	195246746	195252798	6	5	1	2
1	195252799	197895661	6	5	1	2
1	197895662	198424419	7	6	1	2
1	198424420	199087743	4	3	1	2
1	199087744	201219773	7	6	1	2
1	201219774	201220823	3	2	1	2
1	201220824	201232383	6	5	1	2
1	201232384	202262105	6	5	1	2
1	202262106	202676707	7	6	1	2
1	202676708	202676984	7	6	1	2
1	202676985	202689579	7	6	1	1
1	202689580	204493887	5	4	1	2
1	204493888	206282485	7	6	1	2
1	206282486	207092970	4	3	1	2
1	207092971	207404921	7	6	1	2
1	207404922	208176464	4	3	1	2
1	208176465	208181375	5	4	1	1
1	208181376	208182472	7	6	1	1
1	208182473	213914765	6	5	1	1
1	213914766	213916959	6	5	1	1
1	213916960	213919852	6	5	1	2
1	213919853	214403666	6	5	1	2
1	214403667	223972428	7	6	1	2
1	223972429	234862207	6	3	3	2
1	234862208	247249600	6	3	3	2
1	247249601	249250620	6	3	3	2
2	65665	44079807	2	1	1	3
2	44079808	76187552	2	1	1	3
2	76187553	76405421	1	1	0	2
2	76405422	90453536	2	1	1	3
2	90453537	96799999	2	1	1	3
2	96800000	232611093	2	1	1	3
2	232611094	242985695	1	1	0	2
3	62226	19421809	2	1	1	3
3	19421810	19443334	2	1	1	3
3	19443335	87899999	2	1	1	3
3	87900000	93899999	2	1	1	2
3	93900000	140344378	2	1	1	3
3	140344379	175137797	3	2	1	2
3	175137798	175336971	3	2	1	2
3	175336972	197847500	3	2	1	2
4	41465	30275529	2	1	1	3
4	30275530	30279142	2	1	1	2
4	30279143	40836695	2	1	1	3
4	40836696	40882029	1	1	0	3
4	40882030	40939723	1	1	0	2
4	40939724	48199999	2	1	1	3
4	48200000	52699999	2	1	1	3
4	52700000	99838830	2	1	1	3
4	99838831	100553593	3	2	1	2
4	100553594	102306280	2	1	1	3
4	102306281	102312656	2	1	1	2
4	102312657	119630656	2	1	1	3
4	119630657	119638217	2	1	1	1
4	119638218	121722484	2	1	1	3
4	121722485	121775960	1	1	0	2
4	121775961	190749943	2	1	1	3
5	22500	45939627	2	1	1	3
5	45939628	50699999	2	1	1	2
5	50700000	116346787	2	1	1	3
5	116346788	116355054	1	1	0	2
5	116355055	176194721	2	1	1	3
5	176194722	176675611	1	1	0	1
5	176675612	179050909	2	1	1	2
5	179050910	179244695	1	1	0	1
5	179244696	180715810	2	1	1	2
6	39681	244762	2	1	1	2
6	244763	49806138	2	1	1	3
6	49806139	49857850	2	1	1	2
6	49857851	58699999	2	1	1	3
6	58700000	63299999	2	1	1	2
6	63300000	63544987	2	1	1	2
6	63544988	63641592	3	2	1	2
6	63641593	63641647	1	1	0	2
6	63641648	63921392	1	1	0	3
6	63921393	64089953	1	1	0	2
6	64089954	65646226	2	1	1	2
6	65646227	65798366	3	2	1	2
6	65798367	65986356	2	1	1	3
6	65986357	66166026	3	2	1	2
6	66166027	66168345	3	2	1	2
6	66168346	66168442	1	1	0	1
6	66168443	66876339	1	1	0	2
6	66876340	67060968	3	2	1	2
6	67060969	68142724	3	2	1	3
6	68142725	68340676	3	2	1	2
6	68340677	82069329	1	1	0	3
6	82069330	82198225	3	2	1	2
6	82198226	84268506	1	1	0	3
6	84268507	84372028	3	2	1	2
6	84372029	151553501	1	1	0	3
6	151553502	151554694	1	1	0	2
6	151554695	170849934	1	1	0	3
7	40729	57999999	2	1	1	3
7	58000000	61699999	2	1	1	2
7	61700000	62108822	2	1	1	2
7	62108823	62159976	3	2	1	2
7	62159977	62382600	2	1	1	2
7	62382601	104611555	2	1	1	3
7	104611556	104656427	2	1	1	3
7	104656428	158821400	2	1	1	3
8	10001	163248	1	1	0	2
8	163249	43099999	1	1	0	3
8	43100000	48099999	NA	NA	NA	NA
8	48100000	64911734	4	3	1	2
8	64911735	64930637	4	3	1	2
8	64930638	146364021	4	3	1	2
9	47500	264368	2	1	1	2
9	264369	4465549	2	1	1	3
9	4465550	4675715	2	1	1	2
9	4675716	39052499	2	1	1	3
9	39052500	47299999	2	1	1	3
9	47300000	50699999	2	1	1	1
9	50700000	66267499	2	1	1	2
9	66267500	114889544	2	1	1	3
9	114889545	114905769	2	1	1	1
9	114905770	115334548	4	3	1	2
9	115334549	115338776	3	2	1	2
9	115338777	123735429	2	1	1	3
9	123735430	124087051	2	1	1	2
9	124087052	140273200	2	1	1	2
9	140273201	140969790	2	1	1	2
10	104427	4959376	2	1	1	2
10	4959377	5025242	2	1	1	1
10	5025243	37999999	2	1	1	3
10	38000000	42521912	2	1	1	2
10	42521913	42972327	2	1	1	2
10	42972328	42980599	2	1	1	2
10	42980600	66995867	2	1	1	3
10	66995868	67093810	1	1	0	2
10	67093811	114119808	2	1	1	3
10	114119809	135389924	2	1	1	3
11	20721	195426	2	1	1	1
11	195427	23007215	2	1	1	3
11	23007216	23114858	2	1	1	2
11	23114859	50521973	2	1	1	3
11	50521974	51297614	2	1	1	2
11	51297615	55699999	2	1	1	2
11	55700000	132754198	2	1	1	3
11	132754199	132770886	2	1	1	2
11	132770887	134452200	2	1	1	3
12	110107	33299999	2	1	1	3
12	33300000	38199999	2	1	1	2
12	38200000	38354331	2	1	1	2
12	38354332	38427044	4	2	2	2
12	38427045	46187967	2	1	1	3
12	46187968	46397300	2	1	1	1
12	46397301	90389485	2	1	1	3
12	90389486	90393758	2	1	1	2
12	90393759	112588632	2	1	1	3
12	112588633	113041548	3	2	1	2
12	113041549	132349400	2	1	1	3
12	132349401	133851894	2	1	1	2
13	1	16299999	2	1	1	1
13	16300000	19499999	2	1	1	2
13	19500000	61353624	2	1	1	3
13	61353625	61387459	1	1	0	2
13	61387460	65193486	2	1	1	3
13	65193487	65194544	2	1	1	2
13	65194545	114142800	2	1	1	3
13	114142801	115169877	2	1	1	2
14	1	16099999	2	1	1	1
14	16100000	19099999	NA	NA	NA	NA
14	19100000	22989973	2	1	1	2
14	22989974	106368400	2	1	1	3
15	1	15799999	2	1	1	1
15	15800000	20699999	2	1	1	2
15	20700000	100338800	2	1	1	3
15	100338801	102531391	2	1	1	2
16	94106	31080177	2	1	1	2
16	31080178	31117866	2	1	1	2
16	31117867	32464801	2	1	1	2
16	32464802	32540000	2	1	1	2
16	32540001	34599999	2	1	1	2
16	34600000	38599999	2	1	1	3
16	38600000	46447499	2	1	1	2
16	46447500	71474531	2	1	1	3
16	71474532	71783799	3	2	1	3
16	71783800	88827200	2	1	1	2
16	88827201	90354752	2	1	1	2
17	41848	22199999	1	1	0	3
17	22200000	25799999	NA	NA	NA	NA
17	25800000	73229946	3	2	1	2
17	73229947	73957797	5	3	2	2
17	73957798	78774600	4	2	2	2
17	78774601	81195209	3	2	1	2
18	76616	15399999	2	1	1	3
18	15400000	18999999	2	1	1	3
18	19000000	76117000	2	1	1	3
18	76117001	78077247	2	1	1	3
19	102500	256010	1	1	0	1
19	256011	6676025	4	3	1	2
19	6676026	6726757	1	1	0	1
19	6726758	24399999	2	1	1	3
19	24400000	28599999	2	1	1	2
19	28600000	41620797	2	1	1	2
19	41620798	41646765	2	1	1	2
19	41646766	59128982	2	1	1	2
20	32079	25599999	2	1	1	3
20	25600000	29399999	2	1	1	3
20	29400000	62432500	2	1	1	3
21	1	9417499	NA	NA	NA	NA
21	9417500	10899999	NA	NA	NA	NA
21	10900000	14668452	2	2	0	1
21	14668453	30430494	2	1	1	2
21	30430495	30621681	1	1	0	3
21	30621682	30686140	1	1	0	3
21	30686141	30705944	1	1	0	2
21	30705945	46937500	2	1	1	3
21	46937501	48129894	2	1	1	3
22	1	12199999	2	1	1	1
22	12200000	17899999	2	1	1	2
22	17900000	49687500	2	1	1	2
22	49687501	51304565	2	1	1	2
X	1	58046075	2	1	1	3
X	58046076	58055770	2	2	0	1
X	58055771	62999999	NA	NA	NA	NA
X	63000000	107241208	2	1	1	3
X	107241209	107429207	3	2	1	2
X	107429208	115844833	2	1	1	3
X	115844834	115849246	2	1	1	2
X	115849247	154913600	2	1	1	3
