chromosome	start	end	total_cn	major_cn	minor_cn	star
1	812501	41879239	4	2	2	2
1	41879240	41989546	5	3	2	2
1	41989547	121384938	4	2	2	2
1	121384939	128899999	4	2	2	2
1	128900000	155829728	4	2	2	2
1	155829729	155839250	5	3	2	1
1	155839251	155839411	1	1	0	1
1	155839412	155839425	5	3	2	1
1	155839426	156017791	5	3	2	1
1	156017792	156017825	1	1	0	1
1	156017826	156017842	1	1	0	1
1	156017843	156017859	5	3	2	1
1	156017860	156018019	5	3	2	1
1	156018020	156018051	1	1	0	1
1	156018052	156018073	1	1	0	1
1	156018074	156019269	1	1	0	1
1	156019270	156019289	1	1	0	1
1	156019290	156019503	1	1	0	1
1	156019504	156019538	1	1	0	1
1	156019539	156019561	1	1	0	1
1	156019562	156020791	1	1	0	1
1	156020792	156020986	1	1	0	1
1	156020987	156021042	1	1	0	1
1	156021043	156021054	5	3	2	1
1	156021055	156028915	5	3	2	1
1	156028916	204407886	4	2	2	2
1	204407887	204465990	5	3	2	2
1	204465991	204466009	5	3	2	2
1	204466010	204466238	1	1	0	1
1	204466239	204467269	1	1	0	1
1	204467270	204467574	1	1	0	1
1	204467575	204469172	1	1	0	1
1	204469173	204469232	5	3	2	1
1	204469233	204542781	6	4	2	2
1	204542782	204554162	5	3	2	2
1	204554163	247249600	4	2	2	2
1	247249601	249250620	4	2	2	2
2	20016	90499999	3	2	1	2
2	90500000	96799999	3	2	1	2
2	96800000	145642287	3	2	1	2
2	145642288	145716338	4	3	1	2
2	145716339	212008477	3	2	1	2
2	212008478	212014529	4	2	2	2
2	212014530	233989613	3	2	1	2
2	233989614	242951000	1	1	0	2
3	100074	24607710	4	2	2	3
3	24607711	24607920	4	2	2	2
3	24607921	24618958	4	2	2	2
3	24618959	24618986	4	2	2	2
3	24618987	24624330	4	2	2	1
3	24624331	34500143	4	2	2	2
3	34500144	34501261	4	2	2	2
3	34501262	40162325	4	2	2	2
3	40162326	40163856	4	2	2	2
3	40163857	49421758	4	2	2	2
3	49421759	54715404	4	2	2	2
3	54715405	54828116	2	2	0	2
3	54828117	73350092	4	2	2	2
3	73350093	73429423	6	4	2	2
3	73429424	87899999	4	2	2	2
3	87900000	93899999	NA	NA	NA	NA
3	93900000	94792349	3	2	1	2
3	94792350	134129193	3	2	1	2
3	134129194	198022429	3	2	1	2
4	11870	33651030	2	2	0	3
4	33651031	33653227	2	2	0	2
4	33653228	34772968	2	2	0	2
4	34772969	34781064	2	2	0	2
4	34781065	48199999	2	2	0	3
4	48200000	52699999	2	2	0	2
4	52700000	55445667	2	2	0	3
4	55445668	55690241	3	3	0	2
4	55690242	70126124	2	2	0	3
4	70126125	182099416	2	2	0	3
4	182099417	182198621	1	1	0	3
4	182198622	182213208	1	1	0	2
4	182213209	182286075	1	1	0	3
4	182286076	182305335	2	2	0	3
4	182305336	182305350	2	2	0	2
4	182305351	182383960	2	2	0	3
4	182383961	182522951	1	1	0	2
4	182522952	191154275	2	2	0	2
5	22500	800202	3	2	1	2
5	800203	850222	4	2	2	1
5	850223	16931075	2	1	1	2
5	16931076	17062754	3	2	1	2
5	17062755	21524610	2	1	1	2
5	21524611	21655303	1	1	0	2
5	21655304	46099999	2	1	1	2
5	46100000	50699999	2	1	1	2
5	50700000	55074321	2	1	1	3
5	55074322	55080388	2	1	1	2
5	55080389	55080414	2	1	1	2
5	55080415	55080519	2	1	1	2
5	55080520	55080547	2	1	1	2
5	55080548	55096003	2	1	1	2
5	55096004	55096023	2	1	1	2
5	55096024	55096165	2	1	1	2
5	55096166	55096199	2	1	1	2
5	55096200	55096217	2	1	1	2
5	55096218	180739794	2	1	1	3
6	242501	32613122	4	2	2	2
6	32613123	32666780	1	1	0	1
6	32666781	32674393	4	2	2	2
6	32674394	32691629	4	2	2	2
6	32691630	49018399	4	2	2	2
6	49018400	49037582	3	2	1	2
6	49037583	56631002	4	2	2	2
6	56631003	58699999	4	2	2	2
6	58700000	63299999	NA	NA	NA	NA
6	63300000	98416440	3	2	1	2
6	98416441	98425494	4	2	2	2
6	98425495	115952237	3	2	1	2
6	115952238	115996099	2	2	0	2
6	115996100	144174727	3	2	1	2
6	144174728	144470424	4	2	2	2
6	144470425	159000497	3	2	1	2
6	159000498	159000692	4	2	2	2
6	159000693	159003228	4	2	2	2
6	159003229	159003385	4	2	2	2
6	159003386	167321329	4	2	2	2
6	167321330	170899800	4	2	2	2
7	61033	22329220	4	2	2	2
7	22329221	22448011	5	3	2	2
7	22448012	57982499	4	2	2	2
7	57982500	61699999	NA	NA	NA	NA
7	61700000	63762677	3	2	1	2
7	63762678	63995727	2	2	0	3
7	63995728	86267906	3	2	1	2
7	86267907	86326409	2	1	1	2
7	86326410	159027102	3	2	1	2
7	159027103	159072682	3	2	1	2
8	161635	43099999	3	2	1	2
8	43100000	48099999	NA	NA	NA	NA
8	48100000	94851159	3	2	1	2
8	94851160	94942136	5	3	2	2
8	94942137	146364021	3	2	1	2
9	47500	333411	3	2	1	2
9	333412	47299999	3	2	1	2
9	47300000	50699999	3	2	1	2
9	50700000	71030092	3	2	1	2
9	71030093	101576137	3	2	1	2
9	101576138	101666228	4	2	2	2
9	101666229	138807095	3	2	1	2
9	138807096	140273200	5	4	1	2
10	102500	25648294	2	1	1	3
10	25648295	25649795	2	1	1	2
10	25649796	33339695	2	1	1	3
10	33339696	33407118	2	1	1	3
10	33407119	35505810	2	1	1	3
10	35505811	35760866	3	2	1	3
10	35760867	37999999	2	1	1	3
10	38000000	42299999	2	1	1	2
10	42300000	56724235	2	1	1	3
10	56724236	57106862	1	1	0	2
10	57106863	135389924	2	1	1	3
11	20721	197556	4	2	2	2
11	197557	19210034	4	2	2	2
11	19210035	51599999	3	2	1	2
11	51600000	55699999	NA	NA	NA	NA
11	55700000	80530035	4	2	2	2
11	80530036	85788042	3	2	1	2
11	85788043	85788675	3	2	1	2
11	85788676	115013082	3	2	1	2
11	115013083	134452200	2	2	0	2
12	110107	15515072	3	3	0	3
12	15515073	15515190	3	3	0	2
12	15515191	25238436	3	3	0	3
12	25238437	25242413	6	6	0	1
12	25242414	25455301	6	6	0	1
12	25455302	25457185	6	6	0	1
12	25457186	25472263	6	6	0	1
12	25472264	25897476	6	6	0	1
12	25897477	25899574	26	26	0	1
12	25899575	26001797	6	6	0	1
12	26001798	26008160	15	15	0	1
12	26008161	26117430	6	6	0	1
12	26117431	26123707	6	6	0	1
12	26123708	26681473	6	6	0	1
12	26681474	26871303	6	6	0	1
12	26871304	26873599	2	2	0	2
12	26873600	29767905	4	4	0	2
12	29767906	29769945	4	4	0	2
12	29769946	29978204	4	4	0	2
12	29978205	29980306	3	3	0	1
12	29980307	33299999	3	3	0	3
12	33300000	38199999	3	3	0	2
12	38200000	72942186	3	3	0	3
12	72942187	74884490	3	3	0	1
12	74884491	132349400	3	3	0	3
12	132349401	133851894	3	3	0	2
13	1	16299999	2	2	0	1
13	16300000	19499999	2	2	0	2
13	19500000	55071885	2	2	0	2
13	55071886	55155426	3	2	1	2
13	55155427	78487784	2	2	0	2
13	78487785	78588936	4	2	2	2
13	78588937	114142800	2	2	0	2
13	114142801	115169877	2	2	0	2
14	1	16099999	3	2	1	1
14	16100000	19099999	NA	NA	NA	NA
14	19100000	20375051	4	2	2	2
14	20375052	106368400	3	2	1	2
15	1	15799999	3	2	1	1
15	15800000	20699999	NA	NA	NA	NA
15	20700000	34207069	2	1	1	1
15	34207070	75852904	2	1	1	2
15	75852905	75853302	2	1	1	2
15	75853303	76070016	3	2	1	2
15	76070017	100338800	2	1	1	2
15	100338801	102351912	2	1	1	2
16	94036	1851704	3	2	1	2
16	1851705	1852167	3	2	1	2
16	1852168	2814519	3	2	1	2
16	2814520	3839237	3	2	1	2
16	3839238	3983875	1	1	0	2
16	3983876	11928944	3	2	1	2
16	11928945	34599999	3	2	1	2
16	34600000	38599999	3	2	1	2
16	38600000	78151254	3	2	1	2
16	78151255	78165599	4	2	2	2
16	78165600	88827200	3	2	1	2
16	88827201	90354752	3	2	1	2
17	15056	22199999	2	2	0	3
17	22200000	25799999	2	2	0	2
17	25800000	31515697	2	2	0	3
17	31515698	31522455	5	5	0	1
17	31522456	31528378	2	2	0	1
17	31528379	32323477	4	4	0	1
17	32323478	32433134	2	2	0	2
17	32433135	36406333	3	3	0	2
17	36406334	44637508	3	3	0	2
17	44637509	78774600	3	3	0	2
17	78774601	81195209	3	3	0	2
18	27500	12468267	3	2	1	2
18	12468268	12533702	3	2	1	1
18	12533703	15399999	3	2	1	2
18	15400000	18999999	NA	NA	NA	NA
18	19000000	69037500	3	2	1	2
18	69037501	76117000	3	2	1	2
18	76117001	78077247	3	2	1	2
19	102500	281359	3	2	1	2
19	281360	8559121	4	2	2	2
19	8559122	8560313	4	2	2	2
19	8560314	19986883	4	2	2	2
19	19986884	20067480	6	4	2	2
19	20067481	24399999	3	2	1	2
19	24400000	28599999	NA	NA	NA	NA
19	28600000	59128982	4	2	2	2
20	17500	1227289	4	2	2	2
20	1227290	1772511	4	2	2	2
20	1772512	25599999	3	2	1	2
20	25600000	29399999	3	2	1	2
20	29400000	62432500	3	2	1	2
21	1	9417499	NA	NA	NA	NA
21	9417500	10755031	NA	NA	NA	NA
21	10755032	14299999	NA	NA	NA	NA
21	14300000	46937500	2	2	0	2
21	46937501	48129894	2	2	0	2
22	1	12199999	4	2	2	1
22	12200000	17899999	4	2	2	2
22	17900000	28192805	4	2	2	2
22	28192806	38338903	3	2	1	2
22	38338904	38377437	3	2	1	2
22	38377438	40385699	3	2	1	2
22	40385700	40460577	4	2	2	2
22	40460578	49363664	3	2	1	2
22	49363665	49370868	4	3	1	2
22	49370869	49687500	3	2	1	3
22	49687501	51304565	3	2	1	2
X	1	58099999	2	2	0	1
X	58100000	62999999	2	2	0	1
X	63000000	71373558	2	2	0	1
X	71373559	71747857	3	3	0	1
X	71747858	112726537	2	2	0	1
X	112726538	112784271	2	2	0	1
X	112784272	155270559	2	2	0	1
Y	1	2959602	NA	NA	NA	NA
Y	2959603	3721401	NA	NA	NA	NA
Y	3721402	11599999	NA	NA	NA	NA
Y	11600000	13510034	NA	NA	NA	NA
Y	13510035	59373565	NA	NA	NA	NA
