chromosome	start	end	total_cn	major_cn	minor_cn	star
1	1	26878064	2	1	1	2
1	26878065	26878198	2	1	1	2
1	26878199	42671141	2	1	1	2
1	42671142	42794690	1	1	0	3
1	42794691	75251520	2	1	1	3
1	75251521	75265535	3	2	1	2
1	75265536	121143401	2	1	1	3
1	121143402	128899999	NA	NA	NA	NA
1	128900000	142966802	3	2	1	1
1	142966803	143136002	3	2	1	1
1	143136003	145734202	4	2	2	2
1	145734203	149028401	5	3	2	2
1	149028402	249193998	5	3	2	2
1	249193999	249199945	5	3	2	2
2	53779	90499999	4	2	2	2
2	90500000	96799999	4	2	2	2
2	96800000	188527519	4	2	2	2
2	188527520	211272211	3	2	1	2
2	211272212	242892500	4	2	2	2
2	242892501	242999968	4	2	2	2
3	62425	17121937	3	2	1	3
3	17121938	35802802	2	2	0	2
3	35802803	35942201	3	3	0	2
3	35942202	80064468	2	2	0	2
3	80064469	80065213	3	2	1	1
3	80065214	87899999	3	2	1	2
3	87900000	93899999	NA	NA	NA	NA
3	93900000	99971285	4	2	2	3
3	99971286	100165050	5	3	2	1
3	100165051	114265497	4	2	2	3
3	114265498	114426470	5	3	2	2
3	114426471	125092456	4	2	2	3
3	125092457	125269563	5	3	2	2
3	125269564	126340341	4	2	2	3
3	126340342	126445037	5	3	2	2
3	126445038	139032733	4	2	2	3
3	139032734	139045870	5	3	2	2
3	139045871	184942536	4	2	2	3
3	184942537	185132824	5	3	2	2
3	185132825	187639502	4	2	2	3
3	187639503	187751071	5	3	2	3
3	187751072	193626296	4	2	2	3
3	193626297	193783549	5	3	2	2
3	193783550	197847500	4	2	2	3
4	27500	48199999	2	1	1	3
4	48200000	52699999	2	1	1	3
4	52700000	145373306	2	1	1	3
4	145373307	161634471	3	2	1	2
4	161634472	161636327	3	2	1	2
4	161636328	191154275	3	2	1	2
5	22500	46099999	3	2	1	2
5	46100000	50699999	3	2	1	2
5	50700000	85377891	3	2	1	2
5	85377892	85380754	2	2	0	2
5	85380755	100331924	3	2	1	2
5	100331925	178310051	3	2	1	2
5	178310052	178310128	3	2	1	2
5	178310129	180635900	3	2	1	2
5	180635901	180739794	3	2	1	2
6	242501	27579503	3	2	1	2
6	27579504	27635044	5	3	2	2
6	27635045	50165935	4	2	2	2
6	50165936	50170362	3	2	1	2
6	50170363	58699999	3	2	1	2
6	58700000	63299999	3	2	1	2
6	63300000	143382111	3	2	1	2
6	143382112	143382297	3	2	1	2
6	143382298	170871585	3	2	1	2
7	65340	6806602	4	2	2	2
7	6806603	57999999	4	2	2	2
7	58000000	62138809	4	2	2	2
7	62138810	62141987	4	2	2	2
7	62141988	125278575	4	2	2	2
7	125278576	125283681	4	2	2	2
7	125283682	152399965	4	2	2	2
7	152399966	152400114	4	2	2	2
7	152400115	158821400	4	2	2	2
8	1	170011	3	2	1	2
8	170012	11881801	2	1	1	2
8	11881802	25891002	2	1	1	2
8	25891003	43099999	3	2	1	2
8	43100000	48099999	3	2	1	2
8	48100000	146364021	3	2	1	2
9	61110	9890590	2	2	0	2
9	9890591	9897444	1	1	0	2
9	9897445	44813201	2	2	0	2
9	44813202	47299999	2	2	0	2
9	47300000	50699999	2	2	0	2
9	50700000	69465076	2	2	0	2
9	69465077	69936602	2	2	0	2
9	69936603	140273200	2	2	0	3
10	90127	1434903	3	2	1	2
10	1434904	1821918	2	2	0	3
10	1821919	1846528	3	2	1	2
10	1846529	1848195	3	2	1	2
10	1848196	1870630	3	2	1	2
10	1870631	6411411	3	2	1	2
10	6411412	8831090	2	2	0	3
10	8831091	14324637	3	2	1	2
10	14324638	34290010	2	2	0	2
10	34290011	37999999	3	2	1	2
10	38000000	42377499	NA	NA	NA	NA
10	42377500	53888956	3	2	1	3
10	53888957	54173194	2	2	0	3
10	54173195	135235890	3	2	1	3
10	135235891	135389924	3	2	1	2
11	20721	190009	4	2	2	2
11	190010	51599999	4	2	2	3
11	51600000	55699999	4	2	2	3
11	55700000	134452200	4	2	2	3
12	110107	204380	3	2	1	2
12	204381	33299999	3	2	1	3
12	33300000	38199999	3	2	1	3
12	38200000	131728906	3	2	1	3
12	131728907	131828961	3	2	1	1
12	131828962	132349400	3	2	1	2
12	132349401	133851894	3	2	1	2
13	1	16299999	5	3	2	1
13	16300000	19499999	5	3	2	2
13	19500000	36397601	5	3	2	2
13	36397602	36459494	6	3	3	3
13	36459495	114142800	5	3	2	2
13	114142801	115169877	5	3	2	2
14	1	16099999	3	2	1	1
14	16100000	19099999	3	2	1	1
14	19100000	20477031	3	2	1	2
14	20477032	106130601	3	2	1	3
14	106130602	106368400	3	2	1	2
15	1	15799999	3	2	1	1
15	15800000	20699999	3	2	1	2
15	20700000	100338800	3	2	1	3
15	100338801	102531391	3	2	1	2
16	90538	16289939	4	2	2	2
16	16289940	18800043	4	2	2	2
16	18800044	34599999	4	2	2	2
16	34600000	38599999	4	2	2	2
16	38600000	88827200	4	2	2	2
16	88827201	90354752	4	2	2	2
17	3587	21532189	2	2	0	3
17	21532190	25799999	NA	NA	NA	NA
17	25800000	78820874	3	2	1	2
17	78820875	81195209	3	2	1	2
18	27500	130030	7	6	1	2
18	130031	1060879	7	6	1	2
18	1060880	1282355	5	4	1	2
18	1282356	1369843	8	7	1	2
18	1369844	1629628	5	4	1	2
18	1629629	1971827	2	1	1	2
18	1971828	3110444	5	4	1	2
18	3110445	8924544	2	1	1	2
18	8924545	8926042	5	4	1	2
18	8926043	14279704	5	4	1	2
18	14279705	14531905	5	4	1	2
18	14531906	14568549	5	4	1	2
18	14568550	14879123	5	4	1	2
18	14879124	14962961	8	7	1	2
18	14962962	18999999	NA	NA	NA	NA
18	19000000	20299019	8	7	1	2
18	20299020	20677958	7	6	1	2
18	20677959	47988689	1	1	0	3
18	47988690	47989360	1	1	0	3
18	47989361	48589269	1	1	0	3
18	48589270	48591025	1	1	0	2
18	48591026	51752794	0	0	0	2
18	51752795	76117000	1	1	0	2
18	76117001	78077247	1	1	0	2
19	102500	267212	3	2	1	2
19	267213	24399999	3	2	1	2
19	24400000	28599999	NA	NA	NA	NA
19	28600000	37673706	5	3	2	2
19	37673707	37675721	7	5	2	1
19	37675722	38777590	9	7	2	1
19	38777591	38778382	16	14	2	2
19	38778383	38995047	23	21	2	1
19	38995048	39226692	18	16	2	1
19	39226693	39414503	23	22	1	1
19	39414504	40021968	24	23	1	1
19	40021969	40023365	19	18	1	1
19	40023366	40130676	24	23	1	1
19	40130677	40131805	13	10	3	1
19	40131806	59128982	2	2	0	3
20	24347	1593801	2	2	0	2
20	1593802	14971944	2	2	0	2
20	14971945	15355051	1	1	0	2
20	15355052	20974256	2	2	0	3
20	20974257	22051014	7	5	2	2
20	22051015	22487510	5	3	2	2
20	22487511	22560754	4	2	2	2
20	22560755	22745417	7	5	2	1
20	22745418	22926422	8	6	2	2
20	22926423	24105010	5	3	2	2
20	24105011	24151480	2	2	0	2
20	24151481	25599999	5	3	2	2
20	25600000	29399999	NA	NA	NA	NA
20	29400000	32289345	3	2	1	2
20	32289346	32430660	6	4	2	1
20	32430661	32630138	7	5	2	2
20	32630139	32751626	4	3	1	2
20	32751627	32765773	3	2	1	2
20	32765774	62435800	3	2	1	2
21	1	9417499	NA	NA	NA	NA
21	9417500	10899999	NA	NA	NA	NA
21	10900000	15273231	3	2	1	2
21	15273232	33382922	3	2	1	2
21	33382923	33408492	4	2	2	2
21	33408493	45838854	3	2	1	3
21	45838855	46029958	4	2	2	2
21	46029959	46944200	3	2	1	2
21	46944201	48129894	3	2	1	2
22	1	12199999	2	1	1	1
22	12200000	17899999	2	1	1	2
22	17900000	29065867	2	1	1	2
22	29065868	49691400	2	1	1	2
22	49691401	51304565	2	1	1	2
X	1	2700026	1	1	0	2
X	2700027	58099999	2	2	0	1
X	58100000	62999999	2	2	0	1
X	63000000	140769463	2	2	0	1
X	140769464	140770635	1	1	0	1
X	140770636	155270559	2	2	0	1
Y	1	11599999	NA	NA	NA	NA
Y	11600000	13399999	NA	NA	NA	NA
Y	13400000	59373565	NA	NA	NA	NA
