chromosome	start	end	total_cn	major_cn	minor_cn	star
1	1	121499999	2	1	1	3
1	121500000	128899999	2	1	1	3
1	128900000	187536265	2	1	1	3
1	187536266	188341429	1	1	0	3
1	188341430	191549465	2	1	1	3
1	191549466	192084670	1	1	0	3
1	192084671	247247500	2	1	1	3
1	247247501	249250620	2	1	1	3
2	20016	90499999	2	1	1	2
2	90500000	96799999	NA	NA	NA	NA
2	96800000	98164832	1	1	0	2
2	98164833	111667245	1	1	0	2
2	111667246	112506988	0	0	0	2
2	112506989	187301859	1	1	0	2
2	187301860	188130485	0	0	0	2
2	188130486	242988297	1	1	0	2
3	100074	52317034	1	1	0	2
3	52317035	52448394	1	1	0	2
3	52448395	87899999	1	1	0	2
3	87900000	93899999	1	1	0	2
3	93900000	99872381	1	1	0	2
3	99872382	129118451	2	1	1	2
3	129118452	197847500	3	2	1	2
4	27500	48199999	2	1	1	3
4	48200000	52699999	2	1	1	3
4	52700000	80157499	2	1	1	3
4	80157500	80615083	3	2	1	2
4	80615084	190749943	2	1	1	2
5	22500	22568446	2	1	1	3
5	22568447	22703286	1	1	0	3
5	22703287	46099999	2	1	1	3
5	46100000	51466217	NA	NA	NA	NA
5	51466218	57416355	1	1	0	2
5	57416356	57416567	1	1	0	2
5	57416568	117217994	1	1	0	2
5	117217995	180689978	2	1	1	3
6	39681	250040	1	1	0	2
6	250041	393497	1	1	0	2
6	393498	58699999	1	1	0	2
6	58700000	63299999	1	1	0	2
6	63300000	170919735	1	1	0	2
7	40386	3517192	2	1	1	3
7	3517193	5095597	1	1	0	3
7	5095598	5481622	0	0	0	2
7	5481623	7104443	1	1	0	3
7	7104444	10014315	2	1	1	3
7	10014316	14014835	1	1	0	3
7	14014836	57999999	2	1	1	3
7	58000000	61699999	2	1	1	2
7	61700000	104977386	2	1	1	3
7	104977387	105184901	2	1	1	1
7	105184902	158817500	2	1	1	3
8	10001	155756	1	1	0	2
8	155757	39192775	1	1	0	2
8	39192776	39193235	1	1	0	2
8	39193236	40750687	3	2	1	2
8	40750688	43099999	2	1	1	3
8	43100000	48099999	2	1	1	2
8	48100000	100852906	2	1	1	3
8	100852907	100897217	2	1	1	1
8	100897218	137486736	2	1	1	3
8	137486737	139135249	1	1	0	3
8	139135250	146364021	2	1	1	3
9	47500	203936	2	1	1	2
9	203937	47299999	2	1	1	3
9	47300000	50699999	2	1	1	2
9	50700000	67337499	2	1	1	2
9	67337500	140638116	2	1	1	3
10	10001	130012	2	1	1	2
10	130013	33985753	2	1	1	3
10	33985754	33986060	2	1	1	3
10	33986061	37999999	2	1	1	3
10	38000000	42299999	2	1	1	2
10	42300000	90395000	2	1	1	3
10	90395001	97269969	1	1	0	2
10	97269970	97514080	3	3	0	2
10	97514081	135389924	1	1	0	3
11	20721	196943	1	1	0	2
11	196944	27147339	1	1	0	2
11	27147340	27693379	0	0	0	2
11	27693380	40978202	1	1	0	2
11	40978203	40980090	1	1	0	2
11	40980091	41080886	3	2	1	2
11	41080887	41562957	2	1	1	3
11	41562958	49632309	1	1	0	3
11	49632310	51240001	2	1	1	2
11	51240002	51593802	1	1	0	2
11	51593803	56152883	NA	NA	NA	NA
11	56152884	57590250	3	2	1	2
11	57590251	64248656	1	1	0	2
11	64248657	65415389	3	2	1	2
11	65415390	65415410	3	2	1	2
11	65415411	66812694	1	1	0	3
11	66812695	66813071	1	1	0	2
11	66813072	66818798	3	2	1	1
11	66818799	67387941	3	2	1	3
11	67387942	67431829	2	1	1	3
11	67431830	67486774	2	1	1	3
11	67486775	134442500	1	1	0	2
12	110107	23736439	1	1	0	3
12	23736440	24033868	2	1	1	2
12	24033869	25270240	1	1	0	3
12	25270241	25308236	2	1	1	2
12	25308237	25351395	1	1	0	2
12	25351396	25379562	2	1	1	3
12	25379563	28174018	1	1	0	3
12	28174019	28744921	2	1	1	2
12	28744922	33299999	1	1	0	3
12	33300000	38199999	NA	NA	NA	NA
12	38200000	133711651	2	1	1	2
12	133711652	133786731	1	1	0	1
12	133786732	133786753	1	1	0	1
12	133786754	133810249	3	2	1	2
13	1	16299999	2	1	1	1
13	16300000	19499999	2	1	1	2
13	19500000	25867172	2	1	1	3
13	25867173	25867354	2	1	1	3
13	25867355	100109666	2	1	1	3
13	100109667	104603072	1	1	0	3
13	104603073	114137500	2	1	1	3
13	114137501	115169877	2	1	1	3
14	1	16099999	2	1	1	1
14	16100000	19099999	2	1	1	2
14	19100000	20375050	2	1	1	2
14	20375051	28769982	2	1	1	3
14	28769983	29040023	3	2	1	2
14	29040024	106368400	2	1	1	3
15	1	15799999	2	1	1	1
15	15800000	20699999	2	1	1	2
15	20700000	67859279	2	1	1	3
15	67859280	100338800	3	2	1	3
15	100338801	102431166	3	2	1	3
16	34870	115040	2	1	1	2
16	115041	34599999	2	1	1	2
16	34600000	38599999	2	1	1	2
16	38600000	46447499	2	1	1	2
16	46447500	51534267	2	1	1	3
16	51534268	52335393	1	1	0	3
16	52335394	67155291	2	1	1	3
16	67155292	67155439	2	1	1	3
16	67155440	67155455	2	1	1	2
16	67155456	88827200	2	1	1	3
16	88827201	90354752	2	1	1	3
17	7	22199999	2	1	1	3
17	22200000	25799999	2	1	1	3
17	25800000	78774600	2	1	1	3
17	78774601	81195209	2	1	1	3
18	27500	15399999	2	1	1	3
18	15400000	18999999	2	1	1	3
18	19000000	76117000	2	1	1	3
18	76117001	78077247	2	1	1	3
19	102500	226775	2	1	1	2
19	226776	11693777	2	1	1	2
19	11693778	11695587	2	1	1	2
19	11695588	24399999	2	1	1	2
19	24400000	28599999	2	1	1	2
19	28600000	55845220	2	1	1	2
19	55845221	55848015	3	2	1	2
19	55848016	56178558	4	3	1	2
19	56178559	59128982	3	2	1	2
20	32157	21385700	2	1	1	3
20	21385701	22150236	1	1	0	3
20	22150237	25599999	2	1	1	3
20	25600000	29399999	2	1	1	3
20	29400000	62432500	2	1	1	3
20	62432501	62859988	2	1	1	3
21	1	9417499	NA	NA	NA	NA
21	9417500	10899999	NA	NA	NA	NA
21	10900000	14299999	2	1	1	2
21	14300000	43068744	2	1	1	3
21	43068745	43128939	1	1	0	2
21	43128940	43151110	2	1	1	2
21	43151111	43160268	1	1	0	2
21	43160269	43163239	4	3	1	2
21	43163240	43224142	1	1	0	2
21	43224143	46937500	2	1	1	3
21	46937501	48129894	2	1	1	2
22	1	12199999	2	1	1	1
22	12200000	17899999	2	1	1	2
22	17900000	41555750	2	1	1	2
22	41555751	41561369	2	1	1	2
22	41561370	49687500	2	1	1	2
22	49687501	51304565	2	1	1	2
X	1	1455799	1	1	0	2
X	1455800	58099999	1	1	0	2
X	58100000	62999999	1	1	0	2
X	63000000	126997703	1	1	0	2
X	126997704	128267336	0	0	0	2
X	128267337	130260145	1	1	0	2
X	130260146	130270062	1	1	0	2
X	130270063	154907500	1	1	0	2
