chromosome	start	end	total_cn	major_cn	minor_cn	star
1	10001	121499999	2	1	1	3
1	121500000	128899999	2	1	1	2
1	128900000	247247500	2	1	1	3
1	247247501	249250620	2	1	1	2
2	12821	52018776	2	1	1	3
2	52018777	90499999	2	1	1	3
2	90500000	96799999	2	1	1	3
2	96800000	134132970	2	1	1	3
2	134132971	187625042	1	1	0	2
2	187625043	241771387	2	1	1	3
2	241771388	242278738	2	1	1	2
2	242278739	242840125	2	1	1	2
2	242840126	242951000	2	1	1	2
3	100074	87899999	2	1	1	3
3	87900000	93899999	2	1	1	3
3	93900000	104019786	2	1	1	3
3	104019787	109174991	1	1	0	2
3	109174992	162681228	2	1	1	3
3	162681229	162683866	2	1	1	2
3	162683867	163333050	2	1	1	3
3	163333051	163356826	2	1	1	2
3	163356827	164887643	2	1	1	3
3	164887644	164911988	2	1	1	2
3	164911989	165070706	2	1	1	3
3	165070707	165811325	1	1	0	2
3	165811326	165861913	2	1	1	3
3	165861914	165886087	1	1	0	2
3	165886088	166014630	2	1	1	2
3	166014631	166034661	2	1	1	2
3	166034662	166172665	2	1	1	2
3	166172666	166601403	2	1	1	2
3	166601404	166708673	2	1	1	2
3	166708674	166732369	2	1	1	2
3	166732370	167031143	2	1	1	3
3	167031144	167181959	1	1	0	2
3	167181960	167192817	2	1	1	2
3	167192818	167208353	2	1	1	2
3	167208354	168176590	2	1	1	3
3	168176591	168387113	2	1	1	3
3	168387114	168758353	2	1	1	3
3	168758354	168958768	2	1	1	2
3	168958769	169192870	1	1	0	2
3	169192871	169204012	2	1	1	2
3	169204013	169237870	1	1	0	2
3	169237871	198022429	2	1	1	3
4	44436	35567461	2	1	1	3
4	35567462	35642136	1	1	0	2
4	35642137	48199999	2	1	1	3
4	48200000	52699999	2	1	1	3
4	52700000	65911291	2	1	1	3
4	65911292	68582076	1	1	0	2
4	68582077	93568532	2	1	1	3
4	93568533	93570345	2	1	1	2
4	93570346	94288125	2	1	1	3
4	94288126	94644181	2	1	1	3
4	94644182	94654951	2	1	1	1
4	94654952	94888744	2	1	1	3
4	94888745	113252144	2	1	1	3
4	113252145	113259607	2	1	1	1
4	113259608	133676650	2	1	1	3
4	133676651	133682597	2	1	1	2
4	133682598	191154275	2	1	1	3
5	22500	709890	2	1	1	2
5	709891	795341	2	1	1	2
5	795342	30217745	2	1	1	3
5	30217746	30270607	1	1	0	3
5	30270608	30690802	2	1	1	3
5	30690803	31124613	2	1	1	3
5	31124614	31572295	2	1	1	3
5	31572296	31740022	2	1	1	2
5	31740023	31829885	1	1	0	2
5	31829886	33119300	2	1	1	3
5	33119301	33119324	2	1	1	2
5	33119325	38549479	2	1	1	3
5	38549480	46099999	2	1	1	3
5	46100000	50699999	2	1	1	3
5	50700000	86681417	2	1	1	3
5	86681418	86736449	1	1	0	2
5	86736450	87169175	2	1	1	3
5	87169176	87266388	2	1	1	1
5	87266389	87281740	1	1	0	2
5	87281741	87315418	2	1	1	1
5	87315419	87833747	2	1	1	3
5	87833748	87849003	2	1	1	2
5	87849004	87904212	2	1	1	2
5	87904213	88337925	2	1	1	3
5	88337926	88382894	1	1	0	2
5	88382895	88609213	2	1	1	3
5	88609214	88627349	1	1	0	2
5	88627350	89475979	2	1	1	3
5	89475980	89542688	1	1	0	2
5	89542689	89544374	1	1	0	2
5	89544375	89594903	1	1	0	2
5	89594904	99071954	2	1	1	3
5	99071955	99615718	2	1	1	2
5	99615719	100236086	2	1	1	2
5	100236087	100617231	2	1	1	2
5	100617232	100980789	1	1	0	2
5	100980790	101383799	1	1	0	1
5	101383800	162959918	2	1	1	2
5	162959919	162981064	2	1	1	2
5	162981065	163052741	2	1	1	2
5	163052742	163056819	2	1	1	1
5	163056820	166946736	2	1	1	3
5	166946737	167105164	3	2	1	2
5	167105165	180689978	2	1	1	3
6	39681	242500	2	1	1	2
6	242501	376916	2	1	1	2
6	376917	53809686	2	1	1	3
6	53809687	54143554	1	1	0	2
6	54143555	58699999	2	1	1	3
6	58700000	63299999	2	1	1	3
6	63300000	64700079	2	1	1	3
6	64700080	64715210	1	1	0	2
6	64715211	64893503	1	1	0	2
6	64893504	64899313	1	1	0	2
6	64899314	66507603	1	1	0	2
6	66507604	66585561	1	1	0	2
6	66585562	66636787	2	1	1	3
6	66636788	68329437	2	1	1	3
6	68329438	68336277	1	1	0	2
6	68336278	69355562	2	1	1	3
6	69355563	69360472	1	1	0	2
6	69360473	125422500	1	1	0	2
6	125422501	138645642	1	1	0	2
6	138645643	138698289	1	1	0	2
6	138698290	152466234	1	1	0	2
6	152466235	153611203	2	1	1	3
6	153611204	153617100	2	1	1	2
6	153617101	168716932	2	1	1	3
6	168716933	168718625	2	1	1	2
6	168718626	170899934	2	1	1	3
7	40386	7799681	2	1	1	3
7	7799682	7814297	1	1	0	2
7	7814298	7820154	1	1	0	2
7	7820155	8996369	2	1	1	3
7	8996370	10071205	1	1	0	2
7	10071206	10075414	2	1	1	2
7	10075415	10317273	2	1	1	3
7	10317274	10333752	1	1	0	2
7	10333753	11878762	2	1	1	3
7	11878763	12069173	2	1	1	3
7	12069174	12142809	1	1	0	2
7	12142810	13792710	2	1	1	3
7	13792711	14173786	2	1	1	3
7	14173787	14177774	2	1	1	2
7	14177775	33871782	2	1	1	3
7	33871783	33873922	2	1	1	1
7	33873923	57999999	2	1	1	3
7	58000000	61699999	2	1	1	2
7	61700000	158817500	2	1	1	3
8	10001	170011	3	2	1	1
8	170012	2204946	2	1	1	3
8	2204947	2352499	2	1	1	2
8	2352500	31468138	1	1	0	2
8	31468139	35982905	2	1	1	3
8	35982906	35987247	2	1	1	1
8	35987248	43099999	2	1	1	3
8	43100000	48099999	2	1	1	3
8	48100000	94664938	2	1	1	3
8	94664939	111185780	2	1	1	3
8	111185781	111187254	2	1	1	2
8	111187255	114953953	2	1	1	3
8	114953954	146364021	2	1	1	3
9	47500	200100	2	1	1	2
9	200101	9347386	2	1	1	3
9	9347387	9483973	1	1	0	2
9	9483974	47299999	2	1	1	3
9	47300000	50699999	2	1	1	2
9	50700000	70125906	2	1	1	2
9	70125907	91001213	2	1	1	3
9	91001214	91001245	2	1	1	2
9	91001246	140267500	2	1	1	3
10	95096	37999999	2	1	1	3
10	38000000	42397372	2	1	1	3
10	42397373	135389924	2	1	1	3
11	197629	36219431	2	1	1	3
11	36219432	39939310	2	1	1	2
11	39939311	39941513	2	1	1	2
11	39941514	51599999	2	1	1	3
11	51600000	55699999	2	1	1	3
11	55700000	134442500	2	1	1	3
12	110107	200101	2	1	1	2
12	200102	33299999	2	1	1	3
12	33300000	38199999	2	1	1	2
12	38200000	40811809	2	1	1	3
12	40811810	40838494	1	1	0	2
12	40838495	57880296	2	1	1	3
12	57880297	57913367	2	1	1	1
12	57913368	58186524	2	1	1	2
12	58186525	58733372	2	1	1	2
12	58733373	58765496	1	1	0	2
12	58765497	60096328	2	1	1	3
12	60096329	60103799	2	1	1	1
12	60103800	60268307	2	1	1	3
12	60268308	61267909	2	1	1	3
12	61267910	61334790	2	1	1	1
12	61334791	61493862	2	1	1	3
12	61493863	61504983	1	1	0	2
12	61504984	62087827	2	1	1	3
12	62087828	62824788	2	1	1	3
12	62824789	62826823	2	1	1	1
12	62826824	63685822	2	1	1	3
12	63685823	63728733	1	1	0	2
12	63728734	75922212	2	1	1	3
12	75922213	75933888	1	1	0	2
12	75933889	75990124	2	1	1	3
12	75990125	76003660	2	1	1	1
12	76003661	76159060	2	1	1	3
12	76159061	76273100	2	1	1	3
12	76273101	76276267	2	1	1	2
12	76276268	76505738	2	1	1	3
12	76505739	77460978	2	1	1	3
12	77460979	77505985	1	1	0	2
12	77505986	77642718	2	1	1	3
12	77642719	79679262	1	1	0	2
12	79679263	79870174	1	1	0	2
12	79870175	81754452	1	1	0	2
12	81754453	81951305	2	1	1	3
12	81951306	82036311	2	1	1	2
12	82036312	82789035	2	1	1	3
12	82789036	82798101	2	1	1	2
12	82798102	84251200	2	1	1	3
12	84251201	84277057	1	1	0	2
12	84277058	84669207	2	1	1	3
12	84669208	84685327	1	1	0	2
12	84685328	84798297	2	1	1	2
12	84798298	85554525	1	1	0	2
12	85554526	85876876	2	1	1	3
12	85876877	85901131	2	1	1	2
12	85901132	85905035	2	1	1	2
12	85905036	112420924	2	1	1	3
12	112420925	112603567	1	1	0	2
12	112603568	113574449	2	1	1	3
12	113574450	113578118	2	1	1	2
12	113578119	132342500	2	1	1	3
12	132342501	133851894	2	1	1	2
13	1	16299999	2	1	1	1
13	16300000	19499999	2	1	1	2
13	19500000	114137500	2	1	1	3
13	114137501	115169877	2	1	1	2
14	1	16099999	2	1	1	1
14	16100000	19099999	2	1	1	2
14	19100000	58898637	2	1	1	3
14	58898638	71429583	1	1	0	2
14	71429584	106362500	2	1	1	3
15	1	15799999	2	1	1	1
15	15800000	20699999	2	1	1	2
15	20700000	100332500	2	1	1	3
15	100332501	102531391	2	1	1	2
16	100010	3240398	2	1	1	2
16	3240399	4843720	3	2	1	2
16	4843721	20151456	2	1	1	3
16	20151457	20151473	2	1	1	2
16	20151474	34599999	2	1	1	3
16	34600000	38599999	2	1	1	3
16	38600000	66593150	2	1	1	3
16	66593151	70628437	2	1	1	3
16	70628438	82898243	1	1	0	2
16	82898244	84230910	2	1	1	3
16	84230911	88809981	1	1	0	2
16	88809982	90354752	2	1	1	2
17	12500	22199999	2	1	1	3
17	22200000	25799999	2	1	1	3
17	25800000	78772500	2	1	1	3
17	78772501	79998898	2	1	1	2
17	79998899	81195209	2	1	1	2
18	27500	15399999	2	1	1	3
18	15400000	18999999	2	1	1	2
18	19000000	56338123	2	1	1	3
18	56338124	76112500	2	1	1	3
18	76112501	78077247	2	1	1	2
19	102500	260136	2	1	1	2
19	260137	24399999	2	1	1	3
19	24400000	28599999	2	1	1	2
19	28600000	59128982	2	1	1	3
20	17500	25599999	2	1	1	3
20	25600000	29399999	2	1	1	3
20	29400000	62432500	2	1	1	3
21	1	9417499	NA	NA	NA	NA
21	9417500	10899999	NA	NA	NA	NA
21	10900000	14299999	2	2	0	1
21	14300000	46937500	2	1	1	2
21	46937501	48129894	2	1	1	2
22	1	12199999	2	1	1	1
22	12200000	17899999	2	1	1	3
22	17900000	49687500	2	1	1	3
22	49687501	51304565	2	1	1	2
X	1	58099999	1	1	0	3
X	58100000	62999999	1	1	0	2
X	63000000	126784596	1	1	0	3
X	126784597	126795451	1	1	0	3
X	126795452	127014170	1	1	0	3
X	127014171	127060093	1	1	0	3
X	127060094	127129973	1	1	0	3
X	127129974	127167087	1	1	0	3
X	127167088	128082698	1	1	0	3
X	128082699	128115081	1	1	0	3
X	128115082	150341892	1	1	0	3
X	150341893	150369483	1	1	0	3
X	150369484	150587754	1	1	0	3
X	150587755	150629019	1	1	0	3
X	150629020	150679709	1	1	0	3
X	150679710	150691364	1	1	0	3
X	150691365	151303382	1	1	0	3
X	151303383	151334560	1	1	0	3
X	151334561	151521739	1	1	0	3
X	151521740	151552878	1	1	0	3
X	151552879	152936516	1	1	0	3
X	152936517	152948221	1	1	0	3
X	152948222	155270559	1	1	0	3
Y	1	11599999	NA	NA	NA	NA
Y	11600000	13399999	NA	NA	NA	NA
Y	13400000	59373565	NA	NA	NA	NA
