chromosome	start	end	total_cn	major_cn	minor_cn	star
1	17500	121499999	3	2	1	2
1	121500000	128899999	3	2	1	2
1	128900000	142858001	3	2	1	2
1	142858002	143401938	3	2	1	2
1	143401939	197490296	3	2	1	2
1	197490297	197670045	3	2	1	2
1	197670046	207077710	3	2	1	2
1	207077711	233204907	3	2	1	2
1	233204908	233205962	3	2	1	2
1	233205963	245837400	3	2	1	2
1	245837401	246125251	2	1	1	3
1	246125252	247247500	3	2	1	3
1	247247501	249250620	3	2	1	3
2	20016	22085159	2	2	0	3
2	22085160	34693885	2	2	0	3
2	34693886	57740338	2	2	0	3
2	57740339	57881688	1	1	0	2
2	57881689	59059188	2	2	0	3
2	59059189	63219557	3	2	1	3
2	63219558	63233369	4	2	2	2
2	63233370	63244024	4	2	2	2
2	63244025	65631117	4	2	2	3
2	65631118	65632924	3	2	1	1
2	65632925	68806123	2	2	0	3
2	68806124	90499999	3	2	1	3
2	90500000	96799999	3	2	1	2
2	96800000	124090038	3	2	1	3
2	124090039	133738202	3	2	1	3
2	133738203	134024693	2	1	1	3
2	134024694	156805793	3	2	1	3
2	156805794	185093674	3	2	1	3
2	185093675	192951001	3	2	1	3
2	192951002	192953180	3	2	1	2
2	192953181	195633526	3	2	1	3
2	195633527	198015084	3	2	1	3
2	198015085	198017100	3	2	1	2
2	198017101	198041581	3	2	1	2
2	198041582	198567127	2	1	1	3
2	198567128	213039702	3	2	1	2
2	213039703	225504187	3	2	1	3
2	225504188	225523983	2	2	0	1
2	225523984	225535502	3	2	1	2
2	225535503	225536869	3	2	1	2
2	225536870	228112193	3	2	1	3
2	228112194	228138762	4	2	2	2
2	228138763	228140053	4	2	2	1
2	228140054	228165102	3	2	1	2
2	228165103	242987004	3	2	1	2
3	60077	8998261	2	1	1	2
3	8998262	9762984	1	1	0	3
3	9762985	9763642	1	1	0	2
3	9763643	10921021	3	2	1	3
3	10921022	19135476	2	1	1	3
3	19135477	19679906	1	1	0	2
3	19679907	30417757	2	1	1	3
3	30417758	60862047	2	1	1	3
3	60862048	63580170	2	1	1	3
3	63580171	63606425	4	3	1	2
3	63606426	66001618	2	1	1	3
3	66001619	66146769	4	3	1	2
3	66146770	67162820	2	1	1	3
3	67162821	67608562	3	2	1	3
3	67608563	69152585	4	3	1	3
3	69152586	69869575	2	1	1	3
3	69869576	69869607	2	1	1	2
3	69869608	69901514	4	3	1	2
3	69901515	69901791	3	2	1	2
3	69901792	73849585	2	1	1	3
3	73849586	75423958	1	1	0	2
3	75423959	75917477	1	1	0	2
3	75917478	83186016	3	3	0	3
3	83186017	87899999	3	3	0	3
3	87900000	93899999	NA	NA	NA	NA
3	93900000	96621937	5	3	2	1
3	96621938	96622070	6	3	3	2
3	96622071	97622634	4	3	1	2
3	97622635	97647517	6	4	2	2
3	97647518	97844959	6	4	2	2
3	97844960	99162202	4	2	2	2
3	99162203	105261756	4	2	2	2
3	105261757	113543648	4	2	2	2
3	113543649	118006227	4	2	2	2
3	118006228	122552859	3	2	1	2
3	122552860	122563776	2	2	0	2
3	122563777	143984241	3	2	1	2
3	143984242	151068185	4	2	2	2
3	151068186	152245729	2	1	1	2
3	152245730	152415078	3	2	1	2
3	152415079	167631864	4	2	2	2
3	167631865	167633224	4	2	2	2
3	167633225	176085845	4	2	2	2
3	176085846	194733076	4	2	2	2
3	194733077	197866126	5	3	2	2
4	69567	13765305	2	1	1	3
4	13765306	13951848	3	2	1	3
4	13951849	15739010	4	3	1	2
4	15739011	41004024	2	1	1	2
4	41004025	41004753	2	1	1	2
4	41004754	47304686	2	1	1	2
4	47304687	47390285	4	3	1	3
4	47390286	48199999	3	2	1	3
4	48200000	52699999	NA	NA	NA	NA
4	52700000	128802671	2	1	1	3
4	128802672	130047763	4	3	1	2
4	130047764	135692501	2	1	1	2
4	135692502	136858801	4	3	1	2
4	136858802	187850692	2	1	1	2
4	187850693	187851899	2	1	1	2
4	187851900	190987500	2	1	1	2
5	14757	697601	4	3	1	2
5	697602	822166	4	3	1	2
5	822167	45861492	4	3	1	2
5	45861493	45962343	6	4	2	2
5	45962344	46099999	6	3	3	2
5	46100000	50699999	NA	NA	NA	NA
5	50700000	100700072	2	1	1	3
5	100700073	100843168	2	1	1	2
5	100843169	110549246	2	1	1	2
5	110549247	111337442	1	1	0	2
5	111337443	180653644	2	1	1	3
6	39681	202451	2	2	0	1
6	202452	20693318	2	2	0	2
6	20693319	21078028	2	1	1	2
6	21078029	29244777	2	2	0	2
6	29244778	33958723	5	3	2	2
6	33958724	33958758	5	3	2	2
6	33958759	34251668	5	3	2	2
6	34251669	34713307	4	2	2	2
6	34713308	37329919	5	3	2	2
6	37329920	37941092	7	5	2	3
6	37941093	38819303	8	6	2	2
6	38819304	38822137	7	5	2	2
6	38822138	38822429	7	5	2	2
6	38822430	38822481	7	5	2	1
6	38822482	38822603	7	5	2	1
6	38822604	38822936	7	5	2	1
6	38822937	39244075	7	5	2	2
6	39244076	39911424	11	10	1	1
6	39911425	40752600	7	5	2	2
6	40752601	41588156	11	9	2	2
6	41588157	41588192	11	9	2	2
6	41588193	42042512	11	9	2	1
6	42042513	46139521	7	5	2	2
6	46139522	46148661	7	5	2	2
6	46148662	46190137	7	5	2	2
6	46190138	46197194	11	10	1	1
6	46197195	46197395	11	10	1	1
6	46197396	46801694	10	8	2	1
6	46801695	46801737	10	9	1	1
6	46801738	46815425	10	8	2	1
6	46815426	46815855	10	8	2	1
6	46815856	46816383	10	8	2	1
6	46816384	46830944	7	5	2	1
6	46830945	49227940	11	9	2	1
6	49227941	49393770	10	8	2	1
6	49393771	49836038	6	4	2	2
6	49836039	49836211	6	4	2	2
6	49836212	49844893	6	4	2	2
6	49844894	49844952	6	4	2	1
6	49844953	49846261	NA	NA	NA	NA
6	49846262	49846844	1	1	0	1
6	49846845	49846864	NA	NA	NA	NA
6	49846865	49854529	2	1	1	1
6	49854530	50016256	5	3	2	1
6	50016257	53800602	2	2	0	2
6	53800603	58699999	3	2	1	2
6	58700000	63299999	3	2	1	1
6	63300000	170899800	3	2	1	2
7	45164	7620736	2	2	0	3
7	7620737	8082771	1	1	0	3
7	8082772	57962001	2	2	0	3
7	57962002	57999999	2	2	0	2
7	58000000	61738002	2	2	0	2
7	61738003	61853600	2	2	0	2
7	61853601	62453802	3	3	0	2
7	62453803	62460063	2	2	0	2
7	62460064	81777549	2	2	0	3
7	81777550	119668601	2	2	0	3
7	119668602	141794002	2	2	0	2
7	141794003	158821400	2	2	0	2
8	10001	156293	1	1	0	2
8	156294	1104195	1	1	0	3
8	1104196	2255805	4	3	1	2
8	2255806	2256033	4	3	1	2
8	2256034	2436935	4	3	1	2
8	2436936	2437326	4	3	1	2
8	2437327	4783565	3	2	1	2
8	4783566	4784197	3	2	1	2
8	4784198	4795581	4	3	1	2
8	4795582	5018367	1	1	0	2
8	5018368	5025832	4	3	1	2
8	5025833	5142007	4	3	1	2
8	5142008	5145949	1	1	0	2
8	5145950	6026275	4	3	1	2
8	6026276	6027156	2	2	0	2
8	6027157	6138601	4	3	1	2
8	6138602	6186217	3	2	1	2
8	6186218	6236768	3	2	1	1
8	6236769	6572607	1	1	0	3
8	6572608	6634428	4	3	1	2
8	6634429	6684428	3	2	1	2
8	6684429	6698448	1	1	0	2
8	6698449	6709208	3	2	1	2
8	6709209	6722726	3	2	1	2
8	6722727	6773507	4	3	1	2
8	6773508	6774182	4	3	1	2
8	6774183	33353000	4	3	1	2
8	33353001	33421537	1	1	0	2
8	33421538	33820512	4	3	1	2
8	33820513	34129309	1	1	0	2
8	34129310	34998849	0	0	0	2
8	34998850	35012400	2	2	0	2
8	35012401	39230024	3	3	0	2
8	39230025	40719989	3	3	0	2
8	40719990	42910282	5	3	2	2
8	42910283	42951876	2	2	0	1
8	42951877	42997747	5	3	2	1
8	42997748	43099999	5	3	2	1
8	43100000	48099999	NA	NA	NA	NA
8	48100000	48407499	4	2	2	2
8	48407500	50264793	4	3	1	2
8	50264794	52766529	7	4	3	2
8	52766530	61657627	4	3	1	2
8	61657628	61751407	5	3	2	2
8	61751408	61753547	5	3	2	2
8	61753548	64859674	4	3	1	2
8	64859675	64867015	1	1	0	2
8	64867016	64867331	1	1	0	2
8	64867332	64867360	4	3	1	2
8	64867361	64879245	4	3	1	2
8	64879246	65160306	1	1	0	2
8	65160307	65213837	3	2	1	2
8	65213838	65216647	1	1	0	2
8	65216648	67097505	3	2	1	2
8	67097506	67129404	4	2	2	1
8	67129405	70427680	3	2	1	2
8	70427681	70437368	4	2	2	2
8	70437369	73360575	3	2	1	2
8	73360576	75280090	4	2	2	2
8	75280091	75281278	4	2	2	2
8	75281279	75287262	4	2	2	2
8	75287263	78744950	3	2	1	2
8	78744951	78745720	3	2	1	1
8	78745721	78747289	3	2	1	1
8	78747290	78769223	5	3	2	2
8	78769224	79784582	3	2	1	2
8	79784583	113843802	4	2	2	2
8	113843803	114244401	4	2	2	2
8	114244402	118533941	4	2	2	2
8	118533942	118764360	3	2	1	2
8	118764361	121677797	4	2	2	2
8	121677798	121677855	4	2	2	2
8	121677856	135082786	4	2	2	2
8	135082787	138949922	4	2	2	2
8	138949923	146364021	5	3	2	2
9	47500	226109	2	2	0	2
9	226110	9578061	2	2	0	2
9	9578062	22668459	2	2	0	2
9	22668460	22790601	2	2	0	2
9	22790602	40921801	2	2	0	2
9	40921802	47299999	2	2	0	2
9	47300000	50699999	2	2	0	2
9	50700000	65649080	2	2	0	2
9	65649081	103748002	1	1	0	3
9	103748003	105194661	2	2	0	2
9	105194662	106860452	3	3	0	2
9	106860453	106860561	3	3	0	2
9	106860562	108269067	2	2	0	3
9	108269068	108642915	3	3	0	1
9	108642916	109840429	2	2	0	3
9	109840430	113491574	1	1	0	3
9	113491575	115017030	3	3	0	3
9	115017031	115256265	4	4	0	2
9	115256266	118792586	3	3	0	3
9	118792587	119459045	2	2	0	3
9	119459046	119462787	3	3	0	2
9	119462788	119462925	3	3	0	2
9	119462926	121782247	3	3	0	2
9	121782248	121792372	3	3	0	2
9	121792373	122064677	3	3	0	2
9	122064678	123127745	3	3	0	2
9	123127746	123128146	3	3	0	2
9	123128147	125355047	3	3	0	2
9	125355048	127315324	4	4	0	2
9	127315325	127315345	3	3	0	2
9	127315346	127322649	3	3	0	2
9	127322650	127333599	3	3	0	2
9	127333600	127333767	5	5	0	1
9	127333768	127333807	3	3	0	2
9	127333808	127337312	4	4	0	1
9	127337313	127787720	3	3	0	3
9	127787721	129274299	4	4	0	2
9	129274300	129274331	4	4	0	2
9	129274332	129399037	3	3	0	2
9	129399038	129399065	5	5	0	1
9	129399066	129399716	5	5	0	1
9	129399717	129399739	5	5	0	1
9	129399740	129400255	5	5	0	1
9	129400256	129400269	5	5	0	2
9	129400270	129715888	5	5	0	2
9	129715889	129716304	5	5	0	2
9	129716305	130153834	5	5	0	2
9	130153835	131409250	4	4	0	3
9	131409251	132525601	3	3	0	2
9	132525602	140273200	4	4	0	2
10	98410	306373	1	1	0	2
10	306374	3204133	1	1	0	3
10	3204134	16567042	2	2	0	3
10	16567043	17882951	3	3	0	2
10	17882952	37999999	2	2	0	3
10	38000000	42468125	NA	NA	NA	NA
10	42468126	42523566	8	4	4	2
10	42523567	44694086	5	3	2	2
10	44694087	44699158	3	2	1	2
10	44699159	47994002	3	2	1	3
10	47994003	54027481	4	2	2	3
10	54027482	54027511	4	2	2	2
10	54027512	57181077	2	2	0	3
10	57181078	77607759	4	2	2	3
10	77607760	78080254	3	2	1	3
10	78080255	94667599	4	2	2	3
10	94667600	127469921	2	2	0	3
10	127469922	135389924	1	1	0	3
11	20721	197336	1	1	0	2
11	197337	734680	1	1	0	3
11	734681	856722	3	3	0	2
11	856723	2292732	5	5	0	2
11	2292733	2294613	4	4	0	2
11	2294614	5391050	3	3	0	3
11	5391051	5403796	3	3	0	2
11	5403797	7519048	3	3	0	3
11	7519049	7767898	1	1	0	3
11	7767899	18963801	3	3	0	3
11	18963802	48645019	3	3	0	3
11	48645020	48784251	3	3	0	2
11	48784252	48937459	3	3	0	2
11	48937460	49585240	3	3	0	2
11	49585241	50368844	4	3	1	2
11	50368845	51266776	7	5	2	2
11	51266777	51564154	4	3	1	2
11	51564155	55699999	4	3	1	2
11	55700000	61752499	4	3	1	3
11	61752500	62107519	6	3	3	2
11	62107520	64339639	5	3	2	2
11	64339640	65237067	3	3	0	3
11	65237068	66037397	4	3	1	2
11	66037398	66800119	6	3	3	2
11	66800120	67466285	5	3	2	2
11	67466286	134452200	3	3	0	2
12	110107	193310	2	2	0	2
12	193311	9683001	2	2	0	3
12	9683002	16767874	2	2	0	3
12	16767875	16770549	2	2	0	3
12	16770550	32771716	2	2	0	3
12	32771717	33225146	4	2	2	3
12	33225147	33247579	2	2	0	2
12	33247580	33299999	2	2	0	2
12	33300000	38199999	NA	NA	NA	NA
12	38200000	38420401	4	2	2	2
12	38420402	49362950	4	2	2	2
12	49362951	49376534	5	3	2	1
12	49376535	49385274	6	4	2	2
12	49385275	49669976	6	4	2	2
12	49669977	49980043	7	5	2	2
12	49980044	50209336	6	4	2	1
12	50209337	50342689	7	5	2	1
12	50342690	50441642	6	4	2	3
12	50441643	50795471	5	3	2	2
12	50795472	50797190	5	3	2	2
12	50797191	50863431	4	2	2	2
12	50863432	53455842	4	2	2	2
12	53455843	55168128	3	2	1	2
12	55168129	55904107	4	2	2	2
12	55904108	58536565	5	3	2	2
12	58536566	58536733	5	3	2	2
12	58536734	58544734	6	4	2	2
12	58544735	58550337	5	3	2	2
12	58550338	58550348	6	4	2	2
12	58550349	58567862	6	4	2	2
12	58567863	58747499	5	3	2	2
12	58747500	59271914	4	2	2	2
12	59271915	59604360	5	3	2	2
12	59604361	59607227	6	5	1	1
12	59607228	60167500	7	5	2	2
12	60167501	61116793	6	4	2	2
12	61116794	65350132	5	3	2	2
12	65350133	66415024	3	2	1	2
12	66415025	66415286	3	2	1	2
12	66415287	66453535	3	2	1	2
12	66453536	66457159	5	3	2	2
12	66457160	66459366	5	3	2	2
12	66459367	66655436	5	3	2	2
12	66655437	67132699	7	5	2	2
12	67132700	67132738	7	5	2	2
12	67132739	67134156	4	3	1	1
12	67134157	68478794	3	2	1	2
12	68478795	70785965	5	3	2	2
12	70785966	70789493	3	2	1	2
12	70789494	70791775	4	2	2	1
12	70791776	71308300	3	2	1	2
12	71308301	73214480	5	3	2	2
12	73214481	74955361	7	5	2	2
12	74955362	75764044	3	2	1	2
12	75764045	77453150	5	3	2	2
12	77453151	77453397	3	2	1	1
12	77453398	77470410	4	2	2	2
12	77470411	79213116	3	2	1	2
12	79213117	79405789	2	1	1	2
12	79405790	88620774	3	2	1	2
12	88620775	90090719	4	2	2	2
12	90090720	90095351	4	2	2	2
12	90095352	90108784	5	3	2	2
12	90108785	90124476	3	2	1	2
12	90124477	91551647	3	2	1	2
12	91551648	100196345	3	2	1	2
12	100196346	100518300	3	2	1	2
12	100518301	100602517	2	1	1	2
12	100602518	110847500	3	2	1	2
12	110847501	110994067	2	2	0	2
12	110994068	132349400	3	2	1	2
12	132349401	133851894	3	2	1	2
13	1	16299999	1	1	0	1
13	16300000	19499999	1	1	0	2
13	19500000	23650307	1	1	0	2
13	23650308	23660715	1	1	0	2
13	23660716	25648244	1	1	0	2
13	25648245	25650569	1	1	0	2
13	25650570	25650624	3	3	0	2
13	25650625	25695743	3	3	0	2
13	25695744	25697020	3	3	0	2
13	25697021	25697237	5	5	0	1
13	25697238	25749287	5	5	0	2
13	25749288	25751867	5	5	0	2
13	25751868	26770724	1	1	0	2
13	26770725	29905397	5	5	0	2
13	29905398	31748601	3	3	0	2
13	31748602	33037967	4	4	0	2
13	33037968	33846174	3	3	0	2
13	33846175	34008106	5	5	0	2
13	34008107	37050106	3	3	0	2
13	37050107	37112977	3	3	0	2
13	37112978	39190017	3	3	0	2
13	39190018	39513026	6	6	0	2
13	39513027	39534170	9	9	0	2
13	39534171	40024022	5	5	0	2
13	40024023	40121255	3	3	0	2
13	40121256	40149436	5	5	0	2
13	40149437	40311138	3	3	0	2
13	40311139	40601246	6	6	0	2
13	40601247	40909125	9	9	0	1
13	40909126	41121483	5	5	0	2
13	41121484	41641606	3	3	0	2
13	41641607	41935249	8	8	0	2
13	41935250	42127093	9	9	0	1
13	42127094	42128542	9	9	0	2
13	42128543	42173446	1	1	0	1
13	42173447	47498387	2	2	0	3
13	47498388	48231555	1	1	0	3
13	48231556	48231794	1	1	0	2
13	48231795	48232281	2	2	0	1
13	48232282	50024780	2	2	0	3
13	50024781	81126054	1	1	0	3
13	81126055	84291248	2	2	0	2
13	84291249	84310572	2	2	0	2
13	84310573	84312335	1	1	0	2
13	84312336	84312954	1	1	0	2
13	84312955	85289108	1	1	0	3
13	85289109	85306921	3	3	0	2
13	85306922	85349234	2	2	0	2
13	85349235	88053267	3	3	0	2
13	88053268	91007386	3	3	0	2
13	91007387	92314046	2	2	0	3
13	92314047	95650494	1	1	0	3
13	95650495	97188418	2	2	0	3
13	97188419	97189034	2	2	0	2
13	97189035	97192443	2	2	0	1
13	97192444	97207796	2	2	0	1
13	97207797	97310199	2	2	0	2
13	97310200	98684987	3	3	0	2
13	98684988	99785778	4	4	0	2
13	99785779	99822176	3	3	0	2
13	99822177	99823107	2	2	0	2
13	99823108	100224459	2	2	0	3
13	100224460	100740601	1	1	0	3
13	100740602	113525601	2	2	0	2
13	113525602	114142800	1	1	0	3
13	114142801	115169877	1	1	0	3
14	1	16099999	NA	NA	NA	NA
14	16100000	19099999	8	7	1	1
14	19100000	19125802	6	6	0	1
14	19125803	19400986	6	6	0	1
14	19400987	19544001	6	6	0	2
14	19544002	19773095	6	6	0	1
14	19773096	20427499	7	4	3	2
14	20427500	41631372	5	5	0	2
14	41631373	41632762	5	5	0	2
14	41632763	43177117	5	5	0	2
14	43177118	43310603	9	9	0	1
14	43310604	44809015	5	5	0	2
14	44809016	46141068	5	5	0	2
14	46141069	46412258	5	5	0	2
14	46412259	46623284	5	5	0	1
14	46623285	106368400	5	5	0	2
15	1	15799999	2	1	1	1
15	15800000	20699999	2	1	1	2
15	20700000	37389162	2	1	1	2
15	37389163	100338800	2	1	1	2
15	100338801	102426739	2	1	1	2
16	83807	32544001	3	2	1	2
16	32544002	32599898	3	2	1	2
16	32599899	34599999	3	2	1	2
16	34600000	38599999	3	2	1	2
16	38600000	46458263	3	2	1	2
16	46458264	79826238	3	2	1	3
16	79826239	80280528	2	2	0	3
16	80280529	88827200	3	2	1	2
16	88827201	90354752	3	2	1	3
17	12500	18323273	2	2	0	3
17	18323274	22199999	2	2	0	3
17	22200000	25799999	NA	NA	NA	NA
17	25800000	28831991	4	2	2	2
17	28831992	28858344	5	3	2	2
17	28858345	40320671	4	2	2	2
17	40320672	55370004	3	2	1	2
17	55370005	78774600	2	2	0	2
17	78774601	81195209	2	2	0	3
18	10001	125370	4	3	1	2
18	125371	967405	4	3	1	2
18	967406	14650602	5	4	1	2
18	14650603	18999999	5	4	1	2
18	19000000	29258193	5	4	1	2
18	29258194	29258957	5	4	1	2
18	29258958	29268667	1	1	0	2
18	29268668	29271175	3	2	1	1
18	29271176	37083668	1	1	0	3
18	37083669	37213160	1	1	0	2
18	37213161	44161234	1	1	0	3
18	44161235	44388559	0	0	0	2
18	44388560	76117000	1	1	0	3
18	76117001	78077247	1	1	0	3
19	102500	245866	2	2	0	2
19	245867	8144853	2	2	0	2
19	8144854	12379996	4	2	2	2
19	12379997	17805158	2	2	0	2
19	17805159	21468216	4	2	2	2
19	21468217	21469750	2	2	0	2
19	21469751	24382241	4	2	2	2
19	24382242	24399999	7	4	3	2
19	24400000	28599999	NA	NA	NA	NA
19	28600000	29742393	2	2	0	2
19	29742394	58591518	4	2	2	2
19	58591519	58952260	3	2	1	2
19	58952261	59036784	5	4	1	2
20	32146	25599999	5	3	2	2
20	25600000	29399999	5	3	2	1
20	29400000	41267391	5	3	2	2
20	41267392	41483937	4	2	2	2
20	41483938	52349975	5	3	2	2
20	52349976	52674160	2	2	0	2
20	52674161	53255773	5	3	2	2
20	53255774	55178178	2	2	0	2
20	55178179	59019083	2	2	0	2
20	59019084	59019565	2	2	0	2
20	59019566	62432500	2	2	0	2
21	1	9411193	NA	NA	NA	NA
21	9411194	10670000	NA	NA	NA	NA
21	10670001	10899999	3	2	1	1
21	10900000	14299999	NA	NA	NA	NA
21	14300000	29830113	2	2	0	3
21	29830114	31203312	1	1	0	3
21	31203313	32670479	2	2	0	3
21	32670480	33116747	3	3	0	3
21	33116748	33789898	2	2	0	3
21	33789899	35437216	3	3	0	2
21	35437217	37637962	2	2	0	3
21	37637963	40392717	3	3	0	3
21	40392718	46937500	2	2	0	3
21	46937501	48129894	2	2	0	3
22	1	12199999	3	2	1	1
22	12200000	17899999	3	2	1	2
22	17900000	18278867	3	2	1	2
22	18278868	18405574	2	1	1	3
22	18405575	18720099	3	2	1	2
22	18720100	18938607	2	1	1	2
22	18938608	19051958	1	1	0	2
22	19051959	42614089	2	1	1	2
22	42614090	42627741	2	1	1	2
22	42627742	49687500	2	1	1	2
22	49687501	51304565	2	1	1	2
X	1	16778453	2	2	0	3
X	16778454	28751343	2	2	0	3
X	28751344	28951236	1	1	0	2
X	28951237	58099999	2	2	0	3
X	58100000	62999999	2	2	0	2
X	63000000	154913600	2	2	0	3
