chromosome	start	end	total_cn	major_cn	minor_cn	star
1	1	1580755	2	1	1	3
1	1580756	15203358	2	1	1	2
1	15203359	34965704	2	1	1	3
1	34965705	34966631	2	1	1	3
1	34966632	35012464	2	1	1	3
1	35012465	35953935	2	1	1	2
1	35953936	55412769	2	1	1	3
1	55412770	56202923	1	1	0	3
1	56202924	72327805	2	1	1	3
1	72327806	73118468	1	1	0	3
1	73118469	121499999	2	1	1	3
1	121500000	128899999	2	1	1	2
1	128900000	142819342	2	1	1	3
1	142819343	207382669	2	1	1	3
1	207382670	207839504	1	1	0	3
1	207839505	238268256	2	1	1	3
1	238268257	238631556	2	1	1	2
1	238631557	247247500	2	1	1	3
1	247247501	249250620	2	1	1	3
2	40610	71708970	2	1	1	3
2	71708971	72029947	2	1	1	2
2	72029948	88910014	2	1	1	3
2	88910015	89617202	1	1	0	2
2	89617203	89840101	1	1	0	2
2	89840102	90499999	2	1	1	2
2	90500000	96799999	2	1	1	3
2	96800000	114727313	2	1	1	3
2	114727314	115295588	1	1	0	3
2	115295589	174087141	2	1	1	3
2	174087142	174157762	2	1	1	2
2	174157763	200184314	2	1	1	3
2	200184315	200955592	1	1	0	3
2	200955593	224710938	2	1	1	3
2	224710939	224766813	2	1	1	1
2	224766814	230485241	2	1	1	3
2	230485242	230550433	2	1	1	2
2	230550434	231142625	2	1	1	3
2	231142626	232842391	2	1	1	2
2	232842392	233678992	2	1	1	3
2	233678993	238585280	2	1	1	2
2	238585281	239132088	1	1	0	3
2	239132089	242161282	2	1	1	3
2	242161283	242980982	2	1	1	2
3	62226	41316113	2	1	1	3
3	41316114	51810242	1	1	0	3
3	51810243	87899999	2	1	1	3
3	87900000	93899999	2	1	1	3
3	93900000	95442817	2	1	1	3
3	95442818	95658528	2	1	1	2
3	95658529	122103461	2	1	1	3
3	122103462	122547871	2	1	1	2
3	122547872	198022429	2	1	1	3
4	27500	2614400	2	1	1	3
4	2614401	2735947	1	1	0	3
4	2735948	2749125	2	1	1	2
4	2749126	2752920	2	1	1	1
4	2752921	9647350	2	1	1	3
4	9647351	10212026	1	1	0	3
4	10212027	10246992	1	1	0	3
4	10246993	10250445	1	1	0	3
4	10250446	48199999	2	1	1	3
4	48200000	52699999	2	1	1	3
4	52700000	65437679	2	1	1	3
4	65437680	67070150	1	1	0	2
4	67070151	191154275	2	1	1	3
5	22500	852206	2	1	1	2
5	852207	42948861	2	1	1	3
5	42948862	42988494	1	1	0	3
5	42988495	45340014	2	1	1	3
5	45340015	50699999	2	1	1	2
5	50700000	55020389	2	1	1	3
5	55020390	56626278	2	1	1	2
5	56626279	65729662	2	1	1	3
5	65729663	66164235	2	1	1	2
5	66164236	98156574	2	1	1	3
5	98156575	98431511	2	1	1	2
5	98431512	161659955	2	1	1	3
5	161659956	161982240	2	1	1	2
5	161982241	180715810	2	1	1	3
6	39681	206091	2	1	1	1
6	206092	2282477	2	1	1	3
6	2282478	2758274	1	1	0	3
6	2758275	25077060	2	1	1	3
6	25077061	25162572	1	1	0	3
6	25162573	26445450	2	1	1	3
6	26445451	26445774	2	1	1	3
6	26445775	26457378	2	1	1	2
6	26457379	26509288	1	1	0	3
6	26509289	26515303	2	1	1	2
6	26515304	26518541	2	1	1	2
6	26518542	26811314	2	1	1	3
6	26811315	26814973	2	1	1	2
6	26814974	26830067	1	1	0	1
6	26830068	27053580	1	1	0	3
6	27053581	36647642	2	1	1	3
6	36647643	37180794	2	1	1	3
6	37180795	38299986	2	1	1	3
6	38299987	39044147	2	1	1	2
6	39044148	56995109	2	1	1	3
6	56995110	57313402	1	1	0	3
6	57313403	58073610	2	1	1	3
6	58073611	58383013	1	1	0	2
6	58383014	63299999	NA	NA	NA	NA
6	63300000	69199016	2	1	1	3
6	69199017	69217500	1	1	0	3
6	69217501	69791239	1	1	0	3
6	69791240	69945328	2	1	1	3
6	69945329	70080251	1	1	0	3
6	70080252	70106632	2	1	1	2
6	70106633	84984498	1	1	0	3
6	84984499	85245839	2	1	1	3
6	85245840	85262842	1	1	0	3
6	85262843	85263207	1	1	0	1
6	85263208	85263228	1	1	0	1
6	85263229	85422233	2	1	1	3
6	85422234	85668242	1	1	0	3
6	85668243	87783575	2	1	1	2
6	87783576	87783720	2	1	1	2
6	87783721	87784739	2	1	1	1
6	87784740	88190145	1	1	0	3
6	88190146	88196880	2	1	1	2
6	88196881	88197947	2	1	1	2
6	88197948	88357938	2	1	1	3
6	88357939	88548558	1	1	0	3
6	88548559	89467925	2	1	1	3
6	89467926	89475117	2	1	1	2
6	89475118	89493267	1	1	0	1
6	89493268	96454337	1	1	0	3
6	96454338	96527622	2	1	1	2
6	96527623	117386946	1	1	0	3
6	117386947	117511177	2	1	1	3
6	117511178	117648136	1	1	0	3
6	117648137	117659230	2	1	1	3
6	117659231	120305056	2	1	1	3
6	120305057	120310326	2	1	1	2
6	120310327	120404779	1	1	0	3
6	120404780	120574945	2	1	1	3
6	120574946	121548546	1	1	0	3
6	121548547	121560934	1	1	0	1
6	121560935	133150669	1	1	0	3
6	133150670	133160202	2	1	1	2
6	133160203	133516855	1	1	0	3
6	133516856	133524940	1	1	0	1
6	133524941	133627391	1	1	0	3
6	133627392	133637834	2	1	1	2
6	133637835	133641248	2	1	1	2
6	133641249	135406534	2	1	1	3
6	135406535	135441055	2	1	1	2
6	135441056	138598702	2	1	1	3
6	138598703	143910993	1	1	0	3
6	143910994	143926169	2	1	1	1
6	143926170	144077707	2	1	1	3
6	144077708	144079138	2	1	1	2
6	144079139	144085399	2	1	1	2
6	144085400	144241381	1	1	0	3
6	144241382	151787579	2	1	1	3
6	151787580	152181531	1	1	0	3
6	152181532	159517837	2	1	1	3
6	159517838	159518521	2	1	1	2
6	159518522	159529263	1	1	0	1
6	159529264	160305791	1	1	0	3
6	160305792	160315626	1	1	0	2
6	160315627	160319992	1	1	0	2
6	160319993	160324662	1	1	0	1
6	160324663	160405403	1	1	0	3
6	160405404	161131283	2	1	1	3
6	161131284	161346005	1	1	0	3
6	161346006	161347490	1	1	0	2
6	161347491	161347968	1	1	0	2
6	161347969	161350167	2	1	1	2
6	161350168	161353295	2	1	1	1
6	161353296	161456580	2	1	1	3
6	161456581	161457596	2	1	1	2
6	161457597	161462456	1	1	0	2
6	161462457	161592418	1	1	0	3
6	161592419	161601334	2	1	1	1
6	161601335	161602511	2	1	1	2
6	161602512	161735816	2	1	1	3
6	161735817	161737113	2	1	1	3
6	161737114	161761317	2	1	1	3
6	161761318	161763614	2	1	1	2
6	161763615	161784259	2	1	1	1
6	161784260	161794922	2	1	1	2
6	161794923	161795621	2	1	1	2
6	161795622	170884224	2	1	1	3
7	40386	11508377	2	1	1	3
7	11508378	12293519	2	1	1	2
7	12293520	57999999	2	1	1	3
7	58000000	61699999	2	1	1	3
7	61700000	70413939	2	1	1	3
7	70413940	70674742	1	1	0	2
7	70674743	88279072	2	1	1	3
7	88279073	88616941	1	1	0	3
7	88616942	109891657	2	1	1	3
7	109891658	110475209	2	1	1	3
7	110475210	158821400	2	1	1	3
8	159286	6539145	2	1	1	2
8	6539146	12240332	2	1	1	2
8	12240333	14135392	2	1	1	2
8	14135393	14250460	2	1	1	2
8	14250461	26040932	2	1	1	2
8	26040933	42386351	2	1	1	2
8	42386352	42832371	2	1	1	2
8	42832372	48099999	2	1	1	2
8	48100000	146364021	2	1	1	3
9	47500	153936	2	1	1	2
9	153937	12263448	2	1	1	3
9	12263449	12263907	2	1	1	1
9	12263908	14694260	2	1	1	3
9	14694261	14695526	2	1	1	2
9	14695527	14727124	2	1	1	2
9	14727125	15483513	1	1	0	3
9	15483514	16308220	1	1	0	2
9	16308221	16599010	1	1	0	2
9	16599011	16708758	2	1	1	2
9	16708759	16981048	2	1	1	2
9	16981049	17522059	2	1	1	3
9	17522060	17833726	1	1	0	3
9	17833727	28810246	2	1	1	3
9	28810247	31618168	1	1	0	3
9	31618169	31718994	2	1	1	3
9	31718995	31719160	2	1	1	3
9	31719161	34033663	2	1	1	3
9	34033664	34943436	2	1	1	2
9	34943437	47299999	2	1	1	3
9	47300000	50699999	2	1	1	2
9	50700000	140273200	2	1	1	3
9	140273201	141051103	2	1	1	2
10	94026	324175	2	1	1	3
10	324176	1705883	1	1	0	3
10	1705884	11867473	2	1	1	3
10	11867474	12843437	1	1	0	3
10	12843438	26542442	2	1	1	3
10	26542443	27418484	1	1	0	3
10	27418485	37999999	2	1	1	3
10	38000000	42299999	2	1	1	2
10	42300000	49239263	2	1	1	3
10	49239264	49987286	1	1	0	3
10	49987287	82481039	2	1	1	3
10	82481040	99315415	1	1	0	3
10	99315416	99449293	2	1	1	3
10	99449294	99514410	1	1	0	2
10	99514411	135389924	2	1	1	3
11	20721	197336	2	1	1	2
11	197337	31044157	2	1	1	3
11	31044158	31044391	2	1	1	3
11	31044392	31073200	2	1	1	3
11	31073201	31385663	1	1	0	3
11	31385664	31399081	1	1	0	2
11	31399082	31399149	1	1	0	2
11	31399150	31402900	2	1	1	1
11	31402901	31404143	2	1	1	1
11	31404144	31411052	2	1	1	2
11	31411053	31411086	2	1	1	2
11	31411087	43030905	2	1	1	2
11	43030906	43365163	2	1	1	2
11	43365164	43864598	2	1	1	3
11	43864599	43873461	1	1	0	2
11	43873462	43879071	1	1	0	2
11	43879072	45073033	1	1	0	3
11	45073034	45133333	2	1	1	3
11	45133334	45133475	2	1	1	2
11	45133476	45136473	2	1	1	2
11	45136474	45136757	2	1	1	2
11	45136758	50022474	2	1	1	3
11	50022475	50763001	1	1	0	3
11	50763002	55699999	NA	NA	NA	NA
11	55700000	68056207	2	1	1	3
11	68056208	68547960	1	1	0	3
11	68547961	68556202	2	1	1	2
11	68556203	68556598	2	1	1	1
11	68556599	68556998	2	1	1	1
11	68556999	70624907	2	1	1	3
11	70624908	72579015	1	1	0	3
11	72579016	97433109	2	1	1	3
11	97433110	97435533	2	1	1	1
11	97435534	107306089	2	1	1	3
11	107306090	109490008	1	1	0	3
11	109490009	111317708	2	1	1	3
11	111317709	111753466	2	1	1	2
11	111753467	122133131	2	1	1	3
11	122133132	122135588	2	1	1	2
11	122135589	122169186	2	1	1	3
11	122169187	124304956	1	1	0	3
11	124304957	132085088	2	1	1	3
11	132085089	132520599	2	1	1	2
11	132520600	134452200	2	1	1	3
12	110107	17914467	2	1	1	3
12	17914468	19009714	2	1	1	2
12	19009715	33299999	2	1	1	3
12	33300000	38199999	2	1	1	3
12	38200000	39258209	2	1	1	3
12	39258210	39730025	1	1	0	2
12	39730026	43037160	2	1	1	3
12	43037161	44114814	1	1	0	3
12	44114815	55463592	2	1	1	3
12	55463593	56157611	2	1	1	2
12	56157612	67610493	2	1	1	3
12	67610494	68317927	2	1	1	2
12	68317928	132349400	2	1	1	3
12	132349401	133851894	2	1	1	3
13	1	16299999	2	1	1	1
13	16300000	19499999	2	1	1	2
13	19500000	22606180	2	1	1	2
13	22606181	24025735	2	1	1	2
13	24025736	32386052	2	1	1	2
13	32386053	32774368	1	1	0	2
13	32774369	34492547	1	1	0	3
13	34492548	34986381	2	1	1	2
13	34986382	80882045	2	1	1	2
13	80882046	81652125	1	1	0	2
13	81652126	114142800	2	1	1	2
13	114142801	115169877	2	1	1	2
14	1	16099999	2	1	1	1
14	16100000	19099999	2	1	1	2
14	19100000	50505429	2	1	1	3
14	50505430	50671832	1	1	0	2
14	50671833	51424398	1	1	0	2
14	51424399	56689538	1	1	0	3
14	56689539	57070783	1	1	0	2
14	57070784	77353360	1	1	0	3
14	77353361	106368400	2	1	1	3
15	1	15799999	2	1	1	1
15	15800000	20699999	2	1	1	2
15	20700000	24936402	2	1	1	3
15	24936403	25063485	2	1	1	2
15	25063486	25376321	2	1	1	2
15	25376322	25526589	2	1	1	2
15	25526590	27978476	2	1	1	3
15	27978477	49481552	1	1	0	3
15	49481553	51856115	2	1	1	3
15	51856116	52186506	1	1	0	3
15	52186507	75703530	2	1	1	3
15	75703531	75873550	1	1	0	3
15	75873551	79351813	2	1	1	3
15	79351814	79924594	2	1	1	2
15	79924595	99603111	2	1	1	3
15	99603112	99930822	1	1	0	3
15	99930823	100338800	2	1	1	3
15	100338801	102425427	2	1	1	3
16	100010	1209967	1	1	0	3
16	1209968	3968810	2	1	1	3
16	3968811	5803153	3	2	1	2
16	5803154	8899240	2	1	1	3
16	8899241	9675173	2	1	1	2
16	9675174	34044994	2	1	1	3
16	34044995	34599999	2	1	1	3
16	34600000	38599999	2	1	1	2
16	38600000	46447499	2	1	1	2
16	46447500	83867200	2	1	1	3
16	83867201	84157499	2	1	1	2
16	84157500	88827200	2	1	1	3
16	88827201	90354752	2	1	1	2
17	12500	2569232	2	1	1	3
17	2569233	4295339	2	1	1	2
17	4295340	7477760	2	1	1	3
17	7477761	8147407	1	1	0	3
17	8147408	8153191	1	1	0	2
17	8153192	8153869	2	1	1	1
17	8153870	22199999	2	1	1	3
17	22200000	25799999	2	1	1	3
17	25800000	56157806	2	1	1	3
17	56157807	56469883	1	1	0	3
17	56469884	56695974	0	0	0	2
17	56695975	57429286	1	1	0	2
17	57429287	78774600	2	1	1	3
17	78774601	81195209	2	1	1	2
18	27500	125631	2	1	1	2
18	125632	14255557	2	1	1	3
18	14255558	15399999	1	1	0	2
18	15400000	18999999	NA	NA	NA	NA
18	19000000	76117000	2	1	1	3
18	76117001	78077247	2	1	1	3
19	102500	258156	2	1	1	2
19	258157	1526679	2	1	1	2
19	1526680	1600243	2	1	1	2
19	1600244	2455896	2	1	1	2
19	2455897	2962558	2	1	1	2
19	2962559	7741631	2	1	1	3
19	7741632	8110947	2	1	1	2
19	8110948	19004899	2	1	1	3
19	19004900	19291541	2	1	1	3
19	19291542	24399999	2	1	1	3
19	24400000	28599999	2	1	1	3
19	28600000	59128982	2	1	1	3
20	17500	3964060	2	1	1	2
20	3964061	5443583	2	1	1	2
20	5443584	25599999	2	1	1	2
20	25600000	29399999	2	1	1	2
20	29400000	62432500	2	1	1	2
21	1	10899999	NA	NA	NA	NA
21	10900000	15273231	2	1	1	2
21	15273232	46937500	2	1	1	3
21	46937501	48129894	2	1	1	2
22	1	12199999	2	1	1	1
22	12200000	17899999	2	1	1	3
22	17900000	49687500	2	1	1	3
22	49687501	51304565	2	1	1	2
X	1	58099999	2	1	1	3
X	58100000	62999999	2	1	1	3
X	63000000	67418524	2	1	1	3
X	67418525	68412576	1	1	0	2
X	68412577	154913600	2	1	1	3
