chromosome	start	end	total_cn	major_cn	minor_cn	star
1	790503	26905969	2	1	1	2
1	26905970	27280865	2	1	1	2
1	27280866	27284290	2	1	1	2
1	27284291	28391167	2	1	1	3
1	28391168	28428388	2	1	1	2
1	28428389	28431830	1	1	0	2
1	28431831	28654786	2	1	1	2
1	28654787	28658116	2	1	1	2
1	28658117	28658645	2	1	1	2
1	28658646	28661491	2	1	1	2
1	28661492	30544710	2	1	1	2
1	30544711	31085408	1	1	0	2
1	31085409	31090780	2	1	1	2
1	31090781	32649743	2	1	1	2
1	32649744	32667666	2	1	1	2
1	32667667	118470248	2	1	1	2
1	118470249	118473592	2	1	1	2
1	118473593	121499999	2	1	1	2
1	121500000	128899999	2	1	1	2
1	128900000	143502499	2	1	1	2
1	143502500	157022312	3	2	1	2
1	157022313	157286654	2	2	0	2
1	157286655	157466389	3	2	1	2
1	157466390	157509864	2	2	0	2
1	157509865	157594451	3	2	1	2
1	157594452	157595620	3	2	1	2
1	157595621	157779094	3	2	1	2
1	157779095	158190033	2	2	0	2
1	158190034	158287402	3	2	1	2
1	158287403	158365575	2	2	0	2
1	158365576	158421484	3	2	1	2
1	158421485	158422657	3	2	1	2
1	158422658	158634797	3	2	1	2
1	158634798	158635773	3	2	1	2
1	158635774	158642196	3	2	1	2
1	158642197	158754956	2	2	0	2
1	158754957	160100458	3	2	1	2
1	160100459	162294807	4	3	1	2
1	162294808	163970163	3	2	1	2
1	163970164	166201999	4	3	1	2
1	166202000	166203128	4	3	1	2
1	166203129	166203613	4	3	1	1
1	166203614	167367372	3	2	1	2
1	167367373	174017296	4	3	1	2
1	174017297	176476517	3	2	1	2
1	176476518	215701873	4	3	1	2
1	215701874	215720309	4	3	1	2
1	215720310	215979313	4	3	1	2
1	215979314	215986242	4	3	1	2
1	215986243	217011440	4	3	1	2
1	217011441	217012992	4	3	1	2
1	217012993	217769181	4	3	1	2
1	217769182	217772997	4	3	1	2
1	217772998	219187400	4	3	1	2
1	219187401	219203039	4	3	1	2
1	219203040	219741195	4	3	1	2
1	219741196	219768901	1	1	0	2
1	219768902	220002548	4	3	1	2
1	220002549	220004401	4	3	1	2
1	220004402	220516930	4	3	1	2
1	220516931	220527796	4	3	1	2
1	220527797	220886675	4	3	1	2
1	220886676	220889265	4	3	1	2
1	220889266	220963750	4	3	1	2
1	220963751	221076109	4	3	1	1
1	221076110	240628519	4	3	1	2
1	240628520	240630544	1	1	0	2
1	240630545	242682453	4	3	1	2
1	242682454	242684294	4	3	1	2
1	242684295	242906009	4	3	1	2
1	242906010	242907371	4	3	1	2
1	242907372	249250620	4	3	1	2
2	20016	8162087	3	2	1	2
2	8162088	8169624	2	1	1	2
2	8169625	8225396	3	2	1	2
2	8225397	8226150	3	2	1	2
2	8226151	8372476	3	2	1	2
2	8372477	8986875	2	1	1	2
2	8986876	9057667	2	1	1	2
2	9057668	9269516	3	2	1	2
2	9269517	9293446	3	2	1	2
2	9293447	9503316	3	2	1	2
2	9503317	11040703	2	1	1	2
2	11040704	11369607	3	2	1	2
2	11369608	11379270	2	1	1	2
2	11379271	11400878	3	2	1	2
2	11400879	11656526	2	1	1	3
2	11656527	11798020	3	2	1	2
2	11798021	11805074	2	1	1	2
2	11805075	11844848	2	1	1	2
2	11844849	11855073	3	2	1	2
2	11855074	11894956	2	1	1	2
2	11894957	11906935	3	2	1	2
2	11906936	11912007	3	2	1	1
2	11912008	11929671	3	2	1	2
2	11929672	12128363	2	1	1	2
2	12128364	12148843	3	2	1	2
2	12148844	12186130	2	1	1	2
2	12186131	12188193	2	1	1	2
2	12188194	12326603	2	1	1	2
2	12326604	12333341	3	2	1	2
2	12333342	13149935	3	2	1	2
2	13149936	13167199	2	1	1	2
2	13167200	13213450	3	2	1	3
2	13213451	13213463	3	2	1	3
2	13213464	13319519	3	2	1	2
2	13319520	13339042	2	1	1	2
2	13339043	13767596	3	2	1	2
2	13767597	13769746	3	2	1	2
2	13769747	13771150	2	1	1	1
2	13771151	13836965	2	1	1	2
2	13836966	13904525	3	2	1	2
2	13904526	13910014	2	1	1	2
2	13910015	13911524	2	1	1	2
2	13911525	38546767	2	1	1	2
2	38546768	38594973	1	1	0	2
2	38594974	90499999	2	1	1	2
2	90500000	96799999	2	1	1	2
2	96800000	103520975	2	1	1	2
2	103520976	103550012	1	1	0	2
2	103550013	103552057	1	1	0	2
2	103552058	104582084	1	1	0	3
2	104582085	118285140	2	1	1	2
2	118285141	118311517	2	1	1	2
2	118311518	118328841	2	1	1	2
2	118328842	118330578	2	1	1	2
2	118330579	125873101	2	1	1	2
2	125873102	132366716	1	1	0	2
2	132366717	132370801	1	1	0	2
2	132370802	133907254	1	1	0	2
2	133907255	133984661	0	0	0	2
2	133984662	134209281	1	1	0	2
2	134209282	134249488	1	1	0	2
2	134249489	134332455	1	1	0	2
2	134332456	134684886	1	1	0	2
2	134684887	134695113	1	1	0	2
2	134695114	137207482	1	1	0	2
2	137207483	137255575	0	0	0	2
2	137255576	137956044	1	1	0	2
2	137956045	137956804	1	1	0	2
2	137956805	138067575	1	1	0	2
2	138067576	138071863	1	1	0	2
2	138071864	138164614	1	1	0	2
2	138164615	138183583	1	1	0	2
2	138183584	138491309	1	1	0	2
2	138491310	138515495	0	0	0	2
2	138515496	139215797	1	1	0	2
2	139215798	139360026	0	0	0	2
2	139360027	140537991	1	1	0	2
2	140537992	140540735	1	1	0	2
2	140540736	143493487	1	1	0	3
2	143493488	143629162	0	0	0	3
2	143629163	149893997	1	1	0	2
2	149893998	152521862	2	1	1	2
2	152521863	155951484	1	1	0	3
2	155951485	157312435	2	1	1	2
2	157312436	157333007	1	1	0	2
2	157333008	186712571	2	1	1	2
2	186712572	187111775	1	1	0	3
2	187111776	242949968	2	1	1	2
3	61495	62220348	3	2	1	2
3	62220349	62223842	3	2	1	2
3	62223843	62233087	2	1	1	1
3	62233088	77491118	2	1	1	2
3	77491119	78146349	1	1	0	3
3	78146350	82807739	2	1	1	2
3	82807740	84528158	1	1	0	3
3	84528159	87899999	2	1	1	2
3	87900000	93899999	2	1	1	3
3	93900000	97283667	2	1	1	2
3	97283668	98154359	3	2	1	2
3	98154360	115554013	4	3	1	2
3	115554014	115557413	4	3	1	1
3	115557414	167491692	4	3	1	2
3	167491693	167492250	2	1	1	2
3	167492251	173919370	4	3	1	2
3	173919371	173934123	4	3	1	2
3	173934124	180990983	4	3	1	2
3	180990984	181305969	2	1	1	2
3	181305970	198022429	4	3	1	3
4	44436	21118619	2	1	1	2
4	21118620	26649973	2	1	1	3
4	26649974	30209989	1	1	0	3
4	30209990	48199999	2	1	1	3
4	48200000	52699999	2	1	1	3
4	52700000	60227395	2	1	1	3
4	60227396	60744254	1	1	0	3
4	60744255	61517217	2	1	1	3
4	61517218	61520620	2	1	1	2
4	61520621	62077354	2	1	1	3
4	62077355	63441720	1	1	0	3
4	63441721	65878285	2	1	1	3
4	65878286	65915374	1	1	0	2
4	65915375	67961151	2	1	1	2
4	67961152	67984841	1	1	0	2
4	67984842	93506163	2	1	1	2
4	93506164	95485213	1	1	0	2
4	95485214	102585698	2	1	1	2
4	102585699	102651736	1	1	0	2
4	102651737	102667526	2	1	1	2
4	102667527	102704546	1	1	0	3
4	102704547	102969992	2	1	1	2
4	102969993	103505253	1	1	0	2
4	103505254	103639784	2	1	1	2
4	103639785	103679492	1	1	0	2
4	103679493	104219515	2	1	1	2
4	104219516	104244499	1	1	0	2
4	104244500	104294499	1	1	0	2
4	104294500	104359865	2	1	1	2
4	104359866	104436204	1	1	0	2
4	104436205	104498183	2	1	1	2
4	104498184	104512221	2	1	1	2
4	104512222	104763844	2	1	1	2
4	104763845	105300538	1	1	0	3
4	105300539	105320537	2	1	1	2
4	105320538	105863461	1	1	0	2
4	105863462	105881387	2	1	1	2
4	105881388	106285411	1	1	0	3
4	106285412	106573814	2	1	1	3
4	106573815	106584352	2	1	1	1
4	106584353	107105877	2	1	1	3
4	107105878	107157101	1	1	0	3
4	107157102	122652021	2	1	1	2
4	122652022	122671064	1	1	0	2
4	122671065	123146127	2	1	1	2
4	123146128	123163807	2	1	1	2
4	123163808	123223726	2	1	1	3
4	123223727	123269940	1	1	0	2
4	123269941	124253479	2	1	1	2
4	124253480	124254706	2	1	1	2
4	124254707	124307619	2	1	1	3
4	124307620	124329111	2	1	1	1
4	124329112	124691000	2	1	1	2
4	124691001	125966704	2	1	1	2
4	125966705	126010755	1	1	0	2
4	126010756	126187202	2	1	1	2
4	126187203	126196985	2	1	1	2
4	126196986	126581207	2	1	1	3
4	126581208	126629942	1	1	0	2
4	126629943	126964232	2	1	1	3
4	126964233	126995815	1	1	0	2
4	126995816	127113968	2	1	1	2
4	127113969	127140920	1	1	0	2
4	127140921	127367233	1	1	0	3
4	127367234	127425002	2	1	1	2
4	127425003	127775994	1	1	0	2
4	127775995	128140281	2	1	1	2
4	128140282	128146092	2	1	1	2
4	128146093	132044195	2	1	1	2
4	132044196	132060628	1	1	0	2
4	132060629	143847089	2	1	1	2
4	143847090	143876576	2	1	1	2
4	143876577	154488170	2	1	1	2
4	154488171	154512042	2	1	1	2
4	154512043	154514525	2	1	1	2
4	154514526	154789123	2	1	1	2
4	154789124	154790126	2	1	1	2
4	154790127	168179269	2	1	1	2
4	168179270	168195563	2	1	1	2
4	168195564	168771390	2	1	1	2
4	168771391	169269820	1	1	0	2
4	169269821	172414417	2	1	1	2
4	172414418	172437510	2	1	1	2
4	172437511	173096325	2	1	1	2
4	173096326	173526404	1	1	0	2
4	173526405	174070052	2	1	1	2
4	174070053	179158923	1	1	0	2
4	179158924	181778208	2	1	1	2
4	181778209	181781946	2	1	1	2
4	181781947	181977023	2	1	1	2
4	181977024	181986831	1	1	0	2
4	181986832	182613560	2	1	1	2
4	182613561	182672216	1	1	0	2
4	182672217	183196495	2	1	1	2
4	183196496	184953975	1	1	0	2
4	184953976	187469786	2	1	1	2
4	187469787	190834855	2	1	1	2
5	50017	26143142	2	1	1	2
5	26143143	26155484	1	1	0	2
5	26155485	26204941	2	1	1	3
5	26204942	26213015	2	1	1	3
5	26213016	46099999	2	1	1	2
5	46100000	50699999	2	1	1	2
5	50700000	84271519	2	1	1	2
5	84271520	93795825	1	1	0	2
5	93795826	93836375	2	2	0	2
5	93836376	98099126	1	1	0	2
5	98099127	98540000	0	0	0	2
5	98540001	99536378	1	1	0	3
5	99536379	100620350	1	1	0	3
5	100620351	100689735	1	1	0	3
5	100689736	102062528	1	1	0	3
5	102062529	102085460	0	0	0	2
5	102085461	102465389	1	1	0	3
5	102465390	102488659	0	0	0	2
5	102488660	103282996	1	1	0	2
5	103282997	104146650	2	1	1	2
5	104146651	104173329	1	1	0	2
5	104173330	104860737	2	1	1	2
5	104860738	106124546	1	1	0	2
5	106124547	119873915	2	1	1	2
5	119873916	119873928	2	1	1	2
5	119873929	119910491	2	1	1	2
5	119910492	119910589	2	1	1	2
5	119910590	159630091	2	1	1	2
5	159630092	160903148	1	1	0	2
5	160903149	160908208	1	1	0	2
5	160908209	160985273	1	1	0	3
5	160985274	160988294	1	1	0	2
5	160988295	161325106	1	1	0	2
5	161325107	161488946	1	1	0	2
5	161488947	162552888	1	1	0	3
5	162552889	162794418	2	1	1	2
5	162794419	162840914	1	1	0	3
5	162840915	164842071	2	1	1	2
5	164842072	164843470	2	1	1	2
5	164843471	180687907	2	1	1	2
6	202452	58699999	3	2	1	2
6	58700000	63299999	3	2	1	3
6	63300000	77819754	3	2	1	2
6	77819755	78040764	1	1	0	3
6	78040765	78194541	3	2	1	2
6	78194542	78201782	3	2	1	2
6	78201783	78243487	3	2	1	2
6	78243488	78296546	1	1	0	2
6	78296547	78623774	3	2	1	2
6	78623775	78647224	1	1	0	2
6	78647225	78906540	3	2	1	2
6	78906541	78907782	3	2	1	2
6	78907783	79641475	3	2	1	2
6	79641476	79642477	3	2	1	2
6	79642478	80836561	3	2	1	2
6	80836562	81008461	1	1	0	2
6	81008462	81428138	3	2	1	2
6	81428139	81430157	2	2	0	2
6	81430158	82992295	3	2	1	2
6	82992296	98771751	1	1	0	2
6	98771752	99414707	2	1	1	2
6	99414708	99509539	2	1	1	2
6	99509540	99511898	2	1	1	2
6	99511899	101531197	2	1	1	2
6	101531198	101535043	2	1	1	2
6	101535044	101716000	2	1	1	2
6	101716001	101739362	1	1	0	2
6	101739363	101755331	2	1	1	3
6	101755332	101816271	2	1	1	2
6	101816272	101990858	2	1	1	2
6	101990859	102000456	2	1	1	2
6	102000457	103798463	2	1	1	3
6	103798464	103809904	1	1	0	2
6	103809905	104360555	2	1	1	2
6	104360556	104360580	2	1	1	2
6	104360581	110917001	2	1	1	2
6	110917002	110920235	2	1	1	2
6	110920236	111559525	2	1	1	2
6	111559526	111568463	4	3	1	2
6	111568464	111680669	2	1	1	2
6	111680670	111685029	2	1	1	2
6	111685030	112123671	2	1	1	2
6	112123672	112136208	2	1	1	2
6	112136209	112138806	2	1	1	1
6	112138807	112140121	2	1	1	2
6	112140122	112317414	2	1	1	2
6	112317415	112770063	2	1	1	2
6	112770064	113080099	2	1	1	2
6	113080100	113101493	2	1	1	2
6	113101494	113290612	2	1	1	3
6	113290613	113305016	2	1	1	1
6	113305017	113431947	2	1	1	3
6	113431948	113471607	2	1	1	1
6	113471608	113654179	2	1	1	3
6	113654180	113655543	2	1	1	2
6	113655544	114344123	2	1	1	2
6	114344124	114589916	1	1	0	2
6	114589917	114825703	2	1	1	2
6	114825704	114830483	2	1	1	2
6	114830484	114988670	2	1	1	3
6	114988671	115975841	1	1	0	3
6	115975842	116301366	2	1	1	2
6	116301367	116386551	2	1	1	1
6	116386552	116809918	2	1	1	2
6	116809919	117728469	2	1	1	2
6	117728470	117731567	2	1	1	2
6	117731568	117824895	2	1	1	2
6	117824896	117825004	2	1	1	2
6	117825005	117947924	2	1	1	2
6	117947925	117955936	2	1	1	2
6	117955937	118103825	2	1	1	3
6	118103826	118119465	1	1	0	2
6	118119466	118306158	2	1	1	2
6	118306159	118363881	2	1	1	3
6	118363882	118366470	2	1	1	1
6	118366471	118495777	2	1	1	2
6	118495778	118505325	2	1	1	2
6	118505326	126611705	2	1	1	2
6	126611706	130137826	1	1	0	2
6	130137827	150693587	2	1	1	2
6	150693588	150693816	2	1	1	2
6	150693817	151431967	2	1	1	2
6	151431968	151436115	1	1	0	2
6	151436116	151820192	2	1	1	2
6	151820193	151878734	1	1	0	2
6	151878735	151988842	1	1	0	2
6	151988843	152625057	2	1	1	2
6	152625058	152657816	1	1	0	2
6	152657817	152807464	1	1	0	2
6	152807465	152894474	1	1	0	2
6	152894475	170915316	2	1	1	2
7	40386	31978680	3	2	1	2
7	31978681	31978890	3	2	1	2
7	31978891	31979034	3	2	1	2
7	31979035	32123528	3	2	1	2
7	32123529	32134185	3	2	1	2
7	32134186	32203687	3	2	1	2
7	32203688	39173992	1	1	0	2
7	39173993	47819322	3	2	1	2
7	47819323	47904076	2	2	0	2
7	47904077	49239691	3	2	1	2
7	49239692	49263864	2	2	0	2
7	49263865	49778226	3	2	1	2
7	49778227	49892934	2	2	0	2
7	49892935	50322095	3	2	1	2
7	50322096	50363193	2	2	0	2
7	50363194	50868740	3	2	1	2
7	50868741	51127042	3	2	1	2
7	51127043	55022891	2	2	0	2
7	55022892	55641449	3	2	1	2
7	55641450	55683494	2	2	0	2
7	55683495	56030482	3	2	1	2
7	56030483	56050323	2	2	0	2
7	56050324	56344156	3	2	1	2
7	56344157	56390098	2	2	0	2
7	56390099	56562405	3	2	1	2
7	56562406	56582045	2	2	0	3
7	56582046	56583804	2	2	0	2
7	56583805	56612626	2	2	0	3
7	56612627	56662625	2	2	0	2
7	56662626	56744090	3	2	1	2
7	56744091	56768747	5	3	2	2
7	56768748	57999999	3	2	1	2
7	58000000	61870249	3	2	1	2
7	61870250	108794044	3	2	1	3
7	108794045	108795649	3	2	1	2
7	108795650	125799173	3	2	1	2
7	125799174	125815523	2	2	0	2
7	125815524	133974765	3	2	1	2
7	133974766	134073854	5	3	2	2
7	134073855	149824368	3	2	1	2
7	149824369	153148791	3	2	1	2
7	153148792	153173775	2	2	0	2
7	153173776	153670625	3	2	1	2
7	153670626	159138662	3	2	1	2
8	202842	13066820	2	1	1	2
8	13066821	13074357	1	1	0	2
8	13074358	34670009	2	1	1	2
8	34670010	37728626	3	2	1	2
8	37728627	38045412	10	10	0	2
8	38045413	39035718	11	11	0	2
8	39035719	39607518	19	18	1	2
8	39607519	39611984	23	22	1	1
8	39611985	39613653	23	22	1	1
8	39613654	39767717	23	22	1	2
8	39767718	39806650	20	19	1	2
8	39806651	39853494	45	44	1	2
8	39853495	39917236	19	18	1	1
8	39917237	39917280	45	44	1	2
8	39917281	39953804	45	44	1	2
8	39953805	40509604	24	23	1	1
8	40509605	40510845	23	23	0	2
8	40510846	40511763	24	23	1	1
8	40511764	40513767	24	23	1	1
8	40513768	40519102	9	8	1	1
8	40519103	40519292	9	8	1	1
8	40519293	40519869	9	8	1	1
8	40519870	40883538	9	8	1	2
8	40883539	41236241	10	9	1	2
8	41236242	41236586	10	9	1	2
8	41236587	41238741	10	9	1	1
8	41238742	42199207	3	2	1	2
8	42199208	42533088	5	4	1	2
8	42533089	43099999	5	4	1	2
8	43100000	48099999	NA	NA	NA	NA
8	48100000	51277954	3	2	1	2
8	51277955	51293653	1	1	0	2
8	51293654	51554044	3	2	1	2
8	51554045	51556822	3	2	1	2
8	51556823	51902896	3	2	1	2
8	51902897	51919885	1	1	0	2
8	51919886	52875227	3	2	1	2
8	52875228	52888674	3	2	1	2
8	52888675	53342085	3	2	1	2
8	53342086	53355416	1	1	0	2
8	53355417	53407074	3	2	1	2
8	53407075	53440765	1	1	0	2
8	53440766	55373519	5	4	1	2
8	55373520	55390287	1	1	0	2
8	55390288	55517397	5	4	1	2
8	55517398	55520989	4	3	1	2
8	55520990	55540165	1	1	0	2
8	55540166	55897621	5	4	1	2
8	55897622	55949487	1	1	0	2
8	55949488	56047626	5	4	1	2
8	56047627	56074969	1	1	0	2
8	56074970	56148507	5	4	1	2
8	56148508	56172933	1	1	0	2
8	56172934	56235162	4	3	1	2
8	56235163	56384615	5	4	1	2
8	56384616	56406821	1	1	0	2
8	56406822	56511139	5	4	1	2
8	56511140	56527309	1	1	0	2
8	56527310	57053435	5	4	1	2
8	57053436	57067124	4	3	1	2
8	57067125	57328126	5	4	1	2
8	57328127	57333559	5	4	1	2
8	57333560	57648108	5	4	1	2
8	57648109	57654767	5	4	1	1
8	57654768	57771200	5	4	1	2
8	57771201	57785387	5	4	1	2
8	57785388	58345241	5	4	1	2
8	58345242	58392541	5	4	1	1
8	58392542	60368740	5	4	1	2
8	60368741	60370674	5	4	1	2
8	60370675	61915685	5	4	1	2
8	61915686	61924507	5	4	1	1
8	61924508	63490666	5	4	1	2
8	63490667	63490684	5	4	1	2
8	63490685	63492231	5	4	1	2
8	63492232	63492841	5	4	1	2
8	63492842	73353671	5	4	1	2
8	73353672	73355724	1	1	0	2
8	73355725	73458969	5	4	1	2
8	73458970	73475319	1	1	0	2
8	73475320	73838215	5	4	1	2
8	73838216	73882579	1	1	0	2
8	73882580	73987782	5	4	1	2
8	73987783	74022164	1	1	0	2
8	74022165	75568002	5	4	1	2
8	75568003	75582873	1	1	0	2
8	75582874	76055161	5	4	1	2
8	76055162	76206040	1	1	0	2
8	76206041	76210333	1	1	0	2
8	76210334	76261094	4	4	0	2
8	76261095	76288839	4	4	0	2
8	76288840	76311247	4	4	0	2
8	76311248	76368015	4	4	0	1
8	76368016	76388920	4	4	0	2
8	76388921	76398671	4	4	0	2
8	76398672	76579889	4	4	0	2
8	76579890	77020023	5	4	1	2
8	77020024	77039601	4	4	0	2
8	77039602	77062944	4	3	1	2
8	77062945	77070456	4	3	1	2
8	77070457	77187348	4	3	1	2
8	77187349	77301196	1	1	0	2
8	77301197	77957816	5	4	1	2
8	77957817	77993020	1	1	0	2
8	77993021	78922371	5	4	1	2
8	78922372	78934007	5	4	1	1
8	78934008	79387201	5	4	1	2
8	79387202	79465451	4	2	2	2
8	79465452	79644034	5	4	1	2
8	79644035	79662057	3	2	1	1
8	79662058	79872913	3	2	1	2
8	79872914	79883557	4	3	1	2
8	79883558	80415880	3	2	1	2
8	80415881	85209779	4	3	1	2
8	85209780	85337101	3	3	0	2
8	85337102	85589125	4	3	1	2
8	85589126	85603921	4	3	1	2
8	85603922	86073768	4	3	1	2
8	86073769	86077268	4	3	1	2
8	86077269	87191915	4	3	1	2
8	87191916	87236321	3	3	0	2
8	87236322	87773807	4	3	1	2
8	87773808	87787836	3	3	0	1
8	87787837	87910423	4	3	1	2
8	87910424	87963311	3	3	0	2
8	87963312	87999367	3	2	1	2
8	87999368	88002496	3	2	1	2
8	88002497	88142853	4	3	1	2
8	88142854	88143498	4	3	1	2
8	88143499	88790224	4	3	1	2
8	88790225	88887225	4	3	1	2
8	88887226	88887488	4	3	1	2
8	88887489	89023356	5	4	1	2
8	89023357	89334778	4	4	0	2
8	89334779	90006440	5	4	1	2
8	90006441	90018708	4	4	0	2
8	90018709	90021106	4	4	0	2
8	90021107	90030361	4	4	0	2
8	90030362	90032483	4	4	0	2
8	90032484	90067358	4	4	0	2
8	90067359	90948299	5	4	1	2
8	90948300	90948379	5	4	1	2
8	90948380	91686361	5	4	1	2
8	91686362	91734927	4	4	0	2
8	91734928	92371666	5	4	1	2
8	92371667	92401459	4	4	0	2
8	92401460	92599771	5	4	1	2
8	92599772	92634925	1	1	0	3
8	92634926	93635552	5	4	1	2
8	93635553	93650060	5	4	1	2
8	93650061	93750587	5	4	1	2
8	93750588	93777841	4	4	0	2
8	93777842	94478697	5	4	1	2
8	94478698	94544297	4	4	0	2
8	94544298	94551050	5	4	1	2
8	94551051	94562022	6	4	2	2
8	94562023	103847167	5	4	1	2
8	103847168	103850302	5	4	1	2
8	103850303	114620242	5	4	1	2
8	114620243	146364021	4	4	0	2
9	47500	256922	2	1	1	2
9	256923	47299999	2	1	1	2
9	47300000	50699999	2	1	1	2
9	50700000	66462499	2	1	1	2
9	66462500	120196324	3	2	1	2
9	120196325	120394903	4	2	2	2
9	120394904	123413895	3	2	1	2
9	123413896	124511479	3	2	1	2
9	124511480	138499445	3	2	1	2
9	138499446	138506166	3	2	1	2
9	138506167	141213430	3	2	1	2
10	95662	9280802	2	1	1	2
10	9280803	9280871	2	1	1	2
10	9280872	9630498	2	1	1	3
10	9630499	11464537	2	1	1	2
10	11464538	11569239	1	1	0	2
10	11569240	11599620	2	1	1	2
10	11599621	11607338	2	1	1	1
10	11607339	12116642	2	1	1	3
10	12116643	12134535	1	1	0	1
10	12134536	12150912	2	1	1	2
10	12150913	12193603	1	1	0	2
10	12193604	12367490	2	1	1	2
10	12367491	12379321	1	1	0	2
10	12379322	12441616	2	1	1	3
10	12441617	12442890	2	1	1	2
10	12442891	12875053	2	1	1	3
10	12875054	12888061	2	1	1	2
10	12888062	13108796	2	1	1	2
10	13108797	13113521	2	1	1	2
10	13113522	13998393	2	1	1	3
10	13998394	13998893	2	1	1	3
10	13998894	14551493	2	1	1	2
10	14551494	14551538	2	1	1	2
10	14551539	14570608	2	1	1	2
10	14570609	14581181	2	1	1	1
10	14581182	14758254	2	1	1	2
10	14758255	14767150	2	1	1	1
10	14767151	14889895	2	1	1	3
10	14889896	14891014	2	1	1	3
10	14891015	16268634	2	1	1	3
10	16268635	37999999	2	1	1	3
10	38000000	42382499	2	1	1	3
10	42382500	43344162	2	1	1	2
10	43344163	43351152	2	1	1	2
10	43351153	43407393	2	1	1	2
10	43407394	43463497	1	1	0	2
10	43463498	43464317	1	1	0	2
10	43464318	43464393	1	1	0	1
10	43464394	43932549	2	1	1	2
10	43932550	43951239	2	1	1	2
10	43951240	44077629	2	1	1	3
10	44077630	44134413	1	1	0	2
10	44134414	44347938	2	1	1	2
10	44347939	44349051	2	1	1	2
10	44349052	45048983	2	1	1	2
10	45048984	45058415	2	1	1	2
10	45058416	45599120	2	1	1	2
10	45599121	45599343	2	1	1	2
10	45599344	47041269	2	1	1	2
10	47041270	47079292	4	3	1	2
10	47079293	47346206	2	1	1	1
10	47346207	47348532	2	1	1	2
10	47348533	47593382	2	1	1	2
10	47593383	47593736	2	1	1	2
10	47593737	49806344	2	1	1	2
10	49806345	49835896	2	1	1	2
10	49835897	49851527	1	1	0	2
10	49851528	49872016	1	1	0	2
10	49872017	49873479	1	1	0	2
10	49873480	49898968	1	1	0	3
10	49898969	49902217	1	1	0	1
10	49902218	49908357	1	1	0	2
10	49908358	49949713	2	1	1	3
10	49949714	49972853	2	1	1	1
10	49972854	51552145	2	1	1	2
10	51552146	52238439	2	1	1	3
10	52238440	52305386	1	1	0	3
10	52305387	52488641	2	1	1	2
10	52488642	52495470	2	1	1	2
10	52495471	52807839	2	1	1	2
10	52807840	52807999	2	1	1	2
10	52808000	52817075	2	1	1	2
10	52817076	52827727	2	1	1	2
10	52827728	54697419	2	1	1	2
10	54697420	55166291	1	1	0	2
10	55166292	55665677	2	1	1	3
10	55665678	55677280	1	1	0	1
10	55677281	56679362	2	1	1	3
10	56679363	56679598	2	1	1	3
10	56679599	57780554	2	1	1	3
10	57780555	57787879	2	1	1	1
10	57787880	83786179	2	1	1	2
10	83786180	84096834	1	1	0	2
10	84096835	106005152	2	1	1	2
10	106005153	106012182	2	1	1	2
10	106012183	106931176	2	1	1	2
10	106931177	107065162	1	1	0	2
10	107065163	107371172	2	1	1	2
10	107371173	107385204	1	1	0	2
10	107385205	108005930	2	1	1	2
10	108005931	108013084	2	1	1	2
10	108013085	110005262	2	1	1	2
10	110005263	110012020	2	1	1	2
10	110012021	110081220	2	1	1	3
10	110081221	110098189	1	1	0	2
10	110098190	110324916	2	1	1	3
10	110324917	111732744	1	1	0	2
10	111732745	111733236	1	1	0	2
10	111733237	111736062	2	1	1	1
10	111736063	112104069	2	1	1	2
10	112104070	112105166	2	1	1	1
10	112105167	112340389	2	1	1	2
10	112340390	112341850	2	1	1	2
10	112341851	112460292	2	1	1	2
10	112460293	112464279	2	1	1	2
10	112464280	113444556	2	1	1	2
10	113444557	113624224	1	1	0	2
10	113624225	113869271	2	1	1	2
10	113869272	114269992	2	1	1	2
10	114269993	114636962	1	1	0	3
10	114636963	115031701	2	1	1	3
10	115031702	115032350	2	1	1	2
10	115032351	115060788	2	1	1	2
10	115060789	115493440	2	1	1	2
10	115493441	115530982	2	1	1	2
10	115530983	115531158	2	1	1	2
10	115531159	115535459	2	1	1	2
10	115535460	115629413	2	1	1	3
10	115629414	115629696	2	1	1	3
10	115629697	115861973	2	1	1	2
10	115861974	115880961	2	1	1	2
10	115880962	116145108	2	1	1	2
10	116145109	116155024	2	1	1	2
10	116155025	116215945	2	1	1	3
10	116215946	116220464	2	1	1	2
10	116220465	116228672	2	1	1	1
10	116228673	116639198	2	1	1	2
10	116639199	116962868	1	1	0	3
10	116962869	117024342	2	1	1	3
10	117024343	117050027	1	1	0	2
10	117050028	117265790	2	1	1	2
10	117265791	117281881	1	1	0	2
10	117281882	117502254	2	1	1	3
10	117502255	117507366	2	1	1	1
10	117507367	117516812	2	1	1	1
10	117516813	117529992	1	1	0	2
10	117529993	117680258	2	1	1	2
10	117680259	117683786	2	1	1	2
10	117683787	118598100	2	1	1	2
10	118598101	121049033	1	1	0	2
10	121049034	124759075	2	1	1	2
10	124759076	124765621	2	1	1	2
10	124765622	125091744	2	1	1	2
10	125091745	125113696	1	1	0	2
10	125113697	125575677	2	1	1	2
10	125575678	125577530	2	1	1	2
10	125577531	125939393	2	1	1	2
10	125939394	125945734	2	1	1	2
10	125945735	127574903	2	1	1	2
10	127574904	127577990	2	1	1	2
10	127577991	128936459	2	1	1	2
10	128936460	128944860	1	1	0	2
10	128944861	128949386	1	1	0	2
10	128949387	129008363	1	1	0	3
10	129008364	129546851	2	1	1	2
10	129546852	129574360	1	1	0	2
10	129574361	135534746	2	1	1	2
11	197337	21455489	2	1	1	2
11	21455490	51194755	3	2	1	2
11	51194756	51518309	2	2	0	2
11	51518310	51564154	3	2	1	2
11	51564155	56060386	NA	NA	NA	NA
11	56060387	97070320	3	2	1	2
11	97070321	100079573	2	2	0	3
11	100079574	100091163	2	2	0	2
11	100091164	100693924	2	2	0	3
11	100693925	101583067	0	0	0	2
11	101583068	102038733	2	2	0	3
11	102038734	102050177	2	2	0	2
11	102050178	103057276	2	2	0	2
11	103057277	103057297	2	2	0	2
11	103057298	105446753	2	2	0	2
11	105446754	105453929	2	2	0	2
11	105453930	106096570	2	2	0	2
11	106096571	106123435	0	0	0	2
11	106123436	133529328	2	2	0	2
11	133529329	135006515	3	2	1	2
12	110107	8676141	2	1	1	2
12	8676142	9112938	1	1	0	3
12	9112939	10017571	2	1	1	2
12	10017572	16417514	1	1	0	3
12	16417515	17214979	2	1	1	2
12	17214980	18242108	1	1	0	3
12	18242109	18601697	2	1	1	2
12	18601698	18618700	2	1	1	2
12	18618701	32847416	2	1	1	2
12	32847417	33211056	2	1	1	2
12	33211057	33299999	2	1	1	2
12	33300000	38199999	2	1	1	2
12	38200000	40822805	2	1	1	2
12	40822806	40826028	1	1	0	2
12	40826029	63673994	2	1	1	2
12	63673995	68883279	3	2	1	2
12	68883280	68883614	3	2	1	2
12	68883615	86008991	3	2	1	2
12	86008992	86011897	3	2	1	2
12	86011898	86335590	3	2	1	2
12	86335591	86346362	2	1	1	2
12	86346363	86631638	3	2	1	2
12	86631639	86631663	3	2	1	2
12	86631664	87231954	3	2	1	2
12	87231955	87232002	3	2	1	2
12	87232003	100292818	3	2	1	2
12	100292819	100429943	5	4	1	2
12	100429944	100654387	4	3	1	2
12	100654388	100658108	4	3	1	1
12	100658109	100724263	4	3	1	2
12	100724264	107875916	3	2	1	2
12	107875917	107877112	3	2	1	2
12	107877113	126020972	3	2	1	2
12	126020973	126034060	3	2	1	2
12	126034061	129581631	3	2	1	2
12	129581632	129584694	1	1	0	2
12	129584695	129638409	3	2	1	2
12	129638410	131321828	1	1	0	2
12	131321829	133851894	3	2	1	2
13	1	16299999	3	2	1	1
13	16300000	19499999	3	2	1	2
13	19500000	40656451	3	2	1	2
13	40656452	61461124	1	1	0	3
13	61461125	61461409	1	1	0	2
13	61461410	77100675	1	1	0	3
13	77100676	79592728	3	2	1	2
13	79592729	82891570	2	2	0	2
13	82891571	84050917	4	2	2	2
13	84050918	84064348	4	2	2	2
13	84064349	84250006	4	2	2	2
13	84250007	88306533	4	3	1	2
13	88306534	88311069	3	2	1	2
13	88311070	94652339	4	3	1	2
13	94652340	95605825	5	3	2	2
13	95605826	106414823	3	2	1	2
13	106414824	106534831	1	1	0	2
13	106534832	110853764	4	3	1	2
13	110853765	110915704	1	1	0	2
13	110915705	112736715	4	3	1	2
13	112736716	112789544	1	1	0	2
13	112789545	113562721	4	3	1	2
13	113562722	113797640	1	1	0	2
13	113797641	115169877	3	2	1	2
14	1	16099999	3	2	1	1
14	16100000	19099999	NA	NA	NA	NA
14	19100000	20452119	3	2	1	2
14	20452120	38104120	3	2	1	2
14	38104121	38289088	2	2	0	2
14	38289089	83890250	3	2	1	2
14	83890251	83891936	2	2	0	2
14	83891937	84032474	3	2	1	3
14	84032475	84059112	2	2	0	3
14	84059113	84905374	3	2	1	3
14	84905375	84905619	3	2	1	2
14	84905620	85895146	3	2	1	2
14	85895147	85911435	2	2	0	2
14	85911436	107349539	3	2	1	2
15	1	15799999	2	1	1	1
15	15800000	20699999	2	1	1	2
15	20700000	85140904	2	1	1	2
15	85140905	85141004	2	1	1	2
15	85141005	85141207	2	1	1	2
15	85141208	94069328	2	1	1	2
15	94069329	94071933	3	2	1	2
15	94071934	94094057	2	1	1	2
15	94094058	94115495	1	1	0	2
15	94115496	95509616	2	1	1	2
15	95509617	98068753	1	1	0	3
15	98068754	102385500	2	1	1	2
16	83802	34599999	2	1	1	2
16	34600000	38599999	2	1	1	2
16	38600000	46447499	2	1	1	2
16	46447500	60816531	2	1	1	2
16	60816532	85707206	1	1	0	2
16	85707207	85738817	1	1	0	2
16	85738818	85739320	1	1	0	2
16	85739321	87631821	1	1	0	2
16	87631822	87933584	3	2	1	2
16	87933585	90148979	1	1	0	2
17	20080	4933333	2	2	0	3
17	4933334	7574231	1	1	0	2
17	7574232	7583869	1	1	0	2
17	7583870	22185102	1	1	0	2
17	22185103	22189985	1	1	0	2
17	22189986	25799999	NA	NA	NA	NA
17	25800000	81195209	2	1	1	2
18	27500	15399999	2	1	1	2
18	15400000	18999999	2	1	1	2
18	19000000	78077247	2	1	1	2
19	102500	272443	2	1	1	2
19	272444	24399999	2	1	1	3
19	24400000	28599999	2	1	1	2
19	28600000	59128982	2	1	1	3
20	60479	25599999	2	1	1	2
20	25600000	29399999	2	1	1	3
20	29400000	47084003	2	1	1	2
20	47084004	47274680	3	2	1	2
20	47274681	63025519	2	1	1	2
21	1	10417500	NA	NA	NA	NA
21	10417501	14299999	NA	NA	NA	NA
21	14300000	48129894	2	1	1	2
22	1	12199999	2	1	1	1
22	12200000	17899999	2	1	1	3
22	17900000	29065856	2	1	1	2
22	29065857	36702872	2	1	1	3
22	36702873	36963839	2	1	1	2
22	36963840	51304565	2	1	1	2
X	1	11731340	1	1	0	3
X	11731341	32169654	1	1	0	3
X	32169655	32339504	0	0	0	3
X	32339505	32559600	1	1	0	3
X	32559601	33725947	0	0	0	3
X	33725948	58099999	1	1	0	3
X	58100000	63012841	NA	NA	NA	NA
X	63012842	63204768	0	0	0	2
X	63204769	63220081	0	0	0	1
X	63220082	63604891	1	1	0	2
X	63604892	65368017	7	7	0	1
X	65368018	65727952	12	12	0	1
X	65727953	66016652	12	12	0	1
X	66016653	66090432	14	14	0	1
X	66090433	66092655	24	24	0	1
X	66092656	66098968	24	24	0	1
X	66098969	66392486	51	51	0	1
X	66392487	66395753	60	60	0	1
X	66395754	66505978	65	65	0	1
X	66505979	66511478	49	49	0	1
X	66511479	66835631	25	25	0	1
X	66835632	66970800	26	26	0	1
X	66970801	66974364	27	27	0	1
X	66974365	67201068	26	26	0	1
X	67201069	67201291	1	1	0	2
X	67201292	67202468	25	25	0	1
X	67202469	67289603	25	25	0	1
X	67289604	67616236	25	25	0	1
X	67616237	67636317	27	27	0	1
X	67636318	67673902	23	23	0	1
X	67673903	68746336	27	27	0	1
X	68746337	68750846	33	33	0	1
X	68750847	68764059	32	32	0	1
X	68764060	68767845	33	33	0	1
X	68767846	68767875	33	33	0	1
X	68767876	68775529	32	32	0	1
X	68775530	68807378	30	30	0	1
X	68807379	68847177	32	32	0	1
X	68847178	69263851	25	25	0	1
X	69263852	69395014	13	13	0	1
X	69395015	70234033	1	1	0	2
X	70234034	70236892	1	1	0	2
X	70236893	70236921	4	4	0	1
X	70236922	70261768	6	6	0	1
X	70261769	73014179	1	1	0	3
X	73014180	73034437	6	6	0	1
X	73034438	73036273	1	1	0	3
X	73036274	73039725	7	7	0	1
X	73039726	73054432	3	3	0	1
X	73054433	73068442	7	7	0	1
X	73068443	78355038	1	1	0	3
X	78355039	87544585	0	0	0	2
X	87544586	87618440	1	1	0	3
X	87618441	87687295	0	0	0	1
X	87687296	87880344	1	1	0	3
X	87880345	88018316	0	0	0	1
X	88018317	88501725	8	8	0	2
X	88501726	88525224	8	8	0	2
X	88525225	88533032	1	1	0	2
X	88533033	88533646	1	1	0	2
X	88533647	88967931	1	1	0	2
X	88967932	88970260	1	1	0	2
X	88970261	89300000	7	7	0	1
X	89300001	90213670	1	1	0	2
X	90213671	90691564	1	1	0	2
X	90691565	90782487	0	0	0	1
X	90782488	99148168	1	1	0	3
X	99148169	99149003	1	1	0	3
X	99149004	144358128	1	1	0	3
X	144358129	146942015	0	0	0	2
X	146942016	155270559	1	1	0	2
Y	1	11599999	0	0	0	1
Y	11600000	13399999	0	0	0	1
Y	13400000	59373565	NA	NA	NA	NA
