chromosome	start	end	total_cn	major_cn	minor_cn	star
1	790009	936447	2	1	1	3
1	936448	936707	2	1	1	2
1	936708	936826	2	1	1	2
1	936827	1138833	3	2	1	3
1	1138834	1139090	3	2	1	3
1	1139091	1208939	3	2	1	2
1	1208940	1209126	3	2	1	2
1	1209127	4084802	3	2	1	2
1	4084803	4165802	4	3	1	2
1	4165803	13706111	3	2	1	2
1	13706112	15237986	4	2	2	2
1	15237987	15249977	4	2	2	2
1	15249978	15879777	4	2	2	2
1	15879778	15970237	5	3	2	2
1	15970238	21068775	4	2	2	2
1	21068776	22325419	3	2	1	3
1	22325420	22452333	4	2	2	3
1	22452334	24254293	3	2	1	3
1	24254294	24721095	4	3	1	2
1	24721096	27161523	3	2	1	3
1	27161524	38459833	2	2	0	2
1	38459834	38495294	3	3	0	2
1	38495295	41464555	2	2	0	3
1	41464556	41491941	4	4	0	1
1	41491942	43091216	2	2	0	3
1	43091217	43150702	3	3	0	3
1	43150703	50798864	2	2	0	3
1	50798865	50880305	3	3	0	2
1	50880306	51461464	2	2	0	3
1	51461465	53199064	3	3	0	3
1	53199065	55788746	2	2	0	3
1	55788747	56048916	3	2	1	2
1	56048917	56185516	4	2	2	2
1	56185517	56457959	3	2	1	3
1	56457960	56501502	5	4	1	1
1	56501503	56507642	3	2	1	2
1	56507643	56513021	3	2	1	2
1	56513022	56942174	3	2	1	3
1	56942175	56951401	3	2	1	3
1	56951402	58879931	3	2	1	3
1	58879932	59784978	5	4	1	3
1	59784979	60536205	3	2	1	3
1	60536206	60636378	4	2	2	3
1	60636379	60636415	4	2	2	2
1	60636416	61310176	3	2	1	2
1	61310177	62483485	2	2	0	3
1	62483486	62483846	3	3	0	1
1	62483847	62483894	3	3	0	1
1	62483895	63566421	3	2	1	3
1	63566422	63566496	3	2	1	2
1	63566497	63566746	3	2	1	1
1	63566747	63904281	2	2	0	3
1	63904282	65413774	3	2	1	3
1	65413775	65831545	4	2	2	3
1	65831546	66463766	3	2	1	3
1	66463767	66484418	5	4	1	2
1	66484419	75998025	3	2	1	3
1	75998026	76004296	3	2	1	2
1	76004297	77738153	3	2	1	3
1	77738154	77970168	1	1	0	3
1	77970169	78551846	2	2	0	3
1	78551847	99725108	1	1	0	3
1	99725109	99736855	1	1	0	2
1	99736856	101595126	1	1	0	3
1	101595127	104390936	3	2	1	3
1	104390937	104392397	3	2	1	2
1	104392398	105574331	3	2	1	3
1	105574332	105578409	3	2	1	3
1	105578410	109944166	3	2	1	3
1	109944167	111320136	2	1	1	3
1	111320137	111321655	2	1	1	3
1	111321656	115276843	2	1	1	3
1	115276844	115283987	2	1	1	3
1	115283988	121499999	2	1	1	3
1	121500000	128899999	2	1	1	3
1	128900000	153472553	2	1	1	3
1	153472554	153925882	3	2	1	2
1	153925883	154079809	4	2	2	2
1	154079810	154079920	4	2	2	2
1	154079921	154103974	4	2	2	2
1	154103975	155014883	3	2	1	2
1	155014884	156250967	2	1	1	2
1	156250968	156614445	3	2	1	2
1	156614446	160972064	2	1	1	2
1	160972065	160984106	2	1	1	2
1	160984107	162258009	2	1	1	2
1	162258010	162309839	3	2	1	3
1	162309840	168532656	2	1	1	2
1	168532657	168584743	3	2	1	2
1	168584744	173168064	2	1	1	2
1	173168065	173176061	2	1	1	2
1	173176062	174050598	2	1	1	2
1	174050599	174062815	3	2	1	2
1	174062816	184194271	2	1	1	2
1	184194272	184339995	3	2	1	2
1	184339996	186513357	2	1	1	2
1	186513358	186559108	2	1	1	2
1	186559109	186966792	2	1	1	2
1	186966793	186980320	3	2	1	2
1	186980321	199197597	2	1	1	2
1	199197598	199207094	2	1	1	2
1	199207095	203163837	2	1	1	2
1	203163838	203169605	2	1	1	2
1	203169606	203934607	2	1	1	2
1	203934608	203941156	2	1	1	2
1	203941157	205420377	2	1	1	2
1	205420378	205424145	2	1	1	2
1	205424146	211657587	2	1	1	2
1	211657588	211688538	3	2	1	3
1	211688539	214851392	2	1	1	2
1	214851393	214858882	2	1	1	2
1	214858883	218796495	2	1	1	2
1	218796496	218807444	2	1	1	2
1	218807445	220102726	2	1	1	2
1	220102727	220104734	2	1	1	2
1	220104735	224222378	2	1	1	2
1	224222379	229449145	2	1	1	2
1	229449146	229453485	2	1	1	2
1	229453486	235984218	2	1	1	2
1	235984219	236023872	3	2	1	2
1	236023873	239077311	2	1	1	3
1	239077312	239083317	3	2	1	1
1	239083318	239801901	2	1	1	3
1	239801902	239827213	3	2	1	2
1	239827214	241465997	2	1	1	3
1	241465998	241466253	2	1	1	3
1	241466254	246391159	2	1	1	3
1	246391160	246691623	3	2	1	3
1	246691624	249128118	2	1	1	2
1	249128119	249138184	500	326	174	1
2	30703	2076398	4	3	1	2
2	2076399	2094560	4	3	1	2
2	2094561	2998989	4	3	1	2
2	2998990	3003913	4	3	1	2
2	3003914	4993190	3	2	1	3
2	4993191	5003178	3	2	1	2
2	5003179	8125040	3	2	1	3
2	8125041	8130501	3	2	1	3
2	8130502	17941100	3	2	1	3
2	17941101	17954040	5	4	1	1
2	17954041	18127984	3	2	1	3
2	18127985	18137731	3	2	1	2
2	18137732	20221301	3	2	1	3
2	20221302	20225486	3	2	1	3
2	20225487	23165281	3	2	1	3
2	23165282	23165477	3	2	1	2
2	23165478	25819898	3	2	1	3
2	25819899	29177869	2	1	1	3
2	29177870	29180123	2	1	1	3
2	29180124	31699176	2	1	1	3
2	31699177	31701235	2	1	1	2
2	31701236	38807256	2	1	1	3
2	38807257	38814175	2	1	1	3
2	38814176	45326221	2	1	1	3
2	45326222	45344620	3	2	1	2
2	45344621	51141809	2	1	1	3
2	51141810	51155888	3	2	1	2
2	51155889	55079570	2	1	1	3
2	55079571	55087594	3	2	1	1
2	55087595	59283205	2	1	1	3
2	59283206	59285424	2	1	1	3
2	59285425	69215551	2	1	1	3
2	69215552	69230040	2	1	1	2
2	69230041	79243996	2	1	1	3
2	79243997	79260923	3	2	1	2
2	79260924	83372254	2	1	1	3
2	83372255	83372552	2	1	1	3
2	83372553	86094707	2	1	1	3
2	86094708	86129885	3	2	1	3
2	86129886	90499999	2	1	1	3
2	90500000	96799999	2	1	1	3
2	96800000	98430262	2	1	1	3
2	98430263	98430396	1	1	0	1
2	98430397	98430632	1	1	0	2
2	98430633	98775412	1	1	0	3
2	98775413	98796454	2	1	1	2
2	98796455	98807558	1	1	0	1
2	98807559	105489248	2	1	1	3
2	105489249	106151671	3	2	1	3
2	106151672	106912672	3	2	1	3
2	106912673	106933661	4	3	1	2
2	106933662	107284489	3	2	1	2
2	107284490	107284540	3	2	1	2
2	107284541	107294615	3	2	1	2
2	107294616	107294772	3	2	1	2
2	107294773	107732402	3	2	1	2
2	107732403	109154478	2	1	1	3
2	109154479	110504620	3	2	1	3
2	110504621	124858076	2	1	1	3
2	124858077	124864739	2	1	1	2
2	124864740	128288455	2	1	1	3
2	128288456	128978730	3	2	1	3
2	128978731	130423413	2	1	1	3
2	130423414	130433769	3	2	1	3
2	130433770	130682119	2	1	1	2
2	130682120	131768472	3	2	1	2
2	131768473	131774629	4	3	1	1
2	131774630	132533866	3	2	1	3
2	132533867	132545147	4	2	2	2
2	132545148	139009590	3	2	1	3
2	139009591	139009604	3	2	1	3
2	139009605	140820687	3	2	1	3
2	140820688	140822901	3	2	1	3
2	140822902	148201646	3	2	1	3
2	148201647	148215429	4	2	2	1
2	148215430	150272551	3	2	1	3
2	150272552	150284354	3	2	1	3
2	150284355	157115073	3	2	1	3
2	157115074	157551230	4	3	1	2
2	157551231	159020326	3	2	1	3
2	159020327	159397109	3	2	1	2
2	159397110	160320681	3	2	1	3
2	160320682	160336227	4	2	2	2
2	160336228	161742032	3	2	1	3
2	161742033	161744657	3	2	1	3
2	161744658	162912743	3	2	1	3
2	162912744	163441231	4	2	2	3
2	163441232	163668804	3	2	1	3
2	163668805	163703820	4	2	2	2
2	163703821	164140372	3	2	1	3
2	164140373	164141327	3	2	1	3
2	164141328	165747843	3	2	1	3
2	165747844	165992958	4	3	1	2
2	165992959	166793384	5	4	1	2
2	166793385	167081258	4	3	1	3
2	167081259	170372522	3	2	1	3
2	170372523	170387819	4	3	1	1
2	170387820	174811044	3	2	1	3
2	174811045	180644030	1	1	0	3
2	180644031	180645362	1	1	0	3
2	180645363	181857254	1	1	0	3
2	181857255	181877046	2	2	0	2
2	181877047	189949834	1	1	0	3
2	189949835	190723024	3	2	1	3
2	190723025	190755627	3	2	1	2
2	190755628	195060165	3	2	1	2
2	195060166	195060509	3	2	1	2
2	195060510	198258571	3	2	1	2
2	198258572	198315002	3	2	1	2
2	198315003	199356410	3	2	1	2
2	199356411	199402322	4	2	2	2
2	199402323	199745789	3	2	1	3
2	199745790	199748822	3	2	1	3
2	199748823	202531365	3	2	1	3
2	202531366	203032135	2	2	0	3
2	203032136	203053461	2	2	0	3
2	203053462	204666651	2	2	0	3
2	204666652	204934288	3	3	0	2
2	204934289	206536504	2	2	0	3
2	206536505	206548338	3	2	1	3
2	206548339	206548843	3	2	1	2
2	206548844	206877079	3	2	1	3
2	206877080	207372605	3	2	1	3
2	207372606	208957351	3	2	1	3
2	208957352	208986678	4	3	1	1
2	208986679	211176751	3	2	1	3
2	211176752	211183814	3	2	1	2
2	211183815	211213024	3	2	1	2
2	211213025	211407367	4	3	1	2
2	211407368	223700357	3	2	1	3
2	223700358	223703867	3	2	1	2
2	223703868	227304908	3	2	1	3
2	227304909	227315693	4	2	2	2
2	227315694	227764837	3	2	1	2
2	227764838	227773354	3	2	1	2
2	227773355	233596544	3	2	1	2
2	233596545	236360526	2	1	1	3
2	236360527	236415628	3	2	1	2
2	236415629	242836236	2	1	1	3
2	242836237	242836549	2	1	1	2
3	65982	18799502	1	1	0	3
3	18799503	18832599	1	1	0	3
3	18832600	18850948	2	1	1	1
3	18850949	19290188	1	1	0	2
3	19290189	19309775	1	1	0	2
3	19309776	19715537	1	1	0	3
3	19715538	19750927	1	1	0	2
3	19750928	20479448	1	1	0	3
3	20479449	20770929	0	0	0	3
3	20770930	20772911	1	1	0	2
3	20772912	20798853	1	1	0	2
3	20798854	20800663	1	1	0	2
3	20800664	22559373	1	1	0	3
3	22559374	22612682	0	0	0	3
3	22612683	22621200	0	0	0	1
3	22621201	22625803	1	1	0	2
3	22625804	23488998	1	1	0	3
3	23488999	23500783	2	2	0	2
3	23500784	32301595	1	1	0	3
3	32301596	33563960	2	1	1	3
3	33563961	33567000	2	1	1	3
3	33567001	34115377	2	1	1	3
3	34115378	34121229	2	1	1	2
3	34121230	38529130	2	1	1	3
3	38529131	38537401	2	1	1	2
3	38537402	48477389	2	1	1	3
3	48477390	49211243	2	1	1	3
3	49211244	49219839	2	1	1	2
3	49219840	54372228	2	1	1	3
3	54372229	54372369	2	1	1	3
3	54372370	55658954	2	1	1	3
3	55658955	55659925	2	1	1	2
3	55659926	57565153	2	1	1	3
3	57565154	62125701	2	1	1	3
3	62125702	62182391	3	2	1	3
3	62182392	70999451	2	1	1	3
3	70999452	71024279	2	1	1	3
3	71024280	73354099	2	1	1	3
3	73354100	73356046	2	1	1	2
3	73356047	76503165	2	1	1	3
3	76503166	76505875	2	1	1	3
3	76505876	87899999	2	1	1	3
3	87900000	93899999	2	1	1	3
3	93900000	98046491	2	1	1	3
3	98046492	98054562	3	2	1	1
3	98054563	102299719	2	1	1	3
3	102299720	102310168	3	2	1	1
3	102310169	110666608	2	1	1	3
3	110666609	110798886	3	2	1	1
3	110798887	114161831	2	1	1	3
3	114161832	114171423	3	2	1	1
3	114171424	114856247	2	1	1	3
3	114856248	114878446	3	2	1	1
3	114878447	122260913	2	1	1	3
3	122260914	123416439	3	2	1	3
3	123416440	131247590	2	1	1	3
3	131247591	131247796	2	1	1	3
3	131247797	138964928	2	1	1	3
3	138964929	138981462	3	2	1	2
3	138981463	140568275	2	1	1	3
3	140568276	140573990	3	2	1	1
3	140573991	141462833	2	1	1	3
3	141462834	141476046	3	2	1	3
3	141476047	143211625	2	1	1	3
3	143211626	143212895	2	1	1	3
3	143212896	143253395	2	1	1	2
3	143253396	143335632	2	1	1	2
3	143335633	146791277	2	1	1	3
3	146791278	146791585	2	1	1	3
3	146791586	148781567	2	1	1	3
3	148781568	148783889	2	1	1	3
3	148783890	158801544	2	1	1	3
3	158801545	158823190	3	2	1	1
3	158823191	167088647	2	1	1	3
3	167088648	167094621	2	1	1	2
3	167094622	172202093	2	1	1	3
3	172202094	172402025	3	2	1	3
3	172402026	172429224	5	4	1	3
3	172429225	175505490	3	2	1	3
3	175505491	175505659	3	2	1	2
3	175505660	181962591	3	2	1	3
3	181962592	181973483	3	2	1	2
3	181973484	181973511	3	2	1	2
3	181973512	184486668	3	2	1	3
3	184486669	184541930	5	4	1	3
3	184541931	185667065	3	2	1	3
3	185667066	188436934	2	1	1	3
3	188436935	188447667	2	1	1	3
3	188447668	190827126	2	1	1	3
3	190827127	190827775	2	1	1	3
3	190827776	197847500	2	1	1	3
4	60707	679858	2	1	1	3
4	679859	707489	3	2	1	1
4	707490	1161787	2	1	1	3
4	1161788	1161799	2	1	1	3
4	1161800	4378436	2	1	1	3
4	4378437	4997770	3	2	1	3
4	4997771	7122120	2	1	1	3
4	7122121	7125495	2	1	1	3
4	7125496	26421054	2	1	1	3
4	26421055	26463586	2	1	1	2
4	26463587	34549958	2	1	1	3
4	34549959	34553374	2	1	1	3
4	34553375	44301193	2	1	1	3
4	44301194	44301439	2	1	1	3
4	44301440	48199999	2	1	1	3
4	48200000	52699999	2	1	1	3
4	52700000	54176334	2	1	1	3
4	54176335	54352041	3	2	1	2
4	54352042	54547057	4	3	1	2
4	54547058	55036945	3	2	1	2
4	55036946	56097834	2	1	1	3
4	56097835	56098683	2	1	1	3
4	56098684	59515025	2	1	1	3
4	59515026	59528817	2	1	1	3
4	59528818	60798663	2	1	1	3
4	60798664	60807272	3	2	1	1
4	60807273	64998776	2	1	1	3
4	64998777	65611044	3	2	1	2
4	65611045	71330423	2	1	1	3
4	71330424	71330636	2	1	1	2
4	71330637	72793143	2	1	1	3
4	72793144	72797488	2	1	1	3
4	72797489	73507050	2	1	1	3
4	73507051	73512856	2	1	1	2
4	73512857	78888682	2	1	1	3
4	78888683	78911628	3	2	1	1
4	78911629	79356596	2	1	1	3
4	79356597	79360270	2	1	1	2
4	79360271	85619763	2	1	1	3
4	85619764	85634048	2	1	1	2
4	85634049	101342779	2	1	1	3
4	101342780	101352340	2	1	1	2
4	101352341	103475543	2	1	1	3
4	103475544	103491985	2	1	1	2
4	103491986	106342640	2	1	1	3
4	106342641	106390706	3	2	1	3
4	106390707	106836228	2	1	1	3
4	106836229	106836603	2	1	1	3
4	106836604	110695688	2	1	1	3
4	110695689	110710524	3	2	1	1
4	110710525	119321194	2	1	1	3
4	119321195	119323883	2	1	1	2
4	119323884	125497050	2	1	1	3
4	125497051	125513892	3	2	1	3
4	125513893	128060985	2	1	1	3
4	128060986	128064860	2	1	1	3
4	128064861	139778006	2	1	1	3
4	139778007	139785736	2	1	1	2
4	139785737	141588166	2	1	1	3
4	141588167	141589846	2	1	1	2
4	141589847	145857564	2	1	1	3
4	145857565	145877419	3	2	1	1
4	145877420	150512752	2	1	1	3
4	150512753	154983550	2	1	1	3
4	154983551	154992123	1	1	0	1
4	154992124	155895025	2	1	1	3
4	155895026	155895381	2	1	1	3
4	155895382	156564448	2	1	1	3
4	156564449	156637384	3	2	1	3
4	156637385	158479507	2	1	1	3
4	158479508	158479705	2	1	1	2
4	158479706	158479751	2	1	1	2
4	158479752	158484448	2	1	1	2
4	158484449	159773142	2	1	1	3
4	159773143	159778081	2	1	1	2
4	159778082	163780673	2	1	1	3
4	163780674	163782829	3	2	1	1
4	163782830	166428775	2	1	1	3
4	166428776	167906094	1	1	0	3
4	167906095	167906252	1	1	0	2
4	167906253	171290723	1	1	0	2
4	171290724	171351120	2	1	1	3
4	171351121	171367417	3	2	1	1
4	171367418	174746104	2	1	1	3
4	174746105	191154275	1	1	0	2
5	801582	1737702	3	2	1	3
5	1737703	4402790	2	1	1	3
5	4402791	4407074	2	1	1	2
5	4407075	6217948	2	1	1	3
5	6217949	6237106	3	2	1	2
5	6237107	6657316	2	1	1	3
5	6657317	7463348	3	2	1	3
5	7463349	7463689	2	1	1	1
5	7463690	9632834	2	1	1	3
5	9632835	9640006	2	1	1	3
5	9640007	13801587	2	1	1	3
5	13801588	13808372	3	2	1	1
5	13808373	14246485	2	1	1	3
5	14246486	14251803	2	1	1	2
5	14251804	18256182	2	1	1	3
5	18256183	19857074	3	2	1	3
5	19857075	28919192	2	1	1	3
5	28919193	28933848	3	2	1	2
5	28933849	31451291	2	1	1	3
5	31451292	31456854	2	1	1	2
5	31456855	31456879	2	1	1	2
5	31456880	32415603	2	1	1	3
5	32415604	32415643	2	1	1	3
5	32415644	36889766	2	1	1	3
5	36889767	36900424	2	1	1	2
5	36900425	41017934	2	1	1	3
5	41017935	41023471	3	2	1	1
5	41023472	46099999	2	1	1	3
5	46100000	50699999	2	1	1	3
5	50700000	54719820	2	1	1	3
5	54719821	54811379	1	1	0	2
5	54811380	54820926	1	1	0	2
5	54820927	58228971	1	1	0	2
5	58228972	58272529	3	2	1	2
5	58272530	58634536	3	2	1	3
5	58634537	59359505	2	1	1	3
5	59359506	59411988	3	2	1	3
5	59411989	61886285	2	1	1	3
5	61886286	61894226	2	1	1	2
5	61894227	62733615	2	1	1	3
5	62733616	62737641	2	1	1	2
5	62737642	65390727	2	1	1	3
5	65390728	65417539	2	1	1	2
5	65417540	68413812	2	1	1	3
5	68413813	68424485	3	2	1	1
5	68424486	71425912	2	1	1	3
5	71425913	71427963	3	2	1	1
5	71427964	75581630	2	1	1	3
5	75581631	76962384	3	2	1	2
5	76962385	80177642	2	1	1	3
5	80177643	80185253	3	2	1	1
5	80185254	90206222	2	1	1	3
5	90206223	90211455	3	2	1	1
5	90211456	90391340	2	1	1	3
5	90391341	90666775	3	2	1	2
5	90666776	91145837	2	1	1	3
5	91145838	91158045	3	2	1	2
5	91158046	92468950	2	1	1	3
5	92468951	92475478	2	1	1	2
5	92475479	100074293	2	1	1	3
5	100074294	100093506	3	2	1	1
5	100093507	102389055	2	1	1	3
5	102389056	102398432	2	1	1	2
5	102398433	104283802	2	1	1	3
5	104283803	104288536	2	1	1	2
5	104288537	106302432	2	1	1	3
5	106302433	106305295	2	1	1	3
5	106305296	108947771	2	1	1	3
5	108947772	108952192	2	1	1	3
5	108952193	111614617	2	1	1	3
5	111614618	111631962	3	2	1	2
5	111631963	119336129	2	1	1	3
5	119336130	119361372	2	1	1	2
5	119361373	119737905	2	1	1	3
5	119737906	119740970	2	1	1	3
5	119740971	121434955	2	1	1	3
5	121434956	121443218	3	2	1	1
5	121443219	121799704	2	1	1	3
5	121799705	121806710	2	1	1	3
5	121806711	121992422	2	1	1	3
5	121992423	122002172	3	2	1	1
5	122002173	126806675	2	1	1	3
5	126806676	126872981	2	1	1	3
5	126872982	128925716	2	1	1	3
5	128925717	128928622	2	1	1	3
5	128928623	135287298	2	1	1	3
5	135287299	135303280	3	2	1	2
5	135303281	138236610	2	1	1	3
5	138236611	138243131	3	2	1	1
5	138243132	142930975	2	1	1	3
5	142930976	142942547	3	2	1	1
5	142942548	146965018	2	1	1	3
5	146965019	148202315	3	2	1	3
5	148202316	148202547	3	2	1	3
5	148202548	156037289	3	2	1	3
5	156037290	156238359	4	2	2	1
5	156238360	158101145	3	2	1	3
5	158101146	159016957	5	4	1	3
5	159016958	159039507	6	4	2	2
5	159039508	159236755	5	4	1	2
5	159236756	159622332	5	4	1	2
5	159622333	166091099	3	2	1	2
5	166091100	166096336	3	2	1	2
5	166096337	173569468	3	2	1	2
5	173569469	174655158	2	1	1	2
5	174655159	175328078	3	2	1	2
5	175328079	178368914	2	1	1	2
5	178368915	179005459	3	2	1	2
5	179005460	179010785	3	2	1	2
5	179010786	179070011	3	2	1	2
5	179070012	179074939	5	4	1	1
5	179074940	179457863	3	2	1	2
5	179457864	180915259	2	1	1	2
6	250041	2262940	1	1	0	3
6	2262941	2276217	1	1	0	2
6	2276218	4022050	1	1	0	3
6	4022051	4211346	1	1	0	2
6	4211347	8339454	1	1	0	3
6	8339455	17568017	3	2	1	2
6	17568018	17573160	4	2	2	1
6	17573161	17635125	3	2	1	2
6	17635126	17722570	4	3	1	3
6	17722571	17810784	3	2	1	2
6	17810785	17986692	4	2	2	3
6	17986693	18008855	4	2	2	1
6	18008856	18082920	4	2	2	3
6	18082921	23385727	3	2	1	3
6	23385728	23395665	3	2	1	2
6	23395666	28531336	3	2	1	3
6	28531337	28540073	4	2	2	1
6	28540074	30590017	3	2	1	3
6	30590018	41810706	2	1	1	3
6	41810707	41816773	3	2	1	1
6	41816774	49755310	2	1	1	3
6	49755311	49788607	3	2	1	3
6	49788608	56322273	2	1	1	3
6	56322274	56330746	2	1	1	3
6	56330747	58699999	2	1	1	3
6	58700000	63299999	2	1	1	3
6	63300000	65107541	2	1	1	3
6	65107542	66523160	3	2	1	2
6	66523161	69535122	2	1	1	3
6	69535123	69538044	3	2	1	1
6	69538045	70463300	2	1	1	3
6	70463301	70466225	2	1	1	2
6	70466226	75229004	2	1	1	3
6	75229005	75496285	1	1	0	3
6	75496286	75511248	2	2	0	2
6	75511249	79488110	1	1	0	3
6	79488111	79497266	2	2	0	1
6	79497267	81079032	1	1	0	3
6	81079033	81081914	1	1	0	2
6	81081915	98092247	1	1	0	3
6	98092248	98112344	2	2	0	2
6	98112345	104864849	1	1	0	3
6	104864850	104868339	1	1	0	2
6	104868340	109180990	1	1	0	3
6	109180991	109550028	2	1	1	3
6	109550029	109565777	3	2	1	2
6	109565778	116829044	2	1	1	3
6	116829045	117362063	3	2	1	3
6	117362064	118046482	2	1	1	3
6	118046483	118078383	3	2	1	3
6	118078384	130836892	2	1	1	3
6	130836893	130846273	2	1	1	2
6	130846274	137151333	2	1	1	3
6	137151334	139990407	1	1	0	3
6	139990408	140003906	1	1	0	2
6	140003907	141724868	1	1	0	3
6	141724869	141770298	2	2	0	3
6	141770299	149957854	1	1	0	3
6	149957855	149960130	1	1	0	3
6	149960131	157089374	1	1	0	3
6	157089375	157094493	2	2	0	1
6	157094494	168334932	1	1	0	3
6	168334933	168544137	1	1	0	2
6	168544138	168574144	1	1	0	2
6	168574145	170567783	1	1	0	2
6	170567784	170579354	1	1	0	2
6	170579355	170804662	1	1	0	3
6	170804663	170810118	2	2	0	1
6	170810119	170914534	1	1	0	3
7	40386	740002	4	3	1	3
7	740003	766069	4	3	1	3
7	766070	892053	4	3	1	2
7	892054	899720	4	3	1	2
7	899721	2838609	4	3	1	3
7	2838610	2870105	6	5	1	2
7	2870106	4388621	4	3	1	3
7	4388622	4388917	4	3	1	2
7	4388918	5445020	4	3	1	2
7	5445021	5471308	5	3	2	1
7	5471309	7650178	4	3	1	2
7	7650179	7654553	3	2	1	2
7	7654554	8792353	4	3	1	2
7	8792354	9430820	5	3	2	2
7	9430821	10945977	4	3	1	2
7	10945978	10947266	4	3	1	2
7	10947267	20671891	4	3	1	2
7	20671892	20680495	5	4	1	2
7	20680496	21514019	4	3	1	2
7	21514020	21522183	5	4	1	2
7	21522184	27598828	4	3	1	2
7	27598829	27605162	5	4	1	2
7	27605163	30028655	4	3	1	2
7	30028656	30042752	5	3	2	2
7	30042753	35503408	4	3	1	2
7	35503409	42119929	2	1	1	3
7	42119930	42120203	2	1	1	2
7	42120204	43703284	2	1	1	3
7	43703285	44455990	3	2	1	3
7	44455991	45032234	2	1	1	3
7	45032235	45058739	3	2	1	2
7	45058740	51686489	2	1	1	3
7	51686490	51756749	3	2	1	2
7	51756750	53407110	2	1	1	3
7	53407111	53413031	2	1	1	3
7	53413032	54640780	2	1	1	3
7	54640781	54694551	3	2	1	2
7	54694552	55171639	2	1	1	3
7	55171640	55516611	3	2	1	2
7	55516612	57653228	2	1	1	3
7	57653229	57660759	2	1	1	2
7	57660760	61699999	2	1	1	2
7	61700000	70364111	2	1	1	3
7	70364112	70370564	3	2	1	2
7	70370565	73051857	2	1	1	3
7	73051858	73087301	3	2	1	1
7	73087302	74711552	2	1	1	3
7	74711553	75879885	3	2	1	2
7	75879886	77128576	2	1	1	3
7	77128577	77148525	2	1	1	2
7	77148526	80321152	2	1	1	3
7	80321153	80328253	2	1	1	3
7	80328254	88135465	2	1	1	3
7	88135466	88153067	3	2	1	1
7	88153068	89176580	2	1	1	3
7	89176581	89179463	2	1	1	2
7	89179464	90667050	2	1	1	3
7	90667051	90674324	3	2	1	1
7	90674325	90842622	2	1	1	3
7	90842623	90880939	3	2	1	3
7	90880940	90891781	5	4	1	1
7	90891782	90904318	3	2	1	2
7	90904319	94271911	2	1	1	3
7	94271912	96775018	2	1	1	3
7	96775019	96797285	2	1	1	3
7	96797286	102101357	2	1	1	3
7	102101358	102113893	2	1	1	2
7	102113894	102746210	2	1	1	2
7	102746211	102838234	3	2	1	1
7	102838235	104819457	2	1	1	3
7	104819458	104833013	2	1	1	2
7	104833014	107560796	2	1	1	3
7	107560797	107561088	2	1	1	3
7	107561089	107561137	2	1	1	2
7	107561138	107578140	2	1	1	2
7	107578141	107578320	2	1	1	2
7	107578321	111098582	2	1	1	3
7	111098583	111231330	3	2	1	2
7	111231331	118395964	2	1	1	3
7	118395965	120693877	3	2	1	3
7	120693878	120706747	4	2	2	3
7	120706748	121164327	3	2	1	3
7	121164328	121174391	4	2	2	1
7	121174392	121253853	3	2	1	3
7	121253854	121972184	2	1	1	3
7	121972185	121988880	3	2	1	2
7	121988881	134522127	2	1	1	3
7	134522128	134739441	3	2	1	3
7	134739442	136365035	2	1	1	3
7	136365036	136372723	3	2	1	1
7	136372724	138763767	2	1	1	3
7	138763768	138782559	2	1	1	2
7	138782560	154759299	2	1	1	3
7	154759300	154793670	2	1	1	2
7	154793671	159138662	2	1	1	3
8	203512	249263	1	1	0	2
8	249264	2403479	2	2	0	2
8	2403480	9397535	1	1	0	2
8	9397536	9901333	0	0	0	3
8	9901334	10661764	1	1	0	2
8	10661765	10665714	2	2	0	2
8	10665715	15930980	1	1	0	2
8	15930981	15938379	1	1	0	2
8	15938380	17397481	1	1	0	2
8	17397482	17881742	2	2	0	2
8	17881743	22100068	1	1	0	2
8	22100069	22101723	1	1	0	2
8	22101724	22574689	1	1	0	2
8	22574690	22574814	1	1	0	2
8	22574815	23084862	1	1	0	2
8	23084863	23085436	1	1	0	2
8	23085437	24309979	1	1	0	2
8	24309980	24649988	2	2	0	2
8	24649989	24940642	1	1	0	2
8	24940643	25313889	1	1	0	2
8	25313890	27341218	0	0	0	3
8	27341219	27700268	1	1	0	2
8	27700269	28270360	2	2	0	2
8	28270361	37557292	1	1	0	2
8	37557293	43099999	2	1	1	3
8	43100000	48674007	2	1	1	3
8	48674008	48703096	2	1	1	2
8	48703097	48703146	2	1	1	2
8	48703147	50380878	2	1	1	3
8	50380879	50388141	2	1	1	3
8	50388142	56710223	2	1	1	3
8	56710224	57753533	3	2	1	2
8	57753534	62677063	2	1	1	3
8	62677064	62677595	2	1	1	3
8	62677596	66496240	2	1	1	3
8	66496241	66519096	2	1	1	2
8	66519097	66954614	2	1	1	3
8	66954615	67786788	3	2	1	3
8	67786789	67791515	3	2	1	2
8	67791516	67937555	3	2	1	2
8	67937556	68692619	2	2	0	2
8	68692620	74698828	3	2	1	2
8	74698829	74721484	3	2	1	2
8	74721485	82804008	3	2	1	2
8	82804009	82804258	3	2	1	2
8	82804259	85072103	3	2	1	2
8	85072104	85083779	3	2	1	2
8	85083780	90282410	3	2	1	2
8	90282411	90283004	3	2	1	2
8	90283005	90283231	3	2	1	2
8	90283232	92699714	3	2	1	2
8	92699715	92708158	5	3	2	2
8	92708159	94695543	3	2	1	2
8	94695544	95022157	4	3	1	3
8	95022158	96349074	3	2	1	2
8	96349075	96428315	5	4	1	2
8	96428316	99344857	3	2	1	2
8	99344858	99348260	3	2	1	2
8	99348261	101681858	3	2	1	2
8	101681859	101701583	4	2	2	2
8	101701584	102614433	3	2	1	2
8	102614434	102701971	4	3	1	2
8	102701972	103159066	3	2	1	2
8	103159067	103211454	4	3	1	2
8	103211455	106439665	3	2	1	2
8	106439666	110539025	2	2	0	2
8	110539026	110562157	3	3	0	1
8	110562158	120542500	2	2	0	2
8	120542501	123392258	2	2	0	2
8	123392259	123552218	4	4	0	2
8	123552219	123574469	5	5	0	2
8	123574470	123601138	3	3	0	2
8	123601139	123601954	3	3	0	2
8	123601955	123604316	3	3	0	1
8	123604317	127546685	2	2	0	2
8	127546686	128436585	3	3	0	2
8	128436586	128844818	5	5	0	2
8	128844819	129090053	4	4	0	2
8	129090054	146364021	2	2	0	2
9	47500	215510	1	1	0	2
9	215511	871368	1	1	0	2
9	871369	876781	2	2	0	2
9	876782	14171026	1	1	0	2
9	14171027	14176324	2	2	0	2
9	14176325	17582903	1	1	0	2
9	17582904	17585894	1	1	0	2
9	17585895	25961154	1	1	0	2
9	25961155	25967426	1	1	0	2
9	25967427	35464759	1	1	0	2
9	35464760	35494518	2	1	1	1
9	35494519	42170557	1	1	0	2
9	42170558	47299999	2	1	1	2
9	47300000	50699999	2	1	1	2
9	50700000	66258228	2	1	1	2
9	66258229	81764140	2	1	1	3
9	81764141	81773801	1	1	0	1
9	81773802	81781411	2	1	1	2
9	81781412	85705961	1	1	0	3
9	85705962	85710772	1	1	0	3
9	85710773	90541498	1	1	0	3
9	90541499	90573891	1	1	0	2
9	90573892	91058942	1	1	0	3
9	91058943	91930170	2	1	1	3
9	91930171	92014972	3	2	1	3
9	92014973	93648927	2	1	1	3
9	93648928	95519054	3	2	1	3
9	95519055	106207289	2	1	1	3
9	106207290	106210580	2	1	1	2
9	106210581	106210773	2	1	1	2
9	106210774	106216719	2	1	1	2
9	106216720	107633188	2	1	1	3
9	107633189	107763110	3	2	1	3
9	107763111	108976253	2	1	1	3
9	108976254	108991156	3	2	1	2
9	108991157	110216017	2	1	1	3
9	110216018	117122499	1	1	0	3
9	117122500	120498215	1	1	0	3
9	120498216	121278851	1	1	0	3
9	121278852	121341462	2	1	1	1
9	121341463	123074753	1	1	0	3
9	123074754	132717308	2	1	1	3
9	132717309	132757521	3	2	1	1
9	132757522	134317292	2	1	1	3
9	134317293	135273313	3	2	1	2
9	135273314	141019790	2	1	1	2
10	94426	1424129	2	1	1	3
10	1424130	1506915	3	2	1	2
10	1506916	3678602	2	1	1	3
10	3678603	3689468	2	1	1	2
10	3689469	3694895	2	1	1	2
10	3694896	3702254	2	1	1	2
10	3702255	15336487	2	1	1	3
10	15336488	16805837	3	2	1	3
10	16805838	23971312	2	1	1	3
10	23971313	23975166	2	1	1	2
10	23975167	26973126	2	1	1	3
10	26973127	27038518	3	2	1	3
10	27038519	27561400	2	1	1	3
10	27561401	27587891	3	2	1	3
10	27587892	27712607	2	1	1	3
10	27712608	27730571	3	2	1	2
10	27730572	27971942	2	1	1	3
10	27971943	28026082	3	2	1	3
10	28026083	30626275	2	1	1	3
10	30626276	31177736	3	2	1	3
10	31177737	32739340	2	1	1	3
10	32739341	32788473	3	2	1	3
10	32788474	37999999	2	1	1	3
10	38000000	42504892	2	1	1	3
10	42504893	42504954	2	1	1	2
10	42504955	43482262	2	1	1	3
10	43482263	43486286	2	1	1	2
10	43486287	49741278	2	1	1	3
10	49741279	51459292	3	2	1	2
10	51459293	54086799	3	2	1	3
10	54086800	54093034	3	2	1	2
10	54093035	60374563	3	2	1	2
10	60374564	60392490	4	2	2	2
10	60392491	65479612	3	2	1	2
10	65479613	65485848	3	2	1	2
10	65485849	65519597	3	2	1	2
10	65519598	65527476	4	2	2	2
10	65527477	68897384	3	2	1	3
10	68897385	68900324	3	2	1	3
10	68900325	69876801	3	2	1	3
10	69876802	69891005	4	2	2	2
10	69891006	71729731	3	2	1	3
10	71729732	71760878	3	2	1	2
10	71760879	88545486	3	2	1	3
10	88545487	88592633	3	2	1	3
10	88592634	88927118	3	2	1	3
10	88927119	88951957	4	2	2	2
10	88951958	92162438	3	2	1	3
10	92162439	92164569	4	2	2	1
10	92164570	93725463	3	2	1	3
10	93725464	93735298	4	2	2	1
10	93735299	99393407	3	2	1	3
10	99393408	106689337	2	1	1	3
10	106689338	106698850	2	1	1	2
10	106698851	113641210	2	1	1	3
10	113641211	115522815	3	2	1	3
10	115522816	116311820	2	1	1	3
10	116311821	116329218	3	2	1	3
10	116329219	120819994	2	1	1	3
10	120819995	121470702	1	1	0	3
10	121470703	121492660	2	2	0	1
10	121492661	135534746	1	1	0	3
11	197337	2125159	2	1	1	2
11	2125160	16052438	2	1	1	2
11	16052439	16056003	2	1	1	2
11	16056004	22270949	2	1	1	2
11	22270950	22714109	3	2	1	2
11	22714110	23941608	2	1	1	2
11	23941609	23946898	4	3	1	2
11	23946899	25015037	2	1	1	2
11	25015038	25021133	2	1	1	2
11	25021134	26364893	2	1	1	2
11	26364894	26375479	3	2	1	2
11	26375480	35463334	2	1	1	2
11	35463335	35465159	2	1	1	2
11	35465160	38375152	2	1	1	2
11	38375153	40939909	2	1	1	2
11	40939910	40947771	2	1	1	2
11	40947772	40947783	2	1	1	2
11	40947784	43198312	2	1	1	2
11	43198313	43207989	4	3	1	2
11	43207990	46454237	2	1	1	2
11	46454238	46576214	3	2	1	2
11	46576215	47991317	2	1	1	2
11	47991318	48038976	4	3	1	2
11	48038977	49846982	2	1	1	3
11	49846983	49847028	2	1	1	2
11	49847029	51599999	2	1	1	3
11	51600000	55699999	2	1	1	3
11	55700000	57998431	2	1	1	3
11	57998432	58001238	2	1	1	2
11	58001239	58040888	2	1	1	3
11	58040889	59128157	3	2	1	3
11	59128158	59567243	2	1	1	3
11	59567244	59590357	3	2	1	1
11	59590358	59590399	3	2	1	1
11	59590400	63823543	2	1	1	3
11	63823544	63831857	2	1	1	2
11	63831858	67002663	2	1	1	3
11	67002664	67016399	2	1	1	2
11	67016400	67338218	2	1	1	3
11	67338219	67340987	2	1	1	2
11	67340988	67341978	3	2	1	1
11	67341979	67344170	3	2	1	1
11	67344171	67555996	2	1	1	3
11	67555997	67559447	2	1	1	3
11	67559448	68724736	2	1	1	3
11	68724737	68736915	2	1	1	3
11	68736916	74936761	2	1	1	3
11	74936762	75422006	3	2	1	2
11	75422007	75451205	4	3	1	3
11	75451206	77606150	3	2	1	2
11	77606151	77609660	3	2	1	2
11	77609661	77645961	3	2	1	2
11	77645962	81452495	4	3	1	2
11	81452496	82208865	5	4	1	2
11	82208866	83145098	4	3	1	2
11	83145099	83161924	5	3	2	2
11	83161925	83487429	4	3	1	2
11	83487430	83487673	4	3	1	2
11	83487674	83852968	4	3	1	2
11	83852969	83854997	4	3	1	2
11	83854998	86463543	4	3	1	2
11	86463544	86471596	4	3	1	2
11	86471597	86561395	4	3	1	2
11	86561396	86567852	4	3	1	2
11	86567853	92606764	4	3	1	2
11	92606765	92621784	5	4	1	3
11	92621785	93161729	4	3	1	2
11	93161730	93161841	4	3	1	2
11	93161842	93162056	4	3	1	2
11	93162057	94973851	4	3	1	2
11	94973852	95116369	5	4	1	2
11	95116370	96832415	4	3	1	2
11	96832416	99685854	4	3	1	2
11	99685855	99728080	5	4	1	2
11	99728081	100471965	4	3	1	2
11	100471966	100485171	5	3	2	1
11	100485172	102220960	4	3	1	2
11	102220961	102293385	4	3	1	2
11	102293386	103522566	4	3	1	2
11	103522567	103539144	4	3	1	2
11	103539145	105550650	4	3	1	2
11	105550651	105558695	5	4	1	1
11	105558696	105894883	4	3	1	2
11	105894884	105896724	4	3	1	2
11	105896725	107039458	4	3	1	2
11	107039459	107042716	4	3	1	2
11	107042717	109252863	4	3	1	2
11	109252864	109289502	5	4	1	2
11	109289503	113670890	1	1	0	3
11	113670891	113711664	2	2	0	1
11	113711665	117898327	1	1	0	2
11	117898328	117903493	1	1	0	2
11	117903494	122849815	1	1	0	2
11	122849816	123301392	5	4	1	2
11	123301393	123310497	5	4	1	2
11	123310498	123766338	5	4	1	2
11	123766339	126319135	4	3	1	2
11	126319136	129945571	5	4	1	2
11	129945572	129956261	6	4	2	1
11	129956262	133008394	5	4	1	2
11	133008395	133333953	9	8	1	1
11	133333954	135006515	5	4	1	2
12	137601	6278737	2	2	0	3
12	6278738	10913799	1	1	0	3
12	10913800	10926487	2	2	0	1
12	10926488	15740479	1	1	0	3
12	15740480	16671276	2	1	1	3
12	16671277	16684141	3	2	1	1
12	16684142	22792507	2	1	1	3
12	22792508	22792650	2	1	1	2
12	22792651	22815296	2	1	1	2
12	22815297	22836044	3	2	1	2
12	22836045	27538486	2	1	1	3
12	27538487	27543807	2	1	1	3
12	27543808	30558389	2	1	1	3
12	30558390	30558609	2	1	1	3
12	30558610	33299999	2	1	1	3
12	33300000	39185973	2	1	1	3
12	39185974	39190458	2	1	1	2
12	39190459	48313668	2	1	1	3
12	48313669	48383245	3	2	1	1
12	48383246	54719478	2	1	1	3
12	54719479	54720220	2	1	1	3
12	54720221	59170194	2	1	1	3
12	59170195	59176955	2	1	1	3
12	59176956	61013395	2	1	1	3
12	61013396	61227599	3	2	1	3
12	61227600	61283956	4	3	1	1
12	61283957	62432757	3	2	1	3
12	62432758	62451589	3	2	1	2
12	62451590	63610447	3	2	1	3
12	63610448	64611347	4	2	2	2
12	64611348	64629548	6	4	2	2
12	64629549	65077468	4	2	2	3
12	65077469	65232976	5	3	2	2
12	65232977	65245110	6	3	3	2
12	65245111	65640981	5	3	2	2
12	65640982	67992168	4	2	2	2
12	67992169	67997157	5	3	2	2
12	67997158	70885972	4	2	2	2
12	70885973	70893320	4	2	2	2
12	70893321	72758280	4	2	2	2
12	72758281	72767981	4	2	2	2
12	72767982	73319935	4	2	2	2
12	73319936	73324960	4	2	2	2
12	73324961	79571826	4	2	2	2
12	79571827	83158852	4	2	2	2
12	83158853	83174466	5	3	2	1
12	83174467	84472312	4	2	2	3
12	84472313	84492058	5	3	2	1
12	84492059	87076104	4	2	2	2
12	87076105	87080040	4	2	2	2
12	87080041	87621051	4	2	2	2
12	87621052	87631914	4	2	2	2
12	87631915	87754149	4	2	2	2
12	87754150	87765069	5	3	2	1
12	87765070	92256120	4	2	2	2
12	92256121	93131265	3	2	1	2
12	93131266	97533654	2	1	1	2
12	97533655	97536162	2	1	1	2
12	97536163	99920062	2	1	1	2
12	99920063	99942382	3	2	1	2
12	99942383	103096627	2	1	1	2
12	103096628	103099490	3	2	1	2
12	103099491	104436452	2	1	1	2
12	104436453	104752846	3	2	1	3
12	104752847	104813137	4	3	1	3
12	104813138	107900166	3	2	1	2
12	107900167	109485043	2	2	0	2
12	109485044	109490697	3	3	0	2
12	109490698	109684552	2	2	0	2
12	109684553	109702555	3	3	0	2
12	109702556	110327594	2	2	0	3
12	110327595	110343235	2	2	0	2
12	110343236	110729764	2	2	0	3
12	110729765	110801451	2	2	0	2
12	110801452	112497476	2	2	0	3
12	112497477	112497682	2	2	0	2
12	112497683	112498337	3	3	0	1
12	112498338	112566168	3	3	0	2
12	112566169	121569164	2	2	0	3
12	121569165	121571489	2	2	0	3
12	121571490	133234758	2	2	0	3
13	1	16299999	3	2	1	1
13	16300000	19499999	3	2	1	2
13	19500000	21037268	3	2	1	2
13	21037269	21054997	4	2	2	2
13	21054998	23885836	3	2	1	2
13	23885837	23890269	3	2	1	2
13	23890270	25270228	3	2	1	3
13	25270229	26308120	3	2	1	2
13	26308121	26314424	4	2	2	2
13	26314425	26493351	3	2	1	2
13	26493352	26946127	5	4	1	2
13	26946128	26946711	5	4	1	2
13	26946712	29240337	5	4	1	2
13	29240338	29244331	5	4	1	2
13	29244332	34025028	5	4	1	2
13	34025029	35642133	1	1	0	3
13	35642134	35771705	5	4	1	2
13	35771706	35771838	5	4	1	2
13	35771839	36658027	5	4	1	2
13	36658028	36661372	8	7	1	1
13	36661373	38939901	5	4	1	2
13	38939902	38942045	5	4	1	2
13	38942046	41932121	5	4	1	2
13	41932122	41932295	5	4	1	2
13	41932296	41982686	5	4	1	2
13	41982687	48139726	4	4	0	2
13	48139727	48139899	4	4	0	2
13	48139900	48142461	3	3	0	1
13	48142462	48148148	3	3	0	1
13	48148149	48148326	3	3	0	1
13	48148327	48148834	3	3	0	1
13	48148835	48148892	3	3	0	1
13	48148893	48163880	3	3	0	2
13	48163881	51608585	2	2	0	2
13	51608586	53297652	3	2	1	2
13	53297653	53304042	3	2	1	2
13	53304043	55485892	3	2	1	2
13	55485893	55485936	2	1	1	2
13	55485937	59079781	3	2	1	2
13	59079782	59083368	3	2	1	2
13	59083369	59398420	3	2	1	2
13	59398421	64780379	1	1	0	3
13	64780380	64782159	1	1	0	2
13	64782160	69952313	1	1	0	3
13	69952314	70013715	2	2	0	3
13	70013716	83801696	1	1	0	3
13	83801697	83801951	1	1	0	3
13	83801952	88339989	1	1	0	3
13	88339990	88340176	1	1	0	3
13	88340177	95171469	1	1	0	3
13	95171470	95293075	0	0	0	3
13	95293076	96303522	1	1	0	3
13	96303523	96311826	1	1	0	2
13	96311827	104682545	2	2	0	3
13	104682546	104701229	2	2	0	2
13	104701230	104886136	1	1	0	3
13	104886137	104886260	1	1	0	3
13	104886261	106120239	1	1	0	3
13	106120240	106124689	2	2	0	1
13	106124690	112379993	1	1	0	3
13	112379994	113044922	2	2	0	2
13	113044923	115169877	1	1	0	3
14	1	16099999	2	1	1	1
14	16100000	19099999	2	1	1	2
14	19100000	20136999	2	1	1	2
14	20137000	20345713	2	1	1	2
14	20345714	21843857	2	1	1	3
14	21843858	21855454	2	1	1	3
14	21855455	24277221	2	1	1	3
14	24277222	24297918	2	1	1	2
14	24297919	26324030	2	1	1	3
14	26324031	26333321	3	2	1	1
14	26333322	30362169	2	1	1	3
14	30362170	30415214	3	2	1	2
14	30415215	31523030	2	1	1	3
14	31523031	31639248	2	1	1	3
14	31639249	32482030	2	1	1	3
14	32482031	32490552	2	1	1	2
14	32490553	33233468	2	1	1	3
14	33233469	33266103	2	1	1	2
14	33266104	35271276	2	1	1	3
14	35271277	35281453	3	2	1	1
14	35281454	39458223	2	1	1	3
14	39458224	39462103	2	1	1	2
14	39462104	39594778	2	1	1	3
14	39594779	39670892	3	2	1	3
14	39670893	51824724	2	1	1	3
14	51824725	51832013	2	1	1	2
14	51832014	54511752	2	1	1	3
14	54511753	54560564	2	1	1	3
14	54560565	55116120	2	1	1	3
14	55116121	55117081	2	1	1	2
14	55117082	55117303	2	1	1	2
14	55117304	55119028	2	1	1	2
14	55119029	57129956	2	1	1	3
14	57129957	57243291	3	2	1	3
14	57243292	61630008	2	1	1	3
14	61630009	62374828	3	2	1	3
14	62374829	62387316	5	4	1	1
14	62387317	62437833	3	2	1	3
14	62437834	64222913	2	1	1	3
14	64222914	64225739	2	1	1	2
14	64225740	65442918	2	1	1	3
14	65442919	65451571	2	1	1	3
14	65451572	73299353	2	1	1	3
14	73299354	73303369	3	2	1	1
14	73303370	73761205	2	1	1	3
14	73761206	73785113	1	1	0	2
14	73785114	73787578	1	1	0	2
14	73787579	75231460	1	1	0	3
14	75231461	75279921	2	1	1	3
14	75279922	75279945	2	1	1	3
14	75279946	75294469	2	1	1	3
14	75294470	75303820	3	2	1	1
14	75303821	81389630	2	1	1	3
14	81389631	81393452	2	1	1	2
14	81393453	81734244	2	1	1	3
14	81734245	81751464	3	2	1	2
14	81751465	84552997	2	1	1	3
14	84552998	84557974	2	1	1	2
14	84557975	85352391	2	1	1	3
14	85352392	85352437	2	1	1	3
14	85352438	86780630	2	1	1	3
14	86780631	86786814	2	1	1	2
14	86786815	88428680	2	1	1	3
14	88428681	88505427	3	2	1	3
14	88505428	90620856	2	1	1	3
14	90620857	90623328	3	2	1	1
14	90623329	93077899	2	1	1	3
14	93077900	93083386	3	2	1	1
14	93083387	93736560	2	1	1	3
14	93736561	93753837	3	2	1	3
14	93753838	99519041	2	1	1	3
14	99519042	99567408	3	2	1	3
14	99567409	103921441	2	1	1	3
14	103921442	103926494	2	1	1	2
14	103926495	106316136	2	1	1	3
14	106316137	107349539	3	2	1	2
15	1	15799999	3	2	1	1
15	15800000	20699999	NA	NA	NA	NA
15	20700000	22559406	2	1	1	2
15	22559407	22559551	2	1	1	2
15	22559552	22810945	2	1	1	2
15	22810946	23572190	3	2	1	3
15	23572191	25833629	2	1	1	3
15	25833630	25851472	3	2	1	2
15	25851473	25851493	2	1	1	1
15	25851494	31030508	2	1	1	3
15	31030509	31032378	2	1	1	3
15	31032379	31714142	2	1	1	3
15	31714143	31723594	2	1	1	3
15	31723595	35251509	2	1	1	3
15	35251510	39822832	3	2	1	2
15	39822833	39827057	4	3	1	1
15	39827058	41291406	3	2	1	2
15	41291407	41306757	3	2	1	2
15	41306758	46589637	3	2	1	2
15	46589638	46626879	5	4	1	2
15	46626880	48694455	3	2	1	2
15	48694456	52484513	2	2	0	2
15	52484514	52484765	2	2	0	2
15	52484766	63268304	2	2	0	2
15	63268305	68644303	3	2	1	2
15	68644304	68755272	4	3	1	1
15	68755273	73032072	3	2	1	2
15	73032073	73058316	3	2	1	2
15	73058317	75121775	3	2	1	2
15	75121776	75128428	3	2	1	2
15	75128429	76370233	3	2	1	2
15	76370234	76374947	3	2	1	2
15	76374948	80966052	3	2	1	2
15	80966053	80969977	3	2	1	2
15	80969978	84627741	3	2	1	2
15	84627742	84792324	4	2	2	2
15	84792325	87958459	3	2	1	2
15	87958460	87958930	3	2	1	2
15	87958931	88200740	3	2	1	2
15	88200741	88255273	4	2	2	2
15	88255274	93246443	3	2	1	2
15	93246444	93482211	4	2	2	2
15	93482212	95923275	3	2	1	2
15	95923276	95923453	3	2	1	2
15	95923454	96841645	3	2	1	2
15	96841646	96842375	1	1	0	1
15	96842376	102438023	3	2	1	2
16	84170	1294924	2	1	1	2
16	1294925	1802278	1	1	0	2
16	1802279	1802483	1	1	0	2
16	1802484	1819994	1	1	0	2
16	1819995	1820124	1	1	0	2
16	1820125	1820157	1	1	0	2
16	1820158	2267270	1	1	0	2
16	2267271	13682399	2	1	1	2
16	13682400	13686389	3	2	1	2
16	13686390	16643247	2	1	1	2
16	16643248	16645555	2	1	1	2
16	16645556	24685487	2	1	1	2
16	24685488	24689114	3	2	1	2
16	24689115	25060705	2	1	1	2
16	25060706	25175382	3	2	1	2
16	25175383	28597500	2	1	1	3
16	28597501	31010072	2	1	1	3
16	31010073	31675903	1	1	0	3
16	31675904	34337797	2	1	1	2
16	34337798	34371870	3	2	1	1
16	34371871	38599999	NA	NA	NA	NA
16	38600000	46489546	2	1	1	3
16	46489547	46855928	3	2	1	3
16	46855929	46862534	3	2	1	3
16	46862535	47168868	3	2	1	3
16	47168869	56184125	2	1	1	3
16	56184126	56189344	2	1	1	2
16	56189345	58474308	2	1	1	2
16	58474309	58826258	1	1	0	2
16	58826259	62491316	2	1	1	3
16	62491317	62494046	2	1	1	3
16	62494047	65324932	2	1	1	3
16	65324933	65337263	2	1	1	2
16	65337264	68197258	2	1	1	3
16	68197259	68199784	2	1	1	2
16	68199785	68715385	2	1	1	3
16	68715386	68791332	3	2	1	2
16	68791333	69547142	2	1	1	3
16	69547143	69557645	3	2	1	2
16	69557646	73039172	2	1	1	3
16	73039173	73042645	2	1	1	2
16	73042646	73583146	2	1	1	3
16	73583147	73593804	2	1	1	2
16	73593805	77740483	2	1	1	3
16	77740484	77807645	3	2	1	2
16	77807646	85568641	2	1	1	3
16	85568642	85600579	2	1	1	2
16	85600580	88015045	2	1	1	3
16	88015046	88025684	3	2	1	2
16	88025685	88242133	2	1	1	2
16	88242134	88244277	2	1	1	2
16	88244278	89483483	2	1	1	2
16	89483484	89787373	3	2	1	2
17	22213	14089049	1	1	0	3
17	14089050	14111419	2	2	0	1
17	14111420	16753197	1	1	0	3
17	16753198	19344696	2	1	1	3
17	19344697	19344910	2	1	1	2
17	19344911	20516637	2	1	1	3
17	20516638	20580154	3	2	1	2
17	20580155	22199999	2	1	1	3
17	22200000	26295436	NA	NA	NA	NA
17	26295437	26428549	3	2	1	3
17	26428550	29210186	2	1	1	3
17	29210187	29221635	2	1	1	2
17	29221636	38236686	2	1	1	3
17	38236687	38248718	2	1	1	2
17	38248719	38546500	2	1	1	3
17	38546501	38557913	2	1	1	2
17	38557914	39310119	2	1	1	3
17	39310120	40160429	2	1	1	2
17	40160430	42343369	1	1	0	3
17	42343370	47875211	2	1	1	3
17	47875212	47880559	2	1	1	2
17	47880560	48164165	2	1	1	3
17	48164166	48167534	2	1	1	2
17	48167535	48167795	2	1	1	2
17	48167796	48174881	3	2	1	1
17	48174882	53059628	2	1	1	3
17	53059629	53103661	2	1	1	2
17	53103662	54272627	2	1	1	3
17	54272628	54275886	2	1	1	2
17	54275887	54655966	2	1	1	3
17	54655967	54668794	2	1	1	2
17	54668795	55100982	2	1	1	3
17	55100983	55125838	3	2	1	2
17	55125839	55928903	2	1	1	3
17	55928904	58288034	3	2	1	3
17	58288035	58756734	4	2	2	2
17	58756735	68252097	3	2	1	3
17	68252098	68341774	1	1	0	2
17	68341775	69668756	2	1	1	3
17	69668757	69672342	2	1	1	3
17	69672343	69672363	2	1	1	2
17	69672364	70588932	2	1	1	3
17	70588933	71282161	3	2	1	3
17	71282162	71282177	3	2	1	2
17	71282178	73527740	2	1	1	3
17	73527741	73584714	3	2	1	2
17	73584715	74019741	2	1	1	3
17	74019742	74031569	2	1	1	2
17	74031570	81195209	2	1	1	3
18	75371	9456970	2	1	1	3
18	9456971	9475437	3	2	1	2
18	9475438	14359241	2	1	1	3
18	14359242	14363940	2	1	1	2
18	14363941	15245702	2	1	1	2
18	15245703	15253699	2	1	1	2
18	15253700	18999999	2	1	1	2
18	19000000	19564530	2	1	1	2
18	19564531	19569587	3	2	1	1
18	19569588	23092191	2	1	1	3
18	23092192	24695990	3	2	1	3
18	24695991	24702716	4	3	1	1
18	24702717	24992541	3	2	1	3
18	24992542	24992992	3	2	1	3
18	24992993	30607453	3	2	1	3
18	30607454	30626211	4	2	2	2
18	30626212	34316719	3	2	1	3
18	34316720	34317666	3	2	1	3
18	34317667	34351468	3	2	1	3
18	34351469	34355783	3	2	1	3
18	34355784	41854892	3	2	1	3
18	41854893	42319494	4	2	2	3
18	42319495	47115659	3	2	1	3
18	47115660	47116812	3	2	1	3
18	47116813	47771261	3	2	1	3
18	47771262	47827727	4	2	2	1
18	47827728	55136608	3	2	1	3
18	55136609	55170908	4	3	1	2
18	55170909	56002691	3	2	1	3
18	56002692	56801139	5	4	1	2
18	56801140	59559311	3	2	1	3
18	59559312	60458087	4	2	2	3
18	60458088	64488007	3	2	1	3
18	64488008	64491921	3	2	1	3
18	64491922	71084533	3	2	1	3
18	71084534	71091725	4	3	1	1
18	71091726	72392302	3	2	1	3
18	72392303	72392325	3	2	1	2
18	72392326	74593609	2	2	0	3
18	74593610	74593817	2	2	0	3
18	74593818	74594293	2	2	0	2
18	74594294	74594503	2	2	0	2
18	74594504	75667816	2	2	0	3
18	75667817	75683872	4	4	0	1
18	75683873	78077247	2	2	0	3
19	102500	247287	1	1	0	2
19	247288	3835513	1	1	0	2
19	3835514	9945607	2	1	1	2
19	9945608	15525463	1	1	0	2
19	15525464	23355279	2	1	1	3
19	23355280	23534330	2	1	1	2
19	23534331	23775773	2	1	1	3
19	23775774	24123374	1	1	0	2
19	24123375	24127965	1	1	0	2
19	24127966	24390797	1	1	0	2
19	24390798	28912050	NA	NA	NA	NA
19	28912051	28913695	2	1	1	3
19	28913696	32159062	2	1	1	3
19	32159063	33799861	3	2	1	3
19	33799862	35135087	2	1	1	3
19	35135088	35137134	2	1	1	2
19	35137135	35137318	3	2	1	1
19	35137319	35137354	2	1	1	2
19	35137355	35256949	2	1	1	3
19	35256950	35257062	2	1	1	3
19	35257063	35257101	2	1	1	2
19	35257102	41178640	2	1	1	3
19	41178641	41178698	2	1	1	2
19	41178699	44168976	1	1	0	3
19	44168977	47479970	2	1	1	3
19	47479971	47890559	3	2	1	3
19	47890560	47896792	5	4	1	1
19	47896793	48468866	3	2	1	3
19	48468867	50357308	2	1	1	3
19	50357309	50403639	3	2	1	2
19	50403640	50511522	2	1	1	3
19	50511523	51451420	3	2	1	3
19	51451421	53465309	2	1	1	3
19	53465310	53532114	3	2	1	2
19	53532115	55185323	2	1	1	3
19	55185324	55186174	2	1	1	2
19	55186175	59128982	2	1	1	3
20	68034	802408	3	2	1	2
20	802409	836099	4	2	2	2
20	836100	7953860	3	2	1	2
20	7953861	8279085	1	1	0	2
20	8279086	8286325	1	1	0	2
20	8286326	8286614	2	1	1	1
20	8286615	11960095	2	1	1	2
20	11960096	11964476	2	1	1	2
20	11964477	15288298	2	1	1	2
20	15288299	15292513	2	1	1	2
20	15292514	16988653	2	1	1	2
20	16988654	16990099	2	1	1	2
20	16990100	25599999	2	1	1	3
20	25600000	29399999	2	1	1	3
20	29400000	42719436	2	1	1	3
20	42719437	42757458	3	2	1	2
20	42757459	50799330	2	1	1	2
20	50799331	50822500	2	1	1	2
20	50822501	57355604	2	1	1	2
20	57355605	57362057	3	2	1	2
20	57362058	63025519	2	1	1	2
21	1	9417499	NA	NA	NA	NA
21	9417500	10575653	NA	NA	NA	NA
21	10575654	10623637	NA	NA	NA	NA
21	10623638	15273534	NA	NA	NA	NA
21	15273535	16095571	2	1	1	2
21	16095572	16098558	3	2	1	1
21	16098559	18056842	2	1	1	3
21	18056843	18074743	3	2	1	1
21	18074744	18387118	2	1	1	3
21	18387119	18397830	3	2	1	1
21	18397831	32741402	2	1	1	3
21	32741403	32767593	3	2	1	3
21	32767594	34451742	2	1	1	3
21	34451743	34703348	3	2	1	2
21	34703349	34704838	3	2	1	2
21	34704839	34889420	3	2	1	2
21	34889421	38985700	2	1	1	3
21	38985701	39044535	3	2	1	1
21	39044536	39854737	2	1	1	3
21	39854738	42878934	1	1	0	3
21	42878935	45166865	2	1	1	3
21	45166866	45753256	3	2	1	3
21	45753257	48129894	2	1	1	3
22	1	12199999	2	1	1	1
22	12200000	17899999	2	1	1	3
22	17900000	23478505	2	1	1	3
22	23478506	23519724	3	2	1	2
22	23519725	24132501	2	1	1	2
22	24132502	25612500	1	1	0	3
22	25612501	25961674	1	1	0	2
22	25961675	28343789	1	1	0	3
22	28343790	28344565	1	1	0	3
22	28344566	28346043	1	1	0	2
22	28346044	28359477	1	1	0	2
22	28359478	31501177	1	1	0	3
22	31501178	31626519	2	2	0	3
22	31626520	41826531	1	1	0	3
22	41826532	41887570	1	1	0	2
22	41887571	44055239	1	1	0	3
22	44055240	44861697	2	2	0	2
22	44861698	46482660	1	1	0	3
22	46482661	46484200	1	1	0	3
22	46484201	47041667	1	1	0	3
22	47041668	47042086	1	1	0	3
22	47042087	51304565	1	1	0	3
X	1	6702690	2	2	0	2
X	6702691	6737860	3	3	0	1
X	6737861	9642974	2	2	0	2
X	9642975	9656123	1	1	0	2
X	9656124	17448706	2	2	0	2
X	17448707	19184437	3	3	0	2
X	19184438	19775531	2	2	0	2
X	19775532	19827519	3	3	0	1
X	19827520	22784359	2	2	0	2
X	22784360	22807840	3	3	0	1
X	22807841	23815945	2	2	0	2
X	23815946	23819204	2	2	0	2
X	23819205	27411163	2	2	0	2
X	27411164	27419289	1	1	0	2
X	27419290	27720499	2	2	0	2
X	27720500	27791985	1	1	0	3
X	27791986	27798701	2	2	0	2
X	27798702	54098506	1	1	0	3
X	54098507	54098766	1	1	0	3
X	54098767	55195567	1	1	0	3
X	55195568	55197283	1	1	0	2
X	55197284	58099999	1	1	0	3
X	58100000	62999999	1	1	0	3
X	63000000	66110740	1	1	0	3
X	66110741	66167195	2	2	0	2
X	66167196	79398182	1	1	0	3
X	79398183	79412256	1	1	0	3
X	79412257	106232994	1	1	0	3
X	106232995	106237004	1	1	0	2
X	106237005	107260930	1	1	0	3
X	107260931	107265235	1	1	0	2
X	107265236	115133591	1	1	0	3
X	115133592	115203047	2	2	0	2
X	115203048	123247067	1	1	0	3
X	123247068	123255282	2	2	0	2
X	123255283	130999494	1	1	0	3
X	130999495	131010345	2	2	0	2
X	131010346	146303240	1	1	0	3
X	146303241	155270559	1	1	0	3
Y	1	11599999	1	1	0	2
Y	11600000	13399999	1	1	0	1
Y	13400000	17892535	1	1	0	2
Y	17892536	17896182	2	2	0	1
Y	17896183	21318736	1	1	0	2
Y	21318737	21318805	1	1	0	2
Y	21318806	59373565	1	1	0	2
