chromosome	start	end	total_cn	major_cn	minor_cn	star
1	1	12242141	3	2	1	3
1	12242142	12250381	5	4	1	1
1	12250382	16949665	3	2	1	3
1	16949666	28175872	3	2	1	3
1	28175873	31189388	1	1	0	3
1	31189389	31190064	0	0	0	1
1	31190065	31439322	3	2	1	3
1	31439323	31439762	3	2	1	3
1	31439763	31906453	3	2	1	2
1	31906454	49459178	3	2	1	3
1	49459179	53376954	1	1	0	3
1	53376955	59078702	3	2	1	3
1	59078703	59199168	2	2	0	3
1	59199169	59201515	3	2	1	2
1	59201516	59202086	2	2	0	1
1	59202087	59205751	3	2	1	2
1	59205752	59206034	3	2	1	2
1	59206035	63705482	3	2	1	3
1	63705483	89872865	3	2	1	3
1	89872866	89874583	3	2	1	2
1	89874584	89936203	2	1	1	3
1	89936204	94885040	3	2	1	2
1	94885041	95963601	1	1	0	3
1	95963602	113586793	3	2	1	3
1	113586794	121499999	4	2	2	3
1	121500000	128899999	4	2	2	2
1	128900000	143538454	4	2	2	2
1	143538455	155811924	4	2	2	3
1	155811925	155881043	3	2	1	2
1	155881044	165763053	4	2	2	2
1	165763054	165813053	4	2	2	2
1	165813054	165901402	6	4	2	2
1	165901403	174017572	4	2	2	2
1	174017573	174416016	3	2	1	2
1	174416017	194753805	4	2	2	2
1	194753806	241847798	4	2	2	2
1	241847799	241851883	4	2	2	2
1	241851884	249250620	4	2	2	2
2	20016	9804878	4	2	2	2
2	9804879	72731054	4	2	2	3
2	72731055	90499999	4	2	2	3
2	90500000	96799999	4	2	2	3
2	96800000	108707477	4	2	2	3
2	108707478	127327178	4	2	2	3
2	127327179	127673419	3	2	1	2
2	127673420	158624471	4	2	2	3
2	158624472	158626675	4	2	2	2
2	158626676	158948024	4	2	2	2
2	158948025	158949081	4	2	2	2
2	158949082	165739684	4	2	2	3
2	165739685	171308067	4	2	2	2
2	171308068	171636520	2	2	0	2
2	171636521	171669476	4	2	2	2
2	171669477	171670380	4	2	2	2
2	171670381	173415496	4	2	2	2
2	173415497	175481678	2	2	0	2
2	175481679	180011344	3	2	1	2
2	180011345	180586459	2	2	0	2
2	180586460	180598516	4	2	2	2
2	180598517	180598975	4	2	2	2
2	180598976	180599019	4	2	2	2
2	180599020	180631560	4	2	2	2
2	180631561	180632350	4	2	2	2
2	180632351	182069228	3	2	1	2
2	182069229	182137765	2	2	0	2
2	182137766	183850076	3	2	1	2
2	183850077	183850124	4	2	2	2
2	183850125	191727874	4	2	2	3
2	191727875	191729343	2	2	0	1
2	191729344	191740176	4	2	2	1
2	191740177	191866280	2	2	0	2
2	191866281	193713613	4	2	2	2
2	193713614	194921716	4	2	2	2
2	194921717	195036567	4	2	2	2
2	195036568	196865384	4	2	2	2
2	196865385	205675500	4	2	2	2
2	205675501	205698507	4	2	2	2
2	205698508	210782222	4	2	2	2
2	210782223	210782396	4	2	2	2
2	210782397	242892500	4	2	2	2
3	100074	7803690	3	2	1	2
3	7803691	7803724	4	2	2	2
3	7803725	9175059	3	2	1	2
3	9175060	9247288	1	1	0	2
3	9247289	9467710	3	2	1	2
3	9467711	9543592	1	1	0	2
3	9543593	9845285	3	2	1	2
3	9845286	10239927	1	1	0	2
3	10239928	15807676	3	2	1	2
3	15807677	15845092	3	2	1	2
3	15845093	22000004	2	1	1	2
3	22000005	27529033	3	2	1	2
3	27529034	27529338	4	2	2	2
3	27529339	32877499	3	2	1	2
3	32877500	32985862	3	2	1	2
3	32985863	55789010	3	2	1	2
3	55789011	56414910	3	2	1	2
3	56414911	56687298	4	3	1	2
3	56687299	71050001	3	2	1	2
3	71050002	73503590	2	2	0	3
3	73503591	78707070	3	2	1	2
3	78707071	78738605	2	2	0	2
3	78738606	84054427	3	2	1	2
3	84054428	84102057	3	2	1	2
3	84102058	87899999	3	2	1	2
3	87900000	93899999	3	2	1	2
3	93900000	102196316	3	2	1	2
3	102196317	102382229	3	2	1	2
3	102382230	105215382	3	2	1	2
3	105215383	105215665	3	2	1	2
3	105215666	105393697	3	2	1	2
3	105393698	105397275	4	2	2	2
3	105397276	119088286	4	2	2	2
3	119088287	119216053	4	2	2	2
3	119216054	119216557	4	2	2	2
3	119216558	119364725	4	2	2	2
3	119364726	119365355	4	2	2	2
3	119365356	120713187	4	2	2	2
3	120713188	120748416	4	2	2	2
3	120748417	130465103	3	2	1	2
3	130465104	130666522	3	2	1	2
3	130666523	130815472	3	2	1	2
3	130815473	130954430	3	2	1	2
3	130954431	131494851	3	2	1	2
3	131494852	131494907	4	2	2	2
3	131494908	131591063	4	2	2	2
3	131591064	131591558	4	2	2	2
3	131591559	132031282	4	2	2	2
3	132031283	132568687	5	3	2	2
3	132568688	136111853	4	2	2	2
3	136111854	136115886	4	2	2	2
3	136115887	156546953	4	2	2	2
3	156546954	156553035	4	2	2	2
3	156553036	156554120	4	2	2	2
3	156554121	156555853	4	2	2	2
3	156555854	156557271	4	2	2	2
3	156557272	156558984	4	2	2	2
3	156558985	156749777	4	2	2	2
3	156749778	156750375	4	2	2	2
3	156750376	188151054	4	2	2	2
3	188151055	189240900	3	2	1	2
3	189240901	197868489	4	2	2	2
4	40828	35441735	2	2	0	3
4	35441736	39978924	5	3	2	2
4	39978925	40326256	4	2	2	3
4	40326257	42534885	5	3	2	2
4	42534886	48199999	2	2	0	3
4	48200000	52720953	2	2	0	2
4	52720954	52721784	2	2	0	1
4	52721785	52722306	5	3	2	1
4	52722307	52722883	5	3	2	1
4	52722884	52731055	5	3	2	1
4	52731056	52874451	5	3	2	2
4	52874452	52877536	5	3	2	2
4	52877537	55137117	5	3	2	2
4	55137118	55141045	5	3	2	2
4	55141046	55310948	5	3	2	2
4	55310949	58440956	3	2	1	2
4	58440957	58454684	3	2	1	2
4	58454685	71684326	3	2	1	2
4	71684327	72222845	2	1	1	2
4	72222846	90628126	3	2	1	2
4	90628127	90697602	5	4	1	2
4	90697603	90948098	6	4	2	2
4	90948099	91595572	5	4	1	2
4	91595573	91986019	3	2	1	2
4	91986020	92034582	3	2	1	2
4	92034583	92071837	2	1	1	2
4	92071838	92374524	2	1	1	2
4	92374525	93405900	3	2	1	2
4	93405901	93712458	2	1	1	2
4	93712459	106538151	3	2	1	2
4	106538152	107084664	2	1	1	2
4	107084665	131898406	3	2	1	2
4	131898407	142853986	1	1	0	2
4	142853987	152028570	3	2	1	2
4	152028571	153077815	4	3	1	2
4	153077816	173419975	3	2	1	2
4	173419976	175079175	4	2	2	2
4	175079176	191154275	3	2	1	2
5	22500	488019	2	2	0	2
5	488020	2267491	5	3	2	2
5	2267492	4863734	6	4	2	2
5	4863735	6224534	3	2	1	2
5	6224535	9057303	5	3	2	2
5	9057304	9147570	6	4	2	2
5	9147571	9278783	6	4	2	2
5	9278784	14310561	3	2	1	2
5	14310562	14705282	5	3	2	2
5	14705283	14711410	4	2	2	2
5	14711411	14712603	4	2	2	1
5	14712604	46099999	3	2	1	2
5	46100000	50699999	3	2	1	2
5	50700000	51181685	3	2	1	2
5	51181686	51363952	3	2	1	2
5	51363953	51779855	3	2	1	2
5	51779856	54793549	2	1	1	2
5	54793550	66301473	2	1	1	2
5	66301474	70679625	3	2	1	2
5	70679626	94806914	3	2	1	2
5	94806915	132699317	2	2	0	2
5	132699318	150526903	3	2	1	3
5	150526904	150534558	1	1	0	1
5	150534559	180730532	3	2	1	3
6	202452	6839995	3	2	1	2
6	6839996	7337960	3	2	1	2
6	7337961	57537300	3	2	1	3
6	57537301	57841937	3	2	1	2
6	57841938	57885938	4	3	1	2
6	57885939	58699999	3	2	1	2
6	58700000	63299999	3	2	1	3
6	63300000	80667421	3	2	1	3
6	80667422	110728429	1	1	0	3
6	110728430	121291443	3	2	1	3
6	121291444	170787158	4	2	2	3
6	170787159	170792279	3	2	1	1
6	170792280	170919735	3	2	1	2
7	40386	8563739	4	2	2	2
7	8563740	57999999	4	2	2	2
7	58000000	61699999	4	2	2	3
7	61700000	108908528	4	2	2	3
7	108908529	113180679	3	2	1	2
7	113180680	113180720	3	2	1	1
7	113180721	128294049	3	2	1	2
7	128294050	128496187	7	6	1	2
7	128496188	128532476	8	6	2	1
7	128532477	131012279	7	6	1	2
7	131012280	132458763	3	2	1	2
7	132458764	132490176	4	3	1	2
7	132490177	132635759	3	2	1	2
7	132635760	133058934	4	3	1	2
7	133058935	133652084	3	2	1	2
7	133652085	133912448	4	3	1	1
7	133912449	136671769	5	4	1	2
7	136671770	142398605	5	3	2	2
7	142398606	142402186	4	3	1	2
7	142402187	142791621	8	7	1	2
7	142791622	142803630	4	3	1	1
7	142803631	144033858	8	7	1	2
7	144033859	144382264	8	7	1	2
7	144382265	145847933	8	7	1	2
7	145847934	146227303	2	1	1	2
7	146227304	146430710	8	7	1	2
7	146430711	146481133	8	7	1	2
7	146481134	146651192	7	6	1	2
7	146651193	146715277	8	7	1	1
7	146715278	149244333	8	7	1	2
7	149244334	151326960	8	7	1	2
7	151326961	154991042	1	1	0	2
7	154991043	156176588	8	7	1	2
7	156176589	157255753	8	7	1	2
7	157255754	157972829	8	6	2	2
7	157972830	157983084	8	7	1	1
7	157983085	158255009	8	6	2	2
7	158255010	158765947	3	2	1	2
7	158765948	158767729	5	3	2	2
8	217895	34708009	2	2	0	2
8	34708010	34709947	2	2	0	2
8	34709948	42496300	2	2	0	2
8	42496301	43099999	4	2	2	2
8	43100000	48099999	4	2	2	2
8	48100000	58719619	4	2	2	2
8	58719620	58724626	4	2	2	2
8	58724627	58737891	2	2	0	1
8	58737892	58820647	2	2	0	2
8	58820648	89495665	4	2	2	2
8	89495666	92235153	4	2	2	2
8	92235154	94317559	4	2	2	2
8	94317560	95934225	4	2	2	2
8	95934226	96292685	3	2	1	2
8	96292686	96292749	3	2	1	1
8	96292750	96416139	4	2	2	2
8	96416140	96417862	4	2	2	2
8	96417863	108992751	4	2	2	2
8	108992752	115135219	4	2	2	2
8	115135220	115198188	4	2	2	2
8	115198189	138534865	4	2	2	2
8	138534866	139980949	4	2	2	2
8	139980950	140600375	4	2	2	2
8	140600376	141115046	4	2	2	2
8	141115047	141620175	3	2	1	2
8	141620176	141740497	2	1	1	2
8	141740498	141756994	3	2	1	2
8	141756995	146364021	4	2	2	2
9	47500	47299999	4	2	2	3
9	47300000	50699999	4	2	2	2
9	50700000	73507665	4	2	2	2
9	73507666	75803907	4	2	2	2
9	75803908	97157500	4	2	2	3
9	97157501	104484884	5	3	2	2
9	104484885	106971722	6	3	3	2
9	106971723	107269997	3	3	0	3
9	107269998	107270436	4	3	1	1
9	107270437	107270552	5	3	2	2
9	107270553	118258249	5	3	2	2
9	118258250	118258269	5	3	2	3
9	118258270	139447717	5	3	2	3
9	139447718	139746829	6	4	2	2
9	139746830	140562394	5	3	2	2
9	140562395	140562438	5	3	2	2
9	140562439	141068960	5	3	2	2
10	93528	749996	3	2	1	2
10	749997	9709272	4	3	1	2
10	9709273	15711907	4	3	1	2
10	15711908	35188967	3	2	1	3
10	35188968	37999999	4	2	2	2
10	38000000	42299999	4	2	2	2
10	42300000	63932596	4	2	2	3
10	63932597	63936726	4	2	2	2
10	63936727	63940964	4	2	2	2
10	63940965	63951963	4	2	2	2
10	63951964	64605136	4	2	2	2
10	64605137	65055451	5	3	2	2
10	65055452	70623174	4	2	2	2
10	70623175	70623551	4	2	2	2
10	70623552	86126031	4	2	2	2
10	86126032	89672287	2	2	0	3
10	89672288	89673044	2	2	0	3
10	89673045	104502401	2	2	0	3
10	104502402	135208171	4	2	2	2
10	135208172	135208470	4	2	2	2
11	196944	6457814	3	2	1	3
11	6457815	6457951	3	2	1	3
11	6457952	6467369	3	2	1	3
11	6467370	6469176	2	2	0	1
11	6469177	6528695	3	2	1	3
11	6528696	6531466	2	2	0	1
11	6531467	6681429	3	2	1	3
11	6681430	6685440	3	2	1	2
11	6685441	6708008	3	2	1	2
11	6708009	6722661	2	2	0	2
11	6722662	6741043	3	2	1	2
11	6741044	6741530	3	2	1	2
11	6741531	6741928	3	2	1	2
11	6741929	6743497	3	2	1	2
11	6743498	27394623	3	2	1	3
11	27394624	28015669	4	3	1	2
11	28015670	51599999	3	2	1	3
11	51600000	55699999	3	2	1	3
11	55700000	71050519	3	2	1	3
11	71050520	71050568	3	2	1	3
11	71050569	74823197	3	2	1	3
11	74823198	75522662	2	1	1	2
11	75522663	90597756	3	2	1	2
11	90597757	92842655	4	2	2	3
11	92842656	104584933	3	2	1	2
11	104584934	104584973	3	2	1	2
11	104584974	112786631	3	2	1	2
11	112786632	135006515	3	2	1	2
12	150626	186152	NA	NA	NA	NA
12	186153	340291	1	1	0	2
12	340292	443989	2	2	0	2
12	443990	444454	2	2	0	2
12	444455	16048005	2	2	0	2
12	16048006	16831419	3	2	1	2
12	16831420	17927632	4	2	2	2
12	17927633	17927659	4	2	2	2
12	17927660	33299999	4	2	2	2
12	33300000	38199999	4	2	2	2
12	38200000	41285135	4	2	2	2
12	41285136	42913240	3	2	1	2
12	42913241	44357034	2	2	0	2
12	44357035	45436529	3	2	1	3
12	45436530	45472200	3	2	1	2
12	45472201	53810014	3	2	1	2
12	53810015	55526122	4	2	2	2
12	55526123	66451370	5	3	2	2
12	66451371	66451472	5	3	2	2
12	66451473	74032839	5	3	2	2
12	74032840	99789597	6	4	2	2
12	99789598	100053231	5	3	2	2
12	100053232	110855041	6	4	2	2
12	110855042	111897847	2	2	0	2
12	111897848	133851894	6	4	2	2
13	1	16299999	3	2	1	1
13	16300000	19499999	3	2	1	2
13	19500000	24294463	3	2	1	2
13	24294464	24304546	1	1	0	2
13	24304547	24309158	2	1	1	2
13	24309159	24311795	4	2	2	2
13	24311796	41344537	3	2	1	2
13	41344538	62473948	1	1	0	2
13	62473949	115169877	2	2	0	2
14	1	16099999	4	2	2	1
14	16100000	19099999	4	2	2	1
14	19100000	21684998	4	2	2	2
14	21684999	21685029	4	2	2	2
14	21685030	67740859	4	2	2	2
14	67740860	68144295	3	2	1	2
14	68144296	68551484	4	2	2	2
14	68551485	68938714	3	2	1	2
14	68938715	99519648	4	2	2	2
14	99519649	99531937	3	2	1	2
14	99531938	105558774	4	2	2	2
14	105558775	105558819	4	2	2	2
14	105558820	107349539	3	2	1	2
15	1	15799999	3	2	1	1
15	15800000	20699999	3	2	1	2
15	20700000	57055111	3	2	1	3
15	57055112	57258145	2	2	0	2
15	57258146	71600770	3	2	1	3
15	71600771	72402241	2	2	0	2
15	72402242	102401912	3	2	1	2
16	120000	7723268	4	2	2	2
16	7723269	7728895	4	2	2	2
16	7728896	10510872	4	2	2	2
16	10510873	10510883	4	2	2	2
16	10510884	10576801	4	2	2	2
16	10576802	12908892	4	2	2	3
16	12908893	13770071	4	2	2	3
16	13770072	13777644	5	3	2	1
16	13777645	17836981	5	3	2	2
16	17836982	29345271	4	2	2	3
16	29345272	34599999	4	2	2	3
16	34600000	38599999	4	2	2	3
16	38600000	46415802	4	2	2	3
16	46415803	50789877	4	2	2	3
16	50789878	52101388	3	2	1	2
16	52101389	69034248	2	2	0	3
16	69034249	69461601	1	1	0	2
16	69461602	79709564	2	2	0	3
16	79709565	79893318	3	3	0	3
16	79893319	90354752	2	2	0	3
17	3104	7963888	2	2	0	3
17	7963889	7974537	4	2	2	1
17	7974538	15899186	2	2	0	3
17	15899187	22199999	3	2	1	3
17	22200000	25799999	3	2	1	3
17	25800000	35832499	3	2	1	3
17	35832500	36785677	4	2	2	2
17	36785678	48603890	3	2	1	2
17	48603891	48604068	3	2	1	2
17	48604069	48618943	3	2	1	2
17	48618944	48618990	4	2	2	2
17	48618991	49836678	3	2	1	2
17	49836679	49863183	5	3	2	2
17	49863184	49864275	4	2	2	2
17	49864276	67272519	4	2	2	2
17	67272520	67302306	5	3	2	2
17	67302307	71210855	4	2	2	2
17	71210856	71211878	4	2	2	2
17	71211879	76596914	4	2	2	2
17	76596915	79173526	3	2	1	2
17	79173527	79221417	0	0	0	1
17	79221418	80893482	3	2	1	2
17	80893483	80902519	3	2	1	2
18	30525	132648	4	2	2	2
18	132649	4656192	4	2	2	2
18	4656193	13225706	5	3	2	2
18	13225707	14541306	4	2	2	2
18	14541307	18999999	NA	NA	NA	NA
18	19000000	34547856	5	3	2	2
18	34547857	34637291	4	3	1	2
18	34637292	40856939	5	3	2	2
18	40856940	40861589	5	3	2	1
18	40861590	40886728	7	5	2	2
18	40886729	40902951	7	5	2	1
18	40902952	40924160	8	6	2	1
18	40924161	40928720	7	5	2	1
18	40928721	42459435	6	4	2	3
18	42459436	42461660	4	2	2	2
18	42461661	78077247	3	2	1	2
19	102500	293345	3	2	1	2
19	293346	24399999	3	2	1	3
19	24400000	28599999	NA	NA	NA	NA
19	28600000	30813522	5	3	2	2
19	30813523	31512499	4	2	2	2
19	31512500	35551464	3	2	1	3
19	35551465	39272511	4	2	2	2
19	39272512	40708912	3	2	1	3
19	40708913	40709686	3	2	1	3
19	40709687	44660347	3	2	1	3
19	44660348	47655019	1	1	0	3
19	47655020	59128982	3	2	1	3
20	60479	15511200	3	2	1	2
20	15511201	15573362	3	2	1	2
20	15573363	18427178	3	2	1	2
20	18427179	25599999	4	2	2	2
20	25600000	29447500	4	2	2	2
20	29447501	29813154	4	2	2	2
20	29813155	29959502	3	2	1	2
20	29959503	29961384	3	2	1	1
20	29961385	29961556	4	3	1	1
20	29961557	48662814	4	3	1	2
20	48662815	48870736	6	5	1	2
20	48870737	62859988	4	3	1	2
21	1	10899999	NA	NA	NA	NA
21	10900000	14299999	4	2	2	2
21	14300000	21375273	3	2	1	2
21	21375274	22156807	2	1	1	2
21	22156808	22255197	1	1	0	2
21	22255198	22803144	2	1	1	2
21	22803145	39853788	3	2	1	2
21	39853789	39853987	3	2	1	2
21	39853988	42861870	4	2	2	2
21	42861871	42861930	4	2	2	2
21	42861931	48129894	3	2	1	2
22	1	12199999	4	2	2	1
22	12200000	17899999	4	2	2	3
22	17900000	35853043	4	2	2	3
22	35853044	45468277	3	2	1	3
22	45468278	45478965	3	2	1	2
22	45478966	45491237	1	1	0	1
22	45491238	47562124	1	1	0	3
22	47562125	47563679	3	2	1	1
22	47563680	47626687	3	2	1	3
22	47626688	47692623	2	2	0	2
22	47692624	51304565	3	2	1	3
X	1	58099999	3	3	0	2
X	58100000	62999999	3	3	0	2
X	63000000	68514804	3	3	0	2
X	68514805	155270559	2	2	0	1
Y	1	11599999	0	0	0	1
Y	11600000	13399999	0	0	0	1
Y	13400000	59373565	0	0	0	1
