chromosome	start	end	total_cn	major_cn	minor_cn	star
1	1	3076867	2	1	1	3
1	3076868	3664962	3	2	1	2
1	3664963	6738216	2	1	1	3
1	6738217	7559103	3	2	1	2
1	7559104	16543175	2	1	1	3
1	16543176	16879223	3	2	1	2
1	16879224	18133330	2	1	1	3
1	18133331	18133687	2	1	1	3
1	18133688	18133737	2	1	1	2
1	18133738	18134821	2	1	1	2
1	18134822	18134868	2	1	1	2
1	18134869	18134918	2	1	1	2
1	18134919	18134929	2	1	1	2
1	18134930	18135440	2	1	1	2
1	18135441	18136048	2	1	1	2
1	18136049	18296192	2	1	1	3
1	18296193	20454446	4	3	1	2
1	20454447	21455541	4	3	1	2
1	21455542	22730138	4	3	1	2
1	22730139	23068922	3	2	1	2
1	23068923	23070891	3	2	1	2
1	23070892	23437406	3	2	1	3
1	23437407	23437417	3	2	1	2
1	23437418	23775095	3	2	1	2
1	23775096	23775115	3	2	1	2
1	23775116	23792447	3	2	1	2
1	23792448	26646388	2	1	1	3
1	26646389	27272475	3	2	1	3
1	27272476	27429876	4	3	1	2
1	27429877	28323368	3	2	1	3
1	28323369	36495070	2	1	1	3
1	36495071	37051487	3	2	1	2
1	37051488	41858577	2	1	1	3
1	41858578	41861996	2	1	1	1
1	41861997	41862181	2	1	1	2
1	41862182	46119642	3	2	1	3
1	46119643	51262064	2	1	1	3
1	51262065	51540732	3	2	1	2
1	51540733	64004345	2	1	1	3
1	64004346	64159995	2	1	1	2
1	64159996	64738980	2	1	1	2
1	64738981	66499905	2	1	1	3
1	66499906	66500412	2	1	1	2
1	66500413	66567802	2	1	1	3
1	66567803	66805346	3	2	1	2
1	66805347	73472711	2	1	1	3
1	73472712	73671071	2	1	1	2
1	73671072	76969629	2	1	1	3
1	76969630	77127088	3	2	1	2
1	77127089	79174055	2	1	1	3
1	79174056	79497230	2	1	1	2
1	79497231	99970889	2	1	1	3
1	99970890	100830369	3	2	1	3
1	100830370	102785416	3	2	1	2
1	102785417	110773021	2	1	1	3
1	110773022	114096999	3	2	1	3
1	114097000	121499999	2	1	1	3
1	121500000	128899999	2	1	1	2
1	128900000	143237500	2	1	1	2
1	143237501	143523938	2	1	1	2
1	143523939	145782968	2	1	1	1
1	145782969	149044742	2	1	1	2
1	149044743	149702742	2	1	1	2
1	149702743	150522180	4	3	1	2
1	150522181	151529379	5	4	1	2
1	151529380	152130026	4	3	1	2
1	152130027	154055546	3	2	1	2
1	154055547	154685740	4	2	2	2
1	154685741	155977715	3	2	1	2
1	155977716	164365614	2	1	1	2
1	164365615	164604388	3	2	1	3
1	164604389	169701920	2	1	1	2
1	169701921	169780202	3	2	1	2
1	169780203	169780474	3	2	1	2
1	169780475	172530200	3	2	1	2
1	172530201	183758716	2	1	1	2
1	183758717	184856405	3	2	1	2
1	184856406	186258894	2	1	1	2
1	186258895	190343187	3	2	1	2
1	190343188	195395980	2	1	1	2
1	195395981	197020126	3	2	1	2
1	197020127	201994957	2	1	1	2
1	201994958	203588650	2	1	1	2
1	203588651	204246182	2	1	1	2
1	204246183	208426635	3	2	1	2
1	208426636	231411316	2	1	1	2
1	231411317	232428656	2	1	1	2
1	232428657	245948690	2	1	1	3
1	245948691	246037857	3	2	1	2
1	246037858	249250620	2	1	1	3
2	20016	14071512	2	1	1	2
2	14071513	14158277	4	3	1	2
2	14158278	14960895	4	3	1	2
2	14960896	14966385	4	3	1	2
2	14966386	14967045	4	3	1	2
2	14967046	14967080	4	3	1	2
2	14967081	15112686	4	3	1	2
2	15112687	17418904	4	3	1	2
2	17418905	23646065	3	2	1	2
2	23646066	23648082	3	2	1	1
2	23648083	23808552	4	2	2	3
2	23808553	23809240	4	2	2	1
2	23809241	23809386	3	2	1	2
2	23809387	23875024	3	2	1	3
2	23875025	23875290	3	2	1	3
2	23875291	23983805	3	2	1	3
2	23983806	23986574	3	2	1	2
2	23986575	31389998	3	2	1	3
2	31389999	32041399	5	4	1	2
2	32041400	32041453	5	4	1	2
2	32041454	32042247	5	4	1	1
2	32042248	32042309	5	4	1	1
2	32042310	37279930	3	2	1	3
2	37279931	45466221	3	2	1	2
2	45466222	45466432	3	2	1	2
2	45466433	45593347	3	2	1	2
2	45593348	45724219	3	2	1	2
2	45724220	46631991	3	2	1	2
2	46631992	48818984	4	3	1	2
2	48818985	50270898	3	2	1	2
2	50270899	50515728	3	2	1	2
2	50515729	55087463	3	2	1	2
2	55087464	55650567	4	3	1	2
2	55650568	59849434	3	2	1	2
2	59849435	65851143	4	3	1	2
2	65851144	67801525	3	2	1	2
2	67801526	69452308	4	2	2	2
2	69452309	70487774	5	4	1	2
2	70487775	71382526	4	2	2	2
2	71382527	71848664	3	2	1	3
2	71848665	73783809	3	2	1	2
2	73783810	73818898	5	4	1	2
2	73818899	74638981	5	4	1	2
2	74638982	74908581	6	5	1	2
2	74908582	76029597	5	4	1	2
2	76029598	80555143	3	2	1	2
2	80555144	80603473	4	2	2	2
2	80603474	82006230	3	2	1	3
2	82006231	86246107	5	4	1	2
2	86246108	88293865	3	2	1	2
2	88293866	90499999	4	2	2	2
2	90500000	96799999	NA	NA	NA	NA
2	96800000	98658070	2	1	1	3
2	98658071	98741732	3	2	1	2
2	98741733	106080861	2	1	1	3
2	106080862	106501444	2	1	1	2
2	106501445	106502308	2	1	1	2
2	106502309	106502332	2	1	1	2
2	106502333	106502600	2	1	1	2
2	106502601	106502800	2	1	1	2
2	106502801	106503469	2	1	1	2
2	106503470	107674838	2	1	1	3
2	107674839	109228749	3	2	1	2
2	109228750	119675228	2	1	1	3
2	119675229	120046295	3	2	1	3
2	120046296	121994151	2	1	1	3
2	121994152	122518174	3	2	1	2
2	122518175	137089603	2	1	1	3
2	137089604	137318681	2	1	1	2
2	137318682	146366192	2	1	1	3
2	146366193	147257291	3	2	1	3
2	147257292	147604403	3	2	1	2
2	147604404	148166225	3	2	1	3
2	148166226	148676771	2	1	1	3
2	148676772	149924128	3	2	1	3
2	149924129	155457764	2	1	1	3
2	155457765	156201320	2	1	1	2
2	156201321	163214470	2	1	1	3
2	163214471	165328425	3	2	1	3
2	165328426	165765393	5	4	1	2
2	165765394	165765444	5	4	1	2
2	165765445	166486256	4	3	1	3
2	166486257	168857091	3	2	1	3
2	168857092	169904202	2	1	1	3
2	169904203	170143646	3	2	1	3
2	170143647	170547198	4	2	2	3
2	170547199	170589660	4	2	2	3
2	170589661	171678678	4	2	2	3
2	171678679	171971998	6	4	2	2
2	171971999	172886688	4	2	2	3
2	172886689	173115901	3	2	1	2
2	173115902	175225935	2	1	1	3
2	175225936	175496369	3	2	1	2
2	175496370	177530990	2	1	1	2
2	177530991	178291783	4	3	1	2
2	178291784	181208087	3	2	1	2
2	181208088	181455535	2	2	0	2
2	181455536	181581652	1	1	0	2
2	181581653	181640245	2	1	1	3
2	181640246	182178128	3	2	1	2
2	182178129	183745415	2	1	1	2
2	183745416	184193581	3	2	1	3
2	184193582	190583050	2	1	1	3
2	190583051	191139930	3	2	1	2
2	191139931	192436054	3	2	1	2
2	192436055	192721920	4	2	2	2
2	192721921	192951661	5	3	2	2
2	192951662	192979119	4	2	2	2
2	192979120	192985104	5	3	2	2
2	192985105	194342074	5	3	2	2
2	194342075	195486985	4	2	2	2
2	195486986	195972776	5	3	2	2
2	195972777	196599259	4	2	2	2
2	196599260	204302009	3	2	1	2
2	204302010	207200343	4	3	1	2
2	207200344	210187229	3	2	1	2
2	210187230	210542431	4	3	1	2
2	210542432	212621564	3	2	1	2
2	212621565	212912792	4	2	2	2
2	212912793	233902575	3	2	1	2
2	233902576	234204428	4	3	1	2
2	234204429	235536019	3	2	1	2
2	235536020	236074800	4	2	2	2
2	236074801	239736525	3	2	1	2
2	239736526	240450420	4	2	2	2
2	240450421	241440009	3	2	1	2
2	241440010	241625653	4	2	2	2
2	241625654	241789103	3	2	1	2
2	241789104	241789839	3	2	1	2
2	241789840	242999968	3	2	1	2
3	62437	1055284	2	1	1	2
3	1055285	3478456	3	2	1	2
3	3478457	16296568	2	1	1	3
3	16296569	16296766	2	1	1	2
3	16296767	16852163	2	1	1	2
3	16852164	16852425	2	1	1	2
3	16852426	16946238	2	1	1	2
3	16946239	26600411	2	1	1	3
3	26600412	29683768	3	2	1	3
3	29683769	33207159	2	1	1	3
3	33207160	33920340	3	2	1	3
3	33920341	40039197	2	1	1	3
3	40039198	40306320	3	2	1	3
3	40306321	42924977	4	3	1	3
3	42924978	44484404	3	2	1	3
3	44484405	45770034	2	1	1	3
3	45770035	47255753	3	2	1	3
3	47255754	47796594	4	2	2	3
3	47796595	48565060	3	2	1	3
3	48565061	55492595	2	1	1	3
3	55492596	55933247	3	2	1	3
3	55933248	56111780	4	2	2	3
3	56111781	57916683	3	2	1	3
3	57916684	61678290	2	1	1	3
3	61678291	61864496	2	1	1	2
3	61864497	61864699	2	1	1	2
3	61864700	61865088	2	1	1	2
3	61865089	63364453	2	1	1	3
3	63364454	63524914	2	1	1	2
3	63524915	64770808	2	1	1	3
3	64770809	64929158	3	2	1	3
3	64929159	83909769	2	1	1	3
3	83909770	84950826	3	2	1	3
3	84950827	87899999	4	3	1	2
3	87900000	93899999	NA	NA	NA	NA
3	93900000	96065602	2	1	1	3
3	96065603	96430166	3	2	1	3
3	96430167	107470181	2	1	1	3
3	107470182	107894870	3	2	1	3
3	107894871	121509894	2	1	1	3
3	121509895	121981749	3	2	1	3
3	121981750	122032808	3	2	1	2
3	122032809	123469894	2	1	1	2
3	123469895	123810608	3	2	1	2
3	123810609	124953663	2	1	1	2
3	124953664	126597690	2	1	1	3
3	126597691	129645770	3	2	1	3
3	129645771	129812483	2	1	1	3
3	129812484	130789785	3	2	1	3
3	130789786	130897879	2	1	1	3
3	130897880	132718492	3	2	1	3
3	132718493	139045226	2	1	1	3
3	139045227	139580939	3	2	1	3
3	139580940	144682971	2	1	1	3
3	144682972	144747431	3	2	1	3
3	144747432	144748799	3	2	1	2
3	144748800	147289748	3	2	1	3
3	147289749	148447262	4	2	2	2
3	148447263	148812970	3	2	1	3
3	148812971	149091148	2	1	1	3
3	149091149	149495733	3	2	1	2
3	149495734	149992146	2	1	1	3
3	149992147	150949915	3	2	1	3
3	150949916	151445731	4	3	1	2
3	151445732	151697865	4	3	1	2
3	151697866	151854087	4	3	1	3
3	151854088	153655216	3	2	1	3
3	153655217	159756215	2	1	1	3
3	159756216	166280168	3	2	1	2
3	166280169	167128464	2	1	1	3
3	167128465	169841637	3	2	1	3
3	169841638	169845804	3	2	1	2
3	169845805	170028004	2	1	1	2
3	170028005	171670065	2	1	1	3
3	171670066	171706369	3	2	1	3
3	171706370	171913855	4	3	1	3
3	171913856	172544378	3	2	1	3
3	172544379	173278190	2	1	1	3
3	173278191	173392912	3	2	1	2
3	173392913	178866839	2	1	1	3
3	178866840	179325272	3	2	1	3
3	179325273	180894434	2	1	1	3
3	180894435	182732220	3	2	1	3
3	182732221	184963146	2	1	1	3
3	184963147	188159895	3	2	1	2
3	188159896	189394793	3	2	1	2
3	189394794	191586856	2	1	1	3
3	191586857	194952525	2	1	1	3
3	194952526	197847500	2	1	1	3
4	27500	8025270	2	1	1	3
4	8025271	8025800	2	1	1	2
4	8025801	8025865	2	1	1	1
4	8025866	8025960	2	1	1	1
4	8025961	8026868	2	1	1	1
4	8026869	8026899	2	1	1	1
4	8026900	8326984	3	2	1	3
4	8326985	8327033	3	2	1	2
4	8327034	8327677	3	2	1	2
4	8327678	8327786	3	2	1	1
4	8327787	8328280	3	2	1	2
4	8328281	11483322	2	1	1	3
4	11483323	11484057	2	1	1	2
4	11484058	11484113	2	1	1	2
4	11484114	11640575	2	1	1	2
4	11640576	15000906	2	1	1	3
4	15000907	15687401	3	2	1	3
4	15687402	39827500	2	1	1	3
4	39827501	42994054	2	1	1	2
4	42994055	43334301	4	3	1	2
4	43334302	48199999	2	1	1	2
4	48200000	52779877	NA	NA	NA	NA
4	52779878	53056583	4	3	1	3
4	53056584	53266844	6	5	1	2
4	53266845	53764999	4	3	1	3
4	53765000	57110656	3	2	1	3
4	57110657	58796082	2	1	1	3
4	58796083	58939997	3	2	1	3
4	58939998	67301290	2	1	1	3
4	67301291	67682576	3	2	1	3
4	67682577	67930047	2	1	1	3
4	67930048	68309908	3	2	1	3
4	68309909	69826888	2	1	1	3
4	69826889	71784013	3	2	1	3
4	71784014	72914701	2	1	1	3
4	72914702	73184864	2	1	1	2
4	73184865	73939187	2	1	1	3
4	73939188	74221103	3	2	1	2
4	74221104	74774250	4	3	1	2
4	74774251	74774303	4	3	1	2
4	74774304	74775966	4	3	1	2
4	74775967	74775979	3	2	1	1
4	74775980	74777504	3	2	1	1
4	74777505	77077146	3	2	1	3
4	77077147	77840567	4	3	1	2
4	77840568	90357796	3	2	1	2
4	90357797	90611913	4	2	2	2
4	90611914	93455094	3	2	1	2
4	93455095	96890782	4	2	2	3
4	96890783	101850197	3	2	1	3
4	101850198	101907700	4	3	1	3
4	101907701	102035953	5	3	2	2
4	102035954	102041842	6	4	2	2
4	102041843	102230143	6	4	2	2
4	102230144	102310455	5	3	2	2
4	102310456	102647676	4	2	2	3
4	102647677	102712349	4	2	2	2
4	102712350	102823516	3	2	1	3
4	102823517	103019053	4	3	1	2
4	103019054	104198289	3	2	1	2
4	104198290	109821432	3	2	1	2
4	109821433	109830542	4	3	1	2
4	109830543	110481375	4	3	1	2
4	110481376	116321063	3	2	1	3
4	116321064	116531076	3	2	1	2
4	116531077	138641879	3	2	1	2
4	138641880	138953277	4	2	2	2
4	138953278	146387034	3	2	1	2
4	146387035	146933473	5	4	1	2
4	146933474	149415609	3	2	1	3
4	149415610	149535652	3	2	1	2
4	149535653	149793026	3	2	1	2
4	149793027	150049600	4	3	1	2
4	150049601	150177613	3	2	1	2
4	150177614	150307712	5	4	1	2
4	150307713	150311317	5	4	1	2
4	150311318	150334326	5	4	1	3
4	150334327	150399910	5	4	1	3
4	150399911	153183997	3	2	1	3
4	153183998	153765808	3	2	1	2
4	153765809	154275623	4	2	2	2
4	154275624	157316643	3	2	1	2
4	157316644	158600015	3	2	1	3
4	158600016	159013790	4	3	1	2
4	159013791	159752111	3	2	1	3
4	159752112	160626626	4	3	1	2
4	160626627	167899709	3	2	1	3
4	167899710	170773263	4	3	1	2
4	170773264	170950418	5	3	2	2
4	170950419	173039660	4	3	1	2
4	173039661	173543953	5	4	1	3
4	173543954	173827893	8	7	1	2
4	173827894	174041578	8	7	1	2
4	174041579	174637116	6	5	1	2
4	174637117	187285871	3	2	1	2
4	187285872	187650484	4	2	2	2
4	187650485	191154275	3	2	1	2
5	22500	9605499	2	1	1	3
5	9605500	11362107	3	2	1	3
5	11362108	12016808	2	1	1	3
5	12016809	12017089	2	1	1	1
5	12017090	12018175	2	1	1	1
5	12018176	12019407	2	1	1	1
5	12019408	12019974	3	2	1	2
5	12019975	12020034	3	2	1	2
5	12020035	12020528	3	2	1	2
5	12020529	12890202	3	2	1	3
5	12890203	26620834	2	1	1	3
5	26620835	26620894	2	1	1	3
5	26620895	26841464	2	1	1	3
5	26841465	26843243	2	1	1	2
5	26843244	34328671	2	1	1	3
5	34328672	35595313	3	2	1	2
5	35595314	35886710	3	2	1	2
5	35886711	36228417	3	2	1	3
5	36228418	36633512	4	3	1	3
5	36633513	36872006	5	3	2	3
5	36872007	38458540	4	3	1	3
5	38458541	39195915	3	2	1	3
5	39195916	40535750	2	1	1	3
5	40535751	40910554	3	2	1	2
5	40910555	41154698	4	3	1	3
5	41154699	41249758	3	2	1	3
5	41249759	42452201	2	1	1	3
5	42452202	42984638	3	2	1	3
5	42984639	43010045	3	2	1	1
5	43010046	43511548	3	2	1	3
5	43511549	45579000	2	1	1	3
5	45579001	45674665	3	2	1	3
5	45674666	51039973	NA	NA	NA	NA
5	51039974	53030706	3	2	1	3
5	53030707	54802548	4	2	2	3
5	54802549	54884981	5	3	2	2
5	54884982	55277475	4	3	1	3
5	55277476	55771334	3	2	1	3
5	55771335	59826924	2	1	1	3
5	59826925	59888229	3	2	1	2
5	59888230	60277808	3	2	1	2
5	60277809	64222231	3	2	1	3
5	64222232	79073336	2	1	1	3
5	79073337	94204407	2	1	1	3
5	94204408	96306167	2	1	1	2
5	96306168	98847779	2	1	1	3
5	98847780	99095076	3	2	1	3
5	99095077	101181510	2	1	1	3
5	101181511	101465046	3	2	1	3
5	101465047	102867206	2	1	1	3
5	102867207	106791767	3	2	1	2
5	106791768	108349942	2	1	1	3
5	108349943	108644480	3	2	1	3
5	108644481	108671649	3	2	1	2
5	108671650	125424943	2	1	1	3
5	125424944	126078040	3	2	1	3
5	126078041	137965465	2	1	1	3
5	137965466	140346258	3	2	1	3
5	140346259	140930821	4	2	2	3
5	140930822	141069365	5	3	2	2
5	141069366	141112804	5	3	2	2
5	141112805	141531285	4	2	2	2
5	141531286	141769569	3	2	1	2
5	141769570	143977724	3	2	1	3
5	143977725	144288779	4	2	2	3
5	144288780	145554142	3	2	1	3
5	145554143	145924713	4	3	1	3
5	145924714	146865155	3	2	1	2
5	146865156	151942062	2	1	1	3
5	151942063	152076858	2	1	1	3
5	152076859	156649992	2	1	1	3
5	156649993	160139966	3	2	1	3
5	160139967	164981627	2	1	1	3
5	164981628	180729006	2	1	1	3
6	242501	2650145	2	1	1	3
6	2650146	4898141	3	2	1	3
6	4898142	6992429	2	1	1	3
6	6992430	7270119	3	2	1	3
6	7270120	8785456	2	1	1	3
6	8785457	8912823	2	1	1	2
6	8912824	12236716	2	1	1	3
6	12236717	12633379	3	2	1	3
6	12633380	14937802	2	1	1	3
6	14937803	18550445	3	2	1	3
6	18550446	18987752	2	1	1	3
6	18987753	18989488	2	1	1	2
6	18989489	19495896	2	1	1	3
6	19495897	19599653	4	3	1	2
6	19599654	20008912	4	3	1	3
6	20008913	25967102	3	2	1	3
6	25967103	25987829	4	3	1	2
6	25987830	26181576	3	2	1	2
6	26181577	27864206	2	1	1	2
6	27864207	27866354	2	1	1	2
6	27866355	28584234	2	1	1	2
6	28584235	28965582	3	2	1	3
6	28965583	33591710	2	1	1	2
6	33591711	35102490	2	1	1	2
6	35102491	36063926	2	1	1	3
6	36063927	36621289	3	2	1	3
6	36621290	42119423	2	1	1	3
6	42119424	42953871	3	2	1	3
6	42953872	42954631	3	2	1	2
6	42954632	42954829	3	2	1	1
6	42954830	43892452	4	2	2	3
6	43892453	44309204	5	3	2	3
6	44309205	45468220	4	2	2	3
6	45468221	45818143	3	2	1	3
6	45818144	45819452	2	1	1	2
6	45819453	45820393	3	2	1	2
6	45820394	50390047	2	1	1	3
6	50390048	52920774	3	2	1	3
6	52920775	56759664	2	1	1	3
6	56759665	57328288	3	2	1	3
6	57328289	58139411	2	1	1	2
6	58139412	58359981	3	2	1	2
6	58359982	63299999	NA	NA	NA	NA
6	63300000	64473532	2	1	1	3
6	64473533	64710360	3	2	1	3
6	64710361	91323823	2	1	1	3
6	91323824	91530431	3	2	1	3
6	91530432	110956151	2	1	1	3
6	110956152	111174903	2	1	1	2
6	111174904	114265671	2	1	1	3
6	114265672	117992967	3	2	1	3
6	117992968	125590671	2	1	1	3
6	125590672	127718580	3	2	1	2
6	127718581	130834015	2	1	1	3
6	130834016	131512959	3	2	1	3
6	131512960	134035388	2	1	1	3
6	134035389	134590043	3	2	1	2
6	134590044	135338112	2	1	1	3
6	135338113	135621817	3	2	1	3
6	135621818	140280684	2	1	1	3
6	140280685	141334553	2	1	1	2
6	141334554	141865847	2	1	1	3
6	141865848	142154644	3	2	1	3
6	142154645	142821350	2	1	1	2
6	142821351	145206760	3	2	1	2
6	145206761	149588032	2	1	1	3
6	149588033	152306878	3	2	1	3
6	152306879	156584098	2	1	1	3
6	156584099	158369190	3	2	1	3
6	158369191	162018305	2	1	1	3
6	162018306	164495751	2	1	1	3
6	164495752	170864636	2	1	1	3
7	40386	2405994	2	1	1	2
7	2405995	2692192	4	3	1	2
7	2692193	17778993	2	1	1	2
7	17778994	18109761	4	3	1	2
7	18109762	25544506	2	1	1	2
7	25544507	25957760	3	2	1	2
7	25957761	30321065	2	1	1	2
7	30321066	30454981	4	3	1	2
7	30454982	30865534	6	5	1	2
7	30865535	32895702	4	3	1	2
7	32895703	39668409	2	1	1	2
7	39668410	42774412	3	2	1	2
7	42774413	57999999	2	1	1	2
7	58000000	61699999	2	1	1	2
7	61700000	63264926	2	1	1	2
7	63264927	67018691	4	3	1	2
7	67018692	67498883	2	1	1	2
7	67498884	67714974	4	3	1	2
7	67714975	69646184	2	1	1	2
7	69646185	72936919	3	2	1	2
7	72936920	73997178	2	1	1	2
7	73997179	74197461	3	2	1	1
7	74197462	86493963	2	1	1	2
7	86493964	86964979	3	2	1	2
7	86964980	87017505	4	3	1	2
7	87017506	87017655	4	3	1	2
7	87017656	87074893	4	3	1	2
7	87074894	87074936	3	2	1	2
7	87074937	89691362	3	2	1	2
7	89691363	89742146	5	3	2	2
7	89742147	94224430	4	3	1	2
7	94224431	95895235	2	1	1	2
7	95895236	95895538	2	1	1	2
7	95895539	95896227	2	1	1	1
7	95896228	95896760	2	1	1	1
7	95896761	95896773	2	1	1	1
7	95896774	95898245	4	3	1	2
7	95898246	95898259	3	2	1	2
7	95898260	96246906	3	2	1	2
7	96246907	96335401	2	1	1	2
7	96335402	96335682	2	1	1	2
7	96335683	96685048	2	1	1	2
7	96685049	96940631	3	2	1	2
7	96940632	109988935	2	1	1	2
7	109988936	110469387	3	2	1	2
7	110469388	111086046	5	3	2	2
7	111086047	114070518	3	2	1	2
7	114070519	123106404	2	1	1	2
7	123106405	123977829	3	2	1	2
7	123977830	129173640	2	1	1	2
7	129173641	129530756	3	2	1	2
7	129530757	132779850	2	1	1	2
7	132779851	136706357	3	2	1	2
7	136706358	138916401	2	1	1	2
7	138916402	139566501	4	3	1	2
7	139566502	142117791	2	1	1	2
7	142117792	145767213	2	1	1	2
7	145767214	146429818	2	1	1	2
7	146429819	146782468	2	1	1	2
7	146782469	147574395	1	1	0	2
7	147574396	154756067	2	1	1	2
7	154756068	154756143	2	1	1	2
7	154756144	154757304	2	1	1	2
7	154757305	154758201	2	1	1	2
7	154758202	154999368	2	1	1	2
7	154999369	154999424	2	1	1	2
7	154999425	155000064	2	1	1	2
7	155000065	159138662	1	1	0	3
8	162134	5562489	1	1	0	2
8	5562490	5564999	1	1	0	2
8	5565000	15906604	2	1	1	3
8	15906605	16004162	3	2	1	2
8	16004163	18370243	2	1	1	3
8	18370244	18371043	2	1	1	3
8	18371044	18631467	2	1	1	3
8	18631468	30335889	1	1	0	3
8	30335890	31749142	2	2	0	2
8	31749143	34085811	1	1	0	3
8	34085812	34665928	2	1	1	3
8	34665929	34695036	3	2	1	2
8	34695037	43099999	2	1	1	3
8	43100000	48099999	2	1	1	2
8	48100000	51635107	2	1	1	3
8	51635108	51873187	3	2	1	3
8	51873188	54270851	2	1	1	3
8	54270852	54522098	3	2	1	3
8	54522099	58203348	2	1	1	3
8	58203349	58354381	2	1	1	2
8	58354382	60750022	2	1	1	3
8	60750023	60909588	3	2	1	2
8	60909589	61512928	2	1	1	3
8	61512929	61703361	2	1	1	2
8	61703362	66599898	2	1	1	3
8	66599899	68329913	3	2	1	2
8	68329914	68531903	4	2	2	2
8	68531904	69055455	3	2	1	3
8	69055456	70891718	5	4	1	2
8	70891719	71791495	6	5	1	2
8	71791496	73527905	4	3	1	2
8	73527906	74355131	6	5	1	2
8	74355132	75098177	5	4	1	2
8	75098178	104234992	3	2	1	2
8	104234993	104496217	5	4	1	2
8	104496218	106319213	3	2	1	2
8	106319214	106319352	3	2	1	2
8	106319353	106319407	4	3	1	2
8	106319408	106319584	4	3	1	2
8	106319585	106319633	5	4	1	2
8	106319634	106606047	5	4	1	2
8	106606048	106606821	5	4	1	1
8	106606822	106606875	5	4	1	1
8	106606876	106608525	5	4	1	1
8	106608526	106609087	3	2	1	1
8	106609088	106610948	3	2	1	1
8	106610949	106610991	3	2	1	1
8	106610992	106612267	3	2	1	2
8	106612268	109650243	3	2	1	2
8	109650244	110508272	3	2	1	2
8	110508273	110854059	3	2	1	2
8	110854060	113403553	4	2	2	2
8	113403554	113575147	4	2	2	2
8	113575148	114066790	4	2	2	2
8	114066791	121108024	3	2	1	2
8	121108025	121407651	4	2	2	2
8	121407652	124629657	5	3	2	2
8	124629658	124748250	4	2	2	2
8	124748251	126251473	3	2	1	2
8	126251474	126699631	4	3	1	2
8	126699632	134764297	3	2	1	2
8	134764298	135036512	4	3	1	2
8	135036513	139579716	3	2	1	2
8	139579717	139641716	4	3	1	2
8	139641717	139942646	4	3	1	2
8	139942647	139942701	4	3	1	2
8	139942702	139943531	4	3	1	1
8	139943532	140121317	2	1	1	3
8	140121318	140302551	2	1	1	2
8	140302552	144993472	2	1	1	3
8	144993473	146064754	3	2	1	2
9	47500	1409840	2	1	1	2
9	1409841	3068723	3	2	1	2
9	3068724	4950295	2	1	1	2
9	4950296	5297942	3	2	1	2
9	5297943	12190777	2	1	1	2
9	12190778	15078599	3	2	1	2
9	15078600	17452039	2	1	1	2
9	17452040	17650426	3	2	1	2
9	17650427	20543709	2	1	1	2
9	20543710	21088782	3	2	1	2
9	21088783	23429912	2	1	1	2
9	23429913	24224997	3	2	1	2
9	24224998	29781776	2	1	1	2
9	29781777	29845278	3	2	1	2
9	29845279	32128537	2	1	1	2
9	32128538	32338196	3	2	1	3
9	32338197	34347053	2	1	1	2
9	34347054	35119114	3	2	1	2
9	35119115	47299999	2	1	1	3
9	47300000	50699999	2	1	1	2
9	50700000	68140376	2	1	1	2
9	68140377	76355239	2	1	1	3
9	76355240	76652660	3	2	1	3
9	76652661	77268723	2	1	1	2
9	77268724	79150580	3	2	1	2
9	79150581	79309668	3	2	1	2
9	79309669	79503263	3	2	1	2
9	79503264	80398947	2	1	1	3
9	80398948	80576817	3	2	1	3
9	80576818	82272877	2	1	1	3
9	82272878	82715294	3	2	1	3
9	82715295	96875726	2	1	1	2
9	96875727	100575526	3	2	1	2
9	100575527	109563584	2	1	1	2
9	109563585	109972581	3	2	1	2
9	109972582	112757499	2	1	1	2
9	112757500	116763753	2	1	1	2
9	116763754	116840647	3	2	1	2
9	116840648	116848353	3	2	1	2
9	116848354	117576459	3	2	1	2
9	117576460	119826337	2	1	1	2
9	119826338	121373258	3	2	1	2
9	121373259	121373301	3	2	1	2
9	121373302	121426050	3	2	1	2
9	121426051	124115681	2	1	1	2
9	124115682	124414810	3	2	1	2
9	124414811	138735120	2	1	1	2
9	138735121	138981762	2	1	1	2
9	138981763	141059381	2	1	1	2
10	96595	5300122	1	1	0	2
10	5300123	5322418	0	0	0	2
10	5322419	7267343	1	1	0	2
10	7267344	9568001	2	2	0	2
10	9568002	10804433	3	3	0	2
10	10804434	12164217	2	2	0	2
10	12164218	15709808	1	1	0	3
10	15709809	16089987	2	2	0	2
10	16089988	20415004	1	1	0	2
10	20415005	21892090	2	2	0	2
10	21892091	37999999	1	1	0	2
10	38000000	42397125	NA	NA	NA	NA
10	42397126	43336303	2	2	0	2
10	43336304	63732773	1	1	0	2
10	63732774	64047259	2	2	0	3
10	64047260	64082051	3	3	0	2
10	64082052	64356890	2	2	0	2
10	64356891	73132052	1	1	0	2
10	73132053	79286544	2	2	0	2
10	79286545	93886055	1	1	0	2
10	93886056	93966118	1	1	0	1
10	93966119	94143135	1	1	0	3
10	94143136	94766076	2	2	0	3
10	94766077	97263967	1	1	0	2
10	97263968	100625905	2	2	0	2
10	100625906	101106102	2	2	0	1
10	101106103	105176800	2	2	0	2
10	105176801	111562164	1	1	0	2
10	111562165	113032718	1	1	0	2
10	113032719	114255915	1	1	0	2
10	114255916	114448538	0	0	0	2
10	114448539	115910073	1	1	0	3
10	115910074	117891733	3	3	0	2
10	117891734	119069300	4	4	0	2
10	119069301	121785066	2	2	0	2
10	121785067	135534746	1	1	0	2
11	197557	2176925	2	1	1	3
11	2176926	2579600	3	2	1	3
11	2579601	4079992	2	1	1	3
11	4079993	4598936	2	1	1	2
11	4598937	17260176	2	1	1	3
11	17260177	17621310	3	2	1	3
11	17621311	45968790	2	1	1	3
11	45968791	46147336	3	2	1	2
11	46147337	46774433	3	2	1	2
11	46774434	46939183	2	1	1	2
11	46939184	48195694	3	2	1	2
11	48195695	48223813	2	1	1	2
11	48223814	51599999	2	1	1	3
11	51600000	55699999	2	1	1	3
11	55700000	59981224	2	1	1	3
11	59981225	61942131	3	2	1	3
11	61942132	61992130	3	2	1	3
11	61992131	62548835	2	1	1	3
11	62548836	62882974	2	1	1	2
11	62882975	65079654	2	1	1	3
11	65079655	65204231	3	2	1	2
11	65204232	66362152	4	3	1	2
11	66362153	66533161	3	2	1	2
11	66533162	66645387	5	3	2	2
11	66645388	67251503	5	3	2	2
11	67251504	67415440	5	3	2	2
11	67415441	67719270	5	3	2	2
11	67719271	71540462	4	2	2	2
11	71540463	76537462	3	2	1	3
11	76537463	78596518	2	1	1	3
11	78596519	83257253	3	2	1	3
11	83257254	87928709	2	1	1	3
11	87928710	88467463	3	2	1	2
11	88467464	88650358	4	3	1	3
11	88650359	88866429	7	6	1	2
11	88866430	89849557	4	3	1	3
11	89849558	91983669	3	2	1	3
11	91983670	115692738	2	1	1	3
11	115692739	115925900	3	2	1	3
11	115925901	130033276	2	1	1	3
11	130033277	130946528	2	1	1	2
11	130946529	131185708	3	2	1	2
11	131185709	131463295	2	1	1	2
11	131463296	131734696	3	2	1	2
11	131734697	131781336	3	2	1	2
11	131781337	133770242	2	1	1	2
11	133770243	134862524	3	2	1	2
12	110107	213507	2	1	1	2
12	213508	5049407	2	1	1	3
12	5049408	5799420	3	2	1	2
12	5799421	12235566	2	1	1	3
12	12235567	12414080	3	2	1	3
12	12414081	16329736	2	1	1	3
12	16329737	20454545	3	2	1	2
12	20454546	21803738	4	2	2	3
12	21803739	24740101	3	2	1	3
12	24740102	25152450	4	3	1	3
12	25152451	27718306	3	2	1	3
12	27718307	29110823	2	1	1	3
12	29110824	29400743	2	1	1	2
12	29400744	33299999	2	1	1	3
12	33300000	38199999	2	1	1	3
12	38200000	43948764	2	1	1	3
12	43948765	47126672	3	2	1	3
12	47126673	47509728	2	1	1	3
12	47509729	48012323	2	1	1	2
12	48012324	58838309	2	1	1	3
12	58838310	59076148	3	2	1	2
12	59076149	59276435	2	1	1	3
12	59276436	61476632	3	2	1	3
12	61476633	61528021	2	1	1	2
12	61528022	61674923	3	2	1	3
12	61674924	65472367	2	1	1	3
12	65472368	65515416	3	2	1	3
12	65515417	66744285	2	1	1	3
12	66744286	67255836	3	2	1	3
12	67255837	67400094	4	2	2	3
12	67400095	68842771	3	2	1	3
12	68842772	69799659	4	3	1	3
12	69799660	71232127	3	2	1	3
12	71232128	73546025	2	1	1	3
12	73546026	77753170	2	1	1	3
12	77753171	78042004	3	2	1	2
12	78042005	82319534	2	1	1	3
12	82319535	84690448	3	2	1	3
12	84690449	94368883	2	1	1	3
12	94368884	94741869	2	1	1	2
12	94741870	99125581	2	1	1	3
12	99125582	100517345	3	2	1	3
12	100517346	100638175	2	1	1	2
12	100638176	100809164	3	2	1	2
12	100809165	114747101	2	1	1	3
12	114747102	116301904	3	2	1	2
12	116301905	116816144	5	4	1	2
12	116816145	116843976	3	2	1	2
12	116843977	118281227	2	1	1	3
12	118281228	118738715	4	3	1	2
12	118738716	120737944	5	4	1	2
12	120737945	120778755	5	4	1	2
12	120778756	120887814	6	5	1	2
12	120887815	120889995	6	5	1	2
12	120889996	121654134	6	5	1	2
12	121654135	121828156	4	3	1	3
12	121828157	123072924	3	2	1	3
12	123072925	123099148	4	3	1	2
12	123099149	123178391	5	3	2	2
12	123178392	125885777	3	2	1	3
12	125885778	133851894	2	1	1	2
13	1	16299999	2	1	1	1
13	16300000	19499999	2	1	1	2
13	19500000	21538463	2	1	1	3
13	21538464	22165032	3	2	1	2
13	22165033	32362526	2	1	1	3
13	32362527	32362640	1	1	0	2
13	32362641	32362703	1	1	0	2
13	32362704	66870815	1	1	0	2
13	66870816	67082103	2	2	0	2
13	67082104	83458714	1	1	0	2
13	83458715	85675152	2	2	0	2
13	85675153	104456444	1	1	0	2
13	104456445	105048550	2	2	0	2
13	105048551	109710278	1	1	0	2
13	109710279	109863867	1	1	0	2
13	109863868	113115363	1	1	0	2
13	113115364	113593173	2	2	0	2
13	113593174	115169877	1	1	0	2
14	1	16099999	2	1	1	1
14	16100000	19099999	NA	NA	NA	NA
14	19100000	20387980	1	1	0	1
14	20387981	26937733	2	1	1	3
14	26937734	27222429	2	1	1	2
14	27222430	28617032	2	1	1	3
14	28617033	28811432	3	2	1	2
14	28811433	34234230	2	1	1	3
14	34234231	35074314	3	2	1	2
14	35074315	35560930	6	5	1	2
14	35560931	35736827	6	5	1	2
14	35736828	36022090	4	3	1	3
14	36022091	37809934	3	2	1	2
14	37809935	38038958	2	1	1	2
14	38038959	38449377	2	1	1	2
14	38449378	41393875	2	1	1	3
14	41393876	41610788	3	2	1	2
14	41610789	42810459	2	1	1	2
14	42810460	48712353	2	1	1	3
14	48712354	49018098	3	2	1	3
14	49018099	52538524	2	1	1	3
14	52538525	52790973	3	2	1	3
14	52790974	54257649	2	1	1	3
14	54257650	54257899	2	1	1	2
14	54257900	54259022	2	1	1	2
14	54259023	54259645	2	1	1	2
14	54259646	56091085	2	1	1	2
14	56091086	57302190	3	2	1	2
14	57302191	59055275	3	2	1	3
14	59055276	71212071	2	1	1	3
14	71212072	71467290	3	2	1	3
14	71467291	71574024	2	1	1	2
14	71574025	71867327	2	1	1	2
14	71867328	71867367	2	1	1	1
14	71867368	74376451	2	1	1	2
14	74376452	77145514	2	1	1	3
14	77145515	77734510	3	2	1	3
14	77734511	83309040	2	1	1	3
14	83309041	85861102	3	2	1	2
14	85861103	87215409	2	1	1	3
14	87215410	87496481	3	2	1	3
14	87496482	89564478	2	1	1	3
14	89564479	90226729	3	2	1	2
14	90226730	99140982	2	1	1	3
14	99140983	102537358	3	2	1	2
14	102537359	107349539	2	1	1	3
15	1	15799999	3	2	1	1
15	15800000	20699999	NA	NA	NA	NA
15	20700000	23038043	2	1	1	2
15	23038044	23377962	3	2	1	3
15	23377963	41980633	2	1	1	3
15	41980634	42445708	3	2	1	3
15	42445709	44952156	2	1	1	3
15	44952157	44953706	2	1	1	2
15	44953707	44953734	2	1	1	2
15	44953735	44954652	2	1	1	2
15	44954653	44954664	2	1	1	2
15	44954665	45191189	2	1	1	2
15	45191190	54878091	2	1	1	3
15	54878092	55085425	3	2	1	3
15	55085426	56524411	2	1	1	3
15	56524412	56796134	3	2	1	3
15	56796135	70977602	2	1	1	3
15	70977603	74112199	3	2	1	2
15	74112200	74969551	4	3	1	2
15	74969552	76963925	5	4	1	3
15	76963926	78763233	5	4	1	2
15	78763234	102415661	3	2	1	2
16	88974	294964	1	1	0	3
16	294965	685545	2	2	0	2
16	685546	2521025	1	1	0	2
16	2521026	2961080	2	1	1	2
16	2961081	3595097	3	2	1	2
16	3595098	4662074	2	1	1	2
16	4662075	4744036	3	2	1	2
16	4744037	4967210	4	2	2	2
16	4967211	5283833	3	2	1	2
16	5283834	9385157	2	1	1	2
16	9385158	9870291	3	2	1	2
16	9870292	10062267	2	1	1	2
16	10062268	11318601	3	2	1	2
16	11318602	13978757	2	1	1	2
16	13978758	14059118	4	2	2	2
16	14059119	14061716	4	2	2	1
16	14061717	14062088	4	2	2	1
16	14062089	14062756	4	2	2	2
16	14062757	14191999	4	2	2	2
16	14192000	15384891	3	2	1	2
16	15384892	16321387	4	3	1	2
16	16321388	16729526	3	2	1	2
16	16729527	17460308	3	2	1	3
16	17460309	18681349	2	1	1	3
16	18681350	18795106	2	1	1	2
16	18795107	21100649	3	2	1	3
16	21100650	22759807	2	1	1	3
16	22759808	22840819	3	2	1	2
16	22840820	22841543	3	2	1	2
16	22841544	23902973	3	2	1	3
16	23902974	34224383	2	1	1	3
16	34224384	38599999	NA	NA	NA	NA
16	38600000	46448752	3	2	1	2
16	46448753	47608902	2	1	1	2
16	47608903	49116888	1	1	0	2
16	49116889	49420231	3	3	0	2
16	49420232	50152393	1	1	0	2
16	50152394	50152431	1	1	0	2
16	50152432	50153424	1	1	0	2
16	50153425	58902169	1	1	0	2
16	58902170	60342220	2	1	1	2
16	60342221	60484695	3	2	1	2
16	60484696	61288389	2	1	1	2
16	61288390	61325629	3	2	1	2
16	61325630	61410309	4	2	2	2
16	61410310	61572971	3	2	1	2
16	61572972	61585379	2	1	1	2
16	61585380	62615853	2	1	1	2
16	62615854	62644298	3	2	1	2
16	62644299	62694266	3	2	1	2
16	62694267	62694405	3	2	1	2
16	62694406	62739244	3	2	1	2
16	62739245	62739274	2	1	1	2
16	62739275	67706075	2	1	1	2
16	67706076	71344060	3	2	1	3
16	71344061	76452565	2	1	1	3
16	76452566	76453304	1	1	0	2
16	76453305	76453712	1	1	0	2
16	76453713	85682134	1	1	0	2
16	85682135	86052609	1	1	0	2
16	86052610	88822500	1	1	0	2
16	88822501	90354752	1	1	0	3
17	7	18510548	2	1	1	3
17	18510549	18766114	3	2	1	3
17	18766115	21056626	3	2	1	3
17	21056627	21058336	4	3	1	1
17	21058337	21539973	4	3	1	2
17	21539974	26175968	NA	NA	NA	NA
17	26175969	27358194	3	2	1	3
17	27358195	38043160	2	1	1	3
17	38043161	38320878	3	2	1	3
17	38320879	46132993	2	1	1	3
17	46132994	52402116	2	1	1	2
17	52402117	52612006	3	2	1	2
17	52612007	55885644	2	1	1	2
17	55885645	55886354	2	1	1	2
17	55886355	56172745	3	2	1	2
17	56172746	56173183	3	2	1	2
17	56173184	57689928	2	1	1	2
17	57689929	58312475	3	2	1	2
17	58312476	58973947	3	2	1	2
17	58973948	59083607	3	2	1	2
17	59083608	59349203	2	1	1	2
17	59349204	59736222	4	3	1	2
17	59736223	61361828	2	1	1	2
17	61361829	62667085	3	2	1	2
17	62667086	62676089	5	3	2	2
17	62676090	62676249	5	3	2	1
17	62676250	63343727	5	3	2	2
17	63343728	65403544	4	3	1	2
17	65403545	65403562	4	3	1	2
17	65403563	68925016	2	1	1	2
17	68925017	71766145	3	2	1	2
17	71766146	76642499	2	1	1	2
17	76642500	76848627	3	2	1	2
17	76848628	77254810	4	2	2	2
17	77254811	77585327	3	2	1	2
17	77585328	78089952	2	1	1	2
17	78089953	80105329	3	2	1	2
17	80105330	80560757	2	1	1	2
18	75371	274858	2	1	1	3
18	274859	980505	3	2	1	2
18	980506	1212499	3	2	1	2
18	1212500	1335239	3	2	1	2
18	1335240	15399999	2	1	1	3
18	15400000	18999999	NA	NA	NA	NA
18	19000000	19389841	5	4	1	2
18	19389842	20308313	4	3	1	3
18	20308314	31194334	2	1	1	3
18	31194335	31194860	2	1	1	2
18	31194861	31195023	2	1	1	1
18	31195024	32929376	3	2	1	3
18	32929377	35962050	2	1	1	3
18	35962051	40189817	3	2	1	3
18	40189818	40228385	3	2	1	2
18	40228386	40284224	3	2	1	2
18	40284225	40366638	3	2	1	2
18	40366639	41318085	3	2	1	3
18	41318086	42260023	5	4	1	3
18	42260024	43050409	3	2	1	3
18	43050410	43726451	2	1	1	3
18	43726452	48572120	3	2	1	3
18	48572121	51890553	2	1	1	3
18	51890554	52411601	3	2	1	3
18	52411602	59595451	2	1	1	3
18	59595452	60169347	3	2	1	3
18	60169348	78077247	2	1	1	3
19	102500	260136	2	1	1	2
19	260137	4054173	2	1	1	3
19	4054174	4797973	2	1	1	2
19	4797974	5939645	2	1	1	3
19	5939646	6165319	3	2	1	3
19	6165320	12816639	2	1	1	3
19	12816640	13067850	3	2	1	2
19	13067851	19610649	2	1	1	3
19	19610650	21353775	2	1	1	2
19	21353776	21354295	2	1	1	2
19	21354296	21392607	3	2	1	2
19	21392608	22104631	2	1	1	3
19	22104632	24100361	3	2	1	2
19	24100362	28599999	NA	NA	NA	NA
19	28600000	30174342	2	1	1	3
19	30174343	30641214	3	2	1	2
19	30641215	36568692	2	1	1	3
19	36568693	37294933	3	2	1	3
19	37294934	37381134	5	4	1	2
19	37381135	39553545	3	2	1	2
19	39553546	51290119	2	1	1	3
19	51290120	52577979	4	2	2	3
19	52577980	53376663	4	2	2	3
19	53376664	54910515	3	2	1	3
19	54910516	59128982	2	1	1	3
20	78885	5878502	2	1	1	2
20	5878503	6180909	3	2	1	2
20	6180910	6974031	2	1	1	2
20	6974032	7275515	3	2	1	2
20	7275516	15546122	2	1	1	2
20	15546123	16014499	1	1	0	2
20	16014500	25599999	2	1	1	2
20	25600000	29602499	2	1	1	2
20	29602500	34312374	2	1	1	2
20	34312375	34313138	2	1	1	2
20	34313139	34313752	2	1	1	2
20	34313753	34314061	2	1	1	2
20	34314062	34314402	2	1	1	2
20	34314403	34315136	2	1	1	2
20	34315137	44316349	2	1	1	2
20	44316350	44587614	3	2	1	2
20	44587615	44589358	3	2	1	2
20	44589359	44590031	3	2	1	2
20	44590032	44593586	3	2	1	2
20	44593587	48226529	3	2	1	2
20	48226530	48566532	4	3	1	3
20	48566533	55642253	3	2	1	2
20	55642254	55929920	5	3	2	2
20	55929921	56181709	4	2	2	2
20	56181710	56358844	5	3	2	2
20	56358845	57844875	3	2	1	2
20	57844876	58081754	4	3	1	2
20	58081755	59449450	3	2	1	2
20	59449451	60054675	4	3	1	2
20	60054676	62602121	6	5	1	2
20	62602122	62832501	5	4	1	2
21	1	9417499	NA	NA	NA	NA
21	9417500	10899999	NA	NA	NA	NA
21	10900000	14299999	2	1	1	2
21	14300000	28695974	2	1	1	2
21	28695975	29439939	3	2	1	2
21	29439940	29670945	3	2	1	2
21	29670946	29671285	3	2	1	2
21	29671286	29746358	3	2	1	2
21	29746359	30836803	3	2	1	2
21	30836804	39640854	2	1	1	3
21	39640855	40925762	2	1	1	2
21	40925763	41153796	3	2	1	2
21	41153797	41561909	3	2	1	2
21	41561910	47707601	2	1	1	2
21	47707602	47708249	2	1	1	2
22	1	12199999	2	1	1	1
22	12200000	17899999	2	1	1	3
22	17900000	20740423	2	1	1	3
22	20740424	20769025	2	1	1	2
22	20769026	20860877	2	1	1	3
22	20860878	21028836	2	1	1	2
22	21028837	24433283	2	1	1	3
22	24433284	24777641	2	1	1	2
22	24777642	26984958	2	1	1	3
22	26984959	27160081	3	2	1	3
22	27160082	41048149	2	1	1	3
22	41048150	41224354	2	1	1	2
22	41224355	42252976	2	1	1	3
22	42252977	42898782	3	2	1	3
22	42898783	42906148	3	2	1	3
22	42906149	43245878	3	2	1	2
22	43245879	43398423	2	1	1	2
22	43398424	43400535	2	1	1	2
22	43400536	51304565	2	1	1	2
X	1	19857764	1	1	0	3
X	19857765	20440528	1	1	0	2
X	20440529	23125162	1	1	0	3
X	23125163	23247561	2	2	0	2
X	23247562	23964459	6	6	0	1
X	23964460	24609661	5	5	0	2
X	24609662	25205566	4	4	0	2
X	25205567	25966218	2	2	0	2
X	25966219	26071644	4	4	0	1
X	26071645	26071801	1	1	0	3
X	26071802	26071847	1	1	0	3
X	26071848	26073368	1	1	0	3
X	26073369	26073414	1	1	0	3
X	26073415	26073803	1	1	0	3
X	26073804	26073839	1	1	0	3
X	26073840	26073892	5	5	0	1
X	26073893	26138175	5	5	0	2
X	26138176	26187087	6	6	0	1
X	26187088	26345676	2	2	0	2
X	26345677	34004334	1	1	0	3
X	34004335	34363529	1	1	0	2
X	34363530	34623406	3	3	0	1
X	34623407	35691909	1	1	0	2
X	35691910	35897328	1	1	0	3
X	35897329	36193635	2	2	0	2
X	36193636	44816794	1	1	0	3
X	44816795	44996813	1	1	0	3
X	44996814	52052164	1	1	0	3
X	52052165	53172721	2	2	0	2
X	53172722	58099999	1	1	0	3
X	58100000	62999999	1	1	0	3
X	63000000	64188906	1	1	0	3
X	64188907	64770563	1	1	0	2
X	64770564	65180151	1	1	0	3
X	65180152	65838808	2	2	0	1
X	65838809	65930133	1	1	0	2
X	65930134	65936490	1	1	0	2
X	65936491	66096010	3	3	0	2
X	66096011	66322227	6	6	0	2
X	66322228	67006887	1	1	0	2
X	67006888	67385492	1	1	0	2
X	67385493	67718829	1	1	0	2
X	67718830	69024389	2	2	0	2
X	69024390	71306560	1	1	0	3
X	71306561	72080024	2	2	0	2
X	72080025	73149051	1	1	0	3
X	73149052	73149584	1	1	0	3
X	73149585	73155094	1	1	0	3
X	73155095	73434844	2	2	0	2
X	73434845	95384995	1	1	0	3
X	95384996	95855997	2	2	0	2
X	95855998	100467087	1	1	0	3
X	100467088	100720499	1	1	0	2
X	100720500	103732131	1	1	0	3
X	103732132	104027135	2	2	0	2
X	104027136	113241282	1	1	0	3
X	113241283	113342991	1	1	0	2
X	113342992	114786662	1	1	0	3
X	114786663	114937274	2	2	0	2
X	114937275	130635484	1	1	0	3
X	130635485	130742914	1	1	0	2
X	130742915	130936011	3	3	0	2
X	130936012	132973671	2	2	0	2
X	132973672	133150510	4	4	0	2
X	133150511	133708181	3	3	0	2
X	133708182	137302778	1	1	0	3
X	137302779	137638627	2	2	0	2
X	137638628	155270559	1	1	0	3
Y	1	11599999	1	1	0	1
Y	11600000	13399999	1	1	0	1
Y	13400000	59373565	1	1	0	1
