chromosome	start	end	total_cn	major_cn	minor_cn	star
1	936447	936707	4	3	1	1
1	936708	936826	4	3	1	1
1	936827	1138833	4	3	1	2
1	1138834	1139090	3	3	0	1
1	1139091	1208939	3	3	0	1
1	1208940	1209126	3	3	0	2
1	1209127	3207808	3	3	0	1
1	3207809	4034373	4	4	0	2
1	4034374	4085487	3	3	0	2
1	4085488	4163145	4	4	0	2
1	4163146	5010409	3	3	0	2
1	5010410	5044774	4	3	1	2
1	5044775	8179220	3	3	0	2
1	8179221	8450005	3	3	0	2
1	8450006	9928549	3	3	0	2
1	9928550	13177356	2	2	0	2
1	13177357	15196301	3	2	1	2
1	15196302	15237986	3	2	1	2
1	15237987	15249977	5	3	2	2
1	15249978	15269680	3	2	1	2
1	15269681	15879779	3	2	1	2
1	15879780	15970185	4	2	2	2
1	15970186	21068775	3	2	1	2
1	21068776	22325419	2	2	0	2
1	22325420	22452333	3	2	1	2
1	22452334	24254293	3	2	1	2
1	24254294	24721095	4	3	1	2
1	24721096	27161523	3	2	1	2
1	27161524	33536197	2	2	0	2
1	33536198	33536933	2	2	0	2
1	33536934	33537377	2	2	0	2
1	33537378	38459833	2	2	0	2
1	38459834	38495294	3	3	0	2
1	38495295	41464555	2	2	0	2
1	41464556	41491941	4	4	0	2
1	41491942	43091216	2	2	0	3
1	43091217	43150702	3	3	0	2
1	43150703	44600723	2	2	0	2
1	44600724	50149815	2	2	0	3
1	50149816	50798864	2	2	0	2
1	50798865	50880305	2	2	0	2
1	50880306	51461464	2	2	0	2
1	51461465	53199064	3	3	0	2
1	53199065	55788746	2	2	0	3
1	55788747	56048916	3	2	1	3
1	56048917	56084432	4	2	2	3
1	56084433	56185516	4	2	2	2
1	56185517	56220269	4	2	2	2
1	56220270	56457959	3	2	1	3
1	56457960	56501502	3	2	1	2
1	56501503	56507642	3	2	1	2
1	56507643	56513021	3	2	1	2
1	56513022	58879931	3	2	1	3
1	58879932	59784978	5	4	1	3
1	59784979	60536205	3	2	1	3
1	60536206	60636378	4	2	2	3
1	60636379	60636415	4	2	2	2
1	60636416	61102695	3	2	1	3
1	61102696	61131162	3	2	1	3
1	61131163	61310176	3	2	1	2
1	61310177	62483485	2	2	0	3
1	62483486	62483853	2	2	0	2
1	62483854	62483894	2	2	0	2
1	62483895	63566494	3	2	1	3
1	63566495	63904281	2	2	0	3
1	63904282	65413774	3	2	1	3
1	65413775	65831545	4	2	2	3
1	65831546	66463766	3	2	1	3
1	66463767	66484418	5	4	1	2
1	66484419	72848287	3	2	1	3
1	72848288	72870947	3	2	1	2
1	72870948	75998025	3	2	1	3
1	75998026	76004296	3	2	1	2
1	76004297	77738153	3	2	1	3
1	77738154	77970168	1	1	0	3
1	77970169	78551846	2	2	0	3
1	78551847	99725108	1	1	0	3
1	99725109	99736855	1	1	0	3
1	99736856	101595126	1	1	0	3
1	101595127	104390936	3	2	1	3
1	104390937	104392397	3	2	1	3
1	104392398	105574331	3	2	1	3
1	105574332	105578409	3	2	1	2
1	105578410	109944166	3	2	1	3
1	109944167	111320136	2	1	1	3
1	111320137	111321655	2	1	1	3
1	111321656	112006059	2	1	1	3
1	112006060	112050034	3	2	1	2
1	112050035	112751656	2	1	1	3
1	112751657	112789205	2	1	1	2
1	112789206	115276843	2	1	1	3
1	115276844	115283987	2	1	1	3
1	115283988	121499999	2	1	1	3
1	121500000	128899999	2	1	1	3
1	128900000	153472553	2	1	1	3
1	153472554	153925882	3	2	1	2
1	153925883	154079809	4	2	2	2
1	154079810	154079921	4	2	2	2
1	154079922	154103974	4	2	2	2
1	154103975	155014883	3	2	1	2
1	155014884	160972064	2	1	1	2
1	160972065	160984106	2	1	1	2
1	160984107	162258009	2	1	1	2
1	162258010	162309839	3	2	1	2
1	162309840	168532656	2	1	1	2
1	168532657	168584743	3	2	1	2
1	168584744	173168064	2	1	1	2
1	173168065	173176061	2	1	1	2
1	173176062	174050598	2	1	1	2
1	174050599	174062815	3	2	1	2
1	174062816	176650722	2	1	1	2
1	176650723	176672740	2	1	1	2
1	176672741	184190030	2	1	1	2
1	184190031	184339995	3	2	1	2
1	184339996	184596093	2	1	1	2
1	184596094	184681708	2	1	1	2
1	184681709	186513357	2	1	1	2
1	186513358	186559108	2	1	1	2
1	186559109	186966792	2	1	1	2
1	186966793	186980320	2	1	1	2
1	186980321	199197597	2	1	1	2
1	199197598	199207094	2	1	1	2
1	199207095	203163837	2	1	1	2
1	203163838	203169605	2	1	1	2
1	203169606	203934607	2	1	1	2
1	203934608	203941156	2	1	1	2
1	203941157	205420377	2	1	1	2
1	205420378	205424145	2	1	1	2
1	205424146	211657587	2	1	1	2
1	211657588	211688538	3	2	1	3
1	211688539	214851392	2	1	1	2
1	214851393	214858882	2	1	1	2
1	214858883	218796495	2	1	1	2
1	218796496	218807444	2	1	1	2
1	218807445	220102726	2	1	1	2
1	220102727	220104734	2	1	1	2
1	220104735	224222377	2	1	1	2
1	224222378	229449145	2	1	1	2
1	229449146	229453485	2	1	1	2
1	229453486	235623837	2	1	1	2
1	235623838	235984218	2	1	1	2
1	235984219	236023872	2	1	1	2
1	236023873	236819343	2	1	1	2
1	236819344	236825713	2	1	1	2
1	236825714	239077311	2	1	1	2
1	239077312	239083317	3	2	1	2
1	239083318	239801901	2	1	1	2
1	239801902	239827213	3	2	1	2
1	239827214	241465997	2	1	1	2
1	241465998	241466253	2	1	1	2
1	241466254	246391160	2	1	1	2
1	246391161	246691623	3	2	1	2
1	246691624	249128118	2	1	1	2
1	249128119	249138184	3	2	1	2
2	45043	2076398	4	3	1	2
2	2076399	2094560	4	3	1	2
2	2094561	2998990	4	3	1	2
2	2998991	3003912	4	3	1	1
2	3003913	4993188	3	2	1	3
2	4993189	5003178	3	2	1	2
2	5003179	8125040	3	2	1	3
2	8125041	8130501	3	2	1	3
2	8130502	17941100	3	2	1	3
2	17941101	17954040	3	2	1	2
2	17954041	18127984	3	2	1	3
2	18127985	18137731	4	2	2	1
2	18137732	18946936	3	2	1	3
2	18946937	19317689	3	2	1	2
2	19317690	20221301	3	2	1	3
2	20221302	20225486	3	2	1	3
2	20225487	23165282	3	2	1	3
2	23165283	23165477	3	2	1	2
2	23165478	25819898	3	2	1	3
2	25819899	29177869	2	1	1	3
2	29177870	29180123	2	1	1	3
2	29180124	31699176	2	1	1	3
2	31699177	31701235	2	1	1	2
2	31701236	38807256	2	1	1	3
2	38807257	38814175	2	1	1	3
2	38814176	45326221	2	1	1	3
2	45326222	45344620	3	2	1	2
2	45344621	51141809	2	1	1	3
2	51141810	51155888	3	2	1	2
2	51155889	59283204	2	1	1	3
2	59283205	59285417	2	1	1	3
2	59285418	62100566	2	1	1	3
2	62100567	62121289	2	1	1	2
2	62121290	69215551	2	1	1	3
2	69215552	69230040	2	1	1	2
2	69230041	79243996	2	1	1	3
2	79243997	79260923	3	2	1	2
2	79260924	83372254	2	1	1	3
2	83372255	83372552	2	1	1	3
2	83372553	83990358	2	1	1	3
2	83990359	84087544	2	1	1	2
2	84087545	86094707	2	1	1	3
2	86094708	86129885	3	2	1	3
2	86129886	90499999	2	1	1	3
2	90500000	97138583	2	1	1	3
2	97138584	97139447	2	1	1	3
2	97139448	98430262	2	1	1	3
2	98430263	98430396	1	1	0	1
2	98430397	98430632	1	1	0	2
2	98430633	98775412	1	1	0	3
2	98775413	98796454	2	1	1	2
2	98796455	98807558	1	1	0	1
2	98807559	105489248	2	1	1	3
2	105489249	106151671	3	2	1	3
2	106151672	106912672	3	2	1	3
2	106912673	106933661	4	3	1	2
2	106933662	107284491	3	2	1	3
2	107284492	107284540	3	2	1	3
2	107284541	107294616	3	2	1	2
2	107294617	107294772	3	2	1	2
2	107294773	107732402	3	2	1	2
2	107732403	109156274	2	1	1	3
2	109156275	110680066	3	2	1	2
2	110680067	124776325	2	1	1	3
2	124776326	124781575	2	1	1	2
2	124781576	124858077	2	1	1	2
2	124858078	124864739	2	1	1	2
2	124864740	128288455	2	1	1	3
2	128288456	128978730	3	2	1	2
2	128978731	129170895	2	1	1	3
2	129170896	129186947	2	1	1	2
2	129186948	130423413	2	1	1	3
2	130423414	130433769	3	2	1	2
2	130433770	130682119	2	1	1	2
2	130682120	131768472	3	2	1	3
2	131768473	131774629	3	2	1	2
2	131774630	132533866	3	2	1	2
2	132533867	132545143	5	3	2	2
2	132545144	139009565	3	2	1	2
2	139009566	139009604	3	2	1	2
2	139009605	140820687	3	2	1	2
2	140820688	140822901	3	2	1	2
2	140822902	141059454	3	2	1	2
2	141059455	141068498	3	2	1	3
2	141068499	144390810	3	2	1	3
2	144390811	148201646	3	2	1	3
2	148201647	148215429	4	2	2	1
2	148215430	148634890	3	2	1	3
2	148634891	148651273	3	2	1	2
2	148651274	150272551	3	2	1	3
2	150272552	150284354	3	2	1	3
2	150284355	159020326	3	2	1	3
2	159020327	159397109	4	2	2	2
2	159397110	159911283	3	2	1	3
2	159911284	159931152	3	2	1	3
2	159931153	160320682	3	2	1	3
2	160320683	160336227	4	2	2	2
2	160336228	162912743	3	2	1	3
2	162912744	163441231	4	2	2	3
2	163441232	163668804	3	2	1	3
2	163668805	163703820	4	2	2	3
2	163703821	163965457	3	2	1	2
2	163965458	164087180	3	2	1	2
2	164087181	165747843	3	2	1	2
2	165747844	165992958	3	2	1	2
2	165992959	166793384	4	3	1	3
2	166793385	167081258	4	3	1	2
2	167081259	174811044	3	2	1	2
2	174811045	177923881	1	1	0	3
2	177923882	177928759	1	1	0	3
2	177928760	180644030	1	1	0	3
2	180644031	180645363	1	1	0	3
2	180645364	189949834	1	1	0	3
2	189949835	190723024	3	2	1	2
2	190723025	190755627	4	3	1	1
2	190755628	195060165	3	2	1	2
2	195060166	195060509	3	2	1	2
2	195060510	199356410	3	2	1	2
2	199356411	199402322	3	2	1	2
2	199402323	202531365	3	2	1	2
2	202531366	203032135	2	2	0	3
2	203032136	203053461	2	2	0	3
2	203053462	204666651	2	2	0	3
2	204666652	204934288	3	3	0	2
2	204934289	206536504	2	2	0	2
2	206536505	206548338	3	2	1	2
2	206548339	206548843	3	2	1	2
2	206548844	208957351	3	2	1	2
2	208957352	208986678	4	3	1	2
2	208986679	210434428	3	2	1	2
2	210434429	210448474	3	2	1	2
2	210448475	211176751	3	2	1	2
2	211176752	211183814	3	2	1	2
2	211183815	223700356	3	2	1	2
2	223700357	223703867	4	3	1	1
2	223703868	227304908	3	2	1	2
2	227304909	227315693	4	2	2	2
2	227315694	227764837	3	2	1	2
2	227764838	227773354	3	2	1	2
2	227773355	233596544	3	2	1	2
2	233596545	236360526	2	1	1	2
2	236360527	236415628	3	2	1	2
2	236415629	242836236	2	1	1	2
2	242836237	242836549	2	1	1	2
3	65982	16374324	1	1	0	2
3	16374325	16381289	1	1	0	2
3	16381290	18799502	1	1	0	2
3	18799503	18832599	1	1	0	2
3	18832600	18850948	2	1	1	2
3	18850949	19290187	1	1	0	2
3	19290188	19309774	1	1	0	2
3	19309775	19715537	1	1	0	2
3	19715538	19750927	0	0	0	2
3	19750928	20479448	1	1	0	3
3	20479449	20770929	0	0	0	3
3	20770930	20772912	1	1	0	2
3	20772913	20772980	1	1	0	2
3	20772981	20798853	1	1	0	2
3	20798854	20800663	1	1	0	2
3	20800664	22559373	1	1	0	3
3	22559374	22612682	0	0	0	3
3	22612683	22621200	1	1	0	2
3	22621201	22625803	2	2	0	2
3	22625804	23488998	1	1	0	3
3	23488999	23500783	2	2	0	2
3	23500784	32301595	1	1	0	3
3	32301596	33563960	2	1	1	3
3	33563961	33567002	2	1	1	3
3	33567003	34115377	2	1	1	3
3	34115378	34121229	3	2	1	1
3	34121230	37513666	2	1	1	3
3	37513667	37528999	2	1	1	3
3	37529000	38529130	2	1	1	3
3	38529131	38537401	2	1	1	2
3	38537402	48477389	2	1	1	3
3	48477390	49211243	2	1	1	3
3	49211244	49219839	2	1	1	2
3	49219840	54372228	2	1	1	3
3	54372229	54372369	2	1	1	3
3	54372370	54555393	2	1	1	3
3	54555394	54569753	2	1	1	2
3	54569754	55658954	2	1	1	3
3	55658955	55659925	2	1	1	2
3	55659926	57565153	2	1	1	3
3	57565154	57565410	2	1	1	3
3	57565411	59230676	2	1	1	3
3	59230677	59279013	2	1	1	3
3	59279014	62125701	2	1	1	3
3	62125702	62182391	3	2	1	2
3	62182392	70999451	2	1	1	3
3	70999452	71024279	2	1	1	3
3	71024280	73354097	2	1	1	3
3	73354098	73356046	2	1	1	3
3	73356047	76503165	2	1	1	3
3	76503166	76505875	2	1	1	3
3	76505876	87899999	2	1	1	3
3	87900000	93899999	2	1	1	3
3	93900000	98046491	2	1	1	3
3	98046492	98054562	3	2	1	1
3	98054563	102299719	2	1	1	3
3	102299720	102310168	3	2	1	2
3	102310169	110666608	2	1	1	3
3	110666609	110798886	3	2	1	1
3	110798887	113295990	2	1	1	3
3	113295991	113308725	2	1	1	3
3	113308726	114094874	2	1	1	3
3	114094875	114095252	2	1	1	2
3	114095253	114161831	2	1	1	3
3	114161832	114171423	3	2	1	1
3	114171424	114856247	2	1	1	3
3	114856248	114878446	2	1	1	2
3	114878447	118811926	2	1	1	3
3	118811927	119570053	2	1	1	2
3	119570054	122260913	2	1	1	3
3	122260914	122471169	3	2	1	3
3	122471170	122472462	3	2	1	3
3	122472463	123416439	3	2	1	3
3	123416440	130717597	2	1	1	3
3	130717598	131247590	2	1	1	2
3	131247591	131247796	2	1	1	2
3	131247797	138964928	2	1	1	2
3	138964929	138981462	4	3	1	2
3	138981463	140568275	2	1	1	2
3	140568276	140573990	4	3	1	2
3	140573991	141462833	2	1	1	2
3	141462834	141476081	4	2	2	2
3	141476082	143211625	2	1	1	2
3	143211626	143212895	2	1	1	2
3	143212896	143253395	2	1	1	2
3	143253396	143335632	3	2	1	2
3	143335633	146791277	2	1	1	2
3	146791278	146791585	2	1	1	2
3	146791586	148781567	2	1	1	2
3	148781568	148783889	2	1	1	2
3	148783890	151833255	2	1	1	2
3	151833256	158801544	2	1	1	3
3	158801545	158823190	3	2	1	1
3	158823191	167088647	2	1	1	3
3	167088648	167094621	3	2	1	1
3	167094622	172202093	2	1	1	3
3	172202094	172402025	3	2	1	3
3	172402026	172429224	5	4	1	3
3	172429225	175505490	3	2	1	3
3	175505491	175505659	3	2	1	3
3	175505660	181962592	3	2	1	3
3	181962593	181973483	4	3	1	1
3	181973484	181973511	3	2	1	2
3	181973512	182265078	3	2	1	3
3	182265079	182270586	3	2	1	3
3	182270587	184486668	3	2	1	3
3	184486669	184541930	5	4	1	3
3	184541931	185667065	3	2	1	3
3	185667066	188436934	2	1	1	3
3	188436935	188447667	2	1	1	3
3	188447668	190827126	2	1	1	3
3	190827127	190827775	2	1	1	3
3	190827776	191927603	2	1	1	3
3	191927604	192157343	2	1	1	2
3	192157344	195442055	2	1	1	3
3	195442056	195445869	2	1	1	2
3	195445870	195465764	2	1	1	2
3	195465765	197847500	2	1	1	3
4	70007	679858	2	1	1	3
4	679859	707489	3	2	1	1
4	707490	1161787	2	1	1	2
4	1161788	1161799	2	1	1	2
4	1161800	4378435	2	1	1	3
4	4378436	4997770	3	2	1	2
4	4997771	7122121	2	1	1	3
4	7122122	7125497	2	1	1	3
4	7125498	7445069	2	1	1	2
4	7445070	7454045	2	1	1	2
4	7454046	26421054	2	1	1	3
4	26421055	26463586	2	1	1	2
4	26463587	34549958	2	1	1	3
4	34549959	34553374	2	1	1	3
4	34553375	35093167	2	1	1	3
4	35093168	35113744	2	1	1	2
4	35113745	44301192	2	1	1	3
4	44301193	44301439	2	1	1	3
4	44301440	48199999	2	1	1	3
4	48200000	52699999	2	1	1	3
4	52700000	54352041	2	1	1	3
4	54352042	55036945	3	2	1	3
4	55036946	56097834	2	1	1	3
4	56097835	56098683	2	1	1	3
4	56098684	59515025	2	1	1	3
4	59515026	59528817	2	1	1	3
4	59528818	60798663	2	1	1	3
4	60798664	60807272	3	2	1	1
4	60807273	64998776	2	1	1	3
4	64998777	65611044	3	2	1	3
4	65611045	69505380	2	1	1	3
4	69505381	71330422	2	1	1	3
4	71330423	71330636	2	1	1	2
4	71330637	72793143	2	1	1	3
4	72793144	72797488	2	1	1	3
4	72797489	73507050	2	1	1	3
4	73507051	73512856	3	2	1	1
4	73512857	76116187	2	1	1	3
4	76116188	76118327	2	1	1	3
4	76118328	76118485	2	1	1	2
4	76118486	76119645	2	1	1	2
4	76119646	78888682	2	1	1	3
4	78888683	78911628	3	2	1	2
4	78911629	79356596	2	1	1	3
4	79356597	79360270	3	2	1	1
4	79360271	85619763	2	1	1	3
4	85619764	85634048	2	1	1	2
4	85634049	101342778	2	1	1	3
4	101342779	101352340	2	1	1	2
4	101352341	103475543	2	1	1	3
4	103475544	103491986	2	1	1	2
4	103491987	106342640	2	1	1	3
4	106342641	106390706	3	2	1	3
4	106390707	108007227	2	1	1	3
4	108007228	108034095	2	1	1	3
4	108034096	110695688	2	1	1	3
4	110695689	110710524	3	2	1	1
4	110710525	114172856	2	1	1	3
4	114172857	114176593	2	1	1	3
4	114176594	118209451	2	1	1	3
4	118209452	118213485	2	1	1	3
4	118213486	119321194	2	1	1	3
4	119321195	119323883	3	2	1	1
4	119323884	125497050	2	1	1	3
4	125497051	125513892	3	2	1	3
4	125513893	128060985	2	1	1	3
4	128060986	128064860	2	1	1	3
4	128064861	139778006	2	1	1	3
4	139778007	139785736	2	1	1	2
4	139785737	141588166	2	1	1	3
4	141588167	141589846	2	1	1	2
4	141589847	145857564	2	1	1	3
4	145857565	145877419	3	2	1	2
4	145877420	150512742	2	1	1	3
4	150512743	154983550	2	1	1	3
4	154983551	154992123	1	1	0	1
4	154992124	155895025	2	1	1	3
4	155895026	155895382	2	1	1	3
4	155895383	156564448	2	1	1	3
4	156564449	156637384	3	2	1	3
4	156637385	158479508	2	1	1	3
4	158479509	158479705	2	1	1	2
4	158479706	158479751	2	1	1	2
4	158479752	158484448	2	1	1	2
4	158484449	163780673	2	1	1	3
4	163780674	163782829	2	1	1	2
4	163782830	166428775	2	1	1	3
4	166428776	167906093	1	1	0	3
4	167906094	167906252	1	1	0	3
4	167906253	168551265	1	1	0	3
4	168551266	168657765	3	2	1	2
4	168657766	168658930	2	1	1	2
4	168658931	171351120	3	2	1	2
4	171351121	171367417	4	3	1	2
4	171367418	174746104	3	2	1	2
4	174746105	176315107	1	1	0	2
4	176315108	176315325	1	1	0	2
4	176315326	190838075	1	1	0	2
5	801582	1737702	3	2	1	2
5	1737703	4402790	2	1	1	3
5	4402791	4407074	2	1	1	2
5	4407075	6217948	2	1	1	3
5	6217949	6237106	3	2	1	2
5	6237107	6657316	2	1	1	3
5	6657317	7463348	3	2	1	3
5	7463349	9632834	2	1	1	3
5	9632835	9640006	2	1	1	3
5	9640007	13655357	2	1	1	3
5	13655358	13665039	2	1	1	2
5	13665040	13801587	2	1	1	3
5	13801588	13808372	2	1	1	2
5	13808373	14246485	2	1	1	3
5	14246486	14251803	3	2	1	1
5	14251804	18256182	2	1	1	3
5	18256183	19857074	3	2	1	3
5	19857075	20902095	2	1	1	3
5	20902096	20935929	2	1	1	2
5	20935930	28919192	2	1	1	3
5	28919193	28933848	3	2	1	2
5	28933849	31451291	2	1	1	3
5	31451292	31456854	3	2	1	1
5	31456855	32415603	2	1	1	3
5	32415604	32415643	2	1	1	3
5	32415644	36889766	2	1	1	3
5	36889767	36900424	2	1	1	2
5	36900425	41017934	2	1	1	2
5	41017935	41023471	3	2	1	2
5	41023472	46099999	2	1	1	2
5	46100000	50699999	2	1	1	2
5	50700000	51935790	2	1	1	2
5	51935791	51941659	2	1	1	2
5	51941660	54811379	2	1	1	2
5	54811380	54820926	2	1	1	2
5	54820927	55865102	2	1	1	2
5	55865103	55867689	1	1	0	2
5	55867690	56019644	1	1	0	2
5	56019645	56024450	1	1	0	2
5	56024451	58228971	1	1	0	2
5	58228972	58634536	2	2	0	2
5	58634537	59359505	1	1	0	2
5	59359506	59411988	2	1	1	2
5	59411989	59650733	1	1	0	2
5	59650734	61886285	2	2	0	2
5	61886286	61894226	3	2	1	2
5	61894227	62733615	2	2	0	2
5	62733616	62737641	2	1	1	2
5	62737642	65390727	2	2	0	2
5	65390728	65417539	2	1	1	2
5	65417540	68413812	2	2	0	2
5	68413813	68424485	2	1	1	2
5	68424486	71425912	2	2	0	2
5	71425913	71427963	2	2	0	1
5	71427964	75581630	2	2	0	2
5	75581631	76962384	3	3	0	2
5	76962385	80177642	2	2	0	2
5	80177643	80185253	3	3	0	2
5	80185254	90206222	2	2	0	2
5	90206223	90211455	3	3	0	2
5	90211456	90391340	2	2	0	2
5	90391341	90666775	2	1	1	2
5	90666776	91145837	2	2	0	2
5	91145838	91158045	2	1	1	2
5	91158046	92468950	2	2	0	2
5	92468951	92475478	2	1	1	2
5	92475479	96108711	2	2	0	2
5	96108712	96341602	2	2	0	2
5	96341603	100750041	2	2	0	2
5	100750042	100751079	2	1	1	2
5	100751080	102389055	2	2	0	2
5	102389056	102398432	2	1	1	2
5	102398433	104283802	2	2	0	2
5	104283803	104288536	3	3	0	1
5	104288537	106302432	2	2	0	2
5	106302433	106305295	2	1	1	2
5	106305296	108947771	2	2	0	2
5	108947772	108952192	2	2	0	1
5	108952193	111614617	2	1	1	2
5	111614618	111631962	3	2	1	2
5	111631963	119336129	2	1	1	2
5	119336130	119361372	2	2	0	1
5	119361373	119737905	2	2	0	2
5	119737906	119740970	2	1	1	2
5	119740971	119741015	2	1	1	2
5	119741016	121434955	2	2	0	2
5	121434956	121443218	3	3	0	2
5	121443219	121799704	2	2	0	2
5	121799705	121806708	2	1	1	2
5	121806709	121992422	2	1	1	2
5	121992423	122002172	3	3	0	2
5	122002173	126806675	2	2	0	2
5	126806676	126872981	2	1	1	2
5	126872982	127163547	2	2	0	2
5	127163548	127460252	2	2	0	2
5	127460253	128925716	2	2	0	2
5	128925717	128928622	1	1	0	2
5	128928623	135287298	2	2	0	2
5	135287299	135303279	2	2	0	2
5	135303280	142930975	2	2	0	2
5	142930976	142942547	3	3	0	2
5	142942548	146965018	2	2	0	2
5	146965019	148202314	3	3	0	2
5	148202315	148202547	2	2	0	2
5	148202548	158101145	3	3	0	2
5	158101146	158189351	5	5	0	2
5	158189352	158202216	6	6	0	1
5	158202217	159016957	5	5	0	2
5	159016958	159039458	4	3	1	2
5	159039459	159236755	6	6	0	1
5	159236756	159622332	5	5	0	2
5	159622333	166091099	3	3	0	2
5	166091100	166096336	3	3	0	1
5	166096337	173569468	3	3	0	2
5	173569469	174655158	1	1	0	2
5	174655159	175059876	2	2	0	2
5	175059877	175060368	2	2	0	1
5	175060369	175328078	2	2	0	2
5	175328079	178368914	1	1	0	2
5	178368915	179005459	2	1	1	2
5	179005460	179010785	2	1	1	2
5	179010786	179070011	2	1	1	2
5	179070012	179074938	2	1	1	2
5	179074939	179457863	2	1	1	2
5	179457864	180712500	1	1	0	2
6	205696	340035	1	1	0	3
6	340036	8339454	1	1	0	3
6	8339455	8529812	3	2	1	3
6	8529813	12469815	2	1	1	2
6	12469816	12482453	3	2	1	2
6	12482454	17568017	2	1	1	2
6	17568018	17573160	3	2	1	2
6	17573161	17635125	2	1	1	2
6	17635126	17722570	3	2	1	2
6	17722571	17986692	2	1	1	2
6	17986693	18008855	3	2	1	2
6	18008856	20824123	2	1	1	2
6	20824124	20840980	2	1	1	2
6	20840981	23077012	2	1	1	2
6	23077013	23385727	3	2	1	3
6	23385728	23395665	4	3	1	2
6	23395666	28531336	3	2	1	3
6	28531337	28540073	3	2	1	2
6	28540074	30590017	3	2	1	3
6	30590018	41810706	2	1	1	3
6	41810707	41816773	2	1	1	2
6	41816774	49755310	2	1	1	3
6	49755311	49788607	3	2	1	3
6	49788608	50331622	2	1	1	3
6	50331623	50344703	2	1	1	3
6	50344704	57018321	2	1	1	3
6	57018322	57025282	2	1	1	3
6	57025283	58699999	2	1	1	3
6	58700000	63299999	2	1	1	3
6	63300000	66724878	2	1	1	3
6	66724879	66728645	2	1	1	3
6	66728646	67385355	2	1	1	3
6	67385356	67393656	2	1	1	3
6	67393657	69535122	2	1	1	3
6	69535123	69538044	2	1	1	2
6	69538045	70463300	2	1	1	3
6	70463301	70466225	2	1	1	2
6	70466226	75229004	2	1	1	3
6	75229005	75496285	1	1	0	3
6	75496286	75511248	2	2	0	2
6	75511249	79488110	1	1	0	3
6	79488111	79497266	2	2	0	1
6	79497267	81079032	1	1	0	3
6	81079033	81081914	1	1	0	2
6	81081915	85626717	1	1	0	3
6	85626718	85860415	1	1	0	2
6	85860416	98092247	1	1	0	3
6	98092248	98112344	2	2	0	2
6	98112345	104864849	1	1	0	3
6	104864850	104868339	1	1	0	3
6	104868340	109180990	1	1	0	3
6	109180991	109550028	2	1	1	3
6	109550029	109565777	3	2	1	2
6	109565778	116829044	2	1	1	3
6	116829045	117021523	3	2	1	2
6	117021524	117362063	3	2	1	3
6	117362064	118046479	2	1	1	3
6	118046480	118078383	3	2	1	3
6	118078384	130836892	2	1	1	3
6	130836893	130846273	2	1	1	2
6	130846274	137151333	2	1	1	3
6	137151334	139990407	1	1	0	3
6	139990408	140003906	1	1	0	2
6	140003907	142182837	1	1	0	3
6	142182838	142187167	1	1	0	2
6	142187168	149957854	1	1	0	3
6	149957855	149960130	1	1	0	3
6	149960131	157089374	1	1	0	3
6	157089375	157094493	1	1	0	2
6	157094494	168334932	1	1	0	3
6	168334933	168544137	1	1	0	2
6	168544138	168574144	2	1	1	2
6	168574145	170567783	1	1	0	3
6	170567784	170579354	1	1	0	2
6	170579355	170914534	1	1	0	3
7	82180	410607	4	3	1	1
7	410608	740002	4	3	1	3
7	740003	766069	4	3	1	2
7	766070	892053	4	3	1	2
7	892054	899720	4	3	1	2
7	899721	2838609	4	3	1	3
7	2838610	2870105	6	5	1	2
7	2870106	4388621	4	3	1	3
7	4388622	4388917	4	3	1	3
7	4388918	5445020	4	3	1	3
7	5445021	5471308	5	3	2	1
7	5471309	7402230	4	3	1	2
7	7402231	7404742	4	3	1	2
7	7404743	7650178	4	3	1	2
7	7650179	7654553	3	2	1	2
7	7654554	8792353	4	3	1	2
7	8792354	9430820	5	3	2	2
7	9430821	10945977	4	3	1	2
7	10945978	10947266	5	4	1	1
7	10947267	20671891	4	3	1	2
7	20671892	20680495	4	3	1	2
7	20680496	21514019	4	3	1	2
7	21514020	21522183	5	4	1	2
7	21522184	21706841	4	3	1	2
7	21706842	21707412	4	3	1	2
7	21707413	21708164	4	3	1	2
7	21708165	21718885	4	3	1	2
7	21718886	27598828	4	3	1	2
7	27598829	27605162	5	4	1	2
7	27605163	30028655	4	3	1	2
7	30028656	30042752	5	3	2	1
7	30042753	35503408	4	3	1	2
7	35503409	42119929	2	1	1	3
7	42119930	42120203	2	1	1	2
7	42120204	43703284	2	1	1	3
7	43703285	44455990	3	2	1	3
7	44455991	45032234	2	1	1	2
7	45032235	45058739	3	2	1	1
7	45058740	51686489	2	1	1	3
7	51686490	51756749	3	2	1	2
7	51756750	53407110	2	1	1	3
7	53407111	53413031	2	1	1	3
7	53413032	57653228	2	1	1	3
7	57653229	57660759	3	2	1	1
7	57660760	61699999	NA	NA	NA	NA
7	61700000	70364111	2	1	1	3
7	70364112	70370564	3	2	1	2
7	70370565	77128576	2	1	1	3
7	77128577	77148525	2	1	1	2
7	77148526	80321152	2	1	1	3
7	80321153	80328253	2	1	1	3
7	80328254	80513019	2	1	1	3
7	80513020	80532044	2	1	1	2
7	80532045	80532941	2	1	1	2
7	80532942	80533264	2	1	1	2
7	80533265	88054878	2	1	1	3
7	88054879	88135465	2	1	1	2
7	88135466	88153067	3	2	1	1
7	88153068	88841273	2	1	1	2
7	88841274	88841423	2	1	1	2
7	88841424	88842582	2	1	1	2
7	88842583	89176580	2	1	1	2
7	89176581	89179463	3	2	1	2
7	89179464	90310302	2	1	1	2
7	90310303	90667050	2	1	1	3
7	90667051	90674324	2	1	1	2
7	90674325	90842622	2	1	1	3
7	90842623	90880939	3	2	1	3
7	90880940	90891781	5	4	1	1
7	90891782	90891829	3	2	1	2
7	90891830	90904318	3	2	1	2
7	90904319	94271909	2	1	1	3
7	94271910	96418041	2	1	1	3
7	96418042	96434756	2	1	1	3
7	96434757	102101357	2	1	1	3
7	102101358	102113893	2	1	1	2
7	102113894	102746210	2	1	1	3
7	102746211	102838234	3	2	1	1
7	102838235	103088321	2	1	1	3
7	103088322	103225233	2	1	1	2
7	103225234	104819457	2	1	1	3
7	104819458	104833013	2	1	1	2
7	104833014	107560795	2	1	1	3
7	107560796	107561088	2	1	1	3
7	107561089	107561137	2	1	1	2
7	107561138	107578139	2	1	1	2
7	107578140	107578320	2	1	1	2
7	107578321	111098582	2	1	1	3
7	111098583	111231330	3	2	1	2
7	111231331	118395963	2	1	1	3
7	118395964	120693877	3	2	1	3
7	120693878	120706747	4	2	2	3
7	120706748	121164327	3	2	1	3
7	121164328	121174391	4	2	2	1
7	121174392	121253853	3	2	1	2
7	121253854	121972184	2	1	1	3
7	121972185	121988880	3	2	1	3
7	121988881	134522127	2	1	1	3
7	134522128	134739441	3	2	1	2
7	134739442	136365035	2	1	1	3
7	136365036	136372723	2	1	1	2
7	136372724	138763767	2	1	1	3
7	138763768	138782559	2	1	1	2
7	138782560	148068286	2	1	1	3
7	148068287	151293194	2	1	1	2
7	151293195	154759299	2	1	1	2
7	154759300	154793670	2	1	1	2
7	154793671	159138662	2	1	1	2
8	203512	243536	1	1	0	2
8	243537	2403479	2	2	0	2
8	2403480	5987649	1	1	0	3
8	5987650	6560401	1	1	0	2
8	6560402	9397535	1	1	0	3
8	9397536	9901333	0	0	0	3
8	9901334	10661764	1	1	0	2
8	10661765	10665708	1	1	0	2
8	10665709	15930981	1	1	0	2
8	15930982	15938379	1	1	0	2
8	15938380	17397481	1	1	0	2
8	17397482	17881742	2	2	0	2
8	17881743	22100068	1	1	0	2
8	22100069	22101722	1	1	0	2
8	22101723	22574690	1	1	0	2
8	22574691	22574814	1	1	0	3
8	22574815	23084862	1	1	0	2
8	23084863	23085432	1	1	0	2
8	23085433	24309979	1	1	0	3
8	24309980	24649988	2	2	0	2
8	24649989	24940642	1	1	0	3
8	24940643	25313889	1	1	0	3
8	25313890	27341218	0	0	0	2
8	27341219	27700268	1	1	0	3
8	27700269	28270360	2	2	0	2
8	28270361	37557292	1	1	0	3
8	37557293	42680541	3	2	1	2
8	42680542	42680564	2	1	1	1
8	42680565	48674008	2	1	1	2
8	48674009	48703096	2	1	1	2
8	48703097	48703146	2	1	1	2
8	48703147	50380878	2	1	1	2
8	50380879	50388141	2	1	1	2
8	50388142	50567749	2	1	1	2
8	50567750	56710223	2	1	1	2
8	56710224	57753533	3	2	1	2
8	57753534	62677063	2	1	1	2
8	62677064	62677595	2	1	1	2
8	62677596	66496240	2	1	1	2
8	66496241	66519096	2	1	1	2
8	66519097	66946078	2	1	1	2
8	66946079	67433651	3	2	1	2
8	67433652	67786788	3	2	1	2
8	67786789	67791515	2	1	1	2
8	67791516	67937555	2	1	1	2
8	67937556	68692619	2	2	0	2
8	68692620	74698828	3	2	1	2
8	74698829	74721484	3	2	1	2
8	74721485	82804008	3	2	1	2
8	82804009	82804258	3	2	1	2
8	82804259	86982018	3	2	1	2
8	86982019	87362993	3	2	1	2
8	87362994	87363020	3	2	1	2
8	87363021	90282410	3	2	1	2
8	90282411	90283004	3	2	1	2
8	90283005	90283228	3	2	1	2
8	90283229	92565982	3	2	1	2
8	92565983	92566008	3	2	1	2
8	92566009	92566148	3	2	1	2
8	92566149	92699714	3	2	1	2
8	92699715	92708158	4	2	2	1
8	92708159	94695543	3	2	1	2
8	94695544	95022157	4	3	1	2
8	95022158	96349074	3	2	1	2
8	96349075	96428227	5	4	1	2
8	96428228	96428315	5	4	1	2
8	96428316	99344857	3	2	1	2
8	99344858	99348260	3	2	1	2
8	99348261	100451746	3	2	1	2
8	100451747	100454231	3	2	1	2
8	100454232	100455006	3	2	1	2
8	100455007	101681858	3	2	1	2
8	101681859	101701583	4	2	2	2
8	101701584	102730112	3	2	1	2
8	102730113	102730394	3	2	1	1
8	102730395	103159066	3	2	1	2
8	103159067	103211454	4	3	1	2
8	103211455	106439665	3	2	1	2
8	106439666	110539025	2	2	0	2
8	110539026	110562157	3	3	0	1
8	110562158	120469940	2	2	0	2
8	120469941	120912735	4	2	2	2
8	120912736	120916451	5	3	2	2
8	120916452	120916494	5	3	2	2
8	120916495	121246163	5	3	2	2
8	121246164	127546685	4	2	2	2
8	127546686	128436585	5	3	2	2
8	128436586	128748454	6	5	1	1
8	128748455	128759205	8	5	3	2
8	128759206	128844818	5	4	1	2
8	128844819	129090053	5	4	1	2
8	129090054	137586654	4	2	2	2
8	137586655	137593795	3	2	1	1
8	137593796	137980608	4	2	2	2
8	137980609	137981770	4	2	2	2
8	137981771	138985987	4	2	2	2
8	138985988	138988032	4	2	2	2
8	138988033	146364021	4	2	2	2
9	47500	215510	1	1	0	2
9	215511	871368	1	1	0	2
9	871369	876781	1	1	0	2
9	876782	1270529	1	1	0	2
9	1270530	14171026	1	1	0	2
9	14171027	14176324	1	1	0	2
9	14176325	17582903	1	1	0	2
9	17582904	17585894	1	1	0	2
9	17585895	25961154	1	1	0	2
9	25961155	25967426	1	1	0	2
9	25967427	35464759	1	1	0	2
9	35464760	35494518	2	1	1	1
9	35494519	42170557	1	1	0	2
9	42170558	47299999	2	1	1	2
9	47300000	50699999	2	1	1	2
9	50700000	71074554	2	1	1	2
9	71074555	71379183	2	1	1	2
9	71379184	76140704	2	1	1	2
9	76140705	76199380	2	1	1	2
9	76199381	77226310	2	1	1	2
9	77226311	77231754	2	1	1	2
9	77231755	81764140	2	1	1	2
9	81764141	81773801	1	1	0	2
9	81773802	81781411	2	1	1	2
9	81781412	85705961	1	1	0	2
9	85705962	85710772	1	1	0	2
9	85710773	90541498	1	1	0	3
9	90541499	90573895	1	1	0	2
9	90573896	91058942	1	1	0	3
9	91058943	91930170	3	2	1	2
9	91930171	92014972	4	2	2	2
9	92014973	93648927	3	2	1	2
9	93648928	95519054	4	2	2	2
9	95519055	104627027	3	2	1	2
9	104627028	104627582	2	1	1	2
9	104627583	106207289	3	2	1	2
9	106207290	106210579	4	2	2	2
9	106210580	106210773	2	1	1	2
9	106210774	106216719	2	1	1	2
9	106216720	107633188	3	2	1	2
9	107633189	107763110	4	2	2	2
9	107763111	108976253	3	2	1	2
9	108976254	108991156	4	2	2	2
9	108991157	110216017	3	2	1	2
9	110216018	117117796	1	1	0	3
9	117117797	117499504	3	2	1	2
9	117499505	117529361	1	1	0	2
9	117529362	117586864	2	2	0	2
9	117586865	120498214	1	1	0	3
9	120498215	120498237	1	1	0	3
9	120498238	121278851	1	1	0	3
9	121278852	121341462	1	1	0	2
9	121341463	123074753	1	1	0	3
9	123074754	134317292	2	1	1	3
9	134317293	135273313	3	2	1	2
9	135273314	139745416	2	1	1	2
9	139745417	139767233	2	1	1	2
9	139767234	141019790	2	1	1	2
10	94426	1424130	2	1	1	3
10	1424131	1506915	3	2	1	2
10	1506916	3678602	2	1	1	2
10	3678603	3689468	2	1	1	2
10	3689469	3694895	2	1	1	2
10	3694896	3702254	2	1	1	2
10	3702255	9907840	2	1	1	3
10	9907841	9912500	2	1	1	3
10	9912501	15336487	2	1	1	2
10	15336488	16805837	3	2	1	2
10	16805838	21274237	2	1	1	3
10	21274238	21372274	2	1	1	2
10	21372275	22212852	2	1	1	2
10	22212853	22215955	2	1	1	2
10	22215956	23971312	2	1	1	3
10	23971313	23975166	2	1	1	2
10	23975167	27561400	2	1	1	2
10	27561401	27587891	3	2	1	2
10	27587892	27712607	2	1	1	2
10	27712608	27730567	2	1	1	1
10	27730568	27971942	2	1	1	2
10	27971943	28026082	3	2	1	3
10	28026083	30626275	2	1	1	2
10	30626276	31177736	3	2	1	2
10	31177737	32739340	2	1	1	2
10	32739341	32788473	3	2	1	2
10	32788474	37999999	2	1	1	2
10	38000000	42504893	2	1	1	2
10	42504894	42504954	2	1	1	2
10	42504955	43482262	2	1	1	3
10	43482263	43486286	2	1	1	2
10	43486287	49741278	2	1	1	3
10	49741279	51476175	3	2	1	3
10	51476176	51723162	2	1	1	2
10	51723163	54086799	3	2	1	3
10	54086800	54093034	3	2	1	2
10	54093035	57461355	3	2	1	3
10	57461356	57467947	3	2	1	2
10	57467948	60374563	3	2	1	3
10	60374564	60392490	4	2	2	2
10	60392491	62198074	3	2	1	3
10	62198075	62231816	4	3	1	2
10	62231817	65479612	3	2	1	3
10	65479613	65485848	3	2	1	2
10	65485849	65519597	3	2	1	2
10	65519598	65527430	4	2	2	2
10	65527431	65527476	4	2	2	1
10	65527477	68897384	3	2	1	3
10	68897385	68900324	3	2	1	3
10	68900325	69876810	3	2	1	3
10	69876811	69891005	4	2	2	2
10	69891006	71729731	3	2	1	3
10	71729732	71760878	3	2	1	2
10	71760879	85813651	3	2	1	3
10	85813652	85830088	3	2	1	2
10	85830089	88545486	3	2	1	3
10	88545487	88592633	3	2	1	3
10	88592634	88927118	3	2	1	3
10	88927119	88951957	4	2	2	2
10	88951958	92162438	3	2	1	3
10	92162439	92164569	3	2	1	2
10	92164570	93725463	3	2	1	3
10	93725464	93735298	4	2	2	1
10	93735299	97021617	3	2	1	3
10	97021618	97030568	3	2	1	2
10	97030569	99393407	3	2	1	3
10	99393408	106689337	2	1	1	2
10	106689338	106698850	2	1	1	2
10	106698851	113641209	2	1	1	3
10	113641210	115522818	3	2	1	2
10	115522819	116311820	2	1	1	2
10	116311821	116329218	3	2	1	2
10	116329219	120819994	2	1	1	3
10	120819995	121470702	1	1	0	3
10	121470703	121492660	1	1	0	2
10	121492661	135534746	1	1	0	2
11	197337	16052438	2	1	1	3
11	16052439	16056003	2	1	1	2
11	16056004	22270949	2	1	1	3
11	22270950	22714109	3	2	1	3
11	22714110	23941608	2	1	1	3
11	23941609	23946898	2	1	1	2
11	23946899	25015037	2	1	1	2
11	25015038	25021133	2	1	1	2
11	25021134	26364893	2	1	1	3
11	26364894	26375479	3	2	1	2
11	26375480	35463334	2	1	1	3
11	35463335	35465159	2	1	1	2
11	35465160	38375152	2	1	1	3
11	38375153	40939909	2	1	1	3
11	40939910	40947771	2	1	1	3
11	40947772	40947783	2	1	1	2
11	40947784	43198312	2	1	1	3
11	43198313	43207989	3	2	1	1
11	43207990	44578264	2	1	1	3
11	44578265	44579036	2	1	1	3
11	44579037	46454237	2	1	1	3
11	46454238	46576214	3	2	1	1
11	46576215	47991317	2	1	1	3
11	47991318	48038976	3	2	1	1
11	48038977	49846960	2	1	1	3
11	49846961	49846982	2	1	1	2
11	49846983	51599999	2	1	1	2
11	51600000	55699999	2	1	1	3
11	55700000	57998431	2	1	1	3
11	57998432	58001238	2	1	1	2
11	58001239	58040888	2	1	1	3
11	58040889	59128157	3	2	1	3
11	59128158	59567242	2	1	1	2
11	59567243	59590357	2	1	1	2
11	59590358	59590399	2	1	1	2
11	59590400	63823543	2	1	1	3
11	63823544	63831857	2	1	1	2
11	63831858	67002663	2	1	1	3
11	67002664	67016399	2	1	1	2
11	67016400	67338218	2	1	1	3
11	67338219	67340987	2	1	1	2
11	67340988	67341979	3	2	1	1
11	67341980	67344170	3	2	1	1
11	67344171	67555996	2	1	1	3
11	67555997	67559447	2	1	1	3
11	67559448	68724736	2	1	1	3
11	68724737	68736915	2	1	1	3
11	68736916	70780503	2	1	1	3
11	70780504	70781774	2	1	1	3
11	70781775	74936761	2	1	1	3
11	74936762	75422006	2	1	1	2
11	75422007	75451205	3	2	1	2
11	75451206	77606150	2	1	1	2
11	77606151	77609660	2	1	1	2
11	77609661	77645961	2	1	1	2
11	77645962	80813085	3	2	1	2
11	80813086	81452495	4	3	1	2
11	81452496	82208865	5	4	1	2
11	82208866	83145098	4	3	1	2
11	83145099	83161924	5	3	2	2
11	83161925	83487429	4	3	1	2
11	83487430	83487673	4	3	1	2
11	83487674	83852968	4	3	1	2
11	83852969	83854997	4	3	1	2
11	83854998	85352187	4	3	1	2
11	85352188	86463542	4	3	1	2
11	86463543	86471596	5	3	2	2
11	86471597	86561395	4	3	1	2
11	86561396	86567855	4	3	1	2
11	86567856	92606764	4	3	1	2
11	92606765	92621784	5	4	1	3
11	92621785	93161729	4	3	1	2
11	93161730	93161841	4	3	1	2
11	93161842	93162056	4	3	1	2
11	93162057	93795635	4	3	1	2
11	93795636	93800739	4	3	1	2
11	93800740	94973851	4	3	1	2
11	94973852	95116369	5	4	1	2
11	95116370	96832415	4	3	1	2
11	96832416	99685854	4	3	1	2
11	99685855	99728080	5	4	1	2
11	99728081	100471965	4	3	1	2
11	100471966	100485171	5	3	2	2
11	100485172	102220960	4	3	1	2
11	102220961	102293385	4	3	1	2
11	102293386	103522566	3	2	1	2
11	103522567	103539144	3	2	1	2
11	103539145	105550650	3	2	1	2
11	105550651	105558695	4	3	1	2
11	105558696	105894883	3	2	1	2
11	105894884	105896724	3	2	1	2
11	105896725	107039458	3	2	1	2
11	107039459	107042716	3	2	1	2
11	107042717	109252863	3	2	1	2
11	109252864	113670890	1	1	0	2
11	113670891	113711664	2	2	0	1
11	113711665	117898327	1	1	0	2
11	117898328	117903493	2	2	0	2
11	117903494	122849815	1	1	0	2
11	122849816	123301392	4	3	1	2
11	123301393	123310497	4	3	1	2
11	123310498	123766338	4	3	1	2
11	123766339	124000333	3	2	1	2
11	124000334	124038401	3	2	1	2
11	124038402	126319135	3	2	1	2
11	126319136	126539474	4	3	1	2
11	126539475	126540114	4	3	1	2
11	126540115	129945571	4	3	1	2
11	129945572	129956261	5	3	2	2
11	129956262	133008394	4	3	1	2
11	133008395	133333952	7	6	1	2
11	133333953	135006515	4	3	1	2
12	137601	6278737	2	2	0	3
12	6278738	10913799	1	1	0	3
12	10913800	10926487	2	2	0	1
12	10926488	15740479	1	1	0	3
12	15740480	16671276	2	1	1	3
12	16671277	16684141	3	2	1	1
12	16684142	22792507	2	1	1	3
12	22792508	22792650	2	1	1	2
12	22792651	22815296	2	1	1	2
12	22815297	22836044	3	2	1	2
12	22836045	27538486	2	1	1	3
12	27538487	27543807	2	1	1	3
12	27543808	30558389	2	1	1	3
12	30558390	30558609	2	1	1	3
12	30558610	33299999	2	1	1	3
12	33300000	39185973	2	1	1	3
12	39185974	39190458	2	1	1	2
12	39190459	48313668	2	1	1	3
12	48313669	48383245	3	2	1	2
12	48383246	59170194	2	1	1	3
12	59170195	59176955	2	1	1	3
12	59176956	61013395	2	1	1	3
12	61013396	61227599	3	2	1	3
12	61227600	61283956	4	3	1	2
12	61283957	63610447	3	2	1	2
12	63610448	64611347	4	2	2	2
12	64611348	64629548	6	4	2	1
12	64629549	65077468	4	2	2	3
12	65077469	65232976	5	3	2	2
12	65232977	65245110	6	3	3	2
12	65245111	65640981	5	3	2	2
12	65640982	67992168	4	2	2	2
12	67992169	67997157	5	3	2	1
12	67997158	68499875	4	2	2	2
12	68499876	68526024	4	2	2	2
12	68526025	70885972	4	2	2	2
12	70885973	70893320	5	3	2	1
12	70893321	72758280	4	2	2	2
12	72758281	72767981	4	2	2	2
12	72767982	73319935	4	2	2	2
12	73319936	73324960	4	2	2	2
12	73324961	83158852	4	2	2	2
12	83158853	83174466	5	3	2	2
12	83174467	84472312	4	2	2	2
12	84472313	84492058	5	3	2	2
12	84492059	87076104	4	2	2	2
12	87076105	87080040	4	2	2	2
12	87080041	87621051	4	2	2	2
12	87621052	87631914	4	2	2	2
12	87631915	87754149	4	2	2	2
12	87754150	87765069	4	2	2	2
12	87765070	92256120	4	2	2	2
12	92256121	93131265	3	2	1	2
12	93131266	97533654	2	1	1	3
12	97533655	97536162	2	1	1	3
12	97536163	99920062	2	1	1	3
12	99920063	99942385	2	1	1	2
12	99942386	103096628	1	1	0	2
12	103096629	103099490	2	1	1	2
12	103099491	104436452	1	1	0	2
12	104436453	104752846	2	2	0	2
12	104752847	104813137	3	3	0	2
12	104813138	107900166	2	2	0	2
12	107900167	109300526	2	2	0	2
12	109300527	109309244	2	2	0	2
12	109309245	109485043	2	2	0	2
12	109485044	109490697	3	3	0	2
12	109490698	109684552	2	2	0	2
12	109684553	109702555	3	3	0	2
12	109702556	110327594	2	2	0	3
12	110327595	110343235	2	2	0	2
12	110343236	110729764	2	2	0	2
12	110729765	110801451	3	3	0	1
12	110801452	112497476	2	2	0	3
12	112497477	112497681	2	2	0	2
12	112497682	112498288	3	3	0	1
12	112498289	112498337	3	3	0	1
12	112498338	112566165	3	3	0	2
12	112566166	121569164	2	2	0	3
12	121569165	121571489	2	2	0	3
12	121571490	133234758	2	2	0	2
13	1	16299999	2	1	1	1
13	16300000	19499999	2	1	1	2
13	19500000	21037268	2	1	1	2
13	21037269	21054997	3	2	1	2
13	21054998	23885836	2	1	1	2
13	23885837	23890269	3	2	1	2
13	23890270	24760705	2	1	1	2
13	24760706	25172131	2	1	1	2
13	25172132	26308120	2	1	1	2
13	26308121	26314424	2	1	1	2
13	26314425	29240337	2	1	1	2
13	29240338	29244331	2	1	1	2
13	29244332	34025028	2	1	1	2
13	34025029	35642133	1	1	0	3
13	35642134	35771705	2	1	1	1
13	35771706	35771838	2	1	1	2
13	35771839	36658027	2	1	1	2
13	36658028	36661371	3	2	1	2
13	36661372	37647297	2	1	1	2
13	37647298	38264983	3	2	1	2
13	38264984	39245454	2	1	1	2
13	39245455	39253982	3	2	1	2
13	39253983	39291588	2	1	1	2
13	39291589	39300047	3	2	1	2
13	39300048	41982687	2	1	1	2
13	41982688	51608585	1	1	0	2
13	51608586	53215932	2	1	1	2
13	53215933	55485892	2	1	1	2
13	55485893	55485936	2	1	1	2
13	55485937	59079781	2	1	1	2
13	59079782	59083368	2	1	1	2
13	59083369	59393389	2	1	1	2
13	59393390	64780379	1	1	0	3
13	64780380	64782159	2	2	0	2
13	64782160	65278307	1	1	0	3
13	65278308	65824063	1	1	0	2
13	65824064	79775182	1	1	0	3
13	79775183	80074936	1	1	0	2
13	80074937	83801695	1	1	0	3
13	83801696	83801951	1	1	0	3
13	83801952	88339989	1	1	0	3
13	88339990	88340176	1	1	0	3
13	88340177	95171469	1	1	0	3
13	95171470	95293075	0	0	0	3
13	95293076	96303522	1	1	0	3
13	96303523	96311826	1	1	0	2
13	96311827	104682545	2	2	0	3
13	104682546	104701229	2	2	0	2
13	104701230	104886137	1	1	0	2
13	104886138	104886259	1	1	0	2
13	104886260	106120239	1	1	0	2
13	106120240	106124689	2	2	0	2
13	106124690	115169877	1	1	0	2
14	1	16099999	2	1	1	1
14	16100000	19099999	2	1	1	2
14	19100000	21843857	2	1	1	3
14	21843858	21855454	2	1	1	3
14	21855455	24277221	2	1	1	3
14	24277222	24297918	2	1	1	2
14	24297919	26324030	2	1	1	3
14	26324031	26333321	3	2	1	1
14	26333322	27001936	2	1	1	3
14	27001937	27130802	3	2	1	2
14	27130803	30362169	2	1	1	3
14	30362170	30415214	3	2	1	2
14	30415215	31094676	2	1	1	3
14	31094677	31523030	2	1	1	2
14	31523031	31639261	2	1	1	2
14	31639262	32482030	2	1	1	3
14	32482031	32490552	3	2	1	1
14	32490553	35271276	2	1	1	3
14	35271277	35281453	2	1	1	2
14	35281454	39458223	2	1	1	3
14	39458224	39462103	2	1	1	2
14	39462104	39594778	2	1	1	3
14	39594779	39670892	3	2	1	3
14	39670893	51824724	2	1	1	3
14	51824725	51832013	3	2	1	1
14	51832014	55117080	2	1	1	3
14	55117081	55119028	2	1	1	2
14	55119029	57129956	2	1	1	3
14	57129957	57243291	3	2	1	3
14	57243292	61630008	2	1	1	3
14	61630009	62374828	2	1	1	2
14	62374829	62387316	3	2	1	1
14	62387317	62437833	2	1	1	2
14	62437834	64222913	2	1	1	3
14	64222914	64225739	2	1	1	2
14	64225740	65442918	2	1	1	3
14	65442919	65451571	2	1	1	3
14	65451572	73299353	2	1	1	3
14	73299354	73303369	2	1	1	2
14	73303370	73761206	2	1	1	3
14	73761207	73785113	1	1	0	2
14	73785114	73787581	1	1	0	2
14	73787582	75231460	1	1	0	3
14	75231461	75279920	2	1	1	3
14	75279921	75279945	2	1	1	2
14	75279946	75294469	2	1	1	2
14	75294470	75303820	3	2	1	2
14	75303821	75966136	2	1	1	3
14	75966137	75970423	2	1	1	3
14	75970424	77322746	2	1	1	3
14	77322747	78393673	2	1	1	2
14	78393674	81389630	2	1	1	3
14	81389631	81393452	2	1	1	2
14	81393453	81734244	2	1	1	3
14	81734245	81751464	3	2	1	2
14	81751465	84552997	2	1	1	3
14	84552998	84557974	2	1	1	2
14	84557975	85352391	2	1	1	3
14	85352392	85352436	2	1	1	3
14	85352437	85352630	2	1	1	2
14	85352631	86780630	2	1	1	3
14	86780631	86786814	2	1	1	2
14	86786815	88428680	2	1	1	3
14	88428681	88505427	3	2	1	3
14	88505428	90620856	2	1	1	3
14	90620857	90623328	2	1	1	2
14	90623329	93077899	2	1	1	3
14	93077900	93083386	3	2	1	1
14	93083387	93736560	2	1	1	3
14	93736561	93753837	3	2	1	3
14	93753838	99519040	2	1	1	3
14	99519041	99567408	3	2	1	3
14	99567409	103921440	2	1	1	3
14	103921441	103926494	2	1	1	2
14	103926495	106316136	2	1	1	3
14	106316137	106362500	2	1	1	2
15	1	15799999	3	2	1	1
15	15800000	20699999	NA	NA	NA	NA
15	20700000	22559406	2	1	1	2
15	22559407	22559551	2	1	1	2
15	22559552	22810945	2	1	1	2
15	22810946	23707499	3	2	1	2
15	23707500	25833628	2	1	1	3
15	25833629	25851493	3	2	1	2
15	25851494	31030508	2	1	1	3
15	31030509	31032378	2	1	1	3
15	31032379	31714142	2	1	1	3
15	31714143	31723594	2	1	1	3
15	31723595	37371584	2	1	1	3
15	37371585	37376338	2	1	1	3
15	37376339	39822832	2	1	1	3
15	39822833	39827057	2	1	1	2
15	39827058	41291406	2	1	1	3
15	41291407	41306757	2	1	1	3
15	41306758	46589637	2	1	1	3
15	46589638	46626879	3	2	1	3
15	46626880	48694455	2	1	1	3
15	48694456	48861866	2	1	1	2
15	48861867	48884071	2	1	1	2
15	48884072	52484765	2	1	1	2
15	52484766	55980368	2	1	1	2
15	55980369	56378071	2	1	1	2
15	56378072	56392184	2	1	1	2
15	56392185	57096179	2	1	1	2
15	57096180	57210249	2	1	1	2
15	57210250	63268304	1	1	0	2
15	63268305	68644303	1	1	0	2
15	68644304	68755272	2	2	0	2
15	68755273	69501309	1	1	0	2
15	69501310	73032072	2	1	1	3
15	73032073	73058316	2	1	1	3
15	73058317	75121775	2	1	1	3
15	75121776	75128428	2	1	1	2
15	75128429	76370233	2	1	1	3
15	76370234	76374947	2	1	1	3
15	76374948	84627741	2	1	1	3
15	84627742	84792324	3	2	1	3
15	84792325	88200740	2	1	1	2
15	88200741	88255273	3	2	1	2
15	88255274	93246443	2	1	1	2
15	93246444	93482211	2	1	1	2
15	93482212	95923275	2	1	1	2
15	95923276	95923453	2	1	1	2
15	95923454	96841645	2	1	1	2
15	96841646	96842375	2	1	1	2
15	96842376	101971791	2	1	1	2
15	101971792	102018942	2	1	1	2
15	102018943	102431166	2	1	1	2
16	84170	1294924	3	2	1	2
16	1294925	1799410	2	1	1	3
16	1799411	1802278	2	1	1	2
16	1802279	1802483	2	1	1	2
16	1802484	1819994	2	1	1	2
16	1819995	1820157	3	2	1	1
16	1820158	1829634	3	2	1	1
16	1829635	13682399	2	1	1	3
16	13682400	13686389	2	1	1	2
16	13686390	16643247	2	1	1	3
16	16643248	16645556	2	1	1	3
16	16645557	20123624	2	1	1	3
16	20123625	20134116	2	1	1	2
16	20134117	24685487	2	1	1	3
16	24685488	24689114	3	2	1	1
16	24689115	25060705	2	1	1	3
16	25060706	25175384	3	2	1	3
16	25175385	28597500	2	1	1	3
16	28597501	29903816	2	1	1	3
16	29903817	29995216	2	1	1	2
16	29995217	31010072	2	1	1	3
16	31010073	31675903	1	1	0	3
16	31675904	34337797	2	1	1	2
16	34337798	34371870	3	2	1	1
16	34371871	38599999	NA	NA	NA	NA
16	38600000	46489546	2	1	1	3
16	46489547	46855928	3	2	1	3
16	46855929	46862534	3	2	1	3
16	46862535	47168868	3	2	1	3
16	47168869	56184126	2	1	1	3
16	56184127	56189344	2	1	1	2
16	56189345	58474309	2	1	1	3
16	58474310	58826258	1	1	0	3
16	58826259	59848525	2	1	1	2
16	59848526	59850158	2	1	1	2
16	59850159	62491316	2	1	1	2
16	62491317	62494046	2	1	1	2
16	62494047	65081225	2	1	1	2
16	65081226	65084430	2	1	1	2
16	65084431	68197258	2	1	1	2
16	68197259	68199784	2	1	1	2
16	68199785	68715385	2	1	1	2
16	68715386	68791332	3	2	1	2
16	68791333	69547142	2	1	1	3
16	69547143	69557645	3	2	1	2
16	69557646	73039172	2	1	1	3
16	73039173	73042645	2	1	1	3
16	73042646	73583146	2	1	1	3
16	73583147	73593804	2	1	1	2
16	73593805	84813232	2	1	1	3
16	84813233	85813579	2	1	1	2
16	85813580	88015045	2	1	1	3
16	88015046	88025692	3	2	1	1
16	88025693	90354752	2	1	1	3
17	22213	6511755	1	1	0	2
17	6511756	6858145	1	1	0	2
17	6858146	16753197	1	1	0	2
17	16753198	19315905	2	1	1	3
17	19315906	19344696	3	2	1	2
17	19344697	19344910	4	3	1	1
17	19344911	19344974	4	3	1	1
17	19344975	20516637	2	1	1	3
17	20516638	20580154	3	2	1	3
17	20580155	22199999	2	1	1	2
17	22200000	26295436	NA	NA	NA	NA
17	26295437	26428549	3	2	1	3
17	26428550	29210186	2	1	1	3
17	29210187	29221635	3	2	1	1
17	29221636	30689221	2	1	1	3
17	30689222	31529575	2	1	1	2
17	31529576	36990937	2	1	1	3
17	36990938	36991734	2	1	1	3
17	36991735	38236686	2	1	1	3
17	38236687	38248718	2	1	1	2
17	38248719	38546500	2	1	1	3
17	38546501	38560186	2	1	1	2
17	38560187	39310119	2	1	1	3
17	39310120	40160429	2	1	1	3
17	40160430	42343369	1	1	0	3
17	42343370	43238513	2	1	1	3
17	43238514	43296070	2	1	1	2
17	43296071	47875211	2	1	1	3
17	47875212	47880559	2	1	1	2
17	47880560	48164165	2	1	1	3
17	48164166	48167534	2	1	1	2
17	48167535	48167795	3	2	1	1
17	48167796	48174881	3	2	1	2
17	48174882	53059628	2	1	1	3
17	53059629	53103661	2	1	1	3
17	53103662	54272627	2	1	1	3
17	54272628	54275886	2	1	1	2
17	54275887	54655966	2	1	1	3
17	54655967	54668794	2	1	1	2
17	54668795	55100982	2	1	1	3
17	55100983	55125838	3	2	1	2
17	55125839	55928903	2	1	1	3
17	55928904	58269941	3	2	1	3
17	58269942	58759206	4	2	2	2
17	58759207	65002714	3	2	1	2
17	65002715	65008822	3	2	1	2
17	65008823	68252096	3	2	1	2
17	68252097	68341774	1	1	0	2
17	68341775	69668756	2	1	1	3
17	69668757	69672342	2	1	1	3
17	69672343	69672363	2	1	1	2
17	69672364	70588932	2	1	1	3
17	70588933	70962023	3	2	1	3
17	70962024	71282161	3	2	1	3
17	71282162	73527740	2	1	1	2
17	73527741	73584714	3	2	1	2
17	73584715	74019741	2	1	1	2
17	74019742	74031569	2	1	1	2
17	74031570	81195209	2	1	1	2
18	27500	100001	2	1	1	2
18	100002	7942500	2	1	1	2
18	7942501	9456970	2	1	1	3
18	9456971	9475437	3	2	1	2
18	9475438	14359241	2	1	1	3
18	14359242	14363940	2	1	1	2
18	14363941	15245702	2	1	1	2
18	15245703	15253699	2	1	1	2
18	15253700	18999999	2	1	1	3
18	19000000	19564530	2	1	1	3
18	19564531	19569587	2	1	1	2
18	19569588	23092191	2	1	1	3
18	23092192	23877795	3	2	1	3
18	23877796	24401174	4	3	1	2
18	24401175	24637073	4	3	1	2
18	24637074	24695990	4	3	1	2
18	24695991	24702716	4	3	1	2
18	24702717	24992540	4	3	1	2
18	24992541	24992996	3	2	1	2
18	24992997	25210119	4	3	1	2
18	25210120	32023826	3	2	1	3
18	32023827	33685284	3	2	1	3
18	33685285	33856101	4	3	1	2
18	33856102	34316719	3	2	1	2
18	34316720	34317666	3	2	1	2
18	34317667	34351468	3	2	1	3
18	34351469	34355783	3	2	1	3
18	34355784	41462891	3	2	1	3
18	41462892	41537122	3	2	1	2
18	41537123	41854891	3	2	1	3
18	41854892	42319495	4	2	2	3
18	42319496	47115659	3	2	1	3
18	47115660	47116812	3	2	1	3
18	47116813	47771261	3	2	1	3
18	47771262	47827727	4	2	2	1
18	47827728	55136608	3	2	1	3
18	55136609	55170908	4	3	1	2
18	55170909	56002691	3	2	1	3
18	56002692	56801139	5	4	1	2
18	56801140	59559311	3	2	1	3
18	59559312	60458087	4	2	2	3
18	60458088	64488007	3	2	1	3
18	64488008	64491921	3	2	1	3
18	64491922	71084533	3	2	1	3
18	71084534	71091725	4	3	1	1
18	71091726	72392302	3	2	1	3
18	72392303	72392325	3	2	1	2
18	72392326	74593609	2	2	0	3
18	74593610	74593817	2	2	0	3
18	74593818	74594293	2	2	0	2
18	74594294	74594503	2	2	0	2
18	74594504	75667816	2	2	0	3
18	75667817	75683872	4	4	0	2
18	75683873	78077247	2	2	0	2
19	102500	247287	1	1	0	2
19	247288	3835513	1	1	0	2
19	3835514	5266054	2	1	1	3
19	5266055	5269978	2	1	1	2
19	5269979	23355279	2	1	1	3
19	23355280	23534330	2	1	1	2
19	23534331	23775773	2	1	1	3
19	23775774	24123374	1	1	0	3
19	24123375	24127965	1	1	0	2
19	24127966	24390797	1	1	0	3
19	24390798	28912050	NA	NA	NA	NA
19	28912051	28913695	2	1	1	3
19	28913696	32178926	2	1	1	3
19	32178927	33799861	3	2	1	3
19	33799862	35135087	2	1	1	3
19	35135088	35137134	2	1	1	3
19	35137135	35137360	2	1	1	2
19	35137361	35139997	2	1	1	2
19	35139998	35140264	2	1	1	2
19	35140265	35256948	2	1	1	3
19	35256949	41178640	2	1	1	3
19	41178641	41178698	2	1	1	2
19	41178699	44168976	1	1	0	3
19	44168977	47479970	2	1	1	3
19	47479971	47890560	3	2	1	3
19	47890561	47896793	3	2	1	2
19	47896794	48404924	3	2	1	3
19	48404925	50357308	2	1	1	3
19	50357309	50403639	3	2	1	2
19	50403640	50511522	2	1	1	2
19	50511523	51451420	3	2	1	3
19	51451421	53465309	2	1	1	3
19	53465310	53532114	3	2	1	2
19	53532115	55185323	2	1	1	3
19	55185324	55186174	1	1	0	1
19	55186175	59128982	2	1	1	3
20	68034	802408	3	2	1	2
20	802409	836099	4	2	2	2
20	836100	7953860	3	2	1	2
20	7953861	8279085	1	1	0	2
20	8279086	8286325	1	1	0	2
20	8286326	8286614	2	1	1	1
20	8286615	11960095	2	1	1	2
20	11960096	11964476	2	1	1	2
20	11964477	15288298	2	1	1	2
20	15288299	15292513	2	1	1	2
20	15292514	16988653	2	1	1	2
20	16988654	16990099	2	1	1	2
20	16990100	25599999	2	1	1	3
20	25600000	29399999	2	1	1	3
20	29400000	35633581	2	1	1	3
20	35633582	35777009	2	1	1	2
20	35777010	42719436	2	1	1	3
20	42719437	42757458	3	2	1	2
20	42757459	42759975	2	1	1	2
20	42759976	50799330	2	1	1	3
20	50799331	50822500	2	1	1	3
20	50822501	57355604	2	1	1	3
20	57355605	57362057	3	2	1	1
20	57362058	61643928	2	1	1	3
20	61643929	62202883	2	1	1	2
21	1	9417499	NA	NA	NA	NA
21	9417500	10575653	NA	NA	NA	NA
21	10575654	10623637	NA	NA	NA	NA
21	10623638	14299999	NA	NA	NA	NA
21	14300000	16095571	2	1	1	3
21	16095572	16098558	2	1	1	2
21	16098559	18056842	2	1	1	3
21	18056843	18074743	3	2	1	1
21	18074744	18387118	2	1	1	3
21	18387119	18397830	3	2	1	1
21	18397831	21144039	2	1	1	3
21	21144040	21196612	2	1	1	2
21	21196613	32741402	2	1	1	3
21	32741403	32767593	3	2	1	3
21	32767594	34451742	2	1	1	3
21	34451743	34703348	2	1	1	2
21	34703349	34704838	2	1	1	2
21	34704839	34889420	2	1	1	2
21	34889421	35212863	2	1	1	3
21	35212864	35223113	2	1	1	3
21	35223114	39775512	2	1	1	3
21	39775513	39776521	2	1	1	3
21	39776522	39854737	2	1	1	2
21	39854738	42878934	1	1	0	3
21	42878935	45166865	2	1	1	3
21	45166866	45753256	3	2	1	3
21	45753257	48129894	2	1	1	3
22	1	12199999	2	1	1	1
22	12200000	17899999	2	1	1	3
22	17900000	19280171	2	1	1	3
22	19280172	23478506	1	1	0	2
22	23478507	23519724	2	1	1	2
22	23519725	24132501	1	1	0	2
22	24132502	25961674	1	1	0	3
22	25961675	28343789	1	1	0	3
22	28343790	28344569	1	1	0	3
22	28344570	28346044	1	1	0	2
22	28346045	28359477	0	0	0	2
22	28359478	31501177	1	1	0	3
22	31501178	31626519	2	2	0	2
22	31626520	41826531	1	1	0	3
22	41826532	41883280	2	2	0	2
22	41883281	41887570	2	2	0	1
22	41887571	44055239	1	1	0	3
22	44055240	44861697	2	2	0	2
22	44861698	46482661	1	1	0	2
22	46482662	46484200	1	1	0	2
22	46484201	47041667	1	1	0	2
22	47041668	47042086	1	1	0	2
22	47042087	51304565	1	1	0	2
X	1	1667097	1	1	0	2
X	1667098	1677444	1	1	0	2
X	1677445	9642974	2	2	0	2
X	9642975	9656123	1	1	0	2
X	9656124	17448706	2	2	0	2
X	17448707	19184437	3	3	0	2
X	19184438	19775531	2	2	0	2
X	19775532	19827519	1	1	0	2
X	19827520	22784359	2	2	0	2
X	22784360	22807840	1	1	0	2
X	22807841	23815945	2	2	0	2
X	23815946	23819204	1	1	0	2
X	23819205	27411165	2	2	0	2
X	27411166	27419289	1	1	0	2
X	27419290	27720499	2	2	0	2
X	27720500	27791985	1	1	0	3
X	27791986	27798701	2	2	0	1
X	27798702	54098506	1	1	0	3
X	54098507	54098766	1	1	0	3
X	54098767	55195567	1	1	0	3
X	55195568	55197283	1	1	0	2
X	55197284	58099999	1	1	0	3
X	58100000	62999999	1	1	0	3
X	63000000	66110740	1	1	0	3
X	66110741	66167195	2	2	0	2
X	66167196	79398182	1	1	0	3
X	79398183	79412256	1	1	0	3
X	79412257	106232994	1	1	0	3
X	106232995	106237004	1	1	0	2
X	106237005	107260930	1	1	0	3
X	107260931	107265235	1	1	0	2
X	107265236	115133591	1	1	0	3
X	115133592	115203047	2	2	0	1
X	115203048	123247067	1	1	0	3
X	123247068	123255282	2	2	0	1
X	123255283	130999494	1	1	0	3
X	130999495	131010344	2	2	0	1
X	131010345	155270559	1	1	0	3
Y	1	11599999	1	1	0	2
Y	11600000	13399999	1	1	0	2
Y	13400000	17892535	1	1	0	2
Y	17892536	17896182	2	2	0	1
Y	17896183	21318805	1	1	0	2
Y	21318806	59373565	1	1	0	2
