chromosome	start	end	total_cn	major_cn	minor_cn	star
1	1	12242141	3	2	1	3
1	12242142	12250381	3	2	1	1
1	12250382	16189452	3	2	1	3
1	16189453	16314750	2	1	1	2
1	16314751	16949665	3	2	1	2
1	16949666	28175872	3	2	1	2
1	28175873	31189387	1	1	0	2
1	31189388	31190058	1	1	0	2
1	31190059	31439323	3	2	1	3
1	31439324	31439762	3	2	1	3
1	31439763	31906453	3	2	1	2
1	31906454	41175242	3	2	1	3
1	41175243	41836672	2	2	0	3
1	41836673	49459178	3	2	1	3
1	49459179	53376954	1	1	0	2
1	53376955	59078702	3	2	1	3
1	59078703	59199168	2	2	0	3
1	59199169	59201514	3	2	1	1
1	59201515	59202086	3	2	1	1
1	59202087	59205753	3	2	1	2
1	59205754	59206034	3	2	1	2
1	59206035	63705379	3	2	1	3
1	63705380	89872865	3	2	1	3
1	89872866	89874583	3	2	1	2
1	89874584	89936203	2	1	1	2
1	89936204	94885040	4	3	1	3
1	94885041	95963601	1	1	0	2
1	95963602	113586793	3	2	1	3
1	113586794	121499999	4	2	2	3
1	121500000	128899999	4	2	2	2
1	128900000	154844121	4	2	2	3
1	154844122	154846158	5	3	2	2
1	154846159	155811924	4	2	2	2
1	155811925	155881043	3	2	1	2
1	155881044	165813053	4	2	2	2
1	165813054	165901402	6	4	2	2
1	165901403	194753805	4	2	2	2
1	194753806	241847790	4	2	2	2
1	241847791	241851883	2	2	0	2
1	241851884	249250620	4	2	2	2
2	39517	9804877	3	2	1	3
2	9804878	13051511	5	3	2	2
2	13051512	13061858	4	2	2	2
2	13061859	13063812	4	2	2	2
2	13063813	72731053	4	2	2	3
2	72731054	90499999	4	2	2	3
2	90500000	96799999	4	2	2	3
2	96800000	108707477	4	2	2	3
2	108707478	156278110	4	2	2	3
2	156278111	156284190	8	6	2	1
2	156284191	157091993	8	6	2	2
2	157091994	157127254	10	8	2	2
2	157127255	157187289	12	10	2	2
2	157187290	157289395	14	12	2	1
2	157289396	157474592	5	3	2	2
2	157474593	157546749	5	3	2	2
2	157546750	157547631	6	4	2	1
2	157547632	157839504	6	4	2	1
2	157839505	157840851	6	4	2	1
2	157840852	158396933	6	4	2	1
2	158396934	158624468	6	4	2	1
2	158624469	158626675	6	4	2	1
2	158626676	158948024	6	4	2	2
2	158948025	158949081	5	3	2	2
2	158949082	165739684	6	4	2	2
2	165739685	165856654	8	6	2	2
2	165856655	165990896	7	5	2	2
2	165990897	171308067	8	6	2	2
2	171308068	171636520	2	2	0	2
2	171636521	171669476	4	2	2	2
2	171669477	171670380	8	6	2	1
2	171670381	173415497	8	6	2	2
2	173415498	175481679	2	2	0	2
2	175481680	180011344	4	2	2	2
2	180011345	180586459	2	2	0	2
2	180586460	180598981	4	2	2	2
2	180598982	180599019	4	2	2	2
2	180599020	180631560	4	2	2	2
2	180631561	180632350	4	2	2	2
2	180632351	181541439	4	2	2	2
2	181541440	182069228	4	2	2	2
2	182069229	182137765	4	2	2	1
2	182137766	183850076	4	2	2	2
2	183850077	183850124	4	2	2	2
2	183850125	191727874	4	2	2	2
2	191727875	191729343	4	2	2	2
2	191729344	191740176	4	2	2	2
2	191740177	191866280	2	2	0	2
2	191866281	193713613	8	6	2	2
2	193713614	194017324	8	6	2	2
2	194017325	194921716	8	6	2	2
2	194921717	195036567	8	6	2	2
2	195036568	196865384	8	6	2	2
2	196865385	198436746	6	4	2	2
2	198436747	198437187	6	4	2	2
2	198437188	205675500	6	4	2	2
2	205675501	205698507	6	4	2	2
2	205698508	225279852	6	4	2	2
2	225279853	225634399	7	5	2	2
2	225634400	225656255	5	3	2	2
2	225656256	228380749	7	5	2	2
2	228380750	242892500	5	3	2	2
3	1	7803724	4	2	2	3
3	7803725	9175063	4	2	2	3
3	9175064	9247288	2	2	0	2
3	9247289	9467710	4	2	2	2
3	9467711	9543592	4	2	2	1
3	9543593	9845286	4	2	2	3
3	9845287	10239927	2	2	0	2
3	10239928	27529033	4	2	2	3
3	27529034	27529338	4	2	2	3
3	27529339	32985862	4	2	2	3
3	32985863	55789010	4	2	2	3
3	55789011	60482347	4	2	2	3
3	60482348	60992363	3	2	1	3
3	60992364	71050001	4	2	2	3
3	71050002	73510075	2	2	0	3
3	73510076	87899999	4	2	2	3
3	87900000	93899999	4	2	2	3
3	93900000	105215381	4	2	2	3
3	105215382	105215665	4	2	2	3
3	105215666	105393652	4	2	2	3
3	105393653	105397276	4	2	2	3
3	105397277	119088286	4	2	2	3
3	119088287	119216050	4	2	2	2
3	119216051	119216557	4	2	2	2
3	119216558	119364725	4	2	2	2
3	119364726	119365355	4	2	2	2
3	119365356	131494851	4	2	2	3
3	131494852	131494912	4	2	2	3
3	131494913	131591063	4	2	2	3
3	131591064	131591558	4	2	2	2
3	131591559	136111853	4	2	2	3
3	136111854	136115886	4	2	2	3
3	136115887	143770757	4	2	2	3
3	143770758	143771216	4	2	2	3
3	143771217	156546953	4	2	2	3
3	156546954	156553035	4	2	2	2
3	156553036	156554120	4	2	2	2
3	156554121	156555853	4	2	2	2
3	156555854	156557272	4	2	2	2
3	156557273	156558985	4	2	2	2
3	156558986	156749776	4	2	2	2
3	156749777	156750375	4	2	2	2
3	156750376	197868489	4	2	2	3
4	74639	35441735	2	2	0	3
4	35441736	42107957	6	4	2	3
4	42107958	42226283	5	4	1	2
4	42226284	42534885	6	4	2	2
4	42534886	48199999	2	2	0	3
4	48200000	52720953	NA	NA	NA	NA
4	52720954	52721784	6	4	2	1
4	52721785	52722306	6	4	2	1
4	52722307	52722883	6	4	2	2
4	52722884	52731055	6	4	2	2
4	52731056	52874451	6	4	2	2
4	52874452	52877536	6	4	2	1
4	52877537	55137117	6	4	2	3
4	55137118	55141045	6	4	2	2
4	55141046	55310948	6	4	2	2
4	55310949	71684326	4	2	2	3
4	71684327	72222845	3	2	1	2
4	72222846	90628126	4	2	2	3
4	90628127	91032467	6	4	2	2
4	91032468	91198998	6	4	2	2
4	91198999	91595572	6	4	2	2
4	91595573	91986019	4	2	2	3
4	91986020	92071837	3	2	1	2
4	92071838	106538151	4	2	2	3
4	106538152	107084664	3	2	1	3
4	107084665	114597665	4	2	2	3
4	114597666	114602064	4	2	2	2
4	114602065	129766863	4	2	2	3
4	129766864	129777995	4	2	2	2
4	129777996	131898406	4	2	2	3
4	131898407	142853985	2	2	0	3
4	142853986	152028570	4	2	2	3
4	152028571	153077815	5	3	2	3
4	153077816	173446279	4	2	2	3
4	173446280	175079175	5	3	2	3
4	175079176	191154275	4	2	2	3
5	22500	488019	2	2	0	2
5	488020	852220	6	4	2	2
5	852221	2267491	6	4	2	2
5	2267492	4863734	8	6	2	2
5	4863735	6224534	4	2	2	2
5	6224535	9057303	6	4	2	2
5	9057304	9147570	7	5	2	2
5	9147571	9278782	7	5	2	2
5	9278783	14310561	4	2	2	2
5	14310562	14705282	6	4	2	2
5	14705283	14711410	4	2	2	2
5	14711411	14712603	4	2	2	1
5	14712604	15524658	4	2	2	2
5	15524659	46099999	4	2	2	2
5	46100000	50699999	NA	NA	NA	NA
5	50700000	54793549	3	2	1	3
5	54793550	66301473	3	2	1	3
5	66301474	81191094	3	2	1	3
5	81191095	81191147	3	2	1	3
5	81191148	94806914	3	2	1	3
5	94806915	118452076	2	2	0	3
5	118452077	118595661	1	1	0	2
5	118595662	132699317	2	2	0	3
5	132699318	133946061	3	2	1	3
5	133946062	133950391	3	2	1	3
5	133950392	150526903	3	2	1	3
5	150526904	150534558	3	2	1	1
5	150534559	180730532	3	2	1	3
6	202452	6839996	3	2	1	3
6	6839997	7337960	3	2	1	3
6	7337961	34823370	3	2	1	3
6	34823371	34846028	2	1	1	2
6	34846029	57537300	3	2	1	3
6	57537301	58699999	3	2	1	2
6	58700000	63299999	3	2	1	2
6	63300000	80667421	3	2	1	3
6	80667422	110728429	1	1	0	3
6	110728430	121291443	3	2	1	3
6	121291444	158387282	4	2	2	3
6	158387283	158492895	3	2	1	2
6	158492896	164214318	4	2	2	3
6	164214319	164237987	4	2	2	2
6	164237988	170919735	4	2	2	3
7	40386	57999999	4	2	2	3
7	58000000	61699999	4	2	2	2
7	61700000	113180679	4	2	2	3
7	113180680	113180720	4	2	2	3
7	113180721	123329711	4	2	2	3
7	123329712	123372978	5	3	2	2
7	123372979	145793216	4	2	2	3
7	145793217	146165584	3	2	1	2
7	146165585	151326960	4	2	2	3
7	151326961	154991042	2	2	0	3
7	154991043	158855311	4	2	2	3
8	217895	34708005	2	2	0	3
8	34708006	34709946	2	2	0	2
8	34709947	42496300	2	2	0	3
8	42496301	43099999	5	3	2	2
8	43100000	48099999	5	3	2	2
8	48100000	58719619	5	3	2	2
8	58719620	58724623	5	3	2	2
8	58724624	58737891	3	3	0	1
8	58737892	58820647	3	3	0	2
8	58820648	86466375	5	3	2	2
8	86466376	86473340	5	3	2	2
8	86473341	95934223	5	3	2	2
8	95934224	96292685	3	2	1	2
8	96292686	96292749	3	2	1	2
8	96292750	96416139	4	2	2	2
8	96416140	96417862	4	2	2	2
8	96417863	113656603	5	3	2	2
8	113656604	113664691	5	3	2	2
8	113664692	141115046	5	3	2	2
8	141115047	141620175	4	3	1	2
8	141620176	141740497	3	2	1	2
8	141740498	141756994	4	3	1	2
8	141756995	146364021	5	3	2	2
9	47500	215085	4	2	2	2
9	215086	16323507	5	3	2	3
9	16323508	16371063	3	2	1	2
9	16371064	33989042	5	3	2	3
9	33989043	35963563	5	3	2	3
9	35963564	36792050	3	2	1	2
9	36792051	38697772	5	3	2	2
9	38697773	38722575	3	2	1	2
9	38722576	39103095	3	2	1	2
9	39103096	47299999	5	3	2	2
9	47300000	50699999	5	3	2	1
9	50700000	73507665	5	3	2	2
9	73507666	75803907	4	3	1	3
9	75803908	80710905	5	3	2	3
9	80710906	80759548	6	4	2	2
9	80759549	97073919	5	3	2	3
9	97073920	104495581	6	3	3	2
9	104495582	106383319	4	3	1	2
9	106383320	106971722	6	3	3	3
9	106971723	107270552	3	3	0	3
9	107270553	118258249	5	3	2	3
9	118258250	118258269	5	3	2	3
9	118258270	140562394	5	3	2	3
9	140562395	140562438	5	3	2	2
10	93528	15428340	4	3	1	3
10	15428341	15433960	4	3	1	2
10	15433961	15453222	5	4	1	2
10	15453223	15711669	4	3	1	2
10	15711670	15711907	3	2	1	1
10	15711908	37999999	3	2	1	2
10	38000000	42397372	NA	NA	NA	NA
10	42397373	55342251	5	3	2	2
10	55342252	55548568	4	2	2	3
10	55548569	56945976	5	3	2	3
10	56945977	63932597	3	2	1	3
10	63932598	63936726	3	2	1	2
10	63936727	63940964	4	3	1	1
10	63940965	63951963	4	3	1	1
10	63951964	65393031	4	3	1	3
10	65393032	65473440	5	3	2	2
10	65473441	70623174	4	3	1	3
10	70623175	70623551	4	3	1	3
10	70623552	86126031	4	3	1	3
10	86126032	89672287	3	3	0	3
10	89672288	89673044	3	3	0	2
10	89673045	104502401	2	2	0	3
10	104502402	135208171	3	2	1	3
10	135208172	135208469	3	2	1	2
10	135208470	135389924	3	2	1	2
11	196944	6457817	4	2	2	3
11	6457818	6457951	4	2	2	3
11	6457952	6467368	4	2	2	3
11	6467369	6469176	4	2	2	1
11	6469177	6528695	4	2	2	2
11	6528696	6531466	4	2	2	2
11	6531467	6681429	4	2	2	2
11	6681430	6685440	5	3	2	2
11	6685441	6708007	4	2	2	2
11	6708008	6722661	2	2	0	2
11	6722662	6741042	4	2	2	2
11	6741043	6741530	4	2	2	2
11	6741531	6741928	4	2	2	2
11	6741929	6743497	4	2	2	2
11	6743498	25328010	4	2	2	3
11	25328011	25353580	4	2	2	2
11	25353581	25407121	4	2	2	3
11	25407122	25410676	4	2	2	2
11	25410677	51599999	4	2	2	3
11	51600000	56055897	4	2	2	2
11	56055898	71050519	4	2	2	3
11	71050520	71050568	4	2	2	3
11	71050569	90597756	4	2	2	3
11	90597757	92842655	6	4	2	2
11	92842656	104584933	4	2	2	2
11	104584934	104584973	4	2	2	2
11	104584974	112786631	4	2	2	2
11	112786632	135006515	4	2	2	2
12	114528	188284	3	3	0	2
12	188285	6186006	4	4	0	2
12	6186007	7017328	2	2	0	3
12	7017329	7025528	2	2	0	2
12	7025529	12560713	2	2	0	3
12	12560714	13226377	1	1	0	2
12	13226378	16048005	2	2	0	2
12	16048006	17927632	4	2	2	2
12	17927633	17927659	4	2	2	2
12	17927660	33299999	4	2	2	2
12	33300000	38199999	4	2	2	2
12	38200000	42913240	4	2	2	2
12	42913241	44357034	3	2	1	2
12	44357035	45436529	4	2	2	3
12	45436530	45472200	4	2	2	2
12	45472201	53810014	4	2	2	3
12	53810015	66451368	5	3	2	2
12	66451369	66451472	5	3	2	2
12	66451473	99789597	5	3	2	2
12	99789598	100053231	4	2	2	2
12	100053232	110830422	5	3	2	2
12	110830423	111902466	2	2	0	2
12	111902467	133851894	5	3	2	2
13	1	16299999	5	3	2	1
13	16300000	19499999	5	3	2	2
13	19500000	24294463	5	3	2	2
13	24294464	24304546	5	3	2	1
13	24304547	24309158	3	2	1	2
13	24309159	24311795	5	3	2	1
13	24311796	41344537	5	3	2	3
13	41344538	61460431	2	2	0	3
13	61460432	61460716	2	2	0	2
13	61460717	115169877	2	2	0	3
14	1	16099999	5	3	2	1
14	16100000	19099999	5	3	2	2
14	19100000	20433515	5	3	2	2
14	20433516	21684998	5	3	2	3
14	21684999	21685029	5	3	2	2
14	21685030	67740859	4	2	2	3
14	67740860	68144295	3	2	1	3
14	68144296	100411974	4	2	2	3
14	100411975	100413452	4	2	2	2
14	100413453	105558774	4	2	2	3
14	105558775	105558819	4	2	2	2
14	105558820	107349539	5	3	2	2
15	1	15799999	3	2	1	1
15	15800000	20699999	3	2	1	2
15	20700000	22652851	3	2	1	2
15	22652852	57055111	3	2	1	3
15	57055112	57258145	2	2	0	3
15	57258146	102401912	3	2	1	3
16	83807	7723268	4	2	2	3
16	7723269	7728895	4	2	2	3
16	7728896	10510872	4	2	2	3
16	10510873	10510883	4	2	2	2
16	10510884	12908902	5	3	2	3
16	12908903	29345251	5	3	2	3
16	29345252	29345280	5	3	2	2
16	29345281	32022499	4	2	2	2
16	32022500	34599999	4	2	2	2
16	34600000	38599999	4	2	2	2
16	38600000	52101388	4	2	2	3
16	52101389	79709564	2	2	0	3
16	79709565	79893318	3	3	0	3
16	79893319	90354752	2	2	0	3
17	7	7963888	2	2	0	2
17	7963889	7974537	4	2	2	2
17	7974538	15899186	2	2	0	2
17	15899187	22199999	3	2	1	2
17	22200000	25799999	3	2	1	3
17	25800000	31764533	3	2	1	3
17	31764534	31765636	3	2	1	3
17	31765637	35842499	3	2	1	3
17	35842500	48603890	4	2	2	3
17	48603891	48604067	4	2	2	2
17	48604068	48618943	4	2	2	3
17	48618944	48618990	4	2	2	2
17	48618991	49836678	4	2	2	3
17	49836679	49863183	5	3	2	1
17	49863184	49864275	5	3	2	2
17	49864276	76596914	5	3	2	3
17	76596915	79173526	4	2	2	2
17	79173527	79221417	4	2	2	1
17	79221418	81101825	4	2	2	2
18	30525	4656192	3	2	1	3
18	4656193	13225707	4	2	2	3
18	13225708	14541306	3	2	1	3
18	14541307	18999999	NA	NA	NA	NA
18	19000000	78077247	4	2	2	3
19	293346	24399999	3	2	1	2
19	24400000	28599999	NA	NA	NA	NA
19	28600000	30813522	5	3	2	2
19	30813523	31502499	4	2	2	3
19	31502500	35551464	3	2	1	2
19	35551465	35843359	4	2	2	2
19	35843360	39272511	4	2	2	2
19	39272512	40708912	3	2	1	2
19	40708913	40709686	3	2	1	2
19	40709687	44660347	3	2	1	2
19	44660348	47655019	1	1	0	2
19	47655020	59128982	3	2	1	2
20	60479	9265161	3	3	0	2
20	9265162	9275979	3	3	0	2
20	9275980	18427178	3	3	0	2
20	18427179	25599999	4	3	1	2
20	25600000	29447500	4	3	1	2
20	29447501	29810690	4	3	1	2
20	29810691	29959502	3	3	0	2
20	29959503	29961384	3	3	0	2
20	29961385	29961556	4	4	0	1
20	29961557	48662814	4	4	0	2
20	48662815	48870736	8	8	0	2
20	48870737	62859988	4	4	0	2
21	1	9417499	NA	NA	NA	NA
21	9417500	10720000	NA	NA	NA	NA
21	10720001	14299999	4	3	1	1
21	14300000	22156808	3	2	1	3
21	22156809	22255197	1	1	0	2
21	22255198	39853788	3	2	1	3
21	39853789	39853987	3	2	1	2
21	39853988	42861870	4	2	2	3
21	42861871	42861930	4	2	2	2
21	42861931	48129894	3	2	1	2
22	1	12199999	4	2	2	1
22	12200000	17899999	4	2	2	2
22	17900000	35851408	4	2	2	3
22	35851409	45468276	3	2	1	2
22	45468277	45478966	3	2	1	2
22	45478967	45491237	3	2	1	2
22	45491238	47562124	1	1	0	3
22	47562125	51304565	3	2	1	2
X	1	58099999	3	3	0	1
X	58100000	62999999	3	3	0	1
X	63000000	99226525	3	3	0	1
X	99226526	99262294	4	4	0	1
X	99262295	155270559	3	3	0	1
Y	1	11599999	0	0	0	1
Y	11600000	13399999	NA	NA	NA	NA
Y	13400000	59373565	0	0	0	1
