chromosome	start	end	total_cn	major_cn	minor_cn	star
1	232500	790008	2	1	1	2
1	790009	121179985	2	1	1	3
1	121179986	128899999	2	1	1	3
1	128900000	144857288	2	1	1	2
1	144857289	144857480	2	1	1	2
1	144857481	144890318	3	2	1	1
1	144890319	145113217	3	2	1	2
1	145113218	145521640	3	2	1	2
1	145521641	146640317	3	2	1	2
1	146640318	147014446	3	2	1	2
1	147014447	147182700	3	2	1	2
1	147182701	147194325	3	2	1	2
1	147194326	148208692	3	2	1	2
1	148208693	149216832	3	2	1	2
1	149216833	149237995	3	2	1	2
1	149237996	149752814	3	2	1	2
1	149752815	150089432	3	2	1	2
1	150089433	150223551	4	3	1	2
1	150223552	150690624	3	2	1	2
1	150690625	150952764	3	2	1	1
1	150952765	151123303	2	1	1	2
1	151123304	151553175	3	2	1	1
1	151553176	151694909	4	3	1	2
1	151694910	152737591	3	2	1	1
1	152737592	153559988	3	2	1	2
1	153559989	154310627	3	2	1	1
1	154310628	155100062	4	3	1	2
1	155100063	155182075	4	3	1	2
1	155182076	169731728	2	1	1	2
1	169731729	169731922	2	1	1	2
1	169731923	169741992	2	1	1	2
1	169741993	169847424	2	1	1	2
1	169847425	170212430	3	2	1	2
1	170212431	170509163	4	3	1	2
1	170509164	170529639	4	3	1	2
1	170529640	170530867	4	3	1	2
1	170530868	170538125	4	3	1	2
1	170538126	170770008	3	2	1	2
1	170770009	179665032	2	1	1	2
1	179665033	180229696	3	2	1	2
1	180229697	180237801	4	3	1	2
1	180237802	181085824	3	2	1	2
1	181085825	181279717	3	2	1	2
1	181279718	181280093	3	2	1	2
1	181280094	182284445	3	2	1	2
1	182284446	199083387	2	1	1	2
1	199083388	199163089	2	1	1	2
1	199163090	199416438	3	2	1	2
1	199416439	199456685	4	3	1	2
1	199456686	203044955	2	1	1	2
1	203044956	204578426	4	3	1	2
1	204578427	204733623	4	3	1	2
1	204733624	204784978	4	3	1	2
1	204784979	205880328	2	1	1	1
1	205880329	206610680	3	2	1	2
1	206610681	206611232	3	2	1	2
1	206611233	206665677	4	3	1	2
1	206665678	207815201	3	2	1	2
1	207815202	209516448	3	2	1	2
1	209516449	217239930	2	1	1	2
1	217239931	218404556	3	2	1	2
1	218404557	218454432	3	2	1	2
1	218454433	220243359	3	2	1	2
1	220243360	220244401	3	2	1	2
1	220244402	220334244	4	3	1	2
1	220334245	228912663	2	1	1	2
1	228912664	228983087	4	3	1	2
1	228983088	229803475	4	3	1	2
1	229803476	230221022	3	2	1	2
1	230221023	230910025	2	1	1	1
1	230910026	231639762	4	3	1	2
1	231639763	231658675	4	3	1	2
1	231658676	231702079	2	1	1	2
1	231702080	231861219	4	3	1	2
1	231861220	231861250	3	2	1	2
1	231861251	231866059	3	2	1	2
1	231866060	232395017	2	1	1	1
1	232395018	232968596	4	3	1	2
1	232968597	249250620	2	1	1	2
2	20016	89867499	2	1	1	3
2	89867500	96799999	2	1	1	3
2	96800000	136269803	2	1	1	3
2	136269804	136271051	2	1	1	2
2	136271052	192831895	2	1	1	3
2	192831896	192831943	2	1	1	3
2	192831944	211637059	2	1	1	3
2	211637060	212318514	3	2	1	3
2	212318515	230712806	2	1	1	3
2	230712807	230712827	2	1	1	3
2	230712828	243018224	2	1	1	3
3	60596	7099038	3	2	1	3
3	7099039	7099330	3	2	1	2
3	7099331	9349050	3	2	1	3
3	9349051	12563558	1	1	0	3
3	12563559	28446468	3	2	1	3
3	28446469	28446620	3	2	1	3
3	28446621	31218323	3	2	1	3
3	31218324	32383358	1	1	0	3
3	32383359	39856965	3	2	1	3
3	39856966	42073985	3	2	1	3
3	42073986	42074173	3	2	1	3
3	42074174	45266296	3	2	1	3
3	45266297	48799831	1	1	0	3
3	48799832	48811152	2	1	1	1
3	48811153	48811437	2	1	1	1
3	48811438	49557747	4	3	1	2
3	49557748	51363511	1	1	0	3
3	51363512	56548251	3	2	1	3
3	56548252	56548720	3	2	1	2
3	56548721	68695005	3	2	1	3
3	68695006	68695030	3	2	1	3
3	68695031	69245717	3	2	1	3
3	69245718	69245753	3	2	1	2
3	69245754	69245886	1	1	0	2
3	69245887	70124311	1	1	0	2
3	70124312	70125082	1	1	0	3
3	70125083	71281423	1	1	0	3
3	71281424	71670471	3	2	1	2
3	71670472	72604838	1	1	0	3
3	72604839	75477829	3	2	1	3
3	75477830	75602674	3	2	1	2
3	75602675	87899999	3	2	1	3
3	87900000	93899999	3	2	1	3
3	93900000	96678700	3	2	1	3
3	96678701	96807833	4	2	2	3
3	96807834	131499786	3	2	1	3
3	131499787	131906256	1	1	0	3
3	131906257	152950498	3	2	1	3
3	152950499	152950664	3	2	1	3
3	152950665	153775627	3	2	1	3
3	153775628	154439228	1	1	0	3
3	154439229	195407500	3	2	1	3
3	195407501	197871814	3	2	1	3
4	75893	31794383	2	1	1	3
4	31794384	32811092	3	2	1	3
4	32811093	48199999	2	1	1	3
4	48200000	52699999	2	1	1	3
4	52700000	79868531	2	1	1	3
4	79868532	102178207	1	1	0	3
4	102178208	191154275	2	1	1	3
5	22500	34900635	2	1	1	3
5	34900636	34911402	2	1	1	3
5	34911403	35209569	2	1	1	3
5	35209570	35209693	2	1	1	3
5	35209694	46099999	2	1	1	3
5	46100000	50699999	2	1	1	3
5	50700000	113000574	2	1	1	3
5	113000575	129092185	1	1	0	3
5	129092186	135999027	2	1	1	3
5	135999028	180729006	2	1	1	3
6	97750	58699999	2	1	1	3
6	58700000	63299999	2	1	1	3
6	63300000	170919682	2	1	1	3
7	40386	57999999	3	2	1	2
7	58000000	62278397	NA	NA	NA	NA
7	62278398	62634531	2	1	1	2
7	62634532	63970987	4	3	1	2
7	63970988	64728635	6	5	1	2
7	64728636	64729112	6	5	1	2
7	64729113	65372116	5	4	1	2
7	65372117	65772759	5	4	1	2
7	65772760	65813749	2	1	1	2
7	65813750	66763944	3	2	1	2
7	66763945	96283878	2	1	1	3
7	96283879	103226178	2	1	1	3
7	103226179	107134347	2	1	1	2
7	107134348	117580289	2	1	1	3
7	117580290	117739673	6	5	1	2
7	117739674	117740965	3	2	1	1
7	117740966	119895808	2	1	1	2
7	119895809	120349876	6	5	1	2
7	120349877	120349918	5	4	1	2
7	120349919	121705868	5	4	1	2
7	121705869	123155813	4	3	1	2
7	123155814	123160533	3	2	1	2
7	123160534	123422278	3	2	1	3
7	123422279	124300721	3	2	1	3
7	124300722	124304794	3	2	1	2
7	124304795	124304836	4	3	1	1
7	124304837	124530014	3	2	1	2
7	124530015	124810492	4	3	1	2
7	124810493	124813257	3	2	1	2
7	124813258	125400102	3	2	1	2
7	125400103	125617412	3	2	1	3
7	125617413	125689685	3	2	1	2
7	125689686	125720562	3	2	1	2
7	125720563	126201770	3	2	1	2
7	126201771	126207667	3	2	1	2
7	126207668	126211499	3	2	1	2
7	126211500	126330847	4	3	1	2
7	126330848	127698009	5	4	1	2
7	127698010	127698494	4	3	1	2
7	127698495	127698549	4	3	1	1
7	127698550	127700049	5	4	1	2
7	127700050	127742493	5	4	1	2
7	127742494	127742681	5	4	1	1
7	127742682	127786304	4	3	1	2
7	127786305	130573240	3	2	1	3
7	130573241	130577265	3	2	1	3
7	130577266	131199535	4	3	1	2
7	131199536	131202193	3	2	1	2
7	131202194	131251038	3	2	1	2
7	131251039	131254108	4	3	1	2
7	131254109	131254130	3	2	1	2
7	131254131	131614712	4	3	1	2
7	131614713	131835427	3	2	1	2
7	131835428	131844673	3	2	1	2
7	131844674	131877040	3	2	1	2
7	131877041	133745029	3	2	1	3
7	133745030	133949087	5	4	1	2
7	133949088	137543215	3	2	1	2
7	137543216	138278793	5	4	1	2
7	138278794	138843931	3	2	1	3
7	138843932	139411042	4	3	1	2
7	139411043	140930293	6	5	1	2
7	140930294	141108476	6	5	1	2
7	141108477	141416122	4	3	1	2
7	141416123	141416227	4	3	1	2
7	141416228	141417467	4	3	1	2
7	141417468	141658731	4	3	1	2
7	141658732	141696535	3	2	1	2
7	141696536	142950032	3	2	1	2
7	142950033	143847074	4	3	1	2
7	143847075	143850799	5	4	1	2
7	143850800	143850914	4	3	1	2
7	143850915	143855783	5	4	1	2
7	143855784	144545127	4	3	1	3
7	144545128	145016819	3	2	1	2
7	145016820	145619723	4	3	1	2
7	145619724	145710140	4	3	1	2
7	145710141	148086745	3	2	1	2
7	148086746	148117207	4	3	1	2
7	148117208	148118460	4	3	1	2
7	148118461	148890856	4	3	1	2
7	148890857	148891230	4	3	1	2
7	148891231	149685301	5	4	1	2
7	149685302	149861803	3	2	1	2
7	149861804	149937924	4	3	1	2
7	149937925	159138662	2	1	1	3
8	158175	8880632	1	1	0	3
8	8880633	8880772	1	1	0	3
8	8880773	37404523	1	1	0	3
8	37404524	37405215	1	1	0	2
8	37405216	38087685	7	6	1	2
8	38087686	38212229	8	7	1	2
8	38212230	38428587	4	3	1	2
8	38428588	38622961	8	7	1	2
8	38622962	38624362	8	7	1	2
8	38624363	38641889	9	9	0	1
8	38641890	38650972	9	9	0	1
8	38650973	38913276	4	3	1	2
8	38913277	38986399	9	8	1	1
8	38986400	39028409	3	2	1	2
8	39028410	39091583	4	3	1	2
8	39091584	39138004	10	9	1	1
8	39138005	39155921	11	10	1	2
8	39155922	39156042	11	10	1	2
8	39156043	39164254	11	10	1	2
8	39164255	39263192	11	10	1	2
8	39263193	39564590	11	10	1	1
8	39564591	39594593	4	3	1	2
8	39594594	39602058	3	2	1	2
8	39602059	39690811	4	3	1	2
8	39690812	39691143	13	12	1	2
8	39691144	39795110	4	3	1	2
8	39795111	39815434	3	2	1	2
8	39815435	39865407	4	3	1	2
8	39865408	39919502	11	10	1	1
8	39919503	39920275	11	10	1	2
8	39920276	40093338	17	16	1	2
8	40093339	40160370	17	16	1	2
8	40160371	40161700	15	15	0	1
8	40161701	40211102	7	6	1	2
8	40211103	40839243	6	5	1	2
8	40839244	40934740	6	5	1	2
8	40934741	41880743	5	4	1	2
8	41880744	43099999	5	4	1	2
8	43100000	48099999	NA	NA	NA	NA
8	48100000	48713963	3	2	1	2
8	48713964	48713995	3	2	1	2
8	48713996	49862747	3	2	1	2
8	49862748	49862894	3	2	1	2
8	49862895	49867542	3	2	1	2
8	49867543	49867554	3	2	1	2
8	49867555	64595477	3	2	1	2
8	64595478	64597798	3	2	1	2
8	64597799	64675442	3	2	1	2
8	64675443	76512053	3	2	1	2
8	76512054	76513149	3	2	1	2
8	76513150	76601526	3	2	1	2
8	76601527	77285258	3	2	1	2
8	77285259	77332725	3	2	1	2
8	77332726	78270446	3	2	1	2
8	78270447	79278467	3	2	1	2
8	79278468	146364021	3	2	1	2
9	47500	203998	2	1	1	2
9	203999	29431485	2	1	1	2
9	29431486	29431597	2	1	1	2
9	29431598	44260011	2	1	1	2
9	44260012	47299999	2	1	1	2
9	47300000	50699999	2	1	1	2
9	50700000	70932499	2	1	1	2
9	70932500	79836436	2	1	1	2
9	79836437	79836506	2	1	1	2
9	79836507	81224031	2	1	1	2
9	81224032	81224704	2	1	1	2
9	81224705	101624263	2	1	1	2
9	101624264	141213430	2	1	1	2
10	90127	37999999	2	1	1	3
10	38000000	42299999	2	1	1	2
10	42300000	68349940	2	1	1	3
10	68349941	108518408	2	1	1	3
10	108518409	108958574	3	2	1	3
10	108958575	135534746	2	1	1	3
11	199911	33766355	2	1	1	3
11	33766356	36723402	1	1	0	3
11	36723403	46703806	2	1	1	3
11	46703807	47453221	1	1	0	3
11	47453222	51202411	2	1	1	3
11	51202412	55699999	2	1	1	3
11	55700000	135006515	2	1	1	3
12	209979	33299999	2	1	1	3
12	33300000	38199999	2	1	1	3
12	38200000	55175831	2	1	1	3
12	55175832	55176236	3	2	1	1
12	55176237	55499055	3	2	1	3
12	55499056	55499108	2	1	1	1
12	55499109	57895287	2	1	1	3
12	57895288	58949741	2	1	1	2
12	58949742	62730229	2	1	1	3
12	62730230	66436923	1	1	0	3
12	66436924	96967074	2	1	1	3
12	96967075	96967097	2	1	1	3
12	96967098	105575279	2	1	1	3
12	105575280	105575517	2	1	1	3
12	105575518	105576753	2	1	1	2
12	105576754	105576908	2	1	1	2
12	105576909	105770199	2	1	1	3
12	105770200	105770828	2	1	1	3
12	105770829	105774106	2	1	1	3
12	105774107	105774227	2	1	1	2
12	105774228	105809520	2	1	1	3
12	105809521	108343440	2	1	1	3
12	108343441	108344455	2	1	1	3
12	108344456	133851894	2	1	1	3
13	1	16299999	2	1	1	1
13	16300000	19499999	2	1	1	2
13	19500000	33259740	2	1	1	3
13	33259741	39194542	1	1	0	3
13	39194543	39210490	2	1	1	3
13	39210491	39210898	2	1	1	2
13	39210899	39984148	2	1	1	3
13	39984149	76089177	1	1	0	3
13	76089178	76090343	1	1	0	2
13	76090344	76093501	1	1	0	1
13	76093502	76094872	2	1	1	2
13	76094873	76094893	2	1	1	2
13	76094894	93046382	2	1	1	3
13	93046383	93046523	2	1	1	2
13	93046524	93053347	2	1	1	2
13	93053348	97814107	1	1	0	3
13	97814108	97815803	1	1	0	2
13	97815804	97816262	1	1	0	2
13	97816263	112992326	2	1	1	3
13	112992327	112997632	2	1	1	2
13	112997633	115169877	2	1	1	3
14	1	16099999	2	2	0	1
14	16100000	19099999	2	2	0	1
14	19100000	20474034	2	2	0	2
14	20474035	106147500	2	2	0	3
14	106147501	106826191	2	2	0	3
14	106826192	106890585	2	2	0	2
15	1	15799999	2	1	1	1
15	15800000	20699999	2	1	1	2
15	20700000	102429049	2	1	1	3
16	83802	34599999	2	1	1	3
16	34600000	38599999	2	1	1	3
16	38600000	46465083	2	1	1	2
16	46465084	63350261	2	1	1	3
16	63350262	63351925	2	1	1	2
16	63351926	63485253	2	1	1	3
16	63485254	63485304	2	1	1	3
16	63485305	63495344	2	1	1	2
16	63495345	63496470	2	1	1	2
16	63496471	77622542	2	1	1	3
16	77622543	77622823	2	1	1	3
16	77622824	90354752	2	1	1	3
17	834	5505002	2	1	1	3
17	5505003	5505325	2	1	1	3
17	5505326	5521672	2	1	1	2
17	5521673	17128182	1	1	0	3
17	17128183	18408639	2	1	1	3
17	18408640	18782829	2	1	1	3
17	18782830	20902960	1	1	0	3
17	20902961	22199999	2	1	1	2
17	22200000	25799999	2	1	1	3
17	25800000	47658696	2	1	1	3
17	47658697	47658912	2	1	1	3
17	47658913	47791627	2	1	1	3
17	47791628	47791753	2	1	1	2
17	47791754	81195209	2	1	1	3
18	27500	125379	2	1	1	2
18	125380	15399999	2	1	1	3
18	15400000	18999999	2	1	1	3
18	19000000	78077247	2	1	1	3
19	102500	247287	2	1	1	2
19	247288	24399999	2	1	1	3
19	24400000	28599999	2	1	1	3
19	28600000	59128982	2	1	1	3
20	60479	25599999	1	1	0	3
20	25600000	29420075	NA	NA	NA	NA
20	29420076	63025519	3	2	1	3
21	1	10899999	NA	NA	NA	NA
21	10900000	15275664	2	1	1	2
21	15275665	39760413	2	1	1	3
21	39760414	39760536	2	1	1	2
21	39760537	39770941	2	1	1	2
21	39770942	39771172	2	1	1	2
21	39771173	39845653	2	1	1	3
21	39845654	42870570	1	1	0	3
21	42870571	48129894	2	1	1	3
22	1	12199999	2	1	1	1
22	12200000	17899999	2	1	1	3
22	17900000	25917970	2	1	1	3
22	25917971	25928727	2	1	1	3
22	25928728	29065495	2	1	1	3
22	29065496	29065801	2	1	1	3
22	29065802	29065986	2	1	1	2
22	29065987	29066121	2	1	1	2
22	29066122	51304565	2	1	1	3
X	1	1559778	1	1	0	2
X	1559779	58099999	1	1	0	3
X	58100000	62999999	1	1	0	2
X	63000000	64672323	1	1	0	3
X	64672324	64689145	1	1	0	3
X	64689146	65864637	1	1	0	3
X	65864638	65872478	3	3	0	1
X	65872479	68343234	4	4	0	2
X	68343235	70466689	1	1	0	2
X	70466690	70482466	0	0	0	1
X	70482467	70513015	1	1	0	1
X	70513016	72248515	1	1	0	2
X	72248516	73207892	2	2	0	1
X	73207893	74718886	1	1	0	2
X	74718887	75013413	2	2	0	1
X	75013414	75877655	1	1	0	2
X	75877656	76242524	3	3	0	2
X	76242525	76255289	1	1	0	2
X	76255290	76280731	1	1	0	2
X	76280732	76307237	1	1	0	2
X	76307238	76917024	3	3	0	2
X	76917025	76950950	1	1	0	2
X	76950951	77186196	1	1	0	2
X	77186197	77189330	1	1	0	2
X	77189331	77202555	1	1	0	2
X	77202556	77207408	1	1	0	2
X	77207409	77338729	1	1	0	2
X	77338730	77339747	3	3	0	1
X	77339748	78014872	1	1	0	2
X	78014873	78525003	2	2	0	2
X	78525004	79656745	2	2	0	2
X	79656746	79743817	1	1	0	2
X	79743818	80804083	2	2	0	2
X	80804084	81049696	1	1	0	2
X	81049697	81121698	2	2	0	2
X	81121699	81677684	1	1	0	2
X	81677685	81953049	1	1	0	2
X	81953050	81992998	1	1	0	2
X	81992999	82428561	1	1	0	2
X	82428562	82428574	2	2	0	1
X	82428575	155270559	1	1	0	3
Y	1	11599999	1	1	0	1
Y	11600000	13399999	1	1	0	1
Y	13400000	59373565	1	1	0	1
