chromosome	start	end	total_cn	major_cn	minor_cn	star
1	1	12242141	3	2	1	2
1	12242142	12250381	3	2	1	2
1	12250382	16189452	3	2	1	2
1	16189453	16314750	2	1	1	2
1	16314751	16949665	3	2	1	2
1	16949666	28175872	3	2	1	2
1	28175873	31189387	1	1	0	3
1	31189388	31190062	1	1	0	2
1	31190063	31439326	3	2	1	2
1	31439327	31439762	3	2	1	2
1	31439763	31906453	3	2	1	2
1	31906454	49459178	3	2	1	2
1	49459179	53376954	1	1	0	3
1	53376955	59078702	3	2	1	3
1	59078703	59199168	2	2	0	2
1	59199169	59201515	3	2	1	2
1	59201516	59202086	2	2	0	2
1	59202087	59205751	2	2	0	2
1	59205752	59206034	3	2	1	1
1	59206035	63705482	3	2	1	3
1	63705483	89872865	3	2	1	3
1	89872866	89874583	3	2	1	2
1	89874584	89936203	2	1	1	2
1	89936204	94885040	4	3	1	2
1	94885041	95963601	1	1	0	3
1	95963602	113586793	3	2	1	2
1	113586794	121499999	4	2	2	3
1	121500000	128899999	4	2	2	2
1	128900000	143541552	4	2	2	1
1	143541553	154844121	4	2	2	3
1	154844122	154846158	4	2	2	2
1	154846159	155811924	4	2	2	2
1	155811925	155881043	3	2	1	2
1	155881044	165813053	4	2	2	2
1	165813054	165901402	6	4	2	1
1	165901403	174017572	4	2	2	2
1	174017573	174416016	4	2	2	2
1	174416017	194753809	4	2	2	2
1	194753810	241847790	4	2	2	2
1	241847791	241851883	4	2	2	2
1	241851884	249250620	4	2	2	2
2	54536	9804877	4	2	2	2
2	9804878	13051511	5	3	2	2
2	13051512	13061858	4	2	2	2
2	13061859	13063812	4	2	2	2
2	13063813	72731054	4	2	2	3
2	72731055	90499999	4	2	2	3
2	90500000	96799999	4	2	2	3
2	96800000	108707477	4	2	2	3
2	108707478	127327178	4	2	2	3
2	127327179	127673419	4	2	2	2
2	127673420	156278110	4	2	2	3
2	156278111	156284190	7	5	2	2
2	156284191	157091993	7	5	2	2
2	157091994	157127254	9	7	2	2
2	157127255	157187289	10	8	2	2
2	157187290	157289395	11	9	2	2
2	157289396	157474593	12	10	2	2
2	157474594	157552499	11	9	2	2
2	157552500	157839504	8	6	2	2
2	157839505	157840851	6	4	2	1
2	157840852	158396931	7	4	3	1
2	158396932	158624471	7	4	3	1
2	158624472	158626675	7	4	3	1
2	158626676	158948025	7	4	3	1
2	158948026	158949081	5	3	2	2
2	158949082	165739684	6	4	2	1
2	165739685	171308067	7	5	2	2
2	171308068	171636520	2	2	0	2
2	171636521	171669478	4	2	2	2
2	171669479	171670380	4	2	2	1
2	171670381	173415497	7	5	2	2
2	173415498	175481678	2	2	0	2
2	175481679	180011344	4	2	2	2
2	180011345	180586459	2	2	0	2
2	180586460	180598516	4	2	2	2
2	180598517	180598975	4	2	2	2
2	180598976	180599019	4	2	2	2
2	180599020	180631561	4	2	2	2
2	180631562	180632350	4	2	2	2
2	180632351	182069228	4	2	2	2
2	182069229	182137765	2	2	0	2
2	182137766	183850076	4	2	2	2
2	183850077	183850124	4	2	2	2
2	183850125	191727874	4	2	2	2
2	191727875	191729343	4	2	2	2
2	191729344	191740176	4	2	2	2
2	191740177	191866280	2	2	0	2
2	191866281	193713613	7	5	2	2
2	193713614	194017324	7	5	2	2
2	194017325	194921716	7	5	2	2
2	194921717	195036566	7	5	2	2
2	195036567	196473528	7	5	2	2
2	196473529	196865384	7	5	2	2
2	196865385	198436747	6	4	2	2
2	198436748	198437187	6	4	2	2
2	198437188	205675500	6	4	2	2
2	205675501	205698507	6	4	2	2
2	205698508	210782222	6	4	2	2
2	210782223	225279852	6	4	2	2
2	225279853	225634399	7	5	2	2
2	225634400	225656255	6	4	2	2
2	225656256	228380749	7	5	2	2
2	228380750	242892500	5	3	2	2
3	100074	7803724	4	2	2	2
3	7803725	9175061	4	2	2	2
3	9175062	9247288	2	2	0	2
3	9247289	9467710	4	2	2	2
3	9467711	9543592	4	2	2	2
3	9543593	9845285	4	2	2	2
3	9845286	10239927	2	2	0	2
3	10239928	27529033	4	2	2	2
3	27529034	27529338	4	2	2	2
3	27529339	32985862	4	2	2	2
3	32985863	55788567	4	2	2	2
3	55788568	60482347	4	2	2	2
3	60482348	60484493	3	2	1	2
3	60484494	60992363	3	2	1	1
3	60992364	71050001	4	2	2	2
3	71050002	73497957	2	2	0	3
3	73497958	80586187	4	2	2	2
3	80586188	80586563	4	2	2	2
3	80586564	87899999	4	2	2	2
3	87900000	93899999	4	2	2	2
3	93900000	105215275	4	2	2	3
3	105215276	105215387	4	2	2	2
3	105215388	105215662	4	2	2	2
3	105215663	105393697	4	2	2	2
3	105393698	105397276	4	2	2	2
3	105397277	119088286	4	2	2	3
3	119088287	119216050	4	2	2	2
3	119216051	119216557	4	2	2	2
3	119216558	119359806	4	2	2	2
3	119359807	119360489	4	2	2	2
3	119360490	119364725	4	2	2	2
3	119364726	119365355	4	2	2	2
3	119365356	130465103	4	2	2	2
3	130465104	130815472	4	2	2	2
3	130815473	131494851	4	2	2	3
3	131494852	131494912	4	2	2	2
3	131494913	132031282	4	2	2	3
3	132031283	132568687	4	2	2	2
3	132568688	136111853	4	2	2	3
3	136111854	136115886	4	2	2	2
3	136115887	156546953	4	2	2	3
3	156546954	156553035	4	2	2	2
3	156553036	156554120	4	2	2	1
3	156554121	156555852	4	2	2	1
3	156555853	156557274	4	2	2	1
3	156557275	156558985	4	2	2	2
3	156558986	156749776	4	2	2	2
3	156749777	156750375	4	2	2	2
3	156750376	188151054	4	2	2	3
3	188151055	189240900	4	2	2	2
3	189240901	197868489	4	2	2	3
4	72048	33522910	2	2	0	2
4	33522911	35441735	2	2	0	2
4	35441736	40087109	4	2	2	2
4	40087110	40140110	5	3	2	2
4	40140111	42107957	4	2	2	2
4	42107958	42226283	5	3	2	2
4	42226284	42534885	4	2	2	2
4	42534886	48199999	2	2	0	2
4	48200000	52720953	2	2	0	2
4	52720954	52721784	2	2	0	2
4	52721785	52722306	2	2	0	2
4	52722307	52722883	2	2	0	2
4	52722884	52731055	2	2	0	2
4	52731056	52874451	5	3	2	2
4	52874452	52877536	4	2	2	2
4	52877537	55137117	4	2	2	2
4	55137118	55141045	4	2	2	2
4	55141046	55310948	5	3	2	2
4	55310949	64762737	3	2	1	2
4	64762738	67887471	4	2	2	2
4	67887472	69496050	4	2	2	2
4	69496051	71684326	4	2	2	2
4	71684327	72222845	3	2	1	3
4	72222846	90628438	4	2	2	2
4	90628439	90697602	6	4	2	2
4	90697603	90948098	6	4	2	2
4	90948099	91032467	6	4	2	2
4	91032468	91198998	6	4	2	2
4	91198999	91595572	6	4	2	2
4	91595573	91986019	4	2	2	2
4	91986020	92034582	3	2	1	2
4	92034583	92071837	3	2	1	2
4	92071838	92374524	4	2	2	2
4	92374525	106538151	4	2	2	2
4	106538152	107084664	3	2	1	2
4	107084665	114597665	4	2	2	2
4	114597666	114602064	4	2	2	2
4	114602065	129766863	4	2	2	2
4	129766864	129777995	4	2	2	2
4	129777996	131898406	4	2	2	2
4	131898407	142853986	2	2	0	2
4	142853987	152028570	4	2	2	2
4	152028571	153077815	5	3	2	2
4	153077816	173456054	4	2	2	2
4	173456055	175079175	5	3	2	2
4	175079176	191154275	4	2	2	2
5	22500	488019	1	1	0	2
5	488020	852220	3	2	1	2
5	852221	2267491	4	3	1	1
5	2267492	4863734	6	4	2	2
5	4863735	6224534	3	2	1	1
5	6224535	7626454	4	3	1	1
5	7626455	9057303	4	2	2	2
5	9057304	9147570	6	4	2	2
5	9147571	9278782	6	4	2	2
5	9278783	12560012	3	2	1	1
5	12560013	14310561	4	2	2	2
5	14310562	14705282	5	3	2	2
5	14705283	14711410	4	2	2	2
5	14711411	14712603	4	2	2	2
5	14712604	46099999	4	2	2	2
5	46100000	50699999	NA	NA	NA	NA
5	50700000	54793549	3	2	1	2
5	54793550	66301473	3	2	1	2
5	66301474	81191094	3	2	1	2
5	81191095	81191147	3	2	1	2
5	81191148	94806914	3	2	1	2
5	94806915	118452076	2	2	0	2
5	118452077	118595661	1	1	0	2
5	118595662	132699317	2	2	0	2
5	132699318	133946061	3	2	1	3
5	133946062	133950391	3	2	1	2
5	133950392	150526903	3	2	1	3
5	150526904	150534558	3	2	1	2
5	150534559	180730532	3	2	1	3
6	202452	6839995	3	2	1	3
6	6839996	7337960	3	2	1	3
6	7337961	10066924	3	2	1	3
6	10066925	10123116	4	2	2	2
6	10123117	34823370	3	2	1	3
6	34823371	34846028	2	1	1	2
6	34846029	58699999	3	2	1	3
6	58700000	63299999	3	2	1	2
6	63300000	80667421	3	2	1	3
6	80667422	110728429	1	1	0	3
6	110728430	121291443	3	2	1	2
6	121291444	158387282	4	2	2	3
6	158387283	158492895	4	2	2	2
6	158492896	170919735	4	2	2	3
7	40386	57999999	4	2	2	2
7	58000000	61699999	4	2	2	2
7	61700000	108908465	4	2	2	2
7	108908466	113180679	4	2	2	2
7	113180680	113180720	4	2	2	2
7	113180721	123329711	4	2	2	2
7	123329712	123372978	5	3	2	2
7	123372979	128294049	4	2	2	2
7	128294050	131012279	5	3	2	2
7	131012280	132490176	4	2	2	2
7	132490177	133058934	4	2	2	2
7	133058935	133652084	4	2	2	2
7	133652085	133912448	4	2	2	2
7	133912449	136671769	4	2	2	1
7	136671770	142357500	4	2	2	2
7	142357501	142791619	5	3	2	2
7	142791620	142803630	5	3	2	2
7	142803631	145847933	5	3	2	2
7	145847934	146227303	4	2	2	2
7	146227304	146481133	5	3	2	2
7	146481134	146651192	5	3	2	2
7	146651193	147108007	5	3	2	2
7	147108008	147193996	4	2	2	2
7	147193997	151326960	5	3	2	2
7	151326961	154991042	2	2	0	2
7	154991043	158255009	5	3	2	2
7	158255010	158765947	4	2	2	2
7	158765948	158767729	4	2	2	2
7	158767730	158787197	4	2	2	2
7	158787198	158789483	4	2	2	2
8	217895	34708009	2	2	0	2
8	34708010	34709946	2	2	0	2
8	34709947	42496300	2	2	0	2
8	42496301	48099999	NA	NA	NA	NA
8	48100000	58719619	4	2	2	2
8	58719620	58724626	4	2	2	2
8	58724627	58737891	4	2	2	2
8	58737892	58820647	3	3	0	2
8	58820648	64500544	4	2	2	2
8	64500545	64503272	4	2	2	2
8	64503273	95934225	4	2	2	2
8	95934226	96292685	3	2	1	2
8	96292686	96292749	3	2	1	1
8	96292750	96416139	4	2	2	2
8	96416140	96417862	4	2	2	2
8	96417863	106429772	4	2	2	2
8	106429773	106429919	4	2	2	2
8	106429920	141115046	4	2	2	2
8	141115047	141620175	3	2	1	2
8	141620176	141740497	3	2	1	2
8	141740498	141756993	4	3	1	2
8	141756994	146364021	5	3	2	2
9	47500	16323507	4	2	2	2
9	16323508	16371063	3	2	1	2
9	16371064	35963563	4	2	2	2
9	35963564	36792050	3	2	1	2
9	36792051	38697772	4	2	2	3
9	38697773	38722575	3	2	1	2
9	38722576	47299999	3	2	1	1
9	47300000	50699999	NA	NA	NA	NA
9	50700000	73507665	4	2	2	2
9	73507666	75803907	3	2	1	1
9	75803908	97112279	4	2	2	3
9	97112280	104490070	5	3	2	3
9	104490071	106383319	4	3	1	1
9	106383320	106971722	5	3	2	2
9	106971723	107269997	3	3	0	3
9	107269998	107270436	3	2	1	1
9	107270437	107270552	5	3	2	1
9	107270553	118258249	5	3	2	3
9	118258250	118258269	5	3	2	2
9	118258270	140562394	5	3	2	3
9	140562395	140562438	5	3	2	2
10	93528	15428340	4	2	2	2
10	15428341	15711669	4	2	2	2
10	15711670	15711907	2	2	0	1
10	15711908	37999999	4	2	2	2
10	38000000	42299999	4	2	2	2
10	42300000	63932597	4	2	2	3
10	63932598	63936726	4	2	2	2
10	63936727	63940964	5	3	2	1
10	63940965	63951963	5	3	2	1
10	63951964	64605136	5	3	2	2
10	64605137	65055451	5	3	2	3
10	65055452	65393031	5	3	2	2
10	65393032	65473440	6	3	3	2
10	65473441	70623174	5	3	2	2
10	70623175	70623551	4	2	2	2
10	70623552	86126031	5	3	2	2
10	86126032	89672287	3	3	0	2
10	89672288	89673044	2	2	0	2
10	89673045	104502401	2	2	0	3
10	104502402	135208171	4	2	2	3
10	135208172	135208469	4	2	2	2
11	196944	6457814	3	2	1	2
11	6457815	6457951	3	2	1	2
11	6457952	6467369	3	2	1	2
11	6467370	6469176	3	2	1	2
11	6469177	6528695	3	2	1	2
11	6528696	6531466	3	2	1	2
11	6531467	6681429	3	2	1	2
11	6681430	6685440	2	2	0	2
11	6685441	6708007	4	2	2	2
11	6708008	6722661	2	2	0	2
11	6722662	6741043	3	2	1	2
11	6741044	6741530	3	2	1	2
11	6741531	6741928	3	2	1	2
11	6741929	6743497	3	2	1	2
11	6743498	27394623	3	2	1	2
11	27394624	28015669	3	2	1	2
11	28015670	41427258	3	2	1	2
11	41427259	41728349	3	2	1	2
11	41728350	51599999	3	2	1	2
11	51600000	55699999	3	2	1	2
11	55700000	71050519	3	2	1	3
11	71050520	71050568	3	2	1	2
11	71050569	74823197	3	2	1	3
11	74823198	75522662	3	2	1	2
11	75522663	90597756	3	2	1	3
11	90597757	92842655	4	2	2	3
11	92842656	104584933	3	2	1	3
11	104584934	104584973	3	2	1	2
11	104584974	135006515	3	2	1	3
12	110107	186072	2	2	0	1
12	186073	12560713	2	2	0	3
12	12560714	13226377	1	1	0	2
12	13226378	16048005	2	2	0	3
12	16048006	17927632	4	2	2	3
12	17927633	17927659	4	2	2	2
12	17927660	33299999	4	2	2	3
12	33300000	38199999	4	2	2	2
12	38200000	42913240	4	2	2	3
12	42913241	44357034	3	2	1	2
12	44357035	45436529	4	2	2	2
12	45436530	45472200	4	2	2	2
12	45472201	53810014	4	2	2	2
12	53810015	55526122	5	3	2	2
12	55526123	99789597	5	3	2	2
12	99789598	100053231	4	2	2	2
12	100053232	110830420	5	3	2	2
12	110830421	111902466	2	2	0	2
12	111902467	133851894	5	3	2	2
13	1	16299999	NA	NA	NA	NA
13	16300000	19499999	4	2	2	2
13	19500000	24294464	5	3	2	2
13	24294465	24304546	2	2	0	1
13	24304547	24309158	4	2	2	2
13	24309159	24311795	3	3	0	1
13	24311796	41344537	5	3	2	2
13	41344538	61460431	2	2	0	2
13	61460432	61460716	2	2	0	2
13	61460717	115169877	2	2	0	3
14	1	16099999	NA	NA	NA	NA
14	16100000	19099999	5	4	1	1
14	19100000	20433515	5	3	2	2
14	20433516	21684998	5	3	2	2
14	21684999	21685029	5	3	2	2
14	21685030	67740859	4	2	2	3
14	67740860	68144295	3	2	1	2
14	68144296	68551484	4	2	2	3
14	68551485	68938714	4	2	2	2
14	68938715	92445199	4	2	2	3
14	92445200	92796587	3	2	1	1
14	92796588	105558774	4	2	2	2
14	105558775	105558819	4	2	2	2
14	105558820	107349539	5	3	2	2
15	1	15799999	NA	NA	NA	NA
15	15800000	20699999	3	2	1	1
15	20700000	22652851	3	2	1	2
15	22652852	57055111	3	2	1	3
15	57055112	57258145	2	2	0	3
15	57258146	102401912	3	2	1	3
16	83807	7723268	4	2	2	2
16	7723269	7728895	4	2	2	2
16	7728896	10510872	4	2	2	2
16	10510873	10510883	4	2	2	2
16	10510884	12908902	5	3	2	2
16	12908903	29345271	5	3	2	2
16	29345272	34599999	4	2	2	2
16	34600000	38599999	4	2	2	2
16	38600000	46447499	4	2	2	2
16	46447500	52101388	4	2	2	3
16	52101389	70179886	2	2	0	2
16	70179887	70184771	2	2	0	2
16	70184772	79709564	2	2	0	2
16	79709565	79893318	3	3	0	3
16	79893319	90354752	2	2	0	2
17	7	7963888	2	2	0	2
17	7963889	7974537	4	2	2	2
17	7974538	15899186	2	2	0	2
17	15899187	22199999	3	2	1	2
17	22200000	25799999	3	2	1	2
17	25800000	31764533	3	2	1	2
17	31764534	31765636	3	2	1	2
17	31765637	35848210	3	2	1	2
17	35848211	36785627	4	2	2	2
17	36785628	48603890	4	2	2	2
17	48603891	48604067	4	2	2	2
17	48604068	48618943	4	2	2	2
17	48618944	48618990	4	2	2	2
17	48618991	49836678	4	2	2	2
17	49836679	49863183	5	3	2	2
17	49863184	49864275	5	3	2	2
17	49864276	67272519	5	3	2	2
17	67272520	67302306	5	3	2	2
17	67302307	76596914	5	3	2	2
17	76596915	79173526	4	2	2	2
17	79173527	79221417	3	2	1	2
17	79221418	80893482	4	2	2	2
17	80893483	80902519	4	2	2	2
18	27500	4656192	3	2	1	2
18	4656193	13225706	4	2	2	2
18	13225707	14541306	4	2	2	2
18	14541307	18999999	NA	NA	NA	NA
18	19000000	40902951	4	2	2	2
18	40902952	40924160	5	3	2	2
18	40924161	40928720	5	3	2	2
18	40928721	42459434	4	2	2	2
18	42459435	42461661	4	2	2	2
18	42461662	78077247	4	2	2	2
19	102500	293345	3	2	1	2
19	293346	24399999	3	2	1	2
19	24400000	28599999	NA	NA	NA	NA
19	28600000	30813522	5	3	2	2
19	30813523	31502499	4	2	2	3
19	31502500	35551464	3	2	1	2
19	35551465	35845263	4	2	2	2
19	35845264	39272511	4	2	2	2
19	39272512	40708912	3	2	1	2
19	40708913	40709686	3	2	1	2
19	40709687	44660347	3	2	1	2
19	44660348	47655019	1	1	0	3
19	47655020	59128982	3	2	1	2
20	60479	9265161	3	3	0	2
20	9265162	9275979	2	2	0	1
20	9275980	18427178	3	2	1	2
20	18427179	25599999	4	3	1	1
20	25600000	29447500	4	3	1	1
20	29447501	29837249	4	3	1	1
20	29837250	29959502	3	3	0	1
20	29959503	29961384	1	1	0	1
20	29961385	29961556	4	4	0	1
20	29961557	48662814	4	4	0	1
20	48662815	48870736	6	6	0	2
20	48870737	62859988	4	4	0	1
21	1	9417499	NA	NA	NA	NA
21	9417500	10899999	NA	NA	NA	NA
21	10900000	14299999	4	2	2	2
21	14300000	22156806	3	2	1	2
21	22156807	22255197	1	1	0	2
21	22255198	39853788	3	2	1	2
21	39853789	39853987	3	2	1	1
21	39853988	42861870	4	2	2	2
21	42861871	42861930	4	2	2	2
21	42861931	48129894	3	2	1	2
22	1	12199999	NA	NA	NA	NA
22	12200000	17899999	4	2	2	2
22	17900000	35853043	4	2	2	3
22	35853044	45468274	3	2	1	2
22	45468275	45478966	1	1	0	2
22	45478967	45491236	1	1	0	2
22	45491237	47562124	1	1	0	3
22	47562125	47580773	3	2	1	2
22	47580774	47587749	3	2	1	2
22	47587750	47626687	3	2	1	2
22	47626688	47692647	3	2	1	2
22	47692648	51304565	3	2	1	2
X	1	58099999	3	3	0	2
X	58100000	62999999	NA	NA	NA	NA
X	63000000	68514804	3	3	0	1
X	68514805	99226525	3	3	0	2
X	99226526	99262294	4	4	0	1
X	99262295	155270559	3	3	0	1
Y	1	11599999	0	0	0	1
Y	11600000	13399999	NA	NA	NA	NA
Y	13400000	59373565	0	0	0	1
