chromosome	start	end	total_cn	major_cn	minor_cn	star
1	1	121499999	4	4	0	2
1	121500000	128899999	NA	NA	NA	NA
1	128900000	143535938	3	3	0	1
1	143535939	144650889	7	5	2	1
1	144650890	145373052	16	16	0	1
1	145373053	147798171	4	4	0	1
1	147798172	176826813	5	5	0	2
1	176826814	199301086	5	5	0	2
1	199301087	199301981	5	5	0	2
1	199301982	237201832	5	5	0	2
1	237201833	237201865	5	5	0	2
1	237201866	242230065	5	5	0	2
1	242230066	242424544	4	4	0	2
1	242424545	249250620	5	5	0	2
2	20016	4675255	6	5	1	2
2	4675256	4676783	6	5	1	2
2	4676784	19030254	6	5	1	2
2	19030255	19765255	7	6	1	2
2	19765256	20641935	6	5	1	2
2	20641936	20798052	6	5	1	2
2	20798053	28567245	6	5	1	2
2	28567246	28617009	7	5	2	2
2	28617010	30271999	6	5	1	2
2	30272000	58531028	5	5	0	2
2	58531029	75087821	5	5	0	2
2	75087822	81671899	6	5	1	2
2	81671900	89847499	6	5	1	2
2	89847500	96799999	6	5	1	2
2	96800000	103639432	6	5	1	2
2	103639433	106634227	7	5	2	2
2	106634228	108066512	22	20	2	1
2	108066513	121719582	7	5	2	2
2	121719583	121719593	6	5	1	2
2	121719594	125954054	6	5	1	2
2	125954055	125954145	4	3	1	1
2	125954146	130737072	4	3	1	2
2	130737073	136152781	1	1	0	2
2	136152782	169240624	3	2	1	2
2	169240625	170260471	1	1	0	2
2	170260472	186036276	3	2	1	1
2	186036277	186650340	3	3	0	2
2	186650341	188678376	5	3	2	1
2	188678377	231641335	4	2	2	2
2	231641336	231643886	5	3	2	1
2	231643887	242985493	5	3	2	1
3	105459	4677586	10	7	3	2
3	4677587	4678581	10	7	3	2
3	4678582	4706285	11	7	4	2
3	4706286	4711005	18	15	3	2
3	4711006	4711249	11	7	4	1
3	4711250	4714773	9	7	2	1
3	4714774	4715167	11	7	4	1
3	4715168	5161840	11	7	4	2
3	5161841	5163441	12	7	5	1
3	5163442	5163797	12	7	5	1
3	5163798	5166822	12	7	5	1
3	5166823	5167606	12	7	5	1
3	5167607	5187335	12	7	5	2
3	5187336	5228670	12	7	5	1
3	5228671	5230156	10	7	3	2
3	5230157	5230372	10	7	3	2
3	5230373	5237427	17	14	3	1
3	5237428	5250176	17	14	3	1
3	5250177	5250430	10	7	3	2
3	5250431	16659824	10	7	3	2
3	16659825	17068478	3	3	0	2
3	17068479	28516251	10	7	3	2
3	28516252	28517251	10	7	3	2
3	28517252	30366661	10	7	3	2
3	30366662	31624370	3	3	0	2
3	31624371	33677909	10	7	3	2
3	33677910	33890491	17	14	3	1
3	33890492	41312244	10	7	3	2
3	41312245	41388822	8	5	3	1
3	41388823	41392206	8	5	3	1
3	41392207	71104022	8	5	3	2
3	71104023	72377410	10	7	3	2
3	72377411	73904810	3	3	0	2
3	73904811	73911222	8	5	3	1
3	73911223	73911374	8	5	3	1
3	73911375	74870151	8	5	3	2
3	74870152	81292856	8	5	3	2
3	81292857	81297694	8	5	3	2
3	81297695	82953099	8	5	3	2
3	82953100	87618635	8	5	3	2
3	87618636	87666876	9	5	4	2
3	87666877	87690822	8	5	3	2
3	87690823	87899999	8	5	3	2
3	87900000	93899999	9	5	4	2
3	93900000	96478515	10	6	4	2
3	96478516	96713893	10	6	4	2
3	96713894	96795527	10	6	4	2
3	96795528	97408754	10	6	4	2
3	97408755	106855354	9	6	3	1
3	106855355	108573388	9	6	3	1
3	108573389	108659774	11	8	3	2
3	108659775	113978754	10	7	3	2
3	113978755	113984140	10	7	3	2
3	113984141	123314305	10	7	3	2
3	123314306	123370345	10	7	3	2
3	123370346	127186748	10	7	3	2
3	127186749	127394100	12	6	6	1
3	127394101	155068061	10	7	3	2
3	155068062	155577697	12	6	6	1
3	155577698	155582929	12	6	6	1
3	155582930	155709118	12	6	6	1
3	155709119	170649353	9	6	3	2
3	170649354	179098469	9	6	3	2
3	179098470	179098510	8	6	2	1
3	179098511	179577151	8	6	2	2
3	179577152	179594991	8	6	2	1
3	179594992	193282003	8	6	2	2
3	193282004	193758307	20	18	2	1
3	193758308	197847500	9	7	2	2
4	50084	39365658	4	2	2	1
4	39365659	39417328	2	2	0	2
4	39417329	48199999	4	2	2	1
4	48200000	52699999	4	2	2	1
4	52700000	55290535	4	2	2	1
4	55290536	62843406	4	3	1	2
4	62843407	62893405	5	3	2	2
4	62893406	62974898	5	3	2	2
4	62974899	89942815	3	2	1	2
4	89942816	89943053	4	2	2	2
4	89943054	92062984	4	2	2	2
4	92062985	92066252	5	3	2	1
4	92066253	112824253	3	2	1	2
4	112824254	112827137	2	2	0	2
4	112827138	113923666	4	2	2	2
4	113923667	113924327	4	2	2	2
4	113924328	123431396	4	2	2	2
4	123431397	123431989	4	2	2	2
4	123431990	138930163	4	2	2	2
4	138930164	138930426	4	2	2	2
4	138930427	181305915	4	2	2	2
4	181305916	184182912	4	2	2	2
4	184182913	191154275	4	2	2	2
5	22500	10589994	7	4	3	2
5	10589995	13735144	4	2	2	2
5	13735145	13817344	6	3	3	2
5	13817345	13852404	6	3	3	2
5	13852405	32190001	4	2	2	2
5	32190002	32589247	7	4	3	2
5	32589248	43423623	4	2	2	2
5	43423624	43454748	6	4	2	1
5	43454749	46099999	4	2	2	2
5	46100000	50699999	5	4	1	2
5	50700000	51979964	5	4	1	2
5	51979965	51980591	4	3	1	1
5	51980592	52389346	6	5	1	2
5	52389347	54460009	5	4	1	2
5	54460010	56110776	3	2	1	2
5	56110777	56110829	3	2	1	2
5	56110830	58459339	3	2	1	2
5	58459340	58542539	0	0	0	1
5	58542540	73936851	3	2	1	2
5	73936852	74204856	6	5	1	1
5	74204857	74449786	7	4	3	2
5	74449787	74575417	8	4	4	1
5	74575418	74601855	6	5	1	2
5	74601856	75165441	5	4	1	2
5	75165442	75288495	6	4	2	2
5	75288496	75868194	5	4	1	2
5	75868195	76638097	7	6	1	1
5	76638098	76638147	7	5	2	1
5	76638148	77055168	7	5	2	2
5	77055169	77328978	8	5	3	2
5	77328979	77609384	6	5	1	2
5	77609385	77640011	6	5	1	2
5	77640012	77955934	6	5	1	1
5	77955935	77994569	6	5	1	1
5	77994570	79520579	6	5	1	2
5	79520580	104995836	3	2	1	2
5	104995837	111498284	4	3	1	2
5	111498285	111757561	3	3	0	2
5	111757562	111762531	5	3	2	1
5	111762532	111764536	5	3	2	1
5	111764537	118350238	5	3	2	1
5	118350239	118452923	2	2	0	1
5	118452924	118453573	6	3	3	1
5	118453574	118453981	6	3	3	1
5	118453982	118956250	6	3	3	1
5	118956251	118959605	3	3	0	1
5	118959606	118960471	3	2	1	1
5	118960472	119075979	3	3	0	2
5	119075980	119077414	13	7	6	1
5	119077415	119080289	4	3	1	1
5	119080290	158562814	4	3	1	2
5	158562815	158574073	4	3	1	2
5	158574074	164063536	4	3	1	2
5	164063537	165229492	7	6	1	2
5	165229493	165229641	7	6	1	2
5	165229642	165231483	7	6	1	2
5	165231484	165231541	7	6	1	2
5	165231542	165231865	7	6	1	2
5	165231866	165609433	7	6	1	2
5	165609434	165730445	17	16	1	1
5	165730446	165735757	17	16	1	1
5	165735758	165769406	17	16	1	1
5	165769407	165879232	7	6	1	2
5	165879233	172199209	4	3	1	2
5	172199210	174259972	6	5	1	2
5	174259973	176494961	7	5	2	2
5	176494962	176519583	7	5	2	2
5	176519584	179718724	6	4	2	2
5	179718725	180715810	4	2	2	2
6	231101	293858	2	1	1	2
6	293859	26707979	1	1	0	2
6	26707980	26825053	19	18	1	1
6	26825054	31347966	7	6	1	1
6	31347967	32927285	7	6	1	1
6	32927286	33218339	8	7	1	1
6	33218340	36195272	7	6	1	1
6	36195273	37011336	17	16	1	1
6	37011337	38872462	7	6	1	2
6	38872463	39371763	16	15	1	1
6	39371764	39396915	7	6	1	2
6	39396916	39551593	7	6	1	1
6	39551594	44785254	7	6	1	2
6	44785255	47700091	5	4	1	2
6	47700092	47701555	5	3	2	1
6	47701556	47716546	6	4	2	1
6	47716547	47893359	3	2	1	2
6	47893360	51160851	5	4	1	2
6	51160852	52632833	3	2	1	2
6	52632834	53368500	5	4	1	2
6	53368501	53414711	3	2	1	2
6	53414712	53414877	3	2	1	2
6	53414878	53436142	3	2	1	2
6	53436143	53436762	3	2	1	2
6	53436763	53451694	3	2	1	2
6	53451695	53451812	3	2	1	1
6	53451813	53452125	3	2	1	1
6	53452126	53452364	3	2	1	1
6	53452365	53458266	3	2	1	2
6	53458267	58699999	3	2	1	2
6	58700000	63299999	3	2	1	2
6	63300000	89481658	3	2	1	2
6	89481659	115786874	4	2	2	2
6	115786875	115827368	2	2	0	2
6	115827369	160103846	4	2	2	2
6	160103847	170899934	2	2	0	2
7	40386	4667333	7	4	3	2
7	4667334	4667792	7	4	3	2
7	4667793	20348548	7	4	3	2
7	20348549	20610524	9	5	4	2
7	20610525	23164092	7	4	3	2
7	23164093	25203173	7	4	3	2
7	25203174	26208619	9	5	4	2
7	26208620	26914324	7	4	3	2
7	26914325	26988509	9	5	4	2
7	26988510	26991932	9	5	4	2
7	26991933	27284797	9	5	4	2
7	27284798	35694964	7	4	3	2
7	35694965	57999999	6	4	2	2
7	58000000	62036122	6	4	2	2
7	62036123	80294963	3	2	1	2
7	80294964	80989195	6	4	2	2
7	80989196	90436199	4	2	2	2
7	90436200	90436240	5	3	2	1
7	90436241	111168461	4	2	2	1
7	111168462	111432189	6	4	2	1
7	111432190	159138662	4	3	1	2
8	161635	22196742	2	2	0	2
8	22196743	22197428	2	2	0	1
8	22197429	22197465	2	2	0	1
8	22197466	27904260	2	2	0	2
8	27904261	40453965	2	2	0	2
8	40453966	43099999	2	2	0	2
8	43100000	48099999	8	7	1	1
8	48100000	50274724	10	6	4	2
8	50274725	52791345	12	8	4	2
8	52791346	55705726	11	7	4	2
8	55705727	55870760	12	8	4	2
8	55870761	57146069	8	6	2	2
8	57146070	57164146	8	6	2	2
8	57164147	57250200	8	6	2	2
8	57250201	57305350	11	7	4	2
8	57305351	57512176	11	7	4	2
8	57512177	57512591	11	7	4	2
8	57512592	61044436	11	7	4	2
8	61044437	61625597	11	7	4	2
8	61625598	69074609	7	5	2	2
8	69074610	69096841	11	7	4	2
8	69096842	69102608	11	7	4	2
8	69102609	73388688	7	5	2	2
8	73388689	73914749	19	16	3	1
8	73914750	74417499	19	16	3	1
8	74417500	75982500	8	6	2	1
8	75982501	94780894	7	5	2	1
8	94780895	95356816	8	4	4	1
8	95356817	101836969	6	4	2	2
8	101836970	101912429	11	8	3	2
8	101912430	102363601	11	7	4	2
8	102363602	102498711	8	6	2	1
8	102498712	102499328	22	20	2	1
8	102499329	102510902	22	20	2	1
8	102510903	102618205	22	20	2	1
8	102618206	102618435	22	20	2	1
8	102618436	103179335	22	20	2	1
8	103179336	103179759	25	23	2	1
8	103179760	104077258	25	23	2	1
8	104077259	104481408	15	11	4	2
8	104481409	104727869	19	17	2	1
8	104727870	104750505	19	17	2	1
8	104750506	104779812	14	10	4	2
8	104779813	104779860	14	10	4	1
8	104779861	104781334	14	10	4	1
8	104781335	104781346	14	10	4	1
8	104781347	104781665	14	10	4	1
8	104781666	105181149	11	7	4	2
8	105181150	107817247	6	4	2	2
8	107817248	107985797	8	5	3	1
8	107985798	108699262	14	10	4	2
8	108699263	109221559	19	17	2	1
8	109221560	109289792	14	10	4	2
8	109289793	109296734	16	14	2	2
8	109296735	110042089	14	10	4	2
8	110042090	112527938	12	8	4	2
8	112527939	112534945	12	8	4	2
8	112534946	114087679	12	8	4	2
8	114087680	114091270	12	8	4	2
8	114091271	117833653	12	8	4	2
8	117833654	118002823	7	5	2	1
8	118002824	119977286	12	8	4	2
8	119977287	120347669	8	6	2	1
8	120347670	121773098	12	8	4	2
8	121773099	128067112	7	5	2	2
8	128067113	130342018	8	6	2	1
8	130342019	130348466	8	8	0	2
8	130348467	130349762	8	8	0	2
8	130349763	130351763	9	8	1	1
8	130351764	130352927	6	6	0	1
8	130352928	130494500	8	8	0	2
8	130494501	131483037	8	6	2	1
8	131483038	139355827	11	7	4	2
8	139355828	139765646	5	5	0	1
8	139765647	139766860	7	7	0	1
8	139766861	139767835	7	5	2	1
8	139767836	141091446	11	7	4	2
8	141091447	141092739	7	4	3	2
8	141092740	142860035	7	5	2	1
8	142860036	146364021	5	3	2	1
9	47500	223728	4	2	2	2
9	223729	13166848	4	2	2	2
9	13166849	36722914	4	2	2	2
9	36722915	47299999	4	2	2	2
9	47300000	50699999	4	2	2	2
9	50700000	66494187	4	2	2	2
9	66494188	78306761	4	2	2	2
9	78306762	80262234	5	3	2	2
9	80262235	80267688	4	2	2	2
9	80267689	80267872	4	2	2	2
9	80267873	141213430	4	2	2	2
10	95074	6992552	3	2	1	2
10	6992553	6993788	3	2	1	2
10	6993789	17546768	3	2	1	2
10	17546769	17546818	3	2	1	1
10	17546819	37999999	4	2	2	2
10	38000000	42424020	4	2	2	2
10	42424021	82580721	4	2	2	2
10	82580722	82757958	2	2	0	2
10	82757959	82759003	7	4	3	1
10	82759004	82760991	4	4	0	1
10	82760992	86853126	4	2	2	2
10	86853127	87159411	2	2	0	2
10	87159412	87361329	6	4	2	2
10	87361330	87361574	4	3	1	1
10	87361575	87367392	2	1	1	1
10	87367393	87407666	2	1	1	1
10	87407667	87409871	4	3	1	1
10	87409872	87410581	4	3	1	1
10	87410582	87441876	6	3	3	1
10	87441877	87468339	1	1	0	2
10	87468340	87471822	1	1	0	2
10	87471823	87472266	1	1	0	2
10	87472267	87473552	1	1	0	1
10	87473553	87493840	1	1	0	1
10	87493841	87495224	1	1	0	2
10	87495225	87541338	1	1	0	2
10	87541339	87595790	6	4	2	1
10	87595791	87991075	2	2	0	1
10	87991076	87992339	3	2	1	1
10	87992340	87994011	6	3	3	1
10	87994012	88012858	6	3	3	1
10	88012859	88021110	4	2	2	1
10	88021111	88025032	5	4	1	2
10	88025033	88025413	4	2	2	2
10	88025414	89489514	4	2	2	2
10	89489515	89679098	2	2	0	2
10	89679099	89681075	2	2	0	2
10	89681076	89683269	2	2	0	1
10	89683270	89683315	2	2	0	1
10	89683316	89686380	2	2	0	1
10	89686381	89688821	2	2	0	1
10	89688822	89822165	2	2	0	2
10	89822166	90019652	6	4	2	2
10	90019653	90019700	6	4	2	1
10	90019701	90033928	6	4	2	1
10	90033929	90043552	6	4	2	1
10	90043553	90045738	0	0	0	1
10	90045739	90406957	2	2	0	2
10	90406958	90416585	4	2	2	2
10	90416586	90416711	4	2	2	2
10	90416712	97505941	4	2	2	2
10	97505942	101814155	2	2	0	2
10	101814156	135534746	4	2	2	2
11	216324	6542121	5	3	2	2
11	6542122	10313359	5	3	2	2
11	10313360	10326004	6	3	3	1
11	10326005	10328634	6	3	3	1
11	10328635	10529213	6	3	3	1
11	10529214	10643751	6	3	3	1
11	10643752	10980225	6	3	3	1
11	10980226	11184330	6	3	3	1
11	11184331	11271928	6	3	3	1
11	11271929	11731036	6	3	3	2
11	11731037	11738873	5	3	2	2
11	11738874	11861795	6	3	3	2
11	11861796	11893476	6	3	3	1
11	11893477	12153662	6	3	3	1
11	12153663	12157488	6	3	3	1
11	12157489	14461166	5	3	2	2
11	14461167	15950045	5	3	2	2
11	15950046	15950380	5	3	2	2
11	15950381	21820139	5	3	2	2
11	21820140	21820629	5	3	2	2
11	21820630	23778946	5	3	2	2
11	23778947	23779340	5	3	2	2
11	23779341	23786150	5	3	2	2
11	23786151	23801311	8	4	4	1
11	23801312	23987237	8	4	4	1
11	23987238	23988393	5	3	2	1
11	23988394	24506308	4	2	2	2
11	24506309	25550188	8	4	4	1
11	25550189	25591510	8	4	4	1
11	25591511	25632924	12	8	4	1
11	25632925	25644151	9	6	3	1
11	25644152	25654460	9	6	3	1
11	25654461	25742080	9	6	3	1
11	25742081	25872552	9	6	3	2
11	25872553	26374496	9	6	3	2
11	26374497	27261741	9	6	3	1
11	27261742	27899934	7	4	3	2
11	27899935	27946914	6	3	3	2
11	27946915	28775307	7	4	3	2
11	28775308	28775362	6	3	3	2
11	28775363	28844754	5	3	2	2
11	28844755	29142499	6	3	3	2
11	29142500	29180458	8	5	3	1
11	29180459	29284840	10	7	3	2
11	29284841	29379513	17	14	3	1
11	29379514	29663326	6	3	3	1
11	29663327	29756512	6	3	3	1
11	29756513	29865217	6	3	3	1
11	29865218	30594209	6	3	3	1
11	30594210	30691451	6	3	3	1
11	30691452	30953976	6	3	3	1
11	30953977	31811555	6	3	3	2
11	31811556	32141067	5	3	2	2
11	32141068	32261851	6	3	3	1
11	32261852	32318803	6	3	3	1
11	32318804	32727093	6	3	3	1
11	32727094	32935230	5	3	2	2
11	32935231	36127003	6	3	3	1
11	36127004	36152353	6	3	3	1
11	36152354	36695384	6	3	3	1
11	36695385	36701737	6	3	3	1
11	36701738	37224351	6	3	3	2
11	37224352	37299609	5	3	2	2
11	37299610	41392741	5	3	2	2
11	41392742	41693578	5	3	2	2
11	41693579	46840012	5	3	2	2
11	46840013	46909056	5	3	2	2
11	46909057	47289589	5	3	2	2
11	47289590	47290514	3	2	1	1
11	47290515	50355415	6	3	3	2
11	50355416	50980139	12	9	3	2
11	50980140	55699999	6	3	3	1
11	55700000	56415629	6	3	3	2
11	56415630	56955645	8	5	3	2
11	56955646	56957158	7	4	3	1
11	56957159	61634309	4	3	1	2
11	61634310	62305460	6	3	3	1
11	62305461	68780664	4	3	1	2
11	68780665	71241087	9	7	2	2
11	71241088	76351475	2	2	0	2
11	76351476	78542146	9	7	2	2
11	78542147	81469586	3	2	1	2
11	81469587	84167169	16	14	2	1
11	84167170	84167933	16	14	2	1
11	84167934	84167971	16	14	2	1
11	84167972	85107653	10	8	2	2
11	85107654	85166043	2	2	0	1
11	85166044	86148260	8	6	2	1
11	86148261	86158901	8	6	2	2
11	86158902	86173148	6	3	3	1
11	86173149	87785219	8	6	2	2
11	87785220	88256182	10	8	2	2
11	88256183	97761448	3	2	1	2
11	97761449	128232336	3	2	1	2
11	128232337	128810146	9	7	2	2
11	128810147	128898678	3	2	1	2
11	128898679	129151166	8	6	2	1
11	129151167	129231704	3	2	1	2
11	129231705	129279514	9	7	2	2
11	129279515	129322500	3	3	0	1
11	129322501	130014970	3	2	1	2
11	130014971	135006515	3	2	1	2
12	110107	190979	5	5	0	1
12	190980	11215003	4	4	0	2
12	11215004	19600329	4	4	0	2
12	19600330	19717203	5	5	0	1
12	19717204	19730298	5	5	0	1
12	19730299	19731972	7	7	0	1
12	19731973	25269168	4	4	0	2
12	25269169	29868796	4	4	0	2
12	29868797	30330092	4	4	0	2
12	30330093	31957305	5	4	1	2
12	31957306	33299999	7	6	1	2
12	33300000	38199999	7	6	1	2
12	38200000	47827223	8	5	3	2
12	47827224	47827267	8	5	3	2
12	47827268	50887753	5	3	2	2
12	50887754	50888507	6	4	2	1
12	50888508	50888528	6	4	2	1
12	50888529	50888609	6	4	2	1
12	50888610	50888815	6	4	2	1
12	50888816	51498722	6	4	2	2
12	51498723	64957076	5	3	2	2
12	64957077	65118365	6	4	2	2
12	65118366	79578562	5	3	2	2
12	79578563	79578663	6	4	2	1
12	79578664	79579139	5	3	2	2
12	79579140	79579395	6	4	2	2
12	79579396	80070789	6	4	2	2
12	80070790	80070802	5	3	2	1
12	80070803	80071215	5	3	2	1
12	80071216	104481294	5	3	2	2
12	104481295	105012154	7	4	3	1
12	105012155	107004377	5	3	2	2
12	107004378	107005093	5	3	2	1
12	107005094	133851894	5	3	2	1
13	1	16299999	4	2	2	1
13	16300000	19499999	4	2	2	2
13	19500000	34621583	4	2	2	2
13	34621584	34621622	4	2	2	2
13	34621623	66426350	3	2	1	2
13	66426351	85992505	3	2	1	2
13	85992506	109968361	3	2	1	2
13	109968362	110834043	6	4	2	2
13	110834044	111201897	7	4	3	2
13	111201898	113177401	5	3	2	2
13	113177402	113183933	5	3	2	2
13	113183934	113188040	6	3	3	1
13	113188041	113188164	6	3	3	1
13	113188165	113946912	5	3	2	2
13	113946913	114932030	7	4	3	2
13	114932031	114932204	7	4	3	2
14	1	16099999	NA	NA	NA	NA
14	16100000	19099999	3	3	0	1
14	19100000	20375050	4	3	1	1
14	20375051	37697118	6	4	2	2
14	37697119	37833945	6	4	2	2
14	37833946	37838908	4	2	2	2
14	37838909	37839127	4	2	2	2
14	37839128	37849629	4	2	2	1
14	37849630	37965946	4	2	2	2
14	37965947	48353874	4	2	2	2
14	48353875	48353920	4	2	2	2
14	48353921	65762827	4	2	2	2
14	65762828	65763438	4	2	2	2
14	65763439	107349539	4	2	2	2
15	1	15799999	5	4	1	1
15	15800000	20699999	5	4	1	2
15	20700000	64448233	5	4	1	2
15	64448234	65142516	4	4	0	1
15	65142517	102531391	5	4	1	2
16	84053	20602868	6	4	2	2
16	20602869	20982906	7	5	2	2
16	20982907	34599999	6	4	2	2
16	34600000	38599999	5	3	2	2
16	38600000	46415802	3	2	1	1
16	46415803	72782814	5	3	2	2
16	72782815	73003590	6	4	2	2
16	73003591	75373177	5	3	2	2
16	75373178	75418947	5	3	2	2
16	75418948	90354752	5	3	2	2
17	7	7160428	6	6	0	1
17	7160429	7580635	6	6	0	1
17	7580636	7580685	4	4	0	1
17	7580686	17621006	2	2	0	2
17	17621007	20697921	4	2	2	2
17	20697922	20736273	20	17	3	1
17	20736274	22199999	4	2	2	2
17	22200000	25799999	4	2	2	2
17	25800000	34309225	4	2	2	2
17	34309226	34309581	4	2	2	2
17	34309582	35524690	4	2	2	2
17	35524691	35524752	4	2	2	2
17	35524753	35537522	4	2	2	1
17	35537523	35537846	3	2	1	2
17	35537847	35572432	3	2	1	2
17	35572433	35572515	2	1	1	1
17	35572516	40780914	4	2	2	2
17	40780915	40780962	4	2	2	1
17	40780963	41240030	4	2	2	2
17	41240031	41449650	5	3	2	2
17	41449651	41449692	4	2	2	2
17	41449693	44268702	4	2	2	2
17	44268703	44269078	4	2	2	2
17	44269079	45323770	4	2	2	1
17	45323771	45324928	4	2	2	1
17	45324929	81195209	4	2	2	2
18	27500	15399999	4	2	2	2
18	15400000	18999999	2	1	1	2
18	19000000	29210019	3	2	1	2
18	29210020	29682730	5	4	1	2
18	29682731	67996303	3	2	1	2
18	67996304	67996324	1	1	0	1
18	67996325	78077247	4	2	2	2
19	277870	5622184	5	3	2	2
19	5622185	5622365	3	2	1	1
19	5622366	5627912	6	3	3	1
19	5627913	6117527	6	3	3	1
19	6117528	22299992	5	3	2	1
19	22299993	24399999	4	3	1	1
19	24400000	28599999	5	3	2	2
19	28600000	36225932	5	3	2	2
19	36225933	43175502	4	2	2	1
19	43175503	43208703	3	2	1	2
19	43208704	46419441	4	2	2	1
19	46419442	46419669	3	2	1	1
19	46419670	51647777	4	2	2	1
19	51647778	54006403	6	3	3	1
19	54006404	54520546	4	2	2	1
19	54520547	59128982	5	3	2	2
20	82012	14682613	4	2	2	1
20	14682614	15047728	4	2	2	2
20	15047729	15053892	5	3	2	1
20	15053893	15424248	5	3	2	2
20	15424249	25599999	4	2	2	2
20	25600000	29509660	4	2	2	2
20	29509661	33664673	3	3	0	2
20	33664674	33665489	3	3	0	2
20	33665490	33677960	3	3	0	2
20	33677961	33687746	5	5	0	1
20	33687747	33689516	5	3	2	1
20	33689517	33690371	2	2	0	1
20	33690372	33690961	2	2	0	1
20	33690962	33691682	2	2	0	1
20	33691683	33703895	2	2	0	2
20	33703896	33706113	4	2	2	2
20	33706114	33707710	4	2	2	2
20	33707711	33707949	4	2	2	2
20	33707950	35084766	4	2	2	2
20	35084767	40534220	2	2	0	2
20	40534221	40534267	4	4	0	1
20	40534268	48937029	4	4	0	2
20	48937030	49839864	6	4	2	1
20	49839865	51138065	5	5	0	1
20	51138066	51924274	7	5	2	2
20	51924275	52515119	7	5	2	2
20	52515120	52970905	5	5	0	2
20	52970906	57049316	7	5	2	2
20	57049317	63025519	7	5	2	2
21	1	10899999	NA	NA	NA	NA
21	10900000	14299999	6	4	2	2
21	14300000	39852917	6	4	2	2
21	39852918	42869234	2	2	0	2
21	42869235	48129894	6	4	2	2
22	1	12199999	3	2	1	1
22	12200000	17899999	3	2	1	2
22	17900000	29065449	3	2	1	2
22	29065450	29065746	3	2	1	2
22	29065747	29065769	4	2	2	2
22	29065770	29065953	4	2	2	2
22	29065954	29066064	4	2	2	2
22	29066065	29066200	4	2	2	2
22	29066201	29066461	4	2	2	2
22	29066462	29665476	3	2	1	2
22	29665477	30002030	4	3	1	2
22	30002031	38505046	3	2	1	2
22	38505047	38838161	4	3	1	2
22	38838162	51304565	3	2	1	2
X	1	27702933	1	1	0	2
X	27702934	27703774	1	1	0	2
X	27703775	58099999	1	1	0	2
X	58100000	62999999	1	1	0	2
X	63000000	63588171	1	1	0	1
X	63588172	63659674	1	1	0	1
X	63659675	63666052	1	1	0	1
X	63666053	63734578	1	1	0	1
X	63734579	63769454	1	1	0	1
X	63769455	63780450	1	1	0	1
X	63780451	63804497	1	1	0	1
X	63804498	63914487	1	1	0	1
X	63914488	63921804	1	1	0	1
X	63921805	63938690	1	1	0	1
X	63938691	63956753	1	1	0	1
X	63956754	63957222	1	1	0	1
X	63957223	63967584	1	1	0	1
X	63967585	63976821	1	1	0	1
X	63976822	63977426	1	1	0	1
X	63977427	63980143	1	1	0	1
X	63980144	63990253	1	1	0	1
X	63990254	63992767	1	1	0	1
X	63992768	63994785	1	1	0	1
X	63994786	64002410	1	1	0	1
X	64002411	64003274	1	1	0	1
X	64003275	64040795	1	1	0	1
X	64040796	64082450	1	1	0	1
X	64082451	64087840	1	1	0	1
X	64087841	64111157	1	1	0	1
X	64111158	64114306	1	1	0	1
X	64114307	64118135	1	1	0	1
X	64118136	64349612	1	1	0	1
X	64349613	64350671	1	1	0	1
X	64350672	64375760	1	1	0	1
X	64375761	64436843	1	1	0	1
X	64436844	64468336	1	1	0	1
X	64468337	67067678	1	1	0	1
X	67067679	67067921	NA	NA	NA	NA
X	67067922	155270559	1	1	0	2
Y	1	7063165	NA	NA	NA	NA
Y	7063166	7272645	NA	NA	NA	NA
Y	7272646	11599999	NA	NA	NA	NA
Y	11600000	13399999	NA	NA	NA	NA
Y	13400000	19012942	NA	NA	NA	NA
Y	19012943	22004671	NA	NA	NA	NA
Y	22004672	59373565	NA	NA	NA	NA
