chromosome	start	end	total_cn	major_cn	minor_cn	star
1	790503	26898223	2	1	1	2
1	26898224	26905969	2	1	1	2
1	26905970	27280865	2	1	1	2
1	27280866	27284290	2	1	1	2
1	27284291	28391167	2	1	1	3
1	28391168	28428387	2	1	1	2
1	28428388	28431830	2	1	1	1
1	28431831	28654786	2	1	1	2
1	28654787	28658116	2	1	1	2
1	28658117	28658645	2	1	1	2
1	28658646	28661491	2	1	1	2
1	28661492	30544709	2	1	1	2
1	30544710	31085408	1	1	0	2
1	31085409	31090780	4	3	1	2
1	31090781	32649742	2	1	1	2
1	32649743	32667666	2	1	1	2
1	32667667	118470248	2	1	1	3
1	118470249	118473592	2	1	1	2
1	118473593	121499999	2	1	1	2
1	121500000	128899999	2	1	1	2
1	128900000	143502499	2	1	1	2
1	143502500	152709083	3	2	1	2
1	152709084	152836870	4	3	1	2
1	152836871	157022310	3	2	1	2
1	157022311	157286654	2	2	0	2
1	157286655	157466389	3	2	1	2
1	157466390	157509864	2	2	0	2
1	157509865	157594451	3	2	1	2
1	157594452	157595620	2	2	0	2
1	157595621	157778961	3	2	1	2
1	157778962	158190033	2	2	0	2
1	158190034	158287403	3	2	1	2
1	158287404	158365575	3	2	1	1
1	158365576	158421483	3	2	1	3
1	158421484	158422657	3	2	1	1
1	158422658	158634797	3	2	1	2
1	158634798	158635773	3	2	1	2
1	158635774	158642195	2	2	0	1
1	158642196	158754956	2	2	0	2
1	158754957	160100458	3	2	1	2
1	160100459	162294807	4	3	1	2
1	162294808	163970163	3	2	1	2
1	163970164	166201999	4	3	1	2
1	166202000	166203129	4	3	1	2
1	166203130	166203611	4	3	1	1
1	166203612	167367372	3	2	1	2
1	167367373	174017295	4	3	1	2
1	174017296	176476517	3	2	1	2
1	176476518	215701871	4	3	1	2
1	215701872	215720309	4	3	1	2
1	215720310	215979315	4	3	1	2
1	215979316	215986242	4	3	1	2
1	215986243	217011439	4	3	1	2
1	217011440	217012992	4	3	1	1
1	217012993	217769180	4	3	1	2
1	217769181	217772997	4	3	1	2
1	217772998	219187403	4	3	1	2
1	219187404	219203039	4	3	1	2
1	219203040	219741195	4	3	1	2
1	219741196	219768901	1	1	0	2
1	219768902	220002547	4	3	1	2
1	220002548	220004401	4	3	1	2
1	220004402	220516928	4	3	1	2
1	220516929	220527796	4	3	1	2
1	220527797	220886676	4	3	1	2
1	220886677	220889264	4	3	1	2
1	220889265	220963749	4	3	1	2
1	220963750	221076108	1	1	0	2
1	221076109	240628518	4	3	1	2
1	240628519	240630544	4	3	1	2
1	240630545	242682453	4	3	1	2
1	242682454	242684294	4	3	1	2
1	242684295	242906009	4	3	1	2
1	242906010	242907371	4	3	1	2
1	242907372	249250620	4	3	1	2
2	55219	8162086	3	2	1	3
2	8162087	8169624	3	2	1	1
2	8169625	8225397	3	2	1	3
2	8225398	8226146	3	2	1	2
2	8226147	8372477	3	2	1	2
2	8372478	8986875	2	1	1	2
2	8986876	9057667	2	1	1	2
2	9057668	9269512	3	2	1	3
2	9269513	9293446	3	2	1	3
2	9293447	9503316	3	2	1	2
2	9503317	11040703	2	1	1	3
2	11040704	11369607	3	2	1	2
2	11369608	11379270	3	2	1	2
2	11379271	11400877	3	2	1	3
2	11400878	11656526	2	1	1	2
2	11656527	11798021	3	2	1	3
2	11798022	11805075	2	1	1	2
2	11805076	11844848	2	1	1	3
2	11844849	11855074	3	2	1	2
2	11855075	11894956	2	1	1	3
2	11894957	11906935	2	1	1	2
2	11906936	11912008	3	2	1	2
2	11912009	11929671	3	2	1	2
2	11929672	12128363	2	1	1	3
2	12128364	12148843	2	1	1	1
2	12148844	12186130	2	1	1	2
2	12186131	12188195	2	1	1	2
2	12188196	12326603	2	1	1	3
2	12326604	12333341	2	1	1	2
2	12333342	13149935	3	2	1	2
2	13149936	13167199	2	1	1	2
2	13167200	13213449	3	2	1	3
2	13213450	13213463	3	2	1	3
2	13213464	13319518	3	2	1	3
2	13319519	13339042	2	1	1	2
2	13339043	13767596	3	2	1	3
2	13767597	13769746	3	2	1	2
2	13769747	13771151	2	1	1	1
2	13771152	13836965	2	1	1	2
2	13836966	13904525	3	2	1	2
2	13904526	13910014	2	1	1	2
2	13910015	13911522	2	1	1	2
2	13911523	38546767	2	1	1	3
2	38546768	38554212	2	1	1	1
2	38554213	90499999	2	1	1	3
2	90500000	96799999	2	1	1	3
2	96800000	103520974	2	1	1	3
2	103520975	103550012	1	1	0	3
2	103550013	103552056	1	1	0	3
2	103552057	104582084	1	1	0	3
2	104582085	118285140	2	1	1	3
2	118285141	118311517	1	1	0	2
2	118311518	118328841	2	1	1	2
2	118328842	118330578	2	1	1	2
2	118330579	125873100	2	1	1	3
2	125873101	132366714	1	1	0	3
2	132366715	132370801	1	1	0	3
2	132370802	133907254	1	1	0	3
2	133907255	133984661	0	0	0	2
2	133984662	134209281	1	1	0	2
2	134209282	134249488	1	1	0	2
2	134249489	134332455	1	1	0	3
2	134332456	134684883	1	1	0	3
2	134684884	134695113	1	1	0	3
2	134695114	137207482	1	1	0	3
2	137207483	137255575	1	1	0	2
2	137255576	137956044	1	1	0	3
2	137956045	137956804	1	1	0	3
2	137956805	138067575	1	1	0	3
2	138067576	138071863	1	1	0	3
2	138071864	138164615	1	1	0	3
2	138164616	138183583	1	1	0	3
2	138183584	138491308	1	1	0	3
2	138491309	138515495	1	1	0	2
2	138515496	139215798	1	1	0	3
2	139215799	139338026	0	0	0	2
2	139338027	140537990	1	1	0	3
2	140537991	140540735	1	1	0	3
2	140540736	143493487	1	1	0	3
2	143493488	143629162	1	1	0	1
2	143629163	149893997	1	1	0	3
2	149893998	152521862	2	1	1	2
2	152521863	155951484	1	1	0	3
2	155951485	157312435	2	1	1	3
2	157312436	157333007	2	1	1	1
2	157333008	186712572	2	1	1	3
2	186712573	187111775	1	1	0	3
2	187111776	242949968	2	1	1	3
3	61495	77491118	2	1	1	3
3	77491119	78146349	1	1	0	3
3	78146350	82807740	2	1	1	3
3	82807741	84528158	1	1	0	3
3	84528159	87899999	2	1	1	3
3	87900000	93899999	2	1	1	3
3	93900000	97283667	2	1	1	3
3	97283668	98154359	3	2	1	3
3	98154360	115554012	4	3	1	2
3	115554013	115557413	3	2	1	2
3	115557414	167491692	4	3	1	2
3	167491693	167492250	4	3	1	2
3	167492251	173919371	4	3	1	2
3	173919372	173934123	3	3	0	2
3	173934124	180990984	4	3	1	2
3	180990985	181305969	2	1	1	3
3	181305970	198022429	4	3	1	2
4	50084	21118602	2	1	1	2
4	21118603	21118619	2	1	1	2
4	21118620	26649973	2	1	1	3
4	26649974	30209632	1	1	0	3
4	30209633	48199999	2	1	1	3
4	48200000	52699999	2	1	1	3
4	52700000	60227395	2	1	1	3
4	60227396	60744254	1	1	0	3
4	60744255	61517215	2	1	1	3
4	61517216	61520620	2	1	1	2
4	61520621	62077355	2	1	1	3
4	62077356	63441720	1	1	0	3
4	63441721	65878285	2	1	1	3
4	65878286	65915374	1	1	0	2
4	65915375	67961150	2	1	1	3
4	67961151	67984841	1	1	0	2
4	67984842	93506164	2	1	1	3
4	93506165	95485213	1	1	0	3
4	95485214	102585696	2	1	1	2
4	102585697	102651736	1	1	0	3
4	102651737	102667526	2	1	1	3
4	102667527	102704546	1	1	0	2
4	102704547	102969992	2	1	1	3
4	102969993	103505223	1	1	0	3
4	103505224	103639784	2	1	1	2
4	103639785	103679492	2	1	1	1
4	103679493	104219516	2	1	1	2
4	104219517	104243760	1	1	0	2
4	104243761	104359866	2	2	0	2
4	104359867	104387500	1	1	0	2
4	104387501	104436204	1	1	0	2
4	104436205	104498182	2	1	1	2
4	104498183	104512221	2	1	1	2
4	104512222	104763844	2	1	1	3
4	104763845	105300538	1	1	0	3
4	105300539	105320537	4	3	1	2
4	105320538	105863461	1	1	0	3
4	105863462	105881386	2	1	1	2
4	105881387	106285410	1	1	0	3
4	106285411	106573813	2	1	1	2
4	106573814	106584351	2	1	1	2
4	106584352	107105877	2	1	1	3
4	107105878	107157101	1	1	0	2
4	107157102	122652021	2	1	1	3
4	122652022	122671064	1	1	0	2
4	122671065	123146127	2	1	1	2
4	123146128	123163807	2	1	1	2
4	123163808	123223723	2	1	1	3
4	123223724	123269940	1	1	0	2
4	123269941	124253479	2	1	1	3
4	124253480	124254706	2	1	1	3
4	124254707	124307619	2	1	1	3
4	124307620	124329111	2	1	1	1
4	124329112	124614439	2	1	1	2
4	124614440	124690999	2	1	1	1
4	124691000	125966702	2	1	1	3
4	125966703	126010755	1	1	0	2
4	126010756	126187203	2	1	1	3
4	126187204	126196985	2	1	1	2
4	126196986	126581207	2	1	1	3
4	126581208	126676940	1	1	0	2
4	126676941	126964232	2	1	1	2
4	126964233	126995815	1	1	0	2
4	126995816	127113967	1	1	0	1
4	127113968	127141094	1	1	0	2
4	127141095	127367233	1	1	0	3
4	127367234	127425002	2	1	1	2
4	127425003	127775994	1	1	0	3
4	127775995	128140282	2	1	1	3
4	128140283	128146091	2	1	1	1
4	128146092	132044195	2	1	1	3
4	132044196	132060628	2	1	1	1
4	132060629	143847089	2	1	1	3
4	143847090	143876576	2	1	1	2
4	143876577	154488169	2	1	1	3
4	154488170	154512041	2	1	1	2
4	154512042	154514525	2	1	1	2
4	154514526	154789123	2	1	1	2
4	154789124	154790126	2	1	1	2
4	154790127	168179272	2	1	1	3
4	168179273	168195562	2	1	1	2
4	168195563	168771390	2	1	1	3
4	168771391	169269820	1	1	0	3
4	169269821	172414420	2	1	1	2
4	172414421	172437510	2	1	1	2
4	172437511	173096325	2	1	1	2
4	173096326	173529961	1	1	0	3
4	173529962	174070052	2	1	1	2
4	174070053	179158923	1	1	0	3
4	179158924	181778208	2	1	1	2
4	181778209	181781946	2	1	1	2
4	181781947	181977023	2	1	1	2
4	181977024	181986831	2	1	1	2
4	181986832	182613560	2	1	1	2
4	182613561	182650001	1	1	0	2
4	182650002	183196494	2	1	1	2
4	183196495	184953975	1	1	0	3
4	184953976	187469728	2	1	1	2
4	187469729	187469774	2	1	1	2
4	187469775	187469786	2	1	1	2
4	187469787	190836410	2	1	1	2
5	50017	26143142	2	1	1	3
5	26143143	26155484	2	1	1	1
5	26155485	26204942	2	1	1	3
5	26204943	26213015	2	1	1	3
5	26213016	46099999	2	1	1	3
5	46100000	50699999	2	1	1	3
5	50700000	84271519	2	1	1	3
5	84271520	89816466	1	1	0	3
5	89816467	89887005	1	1	0	1
5	89887006	93795825	1	1	0	3
5	93795826	93836375	2	2	0	2
5	93836376	98099129	1	1	0	3
5	98099130	98549988	1	1	0	3
5	98549989	99536378	1	1	0	3
5	99536379	100620350	1	1	0	3
5	100620351	100671125	1	1	0	2
5	100671126	100689735	1	1	0	2
5	100689736	102062528	1	1	0	3
5	102062529	102085460	1	1	0	2
5	102085461	102465390	1	1	0	3
5	102465391	102488659	1	1	0	2
5	102488660	103282996	1	1	0	3
5	103282997	104145164	2	1	1	3
5	104145165	104173329	2	1	1	1
5	104173330	104860738	2	1	1	2
5	104860739	106124546	1	1	0	3
5	106124547	119873914	2	1	1	3
5	119873915	119873928	2	1	1	2
5	119873929	119910491	2	1	1	2
5	119910492	119910589	2	1	1	2
5	119910590	159630091	2	1	1	3
5	159630092	160903149	1	1	0	3
5	160903150	160908208	1	1	0	3
5	160908209	160985274	1	1	0	3
5	160985275	160988294	1	1	0	3
5	160988295	161325180	1	1	0	3
5	161325181	161488947	1	1	0	2
5	161488948	162552888	1	1	0	3
5	162552889	162794418	2	1	1	2
5	162794419	162840914	1	1	0	2
5	162840915	164842071	2	1	1	2
5	164842072	164843470	2	1	1	2
5	164843471	180687907	2	1	1	3
6	202452	58699999	3	2	1	2
6	58700000	63299999	3	2	1	2
6	63300000	77819751	3	2	1	3
6	77819752	78040764	1	1	0	2
6	78040765	78194542	3	2	1	2
6	78194543	78201782	3	2	1	2
6	78201783	78243486	3	2	1	2
6	78243487	78296546	1	1	0	2
6	78296547	78623774	3	2	1	3
6	78623775	78647224	1	1	0	2
6	78647225	78906539	3	2	1	3
6	78906540	78907782	3	2	1	2
6	78907783	79641475	3	2	1	3
6	79641476	79642477	3	2	1	3
6	79642478	80836561	3	2	1	3
6	80836562	81008461	1	1	0	3
6	81008462	81428137	3	2	1	3
6	81428138	81430157	3	2	1	2
6	81430158	82990005	3	2	1	3
6	82990006	98771751	1	1	0	3
6	98771752	99414707	2	1	1	3
6	99414708	99415313	2	1	1	2
6	99415314	99509539	2	1	1	2
6	99509540	99511899	2	1	1	2
6	99511900	101531198	2	1	1	3
6	101531199	101535043	2	1	1	3
6	101535044	101716000	2	1	1	3
6	101716001	101739362	1	1	0	3
6	101739363	101753594	2	1	1	3
6	101753595	101816271	2	1	1	2
6	101816272	101990859	2	1	1	2
6	101990860	102000456	2	1	1	1
6	102000457	103798463	2	1	1	3
6	103798464	103809904	2	1	1	1
6	103809905	104360555	2	1	1	2
6	104360556	104360580	2	1	1	2
6	104360581	110917001	2	1	1	2
6	110917002	110920235	2	1	1	2
6	110920236	111559525	2	1	1	2
6	111559526	111568462	2	1	1	1
6	111568463	111680668	2	1	1	3
6	111680669	111685029	2	1	1	3
6	111685030	112123668	2	1	1	2
6	112123669	112136208	2	1	1	2
6	112136209	112138807	2	1	1	2
6	112138808	112140121	2	1	1	2
6	112140122	112317415	2	1	1	3
6	112317416	112770063	2	1	1	2
6	112770064	113080099	2	1	1	3
6	113080100	113101493	2	1	1	1
6	113101494	113290612	2	1	1	3
6	113290613	113305016	1	1	0	2
6	113305017	113431947	2	1	1	3
6	113431948	113471607	2	1	1	1
6	113471608	113654179	2	1	1	3
6	113654180	113655542	2	1	1	2
6	113655543	114344123	2	1	1	2
6	114344124	114589916	1	1	0	2
6	114589917	114825702	2	1	1	3
6	114825703	114830481	2	1	1	2
6	114830482	114988670	2	1	1	3
6	114988671	115975842	1	1	0	3
6	115975843	116301366	2	1	1	2
6	116301367	116386551	2	1	1	2
6	116386552	116809918	2	1	1	3
6	116809919	117728468	2	1	1	3
6	117728469	117731567	2	1	1	3
6	117731568	117824895	2	1	1	2
6	117824896	117825004	2	1	1	2
6	117825005	117947924	2	1	1	2
6	117947925	117955936	2	1	1	2
6	117955937	118103825	2	1	1	2
6	118103826	118119465	1	1	0	2
6	118119466	118306158	2	1	1	2
6	118306159	118363881	2	1	1	2
6	118363882	118366470	2	1	1	2
6	118366471	118495777	2	1	1	3
6	118495778	118505325	2	1	1	3
6	118505326	126611704	2	1	1	3
6	126611705	130137826	1	1	0	3
6	130137827	150693639	2	1	1	3
6	150693640	150693816	2	1	1	3
6	150693817	151431968	2	1	1	2
6	151431969	151436115	4	3	1	2
6	151436116	151778121	2	1	1	3
6	151778122	152752500	1	1	0	2
6	152752501	152807464	2	1	1	2
6	152807465	170915316	1	1	0	3
7	40386	31978778	3	2	1	2
7	31978779	31978839	3	2	1	2
7	31978840	31978890	3	2	1	2
7	31978891	31978945	3	2	1	2
7	31978946	32123529	3	2	1	2
7	32123530	32134185	3	2	1	2
7	32134186	32203687	3	2	1	2
7	32203688	39173992	1	1	0	2
7	39173993	47819325	3	2	1	2
7	47819326	47904076	2	2	0	2
7	47904077	49239691	3	2	1	2
7	49239692	49263864	2	2	0	2
7	49263865	49778227	3	2	1	3
7	49778228	49892934	2	2	0	2
7	49892935	50322096	3	2	1	2
7	50322097	50363193	2	2	0	2
7	50363194	50868740	3	2	1	3
7	50868741	51127042	3	2	1	2
7	51127043	55022895	2	2	0	2
7	55022896	55641447	3	2	1	2
7	55641448	55687749	2	2	0	2
7	55687750	56030483	3	2	1	2
7	56030484	56050334	3	2	1	1
7	56050335	56344154	3	2	1	2
7	56344155	56388880	2	2	0	2
7	56388881	56562405	3	2	1	3
7	56562406	56582045	2	2	0	3
7	56582046	56583802	2	2	0	1
7	56583803	56662625	2	2	0	2
7	56662626	56709596	2	2	0	2
7	56709597	56744089	3	2	1	2
7	56744090	57999999	3	2	1	2
7	58000000	61870249	3	2	1	2
7	61870250	108794042	3	2	1	2
7	108794043	108795649	3	2	1	2
7	108795650	125799168	3	2	1	2
7	125799169	125815523	3	2	1	1
7	125815524	142818653	3	2	1	2
7	142818654	153148789	3	2	1	2
7	153148790	153165392	2	2	0	2
7	153165393	153670622	3	2	1	3
7	153670623	159138662	3	2	1	3
8	202842	13066820	2	1	1	2
8	13066821	13074352	2	1	1	1
8	13074353	34670009	2	1	1	3
8	34670010	37693691	3	2	1	2
8	37693692	38045407	11	10	1	2
8	38045408	39007500	3	2	1	2
8	39007501	39607517	19	18	1	2
8	39607518	39611983	23	22	1	1
8	39611984	39613653	23	22	1	1
8	39613654	39767718	23	22	1	1
8	39767719	39806650	21	20	1	1
8	39806651	39853494	23	22	1	1
8	39853495	39915743	20	19	1	1
8	39915744	39917236	38	37	1	2
8	39917237	39917280	38	37	1	2
8	39917281	39953804	38	37	1	2
8	39953805	40509472	23	22	1	2
8	40509473	40510741	23	22	1	2
8	40510742	40510845	23	22	1	1
8	40510846	40511761	23	22	1	1
8	40511762	40513769	23	22	1	1
8	40513770	40519102	9	8	1	1
8	40519103	40519291	9	8	1	1
8	40519292	40519869	9	8	1	1
8	40519870	40883538	9	8	1	2
8	40883539	41236241	11	10	1	1
8	41236242	41236586	11	10	1	2
8	41236587	41238741	11	10	1	2
8	41238742	41832500	4	3	1	2
8	41832501	42199208	9	8	1	2
8	42199209	42533087	5	4	1	2
8	42533088	43099999	6	5	1	2
8	43100000	48099999	NA	NA	NA	NA
8	48100000	51277954	3	2	1	2
8	51277955	51293654	1	1	0	2
8	51293655	51554048	3	2	1	2
8	51554049	51556822	3	2	1	2
8	51556823	51902896	3	2	1	2
8	51902897	51919885	3	2	1	1
8	51919886	52875227	3	2	1	2
8	52875228	52888674	3	2	1	2
8	52888675	53342085	3	2	1	2
8	53342086	53355416	3	2	1	2
8	53355417	53407074	4	3	1	2
8	53407075	53440765	1	1	0	2
8	53440766	55373517	4	3	1	2
8	55373518	55390287	1	1	0	2
8	55390288	55517397	4	3	1	2
8	55517398	55520987	3	2	1	2
8	55520988	55540165	1	1	0	2
8	55540166	55897621	4	3	1	2
8	55897622	55949487	1	1	0	2
8	55949488	56047626	4	3	1	2
8	56047627	56074969	1	1	0	2
8	56074970	56148504	4	3	1	2
8	56148505	56172933	1	1	0	2
8	56172934	56235162	3	2	1	2
8	56235163	56384615	4	3	1	2
8	56384616	56406823	1	1	0	2
8	56406824	56511137	4	3	1	2
8	56511138	56527309	1	1	0	2
8	56527310	57053436	4	3	1	2
8	57053437	57067124	1	1	0	2
8	57067125	57328128	4	3	1	2
8	57328129	57333559	4	3	1	2
8	57333560	57648107	4	3	1	2
8	57648108	57654767	4	3	1	1
8	57654768	57771200	4	3	1	2
8	57771201	57785386	4	3	1	2
8	57785387	58345241	4	3	1	2
8	58345242	58392541	4	3	1	1
8	58392542	60368739	4	3	1	2
8	60368740	60370674	4	3	1	2
8	60370675	61915685	4	3	1	2
8	61915686	61924507	1	1	0	2
8	61924508	63490666	4	3	1	2
8	63490667	63490684	4	3	1	2
8	63490685	63492232	4	3	1	2
8	63492233	63492913	4	3	1	2
8	63492914	73353671	4	3	1	2
8	73353672	73355724	1	1	0	2
8	73355725	73458967	4	3	1	2
8	73458968	73475319	1	1	0	2
8	73475320	73838214	4	3	1	2
8	73838215	73882579	1	1	0	2
8	73882580	73987782	4	3	1	2
8	73987783	74022164	1	1	0	2
8	74022165	75567999	4	3	1	2
8	75568000	75582873	4	3	1	1
8	75582874	76055163	4	3	1	2
8	76055164	76206040	1	1	0	2
8	76206041	76210332	1	1	0	2
8	76210333	76261093	3	3	0	2
8	76261094	76288839	3	3	0	2
8	76288840	76311248	3	3	0	2
8	76311249	76368015	3	3	0	2
8	76368016	76388920	3	3	0	2
8	76388921	76398671	3	3	0	2
8	76398672	76579889	3	3	0	2
8	76579890	77020023	4	3	1	2
8	77020024	77039601	1	1	0	1
8	77039602	77062944	1	1	0	1
8	77062945	77070456	1	1	0	1
8	77070457	77187348	4	3	1	2
8	77187349	77301196	1	1	0	2
8	77301197	77957816	4	3	1	2
8	77957817	77993020	1	1	0	2
8	77993021	78922370	4	3	1	2
8	78922371	78934007	4	3	1	1
8	78934008	79387201	4	3	1	2
8	79387202	79465451	3	2	1	1
8	79465452	79644030	3	2	1	1
8	79644031	79662057	3	2	1	1
8	79662058	79872913	3	2	1	2
8	79872914	79883557	1	1	0	2
8	79883558	80415880	3	2	1	2
8	80415881	85209778	4	3	1	2
8	85209779	85603921	3	3	0	2
8	85603922	86073768	4	3	1	2
8	86073769	86077268	4	3	1	2
8	86077269	87191915	4	3	1	2
8	87191916	87236321	3	3	0	2
8	87236322	87773806	4	3	1	2
8	87773807	87787837	3	3	0	2
8	87787838	87910423	4	3	1	2
8	87910424	87963311	4	3	1	2
8	87963312	87999364	4	3	1	2
8	87999365	88002496	4	3	1	2
8	88002497	88142853	4	3	1	1
8	88142854	88143498	4	3	1	2
8	88143499	88887224	4	3	1	2
8	88887225	88887488	4	3	1	2
8	88887489	89009963	4	3	1	2
8	89009964	89334778	3	3	0	1
8	89334779	90006439	4	3	1	2
8	90006440	90018708	3	3	0	1
8	90018709	90021106	3	3	0	1
8	90021107	90030361	3	3	0	1
8	90030362	90032481	3	3	0	2
8	90032482	90067358	3	3	0	2
8	90067359	90948299	4	3	1	2
8	90948300	91813404	3	3	0	2
8	91813405	92371665	4	3	1	2
8	92371666	92599767	3	3	0	2
8	92599768	92634925	3	3	0	2
8	92634926	93777838	3	3	0	2
8	93777839	94478694	4	3	1	2
8	94478695	94551050	3	3	0	2
8	94551051	103847167	4	3	1	2
8	103847168	103850301	4	3	1	2
8	103850302	110817804	4	3	1	2
8	110817805	110818470	4	3	1	2
8	110818471	128372357	4	3	1	2
8	128372358	129075123	5	3	2	2
8	129075124	146364021	4	3	1	2
9	47500	256922	4	3	1	2
9	256923	8084982	4	3	1	2
9	8084983	9211015	6	5	1	2
9	9211016	9214899	4	3	1	2
9	9214900	30990226	4	3	1	2
9	30990227	30990242	4	3	1	2
9	30990243	31035288	1	1	0	2
9	31035289	31744320	4	3	1	2
9	31744321	31744750	4	3	1	2
9	31744751	44817325	4	3	1	3
9	44817326	47299999	4	3	1	2
9	47300000	50699999	NA	NA	NA	NA
9	50700000	66849971	2	1	1	2
9	66849972	120196324	3	2	1	2
9	120196325	120394903	4	2	2	3
9	120394904	131282539	3	2	1	2
9	131282540	131372075	3	2	1	2
9	131372076	141213430	3	2	1	3
10	95662	9280806	2	1	1	2
10	9280807	9280871	2	1	1	2
10	9280872	9630498	2	1	1	2
10	9630499	11464537	2	1	1	2
10	11464538	11569239	1	1	0	2
10	11569240	11599616	2	1	1	2
10	11599617	11607338	1	1	0	2
10	11607339	12116644	2	1	1	2
10	12116645	12117750	2	1	1	2
10	12117751	12134532	2	1	1	2
10	12134533	12150905	2	1	1	2
10	12150906	12193603	1	1	0	2
10	12193604	12367489	2	1	1	3
10	12367490	12379321	2	1	1	2
10	12379322	12441616	2	1	1	2
10	12441617	12442891	2	1	1	2
10	12442892	12875053	2	1	1	2
10	12875054	12888061	2	1	1	1
10	12888062	13108796	2	1	1	2
10	13108797	13113521	2	1	1	2
10	13113522	13998382	2	1	1	2
10	13998383	13998893	2	1	1	2
10	13998894	14551493	2	1	1	2
10	14551494	14551538	2	1	1	2
10	14551539	14570608	2	1	1	3
10	14570609	14581181	2	1	1	2
10	14581182	14758254	2	1	1	2
10	14758255	14767154	2	1	1	1
10	14767155	14889895	2	1	1	3
10	14889896	14891014	2	1	1	3
10	14891015	16268634	2	1	1	3
10	16268635	37999999	2	1	1	3
10	38000000	42402499	2	1	1	3
10	42402500	43344162	2	1	1	2
10	43344163	43351152	2	1	1	2
10	43351153	43407391	2	1	1	3
10	43407392	43463498	1	1	0	2
10	43463499	43464324	1	1	0	2
10	43464325	43951239	2	1	1	2
10	43951240	44077629	2	1	1	2
10	44077630	44134413	1	1	0	2
10	44134414	44347936	2	1	1	2
10	44347937	44349051	2	1	1	2
10	44349052	45048983	2	1	1	2
10	45048984	45058415	2	1	1	2
10	45058416	45599120	2	1	1	3
10	45599121	45599343	2	1	1	3
10	45599344	47041269	2	1	1	3
10	47041270	47079292	2	1	1	2
10	47079293	47346206	2	1	1	2
10	47346207	47348532	2	1	1	2
10	47348533	47593382	2	1	1	2
10	47593383	47593736	2	1	1	2
10	47593737	49806344	2	1	1	3
10	49806345	49835896	2	1	1	3
10	49835897	49851528	1	1	0	2
10	49851529	49872016	1	1	0	2
10	49872017	49873479	1	1	0	2
10	49873480	49898968	1	1	0	2
10	49898969	49902217	1	1	0	2
10	49902218	49908357	1	1	0	1
10	49908358	49949713	2	1	1	3
10	49949714	49972853	1	1	0	2
10	49972854	51552145	2	1	1	2
10	51552146	52238440	2	1	1	2
10	52238441	52305387	1	1	0	3
10	52305388	52488642	2	1	1	2
10	52488643	52495470	2	1	1	2
10	52495471	52807839	2	1	1	3
10	52807840	52807999	2	1	1	3
10	52808000	52808078	2	1	1	2
10	52808079	52817076	2	1	1	3
10	52817077	52827727	2	1	1	1
10	52827728	54697419	2	1	1	2
10	54697420	55166291	1	1	0	3
10	55166292	55665677	2	1	1	2
10	55665678	55677279	2	1	1	1
10	55677280	56679362	2	1	1	3
10	56679363	56679598	2	1	1	2
10	56679599	57780554	2	1	1	2
10	57780555	57787877	2	1	1	1
10	57787878	83786178	2	1	1	3
10	83786179	84096834	1	1	0	2
10	84096835	106005152	2	1	1	3
10	106005153	106012182	2	1	1	2
10	106012183	106931176	2	1	1	2
10	106931177	106980781	1	1	0	3
10	106980782	107065162	1	1	0	2
10	107065163	107371172	2	1	1	2
10	107371173	107385204	1	1	0	2
10	107385205	108005930	2	1	1	2
10	108005931	108013084	2	1	1	2
10	108013085	110005263	2	1	1	3
10	110005264	110012020	2	1	1	2
10	110012021	110081219	2	1	1	3
10	110081220	110098189	1	1	0	2
10	110098190	110324916	2	1	1	3
10	110324917	111732744	1	1	0	3
10	111732745	111733236	1	1	0	2
10	111733237	111736062	2	1	1	1
10	111736063	112104068	2	1	1	3
10	112104069	112105166	2	1	1	2
10	112105167	112340389	2	1	1	2
10	112340390	112341850	2	1	1	2
10	112341851	112460292	2	1	1	2
10	112460293	112464279	2	1	1	2
10	112464280	113444556	2	1	1	3
10	113444557	113624224	1	1	0	3
10	113624225	113869271	2	1	1	3
10	113869272	114269992	2	1	1	3
10	114269993	114636962	1	1	0	3
10	114636963	115031701	2	1	1	3
10	115031702	115032350	2	1	1	2
10	115032351	115060788	2	1	1	2
10	115060789	115493440	2	1	1	3
10	115493441	115530982	2	1	1	3
10	115530983	115531158	2	1	1	2
10	115531159	115535459	2	1	1	2
10	115535460	115629412	2	1	1	2
10	115629413	115629696	2	1	1	2
10	115629697	115861973	2	1	1	2
10	115861974	115880961	2	1	1	2
10	115880962	116145108	2	1	1	2
10	116145109	116214569	2	1	1	2
10	116214570	116215945	2	1	1	2
10	116215946	116220466	2	1	1	3
10	116220467	116228672	2	1	1	1
10	116228673	116639192	2	1	1	2
10	116639193	116962868	1	1	0	3
10	116962869	117024342	2	1	1	3
10	117024343	117050027	1	1	0	2
10	117050028	117265790	2	1	1	2
10	117265791	117281881	1	1	0	2
10	117281882	117502254	2	1	1	2
10	117502255	117507367	1	1	0	2
10	117507368	117516812	1	1	0	2
10	117516813	117529992	1	1	0	2
10	117529993	117680259	2	1	1	3
10	117680260	117683786	2	1	1	3
10	117683787	118598101	2	1	1	3
10	118598102	121049033	1	1	0	3
10	121049034	124759077	2	1	1	3
10	124759078	124765621	2	1	1	2
10	124765622	125091744	2	1	1	2
10	125091745	125113696	1	1	0	2
10	125113697	125575676	2	1	1	2
10	125575677	125577530	2	1	1	2
10	125577531	125939393	2	1	1	2
10	125939394	125945734	2	1	1	2
10	125945735	127574904	2	1	1	2
10	127574905	127577990	2	1	1	2
10	127577991	128936459	2	1	1	2
10	128936460	128944860	1	1	0	2
10	128944861	128949388	1	1	0	2
10	128949389	129008363	1	1	0	2
10	129008364	129546651	2	1	1	3
10	129546652	129574360	1	1	0	2
10	129574361	135534746	2	1	1	2
11	197337	51194755	3	2	1	2
11	51194756	51518309	2	2	0	2
11	51518310	51564813	3	2	1	2
11	51564814	56060404	NA	NA	NA	NA
11	56060405	97070321	3	2	1	2
11	97070322	100079573	2	2	0	2
11	100079574	100091163	2	2	0	2
11	100091164	100693924	2	2	0	2
11	100693925	101583067	2	2	0	1
11	101583068	102038733	2	2	0	2
11	102038734	102050177	2	2	0	2
11	102050178	103057277	2	2	0	2
11	103057278	103057297	2	2	0	2
11	103057298	105446753	2	2	0	2
11	105446754	105453929	2	2	0	2
11	105453930	106096569	2	2	0	2
11	106096570	106123435	2	2	0	2
11	106123436	133529328	2	2	0	2
11	133529329	135006515	3	2	1	2
12	110107	8676140	2	1	1	2
12	8676141	9112938	1	1	0	3
12	9112939	9966906	2	1	1	3
12	9966907	10017571	2	1	1	3
12	10017572	16417514	1	1	0	3
12	16417515	17214980	2	1	1	3
12	17214981	18242108	1	1	0	3
12	18242109	18601697	2	1	1	2
12	18601698	18618700	2	1	1	2
12	18618701	32847416	2	1	1	2
12	32847417	33211056	2	1	1	2
12	33211057	33299999	2	1	1	2
12	33300000	38199999	2	1	1	3
12	38200000	40822804	2	1	1	3
12	40822805	40826028	2	1	1	2
12	40826029	53764938	2	1	1	2
12	53764939	53765257	2	1	1	2
12	53765258	63673994	2	1	1	2
12	63673995	68883278	3	2	1	3
12	68883279	68883614	3	2	1	2
12	68883615	86008990	3	2	1	3
12	86008991	86011900	3	2	1	3
12	86011901	86335591	3	2	1	3
12	86335592	86346362	3	2	1	2
12	86346363	86631638	3	2	1	2
12	86631639	86631663	3	2	1	2
12	86631664	87231954	3	2	1	3
12	87231955	87232002	3	2	1	2
12	87232003	100292818	3	2	1	3
12	100292819	100654388	4	3	1	3
12	100654389	100658107	4	3	1	2
12	100658108	100724263	4	3	1	2
12	100724264	107875916	3	2	1	2
12	107875917	107877112	3	2	1	2
12	107877113	126020973	3	2	1	2
12	126020974	126034060	3	2	1	2
12	126034061	129581630	3	2	1	2
12	129581631	129584694	3	2	1	1
12	129584695	129638408	3	2	1	2
12	129638409	131321828	1	1	0	3
12	131321829	133851894	3	2	1	3
13	1	16299999	3	2	1	1
13	16300000	19499999	3	2	1	3
13	19500000	40656452	3	2	1	2
13	40656453	61461124	1	1	0	3
13	61461125	61461409	1	1	0	2
13	61461410	77100675	1	1	0	3
13	77100676	79592728	3	2	1	2
13	79592729	82891997	2	2	0	2
13	82891998	84050915	4	2	2	3
13	84050916	84064348	4	2	2	2
13	84064349	84250006	4	2	2	2
13	84250007	88306532	3	2	1	3
13	88306533	88311070	3	2	1	2
13	88311071	94652339	3	2	1	3
13	94652340	95605823	4	2	2	2
13	95605824	106414823	3	2	1	2
13	106414824	106534833	1	1	0	3
13	106534834	110853766	3	2	1	3
13	110853767	110915704	1	1	0	2
13	110915705	112736712	3	2	1	3
13	112736713	112789544	1	1	0	2
13	112789545	113562721	3	2	1	3
13	113562722	113797640	1	1	0	2
13	113797641	115169877	3	2	1	2
14	1	16099999	3	2	1	1
14	16100000	19099999	3	2	1	2
14	19100000	38104120	3	2	1	3
14	38104121	38289088	2	2	0	2
14	38289089	83890250	3	2	1	3
14	83890251	83891936	3	2	1	2
14	83891937	84032474	3	2	1	2
14	84032475	84059112	2	2	0	2
14	84059113	84905374	3	2	1	3
14	84905375	84905619	3	2	1	3
14	84905620	85895145	3	2	1	3
14	85895146	85911435	3	2	1	1
14	85911436	107349539	3	2	1	2
15	1	15799999	2	1	1	1
15	15800000	20699999	2	1	1	2
15	20700000	85140892	2	1	1	3
15	85140893	85140904	2	1	1	3
15	85140905	85141004	2	1	1	2
15	85141005	85141207	2	1	1	2
15	85141208	94069328	2	1	1	3
15	94069329	94071935	4	3	1	2
15	94071936	94094057	2	1	1	3
15	94094058	94115495	1	1	0	2
15	94115496	95509615	2	1	1	3
15	95509616	98068753	1	1	0	3
15	98068754	102385500	2	1	1	3
16	83802	34599999	2	1	1	2
16	34600000	38599999	2	1	1	3
16	38600000	46457499	2	1	1	2
16	46457500	60816531	2	1	1	3
16	60816532	85707207	1	1	0	3
16	85707208	86120525	7	6	1	2
16	86120526	86225514	2	1	1	2
16	86225515	86276979	3	2	1	2
16	86276980	86277378	3	2	1	2
16	86277379	86386989	3	2	1	2
16	86386990	86938739	7	6	1	2
16	86938740	87631821	1	1	0	2
16	87631822	87933584	7	6	1	2
16	87933585	90354752	1	1	0	2
17	20080	1598514	2	2	0	3
17	1598515	1606729	2	2	0	2
17	1606730	1613870	2	2	0	3
17	1613871	1619971	2	2	0	2
17	1619972	1643730	2	2	0	2
17	1643731	1651864	2	2	0	2
17	1651865	3598340	2	2	0	3
17	3598341	3633014	3	3	0	2
17	3633015	4675032	2	2	0	3
17	4675033	4690381	2	2	0	3
17	4690382	6612644	2	2	0	3
17	6612645	7574231	1	1	0	3
17	7574232	7583849	1	1	0	3
17	7583850	12001538	1	1	0	3
17	12001539	12011540	2	2	0	2
17	12011541	12011592	2	2	0	2
17	12011593	13405995	2	2	0	3
17	13405996	13409588	2	2	0	3
17	13409589	13671602	2	2	0	3
17	13671603	13678531	2	2	0	2
17	13678532	14399273	2	2	0	3
17	14399274	19779172	1	1	0	3
17	19779173	19797807	1	1	0	2
17	19797808	21300008	1	1	0	3
17	21300009	22182900	2	2	0	2
17	22182901	25799999	NA	NA	NA	NA
17	25800000	29194634	3	2	1	2
17	29194635	30010624	3	2	1	3
17	30010625	30035893	3	2	1	2
17	30035894	30036259	3	2	1	2
17	30036260	30037906	3	2	1	2
17	30037907	30922733	3	2	1	3
17	30922734	35016624	2	1	1	3
17	35016625	37681651	3	2	1	2
17	37681652	37682588	3	2	1	2
17	37682589	37682617	3	2	1	2
17	37682618	38086458	3	2	1	2
17	38086459	38105418	3	2	1	2
17	38105419	39732506	3	2	1	2
17	39732507	39749788	4	3	1	2
17	39749789	41413035	3	2	1	2
17	41413036	43067700	3	2	1	2
17	43067701	50815865	2	1	1	2
17	50815866	51712122	3	2	1	3
17	51712123	51720277	3	2	1	2
17	51720278	51961329	3	2	1	2
17	51961330	51963435	4	3	1	2
17	51963436	51963589	4	3	1	2
17	51963590	52006155	4	3	1	3
17	52006156	54666999	3	2	1	3
17	54667000	54668654	3	2	1	2
17	54668655	57422742	2	1	1	2
17	57422743	60092391	3	2	1	3
17	60092392	60093682	3	2	1	3
17	60093683	60094681	3	2	1	2
17	60094682	60106233	3	2	1	2
17	60106234	60393370	3	2	1	3
17	60393371	60394474	3	2	1	2
17	60394475	60543771	3	2	1	3
17	60543772	60560202	3	2	1	3
17	60560203	61247985	3	2	1	3
17	61247986	61250344	3	2	1	2
17	61250345	61251010	3	2	1	2
17	61251011	61334020	3	2	1	2
17	61334021	71918895	2	1	1	3
17	71918896	71981180	3	2	1	3
17	71981181	74339874	2	1	1	3
17	74339875	74401616	2	1	1	2
17	74401617	78684513	2	1	1	2
17	78684514	79977926	3	2	1	2
17	79977927	79979180	3	2	1	2
17	79979181	81195209	3	2	1	2
18	27500	15399999	2	1	1	2
18	15400000	18999999	2	1	1	3
18	19000000	49643815	2	1	1	3
18	49643816	78077247	2	1	1	3
19	102500	272443	2	1	1	2
19	272444	24399999	2	1	1	2
19	24400000	28599999	2	1	1	3
19	28600000	59128982	2	1	1	2
20	60479	25599999	2	1	1	3
20	25600000	29399999	2	1	1	3
20	29400000	47084009	2	1	1	2
20	47084010	47274680	3	2	1	2
20	47274681	63025519	2	1	1	2
21	1	10899999	NA	NA	NA	NA
21	10900000	14299999	3	2	1	1
21	14300000	48129894	2	1	1	3
22	1	12199999	2	1	1	1
22	12200000	17899999	2	1	1	3
22	17900000	29065487	2	1	1	2
22	29065488	29065855	2	1	1	2
22	29065856	29066023	2	1	1	2
22	29066024	51304565	2	1	1	2
X	1	11731273	1	1	0	3
X	11731274	11731671	1	1	0	3
X	11731672	32169654	1	1	0	3
X	32169655	32339504	0	0	0	2
X	32339505	32559600	1	1	0	3
X	32559601	33725947	0	0	0	2
X	33725948	58099999	1	1	0	3
X	58100000	63012841	NA	NA	NA	NA
X	63012842	63204768	0	0	0	2
X	63204769	63220081	0	0	0	2
X	63220082	64495408	3	3	0	1
X	64495409	64634809	10	10	0	1
X	64634810	64733768	13	13	0	1
X	64733769	64735884	13	13	0	1
X	64735885	64736344	13	13	0	1
X	64736345	64743537	1	1	0	2
X	64743538	64744456	10	10	0	1
X	64744457	67080714	10	10	0	1
X	67080715	68715929	6	6	0	1
X	68715930	68906221	2	2	0	1
X	68906222	68906296	1	1	0	2
X	68906297	69755961	2	2	0	2
X	69755962	70214161	1	1	0	2
X	70214162	70214416	1	1	0	2
X	70214417	70776406	1	1	0	2
X	70776407	71718548	2	2	0	2
X	71718549	71763401	1	1	0	3
X	71763402	71764924	1	1	0	2
X	71764925	72796424	1	1	0	3
X	72796425	72828764	5	5	0	3
X	72828765	72829524	5	5	0	1
X	72829525	73708592	6	6	0	1
X	73708593	78355038	1	1	0	3
X	78355039	84791164	0	0	0	2
X	84791165	84834634	5	5	0	1
X	84834635	87544585	0	0	0	2
X	87544586	87618441	1	1	0	3
X	87618442	87687295	0	0	0	2
X	87687296	87880345	1	1	0	3
X	87880346	88018316	0	0	0	2
X	88018317	88706149	6	6	0	2
X	88706150	90295009	1	1	0	2
X	90295010	90295181	1	1	0	2
X	90295182	90314955	1	1	0	2
X	90314956	90575523	7	7	0	1
X	90575524	90782487	0	0	0	3
X	90782488	99148168	1	1	0	3
X	99148169	99149003	1	1	0	3
X	99149004	144358127	1	1	0	3
X	144358128	146942015	0	0	0	2
X	146942016	155270559	1	1	0	3
Y	1	11599999	1	1	0	1
Y	11600000	13399999	1	1	0	1
Y	13400000	59373565	1	1	0	1
