chromosome	start	end	total_cn	major_cn	minor_cn	star
1	10001	790008	2	1	1	2
1	790009	5080117	2	1	1	3
1	5080118	5220214	2	1	1	2
1	5220215	12837500	2	1	1	2
1	12837501	38479996	2	1	1	2
1	38479997	38508298	8	7	1	1
1	38508299	38540302	8	7	1	2
1	38540303	38587776	8	7	1	2
1	38587777	71937496	2	1	1	2
1	71937497	79560000	2	1	1	2
1	79560001	121499999	2	1	1	3
1	121500000	128899999	2	1	1	2
1	128900000	146540100	2	1	1	3
1	146540101	158599994	2	1	1	2
1	158599995	158710995	2	1	1	2
1	158710996	190550035	2	1	1	3
1	190550036	190962667	2	1	1	2
1	190962668	191120064	2	1	1	2
1	191120065	196430013	2	1	1	2
1	196430014	247247500	2	1	1	2
1	247247501	249250620	2	1	1	3
2	38938	40430007	2	1	1	3
2	40430008	51990186	2	1	1	3
2	51990187	83971775	2	1	1	3
2	83971776	90499999	2	1	1	3
2	90500000	96799999	2	1	1	3
2	96800000	186656801	2	1	1	3
2	186656802	213922735	2	1	1	3
2	213922736	242988297	2	1	1	3
3	100074	60454222	1	1	0	3
3	60454223	60455214	1	1	0	2
3	60455215	60585551	0	0	0	2
3	60585552	60585979	1	1	0	2
3	60585980	75599825	1	1	0	3
3	75599826	87899999	1	1	0	3
3	87900000	93899999	NA	NA	NA	NA
3	93900000	94158801	2	1	1	2
3	94158802	94924822	2	1	1	2
3	94924823	103377453	2	1	1	3
3	103377454	104909994	2	1	1	3
3	104909995	105086826	2	1	1	2
3	105086827	175717400	2	1	1	3
3	175717401	198022429	2	1	1	3
4	27500	29595884	2	1	1	3
4	29595885	32926686	2	1	1	2
4	32926687	48199999	2	1	1	3
4	48200000	52699999	2	1	1	3
4	52700000	59681944	2	1	1	3
4	59681945	63595015	2	1	1	2
4	63595016	63665927	2	1	1	3
4	63665928	70489809	2	1	1	2
4	70489810	70534777	2	1	1	2
4	70534778	80352632	2	1	1	3
4	80352633	132490006	2	1	1	3
4	132490007	137039777	2	1	1	2
4	137039778	167360007	2	1	1	3
4	167360008	179013932	2	1	1	3
4	179013933	187406367	2	1	1	3
4	187406368	187529118	3	2	1	2
4	187529119	187577589	2	1	1	2
4	187577590	187577642	2	1	1	2
4	187577643	189140546	2	1	1	3
4	189140547	189383722	1	1	0	1
4	189383723	191154275	2	1	1	2
5	20747	46099999	2	1	1	3
5	46100000	50699999	2	1	1	2
5	50700000	99338920	2	1	1	3
5	99338921	105022601	2	1	1	2
5	105022602	116469062	2	1	1	3
5	116469063	116599046	2	1	1	2
5	116599047	128769975	2	1	1	3
5	128769976	154940046	2	1	1	3
5	154940047	160668856	2	1	1	3
5	160668857	180712500	2	1	1	3
6	39681	212499	2	1	1	2
6	212500	32477351	2	1	1	3
6	32477352	32630001	2	1	1	2
6	32630002	32707598	2	1	1	2
6	32707599	55209952	2	1	1	2
6	55209953	55253765	2	1	1	2
6	55253766	58699999	2	1	1	3
6	58700000	63299999	2	1	1	3
6	63300000	68530198	2	1	1	2
6	68530199	73073380	2	1	1	2
6	73073381	77869997	2	1	1	2
6	77869998	93846624	2	1	1	3
6	93846625	94054045	2	1	1	2
6	94054046	103123837	2	1	1	2
6	103123838	145810032	2	1	1	3
6	145810033	170905977	2	1	1	3
7	42038	9827720	3	2	1	3
7	9827721	12227081	3	2	1	2
7	12227082	12417550	3	2	1	2
7	12417551	57999999	3	2	1	3
7	58000000	61699999	NA	NA	NA	NA
7	61700000	62012359	1	1	0	1
7	62012360	158821400	1	1	0	3
8	10001	155756	2	1	1	2
8	155757	25760012	2	1	1	3
8	25760013	25780994	3	2	1	2
8	25780995	43099999	2	1	1	3
8	43100000	48099999	2	1	1	3
8	48100000	76599990	2	1	1	3
8	76599991	85342577	2	1	1	3
8	85342578	99991606	2	1	1	3
8	99991607	100104568	2	1	1	2
8	100104569	115096929	2	1	1	3
8	115096930	146364021	2	1	1	2
9	10001	229829	1	1	0	2
9	229830	29141483	1	1	0	2
9	29141484	29146034	4	3	1	1
9	29146035	29553887	5	4	1	2
9	29553888	29553915	5	4	1	2
9	29553916	29580065	3	2	1	2
9	29580066	31796319	3	2	1	2
9	31796320	39799802	3	2	1	3
9	39799803	47299999	3	2	1	2
9	47300000	50699999	3	2	1	2
9	50700000	74108200	3	2	1	3
9	74108201	83613600	3	2	1	3
9	83613601	140273200	3	2	1	3
9	140273201	141069765	3	2	1	2
10	148411	18804695	1	1	0	2
10	18804696	31729993	1	1	0	2
10	31729994	31833227	2	1	1	2
10	31833228	33790035	2	1	1	2
10	33790036	37999999	1	1	0	2
10	38000000	42650787	NA	NA	NA	NA
10	42650788	42845054	2	1	1	2
10	42845055	57800645	2	1	1	3
10	57800646	135389924	2	1	1	3
11	20721	202071	2	1	1	2
11	202072	23496058	2	1	1	3
11	23496059	42816688	2	1	1	2
11	42816689	49436587	2	1	1	3
11	49436588	51599999	2	1	1	2
11	51600000	55699999	2	1	1	3
11	55700000	55780000	2	1	1	3
11	55780001	58009058	2	1	1	3
11	58009059	84621094	2	1	1	3
11	84621095	89335711	2	1	1	3
11	89335712	134452200	2	1	1	3
12	110107	33299999	2	1	1	3
12	33300000	38199999	2	1	1	3
12	38200000	71461621	2	1	1	3
12	71461622	73029995	2	1	1	3
12	73029996	73140077	2	1	1	2
12	73140078	75477561	2	1	1	2
12	75477562	80881028	2	1	1	3
12	80881029	85186251	2	1	1	2
12	85186252	86989956	2	1	1	3
12	86989957	88244699	2	1	1	2
12	88244700	90933311	2	1	1	3
12	90933312	132349400	2	1	1	2
12	132349401	133851894	2	1	1	3
13	1	16299999	1	1	0	1
13	16300000	19499999	1	1	0	2
13	19500000	45845601	1	1	0	3
13	45845602	45995833	3	2	1	2
13	45995834	46013395	5	4	1	1
13	46013396	46129245	5	4	1	2
13	46129246	46145518	4	3	1	2
13	46145519	46369993	4	3	1	2
13	46369994	62937381	1	1	0	3
13	62937382	66443375	3	2	1	2
13	66443376	66476812	4	3	1	2
13	66476813	76587434	3	2	1	3
13	76587435	78705739	3	2	1	2
13	78705740	102056607	3	2	1	3
13	102056608	110727499	3	2	1	3
13	110727500	111123137	1	1	0	3
13	111123138	114142800	3	2	1	2
13	114142801	115169877	3	2	1	2
14	1	16099999	2	1	1	1
14	16100000	19099999	2	1	1	2
14	19100000	27075058	2	1	1	3
14	27075059	27894339	2	1	1	2
14	27894340	40920001	2	1	1	3
14	40920002	42490044	2	1	1	2
14	42490045	46558652	2	1	1	3
14	46558653	106368400	2	1	1	3
15	1	15799999	2	1	1	1
15	15800000	20699999	2	1	1	2
15	20700000	46556239	2	1	1	3
15	46556240	46578548	2	1	1	3
15	46578549	100338800	2	1	1	2
15	100338801	102399429	2	1	1	3
16	9999	137313	2	1	1	2
16	137314	32599898	2	1	1	2
16	32599899	34599999	2	1	1	2
16	34600000	38599999	2	1	1	2
16	38600000	60819956	2	1	1	2
16	60819957	61230064	2	1	1	2
16	61230065	88827200	2	1	1	2
16	88827201	90354752	2	1	1	3
17	7	22199999	2	1	1	3
17	22200000	25799999	2	1	1	2
17	25800000	78774600	2	1	1	2
17	78774601	81195209	2	1	1	2
18	27500	82671	2	1	1	2
18	82672	14168824	2	1	1	3
18	14168825	15399999	2	1	1	3
18	15400000	18999999	2	1	1	2
18	19000000	64737800	2	1	1	3
18	64737801	76134766	2	1	1	3
18	76134767	78077247	2	1	1	2
19	102500	260136	2	1	1	2
19	260137	4942565	2	1	1	2
19	4942566	4947680	2	1	1	2
19	4947681	24399999	2	1	1	2
19	24400000	28599999	2	1	1	2
19	28600000	59128982	2	1	1	2
20	17500	25599999	2	1	1	3
20	25600000	29399999	2	1	1	3
20	29400000	62432500	2	1	1	2
21	1	10670000	NA	NA	NA	NA
21	10670001	15284488	2	1	1	2
21	15284489	18396042	2	1	1	2
21	18396043	24090020	2	1	1	2
21	24090021	28650008	2	1	1	2
21	28650009	29630015	2	1	1	2
21	29630016	46937500	2	1	1	2
21	46937501	48129894	2	1	1	2
22	1	12199999	2	1	1	1
22	12200000	17899999	2	1	1	2
22	17900000	22152613	2	1	1	3
22	22152614	29065499	2	1	1	2
22	29065500	49687500	2	1	1	2
22	49687501	51304565	2	1	1	3
X	1	58099999	2	1	1	3
X	58100000	62999999	2	1	1	2
X	63000000	89014091	2	1	1	2
X	89014092	95200481	2	1	1	2
X	95200482	154913600	2	1	1	2
