chromosome	start	end	total_cn	major_cn	minor_cn	star
1	1	790502	1	1	0	1
1	790503	121499999	2	1	1	3
1	121500000	128899999	2	1	1	2
1	128900000	142787499	2	1	1	2
1	142787500	194161883	2	1	1	2
1	194161884	209553962	2	1	1	2
1	209553963	247247500	2	1	1	2
1	247247501	249250620	2	1	1	2
2	20016	73867896	2	1	1	2
2	73867897	73936321	2	1	1	2
2	73936322	90499999	2	1	1	3
2	90500000	96799999	2	1	1	2
2	96800000	132966422	2	1	1	3
2	132966423	185140109	2	1	1	3
2	185140110	242951000	2	1	1	3
3	75842	87899999	2	1	1	3
3	87900000	93899999	2	1	1	2
3	93900000	96341352	2	1	1	2
3	96341353	96363917	2	1	1	2
3	96363918	197847500	2	1	1	3
4	29340	48199999	2	1	1	3
4	48200000	52699999	2	1	1	3
4	52700000	191154275	2	1	1	3
5	22500	28598505	2	1	1	2
5	28598506	28601864	2	1	1	2
5	28601865	45942295	2	1	1	2
5	45942296	46099999	2	1	1	2
5	46100000	50699999	2	1	1	2
5	50700000	98399955	2	1	1	2
5	98399956	180689978	2	1	1	2
6	39681	201975	2	1	1	1
6	201976	58699999	2	1	1	2
6	58700000	63299999	2	1	1	2
6	63300000	93831961	2	1	1	3
6	93831962	170869735	2	1	1	3
7	40386	18596064	2	1	1	2
7	18596065	57949987	2	1	1	2
7	57949988	61699999	2	1	1	2
7	61700000	146293442	2	1	1	3
7	146293443	146320498	2	1	1	2
7	146320499	158771400	2	1	1	3
8	10001	163225	2	1	1	2
8	163226	43099999	2	1	1	2
8	43100000	48099999	2	1	1	2
8	48100000	90716623	2	1	1	2
8	90716624	146364021	2	1	1	2
9	10001	205044	2	1	1	2
9	205045	18414359	2	1	1	3
9	18414360	18421341	2	1	1	3
9	18421342	47299999	2	1	1	3
9	47300000	50699999	2	1	1	2
9	50700000	140273200	2	1	1	3
10	90127	37999999	2	1	1	3
10	38000000	42605063	2	1	1	2
10	42605064	135411408	2	1	1	2
11	20721	190009	2	1	1	2
11	190010	48918167	2	1	1	3
11	48918168	50334057	2	1	1	3
11	50334058	51376529	2	1	1	2
11	51376530	55699999	2	1	1	2
11	55700000	134452200	2	1	1	3
12	110107	33299999	2	1	1	2
12	33300000	38199999	2	1	1	2
12	38200000	38387801	2	1	1	2
12	38387802	132349400	2	1	1	2
12	132349401	133851894	2	1	1	2
13	1	16299999	2	1	1	1
13	16300000	19499999	2	1	1	2
13	19500000	114142800	2	1	1	2
13	114142801	115169877	2	1	1	2
14	1	16099999	2	1	1	1
14	16100000	19099999	2	1	1	2
14	19100000	106368400	2	1	1	3
15	1	15799999	2	1	1	1
15	15800000	20699999	2	1	1	2
15	20700000	100374858	2	1	1	3
15	100374859	102349919	2	1	1	2
16	100010	34599999	2	1	1	3
16	34600000	38599999	2	1	1	2
16	38600000	61443691	2	1	1	2
16	61443692	61465533	2	1	1	2
16	61465534	88827200	2	1	1	2
16	88827201	90354752	2	1	1	1
17	8187	22199999	2	1	1	3
17	22200000	25799999	2	1	1	2
17	25800000	78774600	2	1	1	3
17	78774601	81195209	2	1	1	2
18	27500	15393143	2	1	1	3
18	15393144	18999999	2	1	1	3
18	19000000	76117000	2	1	1	3
18	76117001	78077247	2	1	1	2
19	102500	268784	2	1	1	2
19	268785	24399999	2	1	1	2
19	24400000	28599999	2	1	1	2
19	28600000	59128982	2	1	1	2
20	24347	25599999	2	1	1	3
20	25600000	29399999	2	1	1	3
20	29400000	62432500	2	1	1	3
21	1	9417499	NA	NA	NA	NA
21	9417500	10899999	NA	NA	NA	NA
21	10900000	14299999	2	1	1	2
21	14300000	15300422	2	1	1	2
21	15300423	46937500	2	1	1	3
21	46937501	48129894	2	1	1	2
22	1	12199999	1	1	0	1
22	12200000	17899999	NA	NA	NA	NA
22	17900000	49687500	2	1	1	3
22	49687501	51304565	2	1	1	2
X	1	58099999	1	1	0	3
X	58100000	62999999	1	1	0	2
X	63000000	155270559	1	1	0	3
Y	1	2961602	1	1	0	1
Y	2961603	11599999	1	1	0	1
Y	11600000	13399999	1	1	0	1
Y	13400000	59373565	1	1	0	1
