chromosome	start	end	total_cn	major_cn	minor_cn	star
1	1	2205373	2	2	0	3
1	2205374	2207489	2	2	0	3
1	2207490	14071803	2	2	0	3
1	14071804	14079161	2	2	0	3
1	14079162	17014601	2	2	0	3
1	17014602	17067500	2	2	0	2
1	17067501	18114510	2	2	0	2
1	18114511	23058092	1	1	0	3
1	23058093	23143553	1	1	0	1
1	23143554	24787508	1	1	0	3
1	24787509	25014951	2	2	0	3
1	25014952	31500118	1	1	0	3
1	31500119	31507081	1	1	0	2
1	31507082	31514322	3	2	1	1
1	31514323	32058056	3	2	1	3
1	32058057	33650657	2	1	1	3
1	33650658	33652984	2	1	1	2
1	33652985	33656050	3	2	1	2
1	33656051	33758979	3	2	1	3
1	33758980	34405619	2	1	1	3
1	34405620	34407767	2	1	1	2
1	34407768	34423023	2	1	1	2
1	34423024	34582469	1	1	0	3
1	34582470	35101119	2	1	1	3
1	35101120	35105933	2	1	1	2
1	35105934	36562046	2	1	1	3
1	36562047	36579315	2	1	1	2
1	36579316	47729845	2	1	1	3
1	47729846	47766814	2	1	1	2
1	47766815	51303732	2	1	1	3
1	51303733	51323374	0	0	0	1
1	51323375	51324362	0	0	0	2
1	51324363	51372604	0	0	0	3
1	51372605	51382824	1	1	0	2
1	51382825	51383913	2	1	1	2
1	51383914	58488311	2	1	1	3
1	58488312	58514414	2	1	1	1
1	58514415	64331411	2	1	1	3
1	64331412	64552677	2	1	1	2
1	64552678	71862193	2	1	1	3
1	71862194	71868218	2	1	1	2
1	71868219	71896674	1	1	0	1
1	71896675	72629084	1	1	0	3
1	72629085	72658738	2	1	1	2
1	72658739	72671824	2	1	1	1
1	72671825	72747892	2	1	1	2
1	72747893	72757996	2	1	1	1
1	72757997	87144847	2	1	1	3
1	87144848	107056104	2	1	1	3
1	107056105	107057669	2	1	1	3
1	107057670	114046076	2	1	1	3
1	114046077	114046248	2	1	1	3
1	114046249	114046384	2	1	1	2
1	114046385	114046415	2	1	1	2
1	114046416	120531801	2	1	1	3
1	120531802	128899999	NA	NA	NA	NA
1	128900000	143752499	3	2	1	1
1	143752500	145056909	2	1	1	2
1	145056910	145478659	4	3	1	2
1	145478660	146587085	3	2	1	2
1	146587086	147952197	3	2	1	2
1	147952198	149730742	3	2	1	2
1	149730743	150104744	7	4	3	2
1	150104745	150282838	6	3	3	2
1	150282839	151276562	7	4	3	2
1	151276563	151502786	7	4	3	2
1	151502787	151956717	6	3	3	2
1	151956718	152124323	6	3	3	2
1	152124324	152679174	6	3	3	2
1	152679175	153243474	5	3	2	2
1	153243475	153799437	5	3	2	2
1	153799438	153814340	3	2	1	2
1	153814341	153899510	4	3	1	2
1	153899511	153899781	5	3	2	1
1	153899782	153910569	5	3	2	1
1	153910570	154154901	3	3	0	2
1	154154902	156048460	4	3	1	2
1	156048461	156054130	4	3	1	2
1	156054131	156054451	4	3	1	1
1	156054452	156055458	4	3	1	1
1	156055459	156935633	4	3	1	2
1	156935634	156941920	4	3	1	2
1	156941921	157473181	4	3	1	2
1	157473182	158293678	4	3	1	2
1	158293679	161670401	3	3	0	2
1	161670402	161944927	4	3	1	2
1	161944928	165807766	3	3	0	2
1	165807767	165822525	1	1	0	2
1	165822526	165827536	2	2	0	2
1	165827537	165861106	2	2	0	2
1	165861107	171498594	3	3	0	2
1	171498595	171509032	3	3	0	2
1	171509033	172422073	3	3	0	2
1	172422074	172427458	3	3	0	2
1	172427459	175153842	3	3	0	2
1	175153843	175421900	4	3	1	2
1	175421901	177940318	3	3	0	2
1	177940319	181609990	4	3	1	2
1	181609991	182177221	5	3	2	2
1	182177222	182183539	4	3	1	2
1	182183540	184475202	5	3	2	2
1	184475203	188690444	4	3	1	2
1	188690445	188700369	3	3	0	2
1	188700370	206997500	4	3	1	2
1	206997501	207316229	6	5	1	2
1	207316230	217398002	4	3	1	2
1	217398003	217398315	4	3	1	2
1	217398316	217405450	3	2	1	2
1	217405451	218253294	4	3	1	2
1	218253295	218253358	4	3	1	2
1	218253359	226657305	4	3	1	2
1	226657306	226806589	3	3	0	2
1	226806590	228316277	4	3	1	2
1	228316278	228399668	3	2	1	2
1	228399669	230227176	4	3	1	2
1	230227177	230232235	3	2	1	2
1	230232236	231098658	4	3	1	2
1	231098659	231099431	4	3	1	2
1	231099432	232718376	4	3	1	2
1	232718377	232721186	3	2	1	2
1	232721187	234931168	4	3	1	2
1	234931169	235137277	4	3	1	2
1	235137278	235291334	4	3	1	2
1	235291335	235426133	3	2	1	3
1	235426134	243400228	4	3	1	2
1	243400229	243507381	4	3	1	2
1	243507382	245349356	4	3	1	2
1	245349357	245359664	3	2	1	2
1	245359665	246544909	3	2	1	2
1	246544910	246598626	2	1	1	3
1	246598627	247249600	3	2	1	2
1	247249601	249250620	3	2	1	3
2	55219	3434948	2	1	1	3
2	3434949	3625636	1	1	0	3
2	3625637	8637219	2	1	1	3
2	8637220	8781186	3	2	1	2
2	8781187	8831387	2	1	1	2
2	8831388	8832495	2	1	1	2
2	8832496	10266723	2	1	1	3
2	10266724	10268900	2	1	1	2
2	10268901	17803210	2	1	1	3
2	17803211	17917239	1	1	0	2
2	17917240	23303480	2	1	1	3
2	23303481	23313603	2	1	1	1
2	23313604	27385177	2	1	1	3
2	27385178	27385237	2	1	1	3
2	27385238	27385610	2	1	1	2
2	27385611	27507460	2	1	1	3
2	27507461	27508184	2	1	1	3
2	27508185	27508269	2	1	1	2
2	27508270	27638067	2	1	1	3
2	27638068	27638178	2	1	1	3
2	27638179	33062555	2	1	1	3
2	33062556	33076950	2	1	1	2
2	33076951	34880279	2	1	1	3
2	34880280	34886436	2	1	1	1
2	34886437	35712484	2	1	1	3
2	35712485	35731455	1	1	0	2
2	35731456	45719014	2	1	1	3
2	45719015	45959783	3	2	1	3
2	45959784	50405181	2	1	1	3
2	50405182	50452822	2	1	1	1
2	50452823	77762278	2	1	1	3
2	77762279	77765059	2	1	1	3
2	77765060	77826990	2	1	1	3
2	77826991	77888451	1	1	0	2
2	77888452	77894249	1	1	0	2
2	77894250	77938723	1	1	0	2
2	77938724	78455401	2	1	1	3
2	78455402	78530581	2	1	1	3
2	78530582	79482324	2	1	1	3
2	79482325	79482656	2	1	1	3
2	79482657	90447263	2	1	1	3
2	90447264	90499999	2	1	1	3
2	90500000	96799999	2	1	1	3
2	96800000	134956655	2	1	1	3
2	134956656	134995815	1	1	0	2
2	134995816	135617362	2	1	1	3
2	135617363	135706877	3	2	1	2
2	135706878	135722747	2	1	1	3
2	135722748	135729834	3	2	1	2
2	135729835	153545466	2	1	1	3
2	153545467	153552567	1	1	0	2
2	153552568	153562848	2	1	1	3
2	153562849	153562875	2	1	1	2
2	153562876	160248189	2	1	1	3
2	160248190	160529579	1	1	0	3
2	160529580	161918833	2	1	1	3
2	161918834	161960827	2	1	1	2
2	161960828	169689330	2	1	1	3
2	169689331	169689567	2	1	1	2
2	169689568	169701332	2	1	1	2
2	169701333	169736640	2	1	1	2
2	169736641	171824491	2	1	1	3
2	171824492	171956441	2	1	1	1
2	171956442	178092187	2	1	1	3
2	178092188	178109470	2	1	1	1
2	178109471	181190038	2	1	1	3
2	181190039	185140277	2	1	1	3
2	185140278	185141573	2	1	1	1
2	185141574	185580844	2	1	1	3
2	185580845	185846773	1	1	0	3
2	185846774	187289352	2	1	1	2
2	187289353	187371998	1	1	0	2
2	187371999	196820699	2	1	1	3
2	196820700	196876915	2	1	1	1
2	196876916	197679997	2	1	1	3
2	197679998	197725033	2	1	1	2
2	197725034	198041598	2	1	1	3
2	198041599	198251332	2	1	1	1
2	198251333	221575609	2	1	1	3
2	221575610	221577823	2	1	1	3
2	221577824	223620343	2	1	1	3
2	223620344	223774787	3	2	1	3
2	223774788	236475452	2	1	1	3
2	236475453	236591069	1	1	0	3
2	236591070	242985493	2	1	1	3
3	60596	1012798	3	2	1	2
3	1012799	1035205	3	2	1	1
3	1035206	1769895	3	2	1	2
3	1769896	1786149	2	2	0	2
3	1786150	5337829	3	2	1	2
3	5337830	5463846	2	2	0	2
3	5463847	9001969	3	2	1	3
3	9001970	9441447	2	1	1	3
3	9441448	11614980	3	2	1	3
3	11614981	11703717	4	2	2	2
3	11703718	15833631	3	2	1	3
3	15833632	15838050	3	2	1	3
3	15838051	19929996	3	2	1	3
3	19929997	20118116	4	2	2	3
3	20118117	20118144	4	2	2	1
3	20118145	20148223	3	2	1	3
3	20148224	20162755	3	2	1	2
3	20162756	21251803	3	2	1	3
3	21251804	21257319	3	2	1	1
3	21257320	25794190	3	2	1	3
3	25794191	29742835	4	2	2	3
3	29742836	31388368	4	2	2	3
3	31388369	31388443	4	2	2	2
3	31388444	31392830	4	2	2	1
3	31392831	31392876	3	2	1	2
3	31392877	34426761	3	2	1	3
3	34426762	34428325	3	2	1	2
3	34428326	34501487	3	2	1	3
3	34501488	34502501	3	2	1	3
3	34502502	40802716	3	2	1	3
3	40802717	41002448	4	2	2	3
3	41002449	41257590	3	2	1	3
3	41257591	41258928	3	2	1	2
3	41258929	41295275	3	2	1	2
3	41295276	47171939	3	2	1	3
3	47171940	47193575	2	1	1	2
3	47193576	47198341	2	1	1	2
3	47198342	54892812	2	1	1	3
3	54892813	54910407	1	1	0	3
3	54910408	55951311	2	1	1	3
3	55951312	56024693	1	1	0	2
3	56024694	60093240	2	1	1	3
3	60093241	60284666	1	1	0	3
3	60284667	60555921	2	1	1	2
3	60555922	60953401	1	1	0	3
3	60953402	60984348	0	0	0	2
3	60984349	61081088	1	1	0	3
3	61081089	61165915	0	0	0	2
3	61165916	61552293	1	1	0	2
3	61552294	61552815	1	1	0	2
3	61552816	61568761	1	1	0	2
3	61568762	62093653	0	0	0	3
3	62093654	70157609	1	1	0	3
3	70157610	70168438	1	1	0	3
3	70168439	71145613	1	1	0	3
3	71145614	71377758	0	0	0	2
3	71377759	84053506	1	1	0	3
3	84053507	87899999	2	1	1	3
3	87900000	93899999	2	1	1	3
3	93900000	110389593	2	1	1	3
3	110389594	110393337	2	1	1	3
3	110393338	114265098	2	1	1	3
3	114265099	114283849	2	1	1	3
3	114283850	120995514	2	1	1	3
3	120995515	120999006	2	1	1	2
3	120999007	123590712	2	1	1	3
3	123590713	123594936	2	1	1	3
3	123594937	123595038	2	1	1	2
3	123595039	123595156	2	1	1	2
3	123595157	123595392	2	1	1	2
3	123595393	123595417	2	1	1	2
3	123595418	123595451	2	1	1	2
3	123595452	125081371	2	1	1	3
3	125081372	125099248	2	1	1	1
3	125099249	136146173	2	1	1	3
3	136146174	136147188	2	1	1	3
3	136147189	160954947	2	1	1	3
3	160954948	161152572	3	2	1	3
3	161152573	174322043	2	1	1	3
3	174322044	174481500	1	1	0	3
3	174481501	174685973	2	1	1	3
3	174685974	174774193	2	1	1	2
3	174774194	175019512	2	1	1	2
3	175019513	175141116	1	1	0	3
3	175141117	179759331	2	1	1	3
3	179759332	179764544	2	1	1	2
3	179764545	180655904	2	1	1	3
3	180655905	180676988	2	1	1	2
3	180676989	183924510	2	1	1	3
3	183924511	183925382	2	1	1	2
3	183925383	183953262	3	2	1	2
3	183953263	183953297	3	2	1	2
3	183953298	193484682	2	1	1	3
3	193484683	193495119	2	1	1	2
3	193495120	193495665	2	1	1	2
3	193495666	193566406	2	1	1	3
3	193566407	193577725	1	1	0	2
3	193577726	196852853	2	1	1	3
3	196852854	196853672	2	1	1	3
3	196853673	197678025	2	1	1	3
4	42501	1676920	2	2	0	2
4	1676921	1680599	2	2	0	2
4	1680600	10632320	2	2	0	2
4	10632321	10632694	2	2	0	2
4	10632695	10632723	2	2	0	2
4	10632724	17809942	2	2	0	2
4	17809943	17828186	1	1	0	2
4	17828187	18876276	2	2	0	2
4	18876277	18943385	1	1	0	3
4	18943386	19645748	1	1	0	3
4	19645749	20256372	2	2	0	2
4	20256373	20288113	1	1	0	2
4	20288114	21027237	2	2	0	2
4	21027238	21031167	2	2	0	2
4	21031168	21031278	2	2	0	2
4	21031279	21195448	2	2	0	2
4	21195449	21195831	2	2	0	2
4	21195832	21195869	2	2	0	2
4	21195870	24550771	2	2	0	2
4	24550772	24568394	2	2	0	2
4	24568395	28908736	2	2	0	2
4	28908737	28908899	2	2	0	2
4	28908900	29502450	2	2	0	2
4	29502451	29535273	1	1	0	2
4	29535274	35133350	2	2	0	2
4	35133351	35860320	1	1	0	2
4	35860321	41041354	2	2	0	2
4	41041355	41047535	1	1	0	2
4	41047536	41186203	0	0	0	2
4	41186204	41187844	2	2	0	2
4	41187845	48199999	2	2	0	2
4	48200000	52699999	2	2	0	2
4	52700000	62718911	2	2	0	2
4	62718912	62917679	2	2	0	2
4	62917680	64690453	2	2	0	3
4	64690454	72158995	2	2	0	2
4	72158996	72287049	2	2	0	2
4	72287050	74043453	2	2	0	2
4	74043454	74073653	1	1	0	2
4	74073654	98706964	2	2	0	2
4	98706965	98907187	1	1	0	3
4	98907188	98924002	0	0	0	2
4	98924003	98960282	1	1	0	2
4	98960283	109720291	2	2	0	2
4	109720292	110359907	2	2	0	2
4	110359908	110411582	1	1	0	3
4	110411583	113140858	2	2	0	2
4	113140859	113363104	1	1	0	2
4	113363105	119150453	2	2	0	2
4	119150454	119320856	2	2	0	1
4	119320857	129221904	2	2	0	2
4	129221905	129299237	1	1	0	3
4	129299238	131489862	2	2	0	2
4	131489863	132590210	2	2	0	2
4	132590211	133465331	1	1	0	2
4	133465332	133813833	2	2	0	2
4	133813834	133814774	2	2	0	2
4	133814775	136310676	2	2	0	2
4	136310677	136311338	2	2	0	2
4	136311339	136444370	2	2	0	2
4	136444371	136444479	2	2	0	2
4	136444480	144749052	2	2	0	2
4	144749053	144764720	2	2	0	2
4	144764721	149435697	2	2	0	2
4	149435698	149457265	2	2	0	1
4	149457266	150187079	2	2	0	2
4	150187080	150362695	1	1	0	3
4	150362696	151543514	2	2	0	2
4	151543515	151877095	2	2	0	1
4	151877096	152276312	2	2	0	2
4	152276313	171491018	1	1	0	2
4	171491019	172781151	0	0	0	2
4	172781152	173892417	1	1	0	3
4	173892418	173909469	2	2	0	2
4	173909470	174020360	2	2	0	2
4	174020361	181133954	1	1	0	2
4	181133955	181157162	0	0	0	2
4	181157163	185533277	1	1	0	2
4	185533278	187523655	1	1	0	2
4	187523656	187624401	0	0	0	2
4	187624402	191154275	1	1	0	2
5	22500	3587779	2	1	1	3
5	3587780	3825979	1	1	0	3
5	3825980	3826306	1	1	0	3
5	3826307	3836164	1	1	0	2
5	3836165	8921663	2	1	1	3
5	8921664	9215961	2	1	1	3
5	9215962	11241976	2	1	1	3
5	11241977	11243405	2	1	1	3
5	11243406	14108644	2	1	1	3
5	14108645	14110575	2	1	1	3
5	14110576	18322301	2	1	1	3
5	18322302	18334700	1	1	0	2
5	18334701	21397409	2	1	1	3
5	21397410	21478202	1	1	0	3
5	21478203	37061595	2	1	1	3
5	37061596	37745461	1	1	0	3
5	37745462	38837692	2	1	1	3
5	38837693	38905568	1	1	0	2
5	38905569	46099999	2	1	1	2
5	46100000	50699999	NA	NA	NA	NA
5	50700000	54540024	1	1	0	3
5	54540025	55287878	2	1	1	2
5	55287879	58477441	1	1	0	3
5	58477442	58547110	2	2	0	2
5	58547111	58816927	0	0	0	2
5	58816928	58817253	0	0	0	2
5	58817254	58873520	1	1	0	3
5	58873521	59322341	0	0	0	3
5	59322342	59660750	1	1	0	2
5	59660751	59914641	1	1	0	2
5	59914642	59944356	1	1	0	2
5	59944357	59967985	0	0	0	2
5	59967986	128662136	1	1	0	2
5	128662137	128693906	0	0	0	2
5	128693907	148914561	1	1	0	2
5	148914562	148918443	1	1	0	2
5	148918444	162634196	1	1	0	2
5	162634197	162634573	1	1	0	2
5	162634574	162857262	1	1	0	2
5	162857263	163830034	1	1	0	2
5	163830035	163844371	1	1	0	2
5	163844372	170716097	1	1	0	2
5	170716098	170722797	1	1	0	2
5	170722798	180381278	1	1	0	2
5	180381279	180715810	1	1	0	2
6	242501	1632692	3	3	0	2
6	1632693	1837526	2	2	0	3
6	1837527	1862001	1	1	0	2
6	1862002	1883266	1	1	0	2
6	1883267	1896684	2	2	0	3
6	1896685	1912001	3	3	0	2
6	1912002	1912027	1	1	0	2
6	1912028	1963769	1	1	0	3
6	1963770	1970480	1	1	0	1
6	1970481	1971679	1	1	0	2
6	1971680	1981065	1	1	0	2
6	1981066	1993450	1	1	0	3
6	1993451	2145307	0	0	0	2
6	2145308	2152535	1	1	0	2
6	2152536	2191605	0	0	0	2
6	2191606	2231791	1	1	0	2
6	2231792	2284816	2	2	0	2
6	2284817	5266392	3	3	0	2
6	5266393	5367180	2	2	0	2
6	5367181	5474179	3	3	0	2
6	5474180	5665532	2	2	0	3
6	5665533	24250475	3	3	0	3
6	24250476	24484571	2	2	0	2
6	24484572	24810716	3	3	0	2
6	24810717	24810972	3	3	0	2
6	24810973	24811886	3	3	0	1
6	24811887	24812090	3	3	0	2
6	24812091	31897305	3	3	0	2
6	31897306	31898163	3	3	0	1
6	31898164	52263569	3	3	0	2
6	52263570	52359060	3	3	0	2
6	52359061	53526779	3	3	0	2
6	53526780	58699999	4	3	1	2
6	58700000	63299999	4	3	1	2
6	63300000	66328595	4	3	1	2
6	66328596	66478590	3	2	1	3
6	66478591	68406752	4	3	1	2
6	68406753	68409138	4	3	1	3
6	68409139	73985872	4	3	1	3
6	73985873	74118111	5	3	2	2
6	74118112	74119887	5	3	2	2
6	74119888	74180044	5	3	2	2
6	74180045	76317666	4	3	1	3
6	76317667	77437205	3	3	0	2
6	77437206	86328035	3	3	0	2
6	86328036	86333402	2	2	0	2
6	86333403	88370600	3	3	0	2
6	88370601	88746645	4	4	0	2
6	88746646	101896397	3	3	0	2
6	101896398	102079594	2	2	0	3
6	102079595	102084468	2	2	0	1
6	102084469	102153603	4	3	1	3
6	102153604	102157499	4	3	1	2
6	102157500	102213124	4	3	1	3
6	102213125	102213419	4	3	1	2
6	102213420	102311562	4	3	1	3
6	102311563	102314150	4	3	1	2
6	102314151	102333524	4	3	1	3
6	102333525	102341857	4	3	1	1
6	102341858	102542942	4	3	1	3
6	102542943	107116724	3	3	0	2
6	107116725	107166765	3	3	0	1
6	107166766	109106269	3	3	0	2
6	109106270	109119996	3	3	0	2
6	109119997	116404863	3	3	0	2
6	116404864	116557821	2	2	0	3
6	116557822	119671337	3	3	0	2
6	119671338	120296713	2	2	0	3
6	120296714	121382458	3	3	0	2
6	121382459	121382482	3	3	0	2
6	121382483	123845906	3	3	0	2
6	123845907	123861697	3	3	0	2
6	123861698	131295459	3	3	0	2
6	131295460	131333727	2	2	0	2
6	131333728	147919905	3	3	0	2
6	147919906	148705750	2	2	0	3
6	148705751	149928135	3	3	0	3
6	149928136	150036283	2	2	0	3
6	150036284	150987334	3	3	0	3
6	150987335	151085876	2	2	0	3
6	151085877	155071309	3	3	0	2
6	155071310	155072767	3	3	0	2
6	155072768	162669846	3	3	0	2
6	162669847	162671639	3	3	0	2
6	162671640	162825209	0	0	0	2
6	162825210	162916522	2	2	0	2
6	162916523	171115066	3	3	0	2
7	40386	2464703	3	2	1	2
7	2464704	2514228	2	2	0	2
7	2514229	18223001	3	2	1	2
7	18223002	18301351	1	1	0	2
7	18301352	18776502	3	2	1	2
7	18776503	18799976	3	2	1	2
7	18799977	21140724	3	2	1	2
7	21140725	21144478	2	1	1	2
7	21144479	23491573	3	2	1	2
7	23491574	25566985	2	1	1	2
7	25566986	33162011	3	2	1	2
7	33162012	33278848	2	1	1	3
7	33278849	33726197	1	1	0	3
7	33726198	33844069	2	1	1	2
7	33844070	37326558	3	2	1	2
7	37326559	37338820	3	2	1	2
7	37338821	37700203	3	2	1	2
7	37700204	37817622	4	3	1	2
7	37817623	42116390	3	2	1	2
7	42116391	42118406	3	2	1	2
7	42118407	49491519	3	2	1	2
7	49491520	49496356	3	2	1	2
7	49496357	57999999	3	2	1	2
7	58000000	61894996	NA	NA	NA	NA
7	61894997	61969801	1	1	0	1
7	61969802	67197234	1	1	0	3
7	67197235	67373379	2	1	1	3
7	67373380	67427382	1	1	0	2
7	67427383	67482604	1	1	0	2
7	67482605	67794001	2	1	1	3
7	67794002	67808596	0	0	0	1
7	67808597	67846825	0	0	0	2
7	67846826	67863366	1	1	0	2
7	67863367	67890647	2	1	1	2
7	67890648	72978404	1	1	0	3
7	72978405	73158245	2	2	0	2
7	73158246	73158952	2	2	0	2
7	73158953	89772715	2	2	0	3
7	89772716	89822687	1	1	0	2
7	89822688	89940076	2	2	0	2
7	89940077	90149957	1	1	0	3
7	90149958	101567358	2	2	0	3
7	101567359	101801155	1	1	0	3
7	101801156	104667466	2	2	0	3
7	104667467	104681687	2	2	0	2
7	104681688	104719492	2	2	0	2
7	104719493	104796570	1	1	0	2
7	104796571	105087854	2	2	0	2
7	105087855	105389345	3	2	1	3
7	105389346	105392735	2	2	0	2
7	105392736	105395303	3	2	1	2
7	105395304	109609955	2	2	0	2
7	109609956	109984141	1	1	0	2
7	109984142	110025498	1	1	0	2
7	110025499	110157408	1	1	0	2
7	110157409	110196101	2	2	0	2
7	110196102	110317040	1	1	0	3
7	110317041	110997264	2	2	0	2
7	110997265	111135201	3	2	1	2
7	111135202	111148591	4	2	2	2
7	111148592	111149113	4	2	2	2
7	111149114	111410786	4	2	2	3
7	111410787	111852525	3	2	1	3
7	111852526	113172399	3	2	1	3
7	113172400	114086599	2	2	0	3
7	114086600	114091207	2	2	0	3
7	114091208	115349706	2	2	0	3
7	115349707	127032116	2	2	0	3
7	127032117	127152191	1	1	0	3
7	127152192	127355462	2	2	0	3
7	127355463	127700322	1	1	0	3
7	127700323	132619862	2	2	0	3
7	132619863	132635619	2	2	0	2
7	132635620	133344073	2	2	0	3
7	133344074	133429085	2	2	0	2
7	133429086	138509268	2	2	0	3
7	138509269	139267504	1	1	0	3
7	139267505	139500203	2	2	0	2
7	139500204	139520612	2	2	0	2
7	139520613	141761554	2	2	0	2
7	141761555	143873220	2	2	0	2
7	143873221	143875774	2	2	0	2
7	143875775	148463055	2	2	0	2
7	148463056	148531777	1	1	0	3
7	148531778	158821400	2	2	0	2
8	10001	172499	4	3	1	2
8	172500	2466421	4	3	1	2
8	2466422	2467244	4	3	1	2
8	2467245	3007946	4	3	1	2
8	3007947	3252222	4	3	1	2
8	3252223	14210372	4	3	1	2
8	14210373	14230941	3	2	1	2
8	14230942	17566626	4	3	1	2
8	17566627	17566781	4	3	1	2
8	17566782	17566819	4	3	1	2
8	17566820	26179096	4	3	1	2
8	26179097	26188059	4	3	1	2
8	26188060	32368350	4	3	1	2
8	32368351	32376243	4	3	1	1
8	32376244	39230024	4	3	1	2
8	39230025	43099999	4	3	1	2
8	43100000	48099999	4	3	1	2
8	48100000	48689063	4	3	1	2
8	48689064	48838712	4	4	0	1
8	48838713	50084201	4	3	1	2
8	50084202	50144630	5	4	1	2
8	50144631	50219224	4	3	1	2
8	50219225	50257467	4	3	1	2
8	50257468	56844727	4	3	1	2
8	56844728	56886047	2	1	1	2
8	56886048	61620007	4	3	1	2
8	61620008	61651828	2	1	1	1
8	61651829	61690520	2	1	1	3
8	61690521	61712574	3	2	1	2
8	61712575	80375310	4	3	1	2
8	80375311	80375351	4	3	1	2
8	80375352	88023211	4	3	1	2
8	88023212	88041497	5	4	1	2
8	88041498	88129187	4	3	1	2
8	88129188	88511240	4	3	1	2
8	88511241	90888859	4	3	1	2
8	90888860	90999678	3	3	0	2
8	90999679	91002153	3	3	0	1
8	91002154	91036966	3	2	1	2
8	91036967	95461951	4	3	1	2
8	95461952	95566743	4	3	1	2
8	95566744	99280904	4	3	1	2
8	99280905	99411645	3	2	1	2
8	99411646	99606338	5	4	1	2
8	99606339	99791687	3	2	1	2
8	99791688	99829391	2	1	1	1
8	99829392	100068420	2	1	1	2
8	100068421	107553662	4	3	1	2
8	107553663	107553725	4	3	1	2
8	107553726	110360012	4	3	1	2
8	110360013	110438404	3	3	0	2
8	110438405	112564625	4	3	1	2
8	112564626	112588795	4	3	1	2
8	112588796	114303588	4	3	1	2
8	114303589	114303619	4	3	1	2
8	114303620	114323500	4	3	1	1
8	114323501	114323636	4	3	1	1
8	114323637	114334130	4	3	1	1
8	114334131	116407831	4	3	1	2
8	116407832	116567490	3	2	1	2
8	116567491	119055712	4	3	1	2
8	119055713	119082759	5	4	1	2
8	119082760	119096762	4	4	0	2
8	119096763	119221902	5	4	1	2
8	119221903	121181094	4	3	1	2
8	121181095	121181891	4	3	1	2
8	121181892	121182564	4	3	1	2
8	121182565	121184103	4	3	1	2
8	121184104	121184266	4	3	1	2
8	121184267	121185660	4	3	1	2
8	121185661	130188310	4	3	1	2
8	130188311	131379276	3	2	1	2
8	131379277	131398111	4	3	1	2
8	131398112	131422703	3	2	1	2
8	131422704	131757611	4	3	1	2
8	131757612	132641744	3	2	1	2
8	132641745	132726794	4	3	1	2
8	132726795	132738947	3	2	1	2
8	132738948	139673772	4	3	1	2
8	139673773	139682884	4	3	1	2
8	139682885	141611291	4	3	1	2
8	141611292	141628395	3	2	1	2
8	141628396	146364021	4	3	1	2
9	63408	206322	4	4	0	2
9	206323	3273648	4	4	0	2
9	3273649	3295811	4	4	0	1
9	3295812	5786574	4	4	0	2
9	5786575	5914543	5	5	0	2
9	5914544	6483168	4	4	0	2
9	6483169	6690095	3	3	0	2
9	6690096	8557771	4	4	0	2
9	8557772	8599559	4	4	0	1
9	8599560	23357062	4	4	0	2
9	23357063	23887114	4	4	0	2
9	23887115	23889050	3	3	0	2
9	23889051	29631523	4	4	0	2
9	29631524	29633325	4	4	0	2
9	29633326	33952175	4	4	0	2
9	33952176	34020243	3	3	0	2
9	34020244	43398703	4	4	0	3
9	43398704	44790748	5	5	0	1
9	44790749	47216572	2	2	0	2
9	47216573	50699999	2	2	0	2
9	50700000	66527500	2	2	0	2
9	66527501	70007401	2	2	0	2
9	70007402	89815709	2	2	0	3
9	89815710	90855074	1	1	0	3
9	90855075	91811462	2	2	0	3
9	91811463	91861943	2	2	0	2
9	91861944	94964564	2	2	0	3
9	94964565	95150762	1	1	0	3
9	95150763	97251302	2	2	0	2
9	97251303	97305670	2	2	0	2
9	97305671	97688425	2	2	0	3
9	97688426	97771057	1	1	0	2
9	97771058	97886174	2	2	0	2
9	97886175	98235097	1	1	0	3
9	98235098	99570969	2	2	0	3
9	99570970	99631197	2	2	0	1
9	99631198	104048592	2	2	0	3
9	104048593	104053661	2	2	0	1
9	104053662	104246154	6	6	0	2
9	104246155	104405292	3	3	0	2
9	104405293	108595540	2	2	0	3
9	108595541	108635994	2	2	0	1
9	108635995	130288754	2	2	0	3
9	130288755	130381644	3	3	0	2
9	130381645	140273200	2	2	0	3
9	140273201	141068960	2	2	0	3
10	141182	171974	3	2	1	3
10	171975	243447	3	2	1	2
10	243448	243596	5	4	1	1
10	243597	244560	5	4	1	2
10	244561	290555	5	4	1	3
10	290556	351567	6	5	1	2
10	351568	353033	6	5	1	2
10	353034	462845	6	5	1	2
10	462846	676077	5	4	1	2
10	676078	711048	4	3	1	2
10	711049	711150	4	3	1	2
10	711151	1366274	4	3	1	3
10	1366275	1369946	6	5	1	1
10	1369947	1573015	6	5	1	2
10	1573016	1590255	4	3	1	2
10	1590256	3594181	2	1	1	2
10	3594182	3607536	2	1	1	2
10	3607537	9629601	2	1	1	2
10	9629602	9639692	3	2	1	2
10	9639693	28880900	2	1	1	2
10	28880901	28894412	1	1	0	2
10	28894413	32812283	2	1	1	3
10	32812284	32827074	1	1	0	2
10	32827075	36709906	2	1	1	3
10	36709907	36747660	1	1	0	2
10	36747661	37999999	2	1	1	2
10	38000000	42299999	2	1	1	2
10	42300000	50106473	2	1	1	3
10	50106474	50192640	1	1	0	2
10	50192641	67528952	2	1	1	3
10	67528953	67529016	2	1	1	2
10	67529017	67539460	4	3	1	2
10	67539461	67539580	2	1	1	2
10	67539581	68538077	2	1	1	3
10	68538078	68538195	2	1	1	3
10	68538196	74477530	2	1	1	3
10	74477531	74567534	2	1	1	1
10	74567535	77014995	2	1	1	3
10	77014996	77273752	3	2	1	2
10	77273753	77298897	2	1	1	2
10	77298898	77415783	1	1	0	3
10	77415784	87324812	2	1	1	3
10	87324813	87422274	2	1	1	3
10	87422275	107133969	2	1	1	3
10	107133970	107157273	2	1	1	1
10	107157274	110849888	2	1	1	3
10	110849889	112415188	1	1	0	2
10	112415189	126534058	2	1	1	3
10	126534059	126593980	1	1	0	2
10	126593981	126595653	1	1	0	2
10	126595654	126657268	1	1	0	3
10	126657269	126657475	1	1	0	3
10	126657476	126730247	1	1	0	3
10	126730248	126782573	0	0	0	2
10	126782574	126783427	0	0	0	2
10	126783428	126797338	1	1	0	2
10	126797339	126797806	2	1	1	2
10	126797807	126797856	2	1	1	2
10	126797857	135389924	2	1	1	3
11	20721	199672	2	1	1	2
11	199673	2098896	2	1	1	3
11	2098897	2141917	2	1	1	3
11	2141918	2258151	3	2	1	2
11	2258152	2399227	2	1	1	3
11	2399228	2517923	3	2	1	2
11	2517924	3560572	2	1	1	3
11	3560573	4315000	3	2	1	3
11	4315001	16127823	2	1	1	3
11	16127824	16360447	1	1	0	3
11	16360448	23988467	2	1	1	3
11	23988468	24706907	3	2	1	3
11	24706908	31165595	2	1	1	3
11	31165596	31486712	1	1	0	3
11	31486713	33232748	2	1	1	3
11	33232749	36930371	3	2	1	3
11	36930372	39193022	2	1	1	2
11	39193023	41071822	3	2	1	2
11	41071823	41418242	2	1	1	3
11	41418243	50120091	3	2	1	3
11	50120092	50782776	3	2	1	2
11	50782777	55699999	NA	NA	NA	NA
11	55700000	58665973	2	1	1	3
11	58665974	58673281	2	1	1	1
11	58673282	70423480	2	1	1	3
11	70423481	70864261	1	1	0	2
11	70864262	74175172	2	1	1	2
11	74175173	74336408	3	2	1	2
11	74336409	82610893	2	1	1	2
11	82610894	82618663	2	1	1	2
11	82618664	86810496	2	1	1	2
11	86810497	86867427	1	1	0	2
11	86867428	91507390	2	1	1	2
11	91507391	91509674	2	1	1	2
11	91509675	102738797	2	1	1	2
11	102738798	102742322	2	1	1	2
11	102742323	134452200	2	1	1	2
12	110107	195308	1	1	0	2
12	195309	6355766	1	1	0	3
12	6355767	6386282	1	1	0	3
12	6386283	33299999	1	1	0	3
12	33300000	38459591	NA	NA	NA	NA
12	38459592	38459631	2	1	1	2
12	38459632	45437192	2	1	1	3
12	45437193	45542590	3	2	1	3
12	45542591	56438361	2	1	1	3
12	56438362	56439022	2	1	1	2
12	56439023	56464384	3	2	1	1
12	56464385	56472034	3	2	1	1
12	56472035	56500147	3	2	1	2
12	56500148	56613423	4	3	1	2
12	56613424	59413805	2	1	1	3
12	59413806	59567141	3	2	1	2
12	59567142	94143303	2	1	1	3
12	94143304	94265954	2	1	1	3
12	94265955	105530078	2	1	1	3
12	105530079	107018879	1	1	0	3
12	107018880	123284929	2	1	1	3
12	123284930	132349400	2	2	0	3
12	132349401	133851894	2	2	0	3
13	1	16299999	2	2	0	1
13	16300000	19499999	2	2	0	2
13	19500000	25701392	2	2	0	2
13	25701393	25745041	1	1	0	3
13	25745042	36020794	2	2	0	2
13	36020795	36057994	1	1	0	2
13	36057995	41144863	2	2	0	3
13	41144864	41229569	1	1	0	2
13	41229570	50622008	2	2	0	2
13	50622009	50643467	2	2	0	2
13	50643468	60398542	2	2	0	2
13	60398543	60743825	1	1	0	3
13	60743826	64813918	2	2	0	2
13	64813919	64839378	1	1	0	2
13	64839379	71890569	2	2	0	2
13	71890570	71921700	1	1	0	2
13	71921701	71922114	1	1	0	2
13	71922115	72319480	1	1	0	3
13	72319481	72319962	1	1	0	2
13	72319963	72319990	1	1	0	2
13	72319991	73624650	2	2	0	2
13	73624651	73682822	3	3	0	3
13	73682823	73683673	3	3	0	2
13	73683674	73683691	3	3	0	1
13	73683692	73723044	4	4	0	2
13	73723045	73834623	6	6	0	2
13	73834624	73889445	5	5	0	2
13	73889446	73944460	4	4	0	2
13	73944461	73944491	4	4	0	2
13	73944492	73944876	1	1	0	2
13	73944877	84799850	2	2	0	2
13	84799851	84831065	2	2	0	1
13	84831066	84929714	2	2	0	3
13	84929715	84956764	3	3	0	2
13	84956765	95022254	2	2	0	2
13	95022255	104407059	2	2	0	2
13	104407060	104407688	2	2	0	2
13	104407689	104428510	1	1	0	2
13	104428511	105802286	1	1	0	2
13	105802287	112604178	2	2	0	2
13	112604179	114142800	3	3	0	2
13	114142801	115169877	3	3	0	2
14	1	16099999	1	1	0	1
14	16100000	19099999	1	1	0	2
14	19100000	19367531	1	1	0	2
14	19367532	20375784	1	1	0	2
14	20375785	21350068	1	1	0	3
14	21350069	21593099	2	2	0	2
14	21593100	21602253	1	1	0	2
14	21602254	21714682	2	2	0	2
14	21714683	22104180	1	1	0	3
14	22104181	23988833	2	2	0	2
14	23988834	24979999	1	1	0	3
14	24980000	27043534	2	2	0	3
14	27043535	27180014	3	3	0	2
14	27180015	29414688	2	2	0	3
14	29414689	29742499	3	2	1	2
14	29742500	37137900	2	1	1	2
14	37137901	37151635	1	1	0	2
14	37151636	41012118	2	1	1	3
14	41012119	41013274	2	1	1	1
14	41013275	43895601	2	1	1	3
14	43895602	44076157	1	1	0	2
14	44076158	46797481	2	1	1	3
14	46797482	46906194	2	1	1	3
14	46906195	46908605	2	1	1	2
14	46908606	49681660	2	1	1	3
14	49681661	49684920	2	1	1	2
14	49684921	50227512	2	1	1	2
14	50227513	52502617	1	1	0	3
14	52502618	52760394	2	1	1	3
14	52760395	52816255	3	2	1	2
14	52816256	60423411	2	1	1	3
14	60423412	60424355	2	1	1	3
14	60424356	68351092	2	1	1	3
14	68351093	68466534	3	2	1	2
14	68466535	69367773	2	1	1	3
14	69367774	69413736	3	2	1	2
14	69413737	75498386	2	1	1	3
14	75498387	75613895	1	1	0	2
14	75613896	76439055	2	1	1	3
14	76439056	85542683	3	2	1	3
14	85542684	85831319	2	1	1	3
14	85831320	85836370	2	1	1	2
14	85836371	97201822	2	1	1	3
14	97201823	97201866	2	1	1	3
14	97201867	97349006	2	1	1	3
14	97349007	97354857	2	1	1	3
14	97354858	99065222	2	1	1	3
14	99065223	99101302	1	1	0	2
14	99101303	105598608	2	1	1	3
14	105598609	105733591	1	1	0	2
14	105733592	106819744	2	1	1	2
14	106819745	106822480	3	2	1	1
14	106822481	106888062	3	2	1	1
15	1	15799999	3	2	1	1
15	15800000	20699999	3	2	1	2
15	20700000	22753106	3	2	1	2
15	22753107	24590096	3	2	1	2
15	24590097	24590138	3	2	1	2
15	24590139	24592495	3	2	1	2
15	24592496	25241783	3	2	1	2
15	25241784	25241802	3	2	1	2
15	25241803	25542165	3	2	1	2
15	25542166	25630153	2	1	1	2
15	25630154	25639049	2	1	1	2
15	25639050	25640949	3	2	1	2
15	25640950	25664774	3	2	1	2
15	25664775	25664797	3	2	1	2
15	25664798	27342116	3	2	1	2
15	27342117	27342197	3	2	1	2
15	27342198	27342629	3	2	1	2
15	27342630	37612570	3	2	1	2
15	37612571	45185037	1	1	0	2
15	45185038	45211065	1	1	0	2
15	45211066	45347392	3	3	0	1
15	45347393	45351301	3	3	0	2
15	45351302	45351899	1	1	0	2
15	45351900	57365035	1	1	0	3
15	57365036	57489715	0	0	0	2
15	57489716	59866304	1	1	0	3
15	59866305	64816485	2	1	1	2
15	64816486	64959730	1	1	0	2
15	64959731	67494246	2	1	1	2
15	67494247	74305475	4	3	1	2
15	74305476	74320334	4	3	1	2
15	74320335	74329564	4	3	1	2
15	74329565	74334103	5	4	1	2
15	74334104	75277953	4	3	1	2
15	75277954	75288810	4	3	1	2
15	75288811	78741371	4	3	1	2
15	78741372	90206457	2	1	1	2
15	90206458	100338800	4	3	1	2
15	100338801	102432578	4	3	1	3
16	34870	131684	1	1	0	3
16	131685	21357025	1	1	0	3
16	21357026	29257499	1	1	0	3
16	29257500	29318418	3	2	1	2
16	29318419	29321808	1	1	0	2
16	29321809	30801182	3	2	1	2
16	30801183	31909969	4	3	1	2
16	31909970	32086204	4	3	1	2
16	32086205	34599999	3	2	1	2
16	34600000	38599999	3	2	1	3
16	38600000	46450013	3	2	1	2
16	46450014	47122582	3	2	1	3
16	47122583	47364315	2	2	0	2
16	47364316	47387942	2	2	0	2
16	47387943	50600314	2	2	0	2
16	50600315	50611963	2	2	0	2
16	50611964	50634879	3	2	1	2
16	50634880	58014183	3	2	1	3
16	58014184	58092425	4	3	1	2
16	58092426	58100325	4	3	1	2
16	58100326	58166384	4	3	1	3
16	58166385	58627991	3	2	1	3
16	58627992	58730029	2	1	1	3
16	58730030	67227658	3	2	1	3
16	67227659	67580399	4	2	2	2
16	67580400	68839411	3	2	1	3
16	68839412	77595338	2	1	1	3
16	77595339	77649626	3	2	1	2
16	77649627	77651195	2	2	0	2
16	77651196	78209838	3	2	1	2
16	78209839	78324203	2	1	1	3
16	78324204	78363872	1	1	0	2
16	78363873	78619419	2	1	1	2
16	78619420	78674202	1	1	0	3
16	78674203	78787947	2	1	1	3
16	78787948	78795331	1	1	0	2
16	78795332	82036033	2	1	1	3
16	82036034	85685687	2	2	0	3
16	85685688	85690204	1	1	0	2
16	85690205	88303521	2	2	0	3
16	88303522	88347449	3	3	0	2
16	88347450	89373684	2	2	0	3
16	89373685	89483140	1	1	0	1
16	89483141	89485743	1	1	0	2
16	89485744	89546549	1	1	0	2
16	89546550	89823784	2	2	0	2
16	89823785	89862763	1	1	0	2
17	1869	1258153	2	2	0	2
17	1258154	1263390	1	1	0	2
17	1263391	1283566	3	3	0	2
17	1283567	1311681	1	1	0	2
17	1311682	1321922	2	2	0	1
17	1321923	1326061	2	2	0	2
17	1326062	3951434	2	2	0	3
17	3951435	3952812	2	2	0	3
17	3952813	4882428	2	2	0	3
17	4882429	5120465	3	3	0	3
17	5120466	9394031	2	2	0	3
17	9394032	9394162	2	2	0	2
17	9394163	9394182	2	2	0	1
17	9394183	9394433	2	2	0	1
17	9394434	9395721	1	1	0	2
17	9395722	9396084	1	1	0	2
17	9396085	9396098	2	2	0	1
17	9396099	9396272	1	1	0	2
17	9396273	9396675	1	1	0	2
17	9396676	9396938	1	1	0	2
17	9396939	11504527	1	1	0	3
17	11504528	12186162	0	0	0	2
17	12186163	13393729	1	1	0	2
17	13393730	16782499	2	2	0	3
17	16782500	18288198	2	2	0	3
17	18288199	21462499	1	1	0	3
17	21462500	21740320	4	3	1	2
17	21740321	22058992	4	2	2	3
17	22058993	22199999	4	2	2	2
17	22200000	25799999	NA	NA	NA	NA
17	25800000	27185092	2	1	1	2
17	27185093	28128656	3	2	1	2
17	28128657	28602778	2	2	0	3
17	28602779	28636018	3	3	0	2
17	28636019	28636433	3	3	0	2
17	28636434	28636479	3	3	0	1
17	28636480	28745787	4	4	0	2
17	28745788	28761735	2	2	0	1
17	28761736	36392499	2	2	0	2
17	36392500	37841161	2	2	0	2
17	37841162	37841444	2	2	0	2
17	37841445	37843312	4	4	0	1
17	37843313	37844291	4	4	0	1
17	37844292	37844380	4	4	0	2
17	37844381	37951619	4	4	0	2
17	37951620	37952096	4	4	0	2
17	37952097	37953548	4	4	0	1
17	37953549	37953694	4	4	0	1
17	37953695	37957825	2	2	0	2
17	37957826	37958115	2	2	0	2
17	37958116	37958161	2	2	0	2
17	37958162	37958283	2	2	0	2
17	37958284	38662361	2	2	0	2
17	38662362	38674085	2	2	0	2
17	38674086	43573802	2	2	0	2
17	43573803	43615757	4	2	2	2
17	43615758	44156079	4	2	2	3
17	44156080	44179142	2	2	0	2
17	44179143	44198111	2	1	1	2
17	44198112	44242500	2	1	1	2
17	44242501	44738602	2	1	1	2
17	44738603	44910118	4	2	2	3
17	44910119	48101973	3	2	1	3
17	48101974	48225891	5	4	1	2
17	48225892	52197077	3	2	1	3
17	52197078	52199945	3	2	1	2
17	52199946	52201284	2	2	0	1
17	52201285	59461532	2	2	0	3
17	59461533	59482097	4	4	0	2
17	59482098	63566531	2	2	0	3
17	63566532	70477632	3	3	0	3
17	70477633	70507754	3	3	0	2
17	70507755	70546703	3	3	0	2
17	70546704	70848328	2	2	0	3
17	70848329	70912951	0	0	0	2
17	70912952	71033734	1	1	0	3
17	71033735	71317761	3	3	0	2
17	71317762	71322641	3	3	0	2
17	71322642	75589964	3	3	0	2
17	75589965	79669240	4	3	1	2
17	79669241	79676340	4	3	1	1
17	79676341	81195209	4	3	1	2
18	27500	2566604	2	1	1	3
18	2566605	2689713	1	1	0	3
18	2689714	9715664	2	1	1	3
18	9715665	10464783	1	1	0	3
18	10464784	10484818	0	0	0	2
18	10484819	15399999	1	1	0	3
18	15400000	18999999	NA	NA	NA	NA
18	19000000	19607478	2	1	1	3
18	19607479	19608508	2	1	1	1
18	19608509	19630169	2	1	1	1
18	19630170	35874540	2	1	1	3
18	35874541	36284141	1	1	0	3
18	36284142	36288398	1	1	0	1
18	36288399	40914076	1	1	0	3
18	40914077	40921421	1	1	0	3
18	40921422	55831596	1	1	0	3
18	55831597	68364449	2	1	1	3
18	68364450	76914334	3	2	1	3
18	76914335	76926225	3	2	1	2
18	76926226	78077247	3	2	1	3
19	102500	240962	2	1	1	2
19	240963	7948920	2	1	1	3
19	7948921	7953163	2	1	1	2
19	7953164	7965350	2	1	1	3
19	7965351	7965543	2	1	1	2
19	7965544	15432682	2	1	1	3
19	15432683	15436642	2	1	1	2
19	15436643	17203180	2	1	1	3
19	17203181	17239583	1	1	0	2
19	17239584	24399999	2	1	1	3
19	24400000	28599999	NA	NA	NA	NA
19	28600000	56496723	4	3	1	2
19	56496724	56496904	4	3	1	2
19	56496905	58264007	4	3	1	2
19	58264008	58355170	3	2	1	2
20	17500	212679	3	2	1	2
20	212680	214012	3	2	1	2
20	214013	10444891	3	2	1	2
20	10444892	10658807	2	1	1	2
20	10658808	14065646	3	2	1	2
20	14065647	14093112	3	2	1	2
20	14093113	14355776	3	2	1	2
20	14355777	14398804	2	1	1	2
20	14398805	14401565	2	1	1	2
20	14401566	14421212	2	1	1	2
20	14421213	14462500	1	1	0	2
20	14462501	14515621	1	1	0	2
20	14515622	14639481	2	1	1	2
20	14639482	14667311	1	1	0	2
20	14667312	14933459	0	0	0	2
20	14933460	14945855	0	0	0	2
20	14945856	15175967	0	0	0	2
20	15175968	15199662	3	2	1	1
20	15199663	15227918	3	2	1	2
20	15227919	15397693	3	2	1	2
20	15397694	15430985	3	2	1	2
20	15430986	15460419	2	2	0	1
20	15460420	15517464	2	2	0	2
20	15517465	15533400	2	2	0	1
20	15533401	15663042	2	2	0	2
20	15663043	15700025	3	3	0	2
20	15700026	15751439	2	2	0	2
20	15751440	20804009	3	2	1	2
20	20804010	21427255	5	4	1	2
20	21427256	21429927	5	4	1	2
20	21429928	21432378	5	4	1	1
20	21432379	23919996	5	4	1	2
20	23919997	24269756	4	3	1	2
20	24269757	24631588	5	4	1	2
20	24631589	29399999	NA	NA	NA	NA
20	29400000	35486517	4	3	1	2
20	35486518	35497714	4	3	1	1
20	35497715	39267498	4	3	1	2
20	39267499	39412400	3	2	1	2
20	39412401	46901529	4	3	1	2
20	46901530	46901705	4	3	1	2
20	46901706	47862187	3	3	0	2
20	47862188	47862240	3	3	0	2
20	47862241	54944663	4	3	1	2
20	54944664	54954772	4	3	1	2
20	54954773	56244681	4	3	1	2
20	56244682	56266775	2	1	1	2
20	56266776	56280119	1	1	0	2
20	56280120	56280495	1	1	0	2
20	56280496	62435800	4	3	1	2
21	1	9881256	NA	NA	NA	NA
21	9881257	10899999	NA	NA	NA	NA
21	10900000	14546652	2	1	1	1
21	14546653	14592500	2	2	0	2
21	14592501	20236723	2	2	0	2
21	20236724	21965109	3	2	1	2
21	21965110	22156523	2	2	0	2
21	22156524	22996241	3	2	1	2
21	22996242	23407609	4	2	2	2
21	23407610	24227426	3	2	1	2
21	24227427	27028345	4	2	2	2
21	27028346	27099598	3	2	1	2
21	27099599	27481808	4	2	2	2
21	27481809	27490890	2	2	0	1
21	27490891	27503282	2	2	0	1
21	27503283	27515524	2	2	0	2
21	27515525	27893559	4	2	2	2
21	27893560	27894075	4	2	2	2
21	27894076	30837028	2	2	0	2
21	30837029	37195793	3	2	1	2
21	37195794	37558550	2	2	0	2
21	37558551	37590534	2	2	0	2
21	37590535	38092751	2	2	0	2
21	38092752	38766780	3	2	1	2
21	38766781	38770117	2	1	1	2
21	38770118	38775070	2	1	1	2
21	38775071	38777349	2	1	1	2
21	38777350	38778330	2	1	1	2
21	38778331	38784964	2	1	1	2
21	38784965	38802031	3	2	1	2
21	38802032	38809164	3	2	1	2
21	38809165	47711663	3	2	1	2
21	47711664	47994494	2	2	0	2
22	1	12199999	2	1	1	1
22	12200000	17899999	2	1	1	2
22	17900000	22004722	2	1	1	2
22	22004723	22095456	1	1	0	2
22	22095457	24974421	2	1	1	2
22	24974422	25012050	1	1	0	2
22	25012051	29511469	2	1	1	2
22	29511470	29544321	1	1	0	2
22	29544322	29602661	2	1	1	2
22	29602662	29606198	2	1	1	2
22	29606199	34202236	2	1	1	3
22	34202237	34221884	2	1	1	2
22	34221885	35725146	2	1	1	3
22	35725147	35788937	3	2	1	3
22	35788938	43456453	2	1	1	3
22	43456454	49691400	1	1	0	3
22	49691401	51304565	1	1	0	3
X	1	6986328	1	1	0	2
X	6986329	7048266	1	1	0	2
X	7048267	10447193	1	1	0	2
X	10447194	10491796	1	1	0	2
X	10491797	10508045	1	1	0	2
X	10508046	10528190	1	1	0	2
X	10528191	28534537	1	1	0	2
X	28534538	28664694	1	1	0	2
X	28664695	58099999	1	1	0	2
X	58100000	62999999	NA	NA	NA	NA
X	63000000	77020157	2	2	0	2
X	77020158	77030669	1	1	0	2
X	77030670	79175677	2	2	0	2
X	79175678	79177941	2	2	0	2
X	79177942	81837053	2	2	0	2
X	81837054	81840100	2	2	0	2
X	81840101	90725040	2	2	0	2
X	90725041	90759321	1	1	0	2
X	90759322	93851521	2	2	0	2
X	93851522	93851576	1	1	0	1
X	93851577	93862476	1	1	0	1
X	93862477	93862884	1	1	0	1
X	93862885	93863073	1	1	0	1
X	93863074	93877169	1	1	0	3
X	93877170	93877372	1	1	0	3
X	93877373	93877414	1	1	0	3
X	93877415	109646549	1	1	0	2
X	109646550	109665214	1	1	0	2
X	109665215	127028982	1	1	0	2
X	127028983	127664146	1	1	0	2
X	127664147	131563000	1	1	0	2
X	131563001	142437037	2	2	0	2
X	142437038	142456684	1	1	0	2
X	142456685	144011467	2	2	0	2
X	144011468	144018850	1	1	0	2
X	144018851	144597825	2	2	0	2
X	144597826	144620152	1	1	0	2
X	144620153	154844112	2	2	0	2
Y	1	11599999	0	0	0	1
Y	11600000	13399999	0	0	0	1
Y	13400000	59373565	0	0	0	1
