chromosome	start	end	total_cn	major_cn	minor_cn	star
1	1	49246816	2	1	1	2
1	49246817	49934000	2	1	1	2
1	49934001	50187027	2	1	1	2
1	50187028	50189213	2	1	1	2
1	50189214	50203909	2	1	1	2
1	50203910	50210426	2	1	1	2
1	50210427	69232644	2	1	1	2
1	69232645	69901977	2	1	1	2
1	69901978	70254953	2	1	1	2
1	70254954	70255012	2	1	1	2
1	70255013	71928108	2	1	1	2
1	71928109	79437220	2	1	1	2
1	79437221	80756961	2	1	1	2
1	80756962	83920001	2	1	1	2
1	83920002	84225858	2	1	1	2
1	84225859	88490013	2	1	1	2
1	88490014	90870661	2	1	1	2
1	90870662	96163490	2	1	1	2
1	96163491	97716245	2	1	1	2
1	97716246	98944801	2	1	1	2
1	98944802	102380330	2	1	1	2
1	102380331	102597938	2	1	1	2
1	102597939	104695053	2	1	1	2
1	104695054	107055320	2	1	1	2
1	107055321	121332500	2	1	1	2
1	121332501	128899999	2	1	1	2
1	128900000	163539988	2	1	1	2
1	163539989	164275601	2	1	1	2
1	164275602	172354402	2	1	1	2
1	172354403	172704875	2	1	1	2
1	172704876	173265936	2	1	1	2
1	173265937	177474010	2	1	1	2
1	177474011	188689989	2	1	1	2
1	188689990	188934393	2	1	1	2
1	188934394	189259850	2	1	1	2
1	189259851	191037801	2	1	1	2
1	191037802	193415857	2	1	1	2
1	193415858	193750201	2	1	1	2
1	193750202	194409987	2	1	1	2
1	194409988	194459998	2	1	1	1
1	194459999	195871650	2	1	1	2
1	195871651	196562802	2	1	1	2
1	196562803	197246555	2	1	1	2
1	197246556	197594942	2	1	1	1
1	197594943	198609573	2	1	1	2
1	198609574	199459707	2	1	1	2
1	199459708	215419219	2	1	1	2
1	215419220	215486001	2	1	1	1
1	215486002	216371965	2	1	1	1
1	216371966	224067164	2	1	1	2
1	224067165	230707089	2	1	1	2
1	230707090	230707365	2	1	1	2
1	230707366	234554026	2	1	1	2
1	234554027	235489996	1	1	0	2
1	235489997	239930968	2	1	1	2
1	239930969	247249600	2	1	1	2
1	247249601	249250620	2	1	1	2
2	18744	6952827	2	1	1	2
2	6952828	6952856	2	1	1	2
2	6952857	18468221	2	1	1	2
2	18468222	18499152	0	0	0	2
2	18499153	21937417	2	1	1	2
2	21937418	22262212	2	1	1	2
2	22262213	22510018	2	1	1	1
2	22510019	36233248	2	1	1	2
2	36233249	36308002	2	1	1	1
2	36308003	40430007	2	1	1	2
2	40430008	41653166	2	1	1	2
2	41653167	41667577	2	1	1	2
2	41667578	49406257	2	1	1	2
2	49406258	50993455	2	1	1	2
2	50993456	51136299	1	1	0	2
2	51136300	51318106	2	1	1	1
2	51318107	53122189	2	1	1	2
2	53122190	53422300	2	1	1	2
2	53422301	56650084	2	1	1	2
2	56650085	56950871	2	1	1	2
2	56950872	57249676	2	1	1	2
2	57249677	58871165	2	1	1	2
2	58871166	59074999	2	1	1	2
2	59075000	60085365	2	1	1	2
2	60085366	61542345	2	1	1	2
2	61542346	62003839	1	1	0	2
2	62003840	62004433	1	1	0	2
2	62004434	62007086	2	1	1	1
2	62007087	62008737	2	1	1	2
2	62008738	62009019	2	1	1	2
2	62009020	62760692	2	1	1	2
2	62760693	62760711	2	1	1	1
2	62760712	62761285	2	1	1	1
2	62761286	62762386	1	1	0	2
2	62762387	62763687	1	1	0	2
2	62763688	62945413	1	1	0	2
2	62945414	63019620	1	1	0	2
2	63019621	63022044	1	1	0	2
2	63022045	63029045	1	1	0	2
2	63029046	64770860	1	1	0	2
2	64770861	64772123	1	1	0	2
2	64772124	64775790	1	1	0	2
2	64775791	64778611	2	1	1	1
2	64778612	64780298	2	1	1	1
2	64780299	64781431	2	1	1	1
2	64781432	64781458	2	1	1	1
2	64781459	65053139	2	1	1	2
2	65053140	65123883	1	1	0	2
2	65123884	67291817	2	1	1	2
2	67291818	67439749	2	1	1	1
2	67439750	77958401	2	1	1	2
2	77958402	80867992	2	1	1	2
2	80867993	81480874	2	1	1	2
2	81480875	81690009	2	1	1	1
2	81690010	89833016	2	1	1	2
2	89833017	96799999	2	1	1	2
2	96800000	97804402	2	1	1	2
2	97804403	108889940	2	1	1	2
2	108889941	115153917	2	1	1	2
2	115153918	117122815	2	1	1	2
2	117122816	117658061	2	1	1	2
2	117658062	117789995	2	1	1	1
2	117789996	123679959	2	1	1	2
2	123679960	123923264	2	1	1	1
2	123923265	124090038	2	1	1	1
2	124090039	124747631	2	1	1	1
2	124747632	126003001	2	1	1	2
2	126003002	139767500	2	1	1	2
2	139767501	139912584	2	2	0	1
2	139912585	140000148	2	1	1	2
2	140000149	140958621	2	1	1	2
2	140958622	141130889	0	0	0	2
2	141130890	145446206	2	1	1	2
2	145446207	145731145	2	1	1	1
2	145731146	147339201	2	1	1	2
2	147339202	155854934	2	1	1	2
2	155854935	156246070	2	1	1	2
2	156246071	156420796	0	0	0	2
2	156420797	157792563	2	1	1	2
2	157792564	162459026	2	1	1	2
2	162459027	166916957	2	1	1	2
2	166916958	169809885	2	1	1	2
2	169809886	181378111	2	1	1	2
2	181378112	181446035	2	1	1	1
2	181446036	181949509	2	1	1	2
2	181949510	184331145	2	1	1	2
2	184331146	184839194	2	1	1	2
2	184839195	185143446	2	1	1	1
2	185143447	185383991	2	1	1	2
2	185383992	186419971	2	1	1	2
2	186419972	187083881	2	1	1	2
2	187083882	192962265	2	1	1	2
2	192962266	193286408	2	1	1	2
2	193286409	195866082	2	1	1	2
2	195866083	196064163	0	0	0	2
2	196064164	199015513	2	1	1	2
2	199015514	211402482	2	1	1	2
2	211402483	211439986	0	0	0	2
2	211439987	213168088	2	1	1	2
2	213168089	213208601	3	3	0	1
2	213208602	242951000	2	1	1	2
3	100074	680958	2	1	1	2
3	680959	1030976	2	1	1	2
3	1030977	1044801	2	1	1	2
3	1044802	1358500	2	1	1	2
3	1358501	1809947	2	1	1	2
3	1809948	1906870	2	1	1	2
3	1906871	3984992	2	1	1	2
3	3984993	5958056	2	1	1	2
3	5958057	6155698	2	1	1	2
3	6155699	6229990	0	0	0	2
3	6229991	8140007	2	1	1	2
3	8140008	12054165	2	1	1	2
3	12054166	12054661	2	1	1	2
3	12054662	12387443	2	1	1	2
3	12387444	12387560	2	1	1	2
3	12387561	18820001	2	1	1	2
3	18820002	18996985	2	1	1	2
3	18996986	19690044	2	1	1	2
3	19690045	24467947	2	1	1	2
3	24467948	27142782	2	1	1	2
3	27142783	28356402	2	1	1	2
3	28356403	28915596	2	1	1	2
3	28915597	30494002	2	1	1	2
3	30494003	30863401	2	1	1	2
3	30863402	30935341	2	1	1	1
3	30935342	34444300	2	1	1	2
3	34444301	35002352	2	1	1	2
3	35002353	35400006	2	1	1	2
3	35400007	36258910	2	1	1	2
3	36258911	55788908	2	1	1	2
3	55788909	55789139	2	1	1	2
3	55789140	62862204	2	1	1	2
3	62862205	62999230	2	1	1	2
3	62999231	68238253	2	1	1	2
3	68238254	68361957	2	1	1	1
3	68361958	74499999	2	1	1	2
3	74500000	74754128	2	1	1	1
3	74754129	76803790	2	1	1	2
3	76803791	77579968	2	1	1	2
3	77579969	78505544	2	1	1	2
3	78505545	80346844	2	1	1	2
3	80346845	80366552	2	1	1	2
3	80366553	81471450	2	1	1	2
3	81471451	82419691	2	1	1	2
3	82419692	82425008	2	1	1	2
3	82425009	83000163	2	1	1	2
3	83000164	84818869	2	1	1	2
3	84818870	85875946	2	1	1	2
3	85875947	86380001	2	1	1	1
3	86380002	87899999	2	1	1	2
3	87900000	93899999	2	1	1	2
3	93900000	99080398	2	1	1	2
3	99080399	102029933	2	1	1	2
3	102029934	102139952	2	1	1	1
3	102139953	104909994	2	1	1	2
3	104909995	105049406	0	0	0	2
3	105049407	105260434	2	1	1	2
3	105260435	110086554	2	1	1	2
3	110086555	110224801	2	1	1	1
3	110224802	114750012	2	1	1	2
3	114750013	115370861	2	1	1	2
3	115370862	116321026	2	1	1	2
3	116321027	117059002	2	1	1	2
3	117059003	117410128	2	1	1	2
3	117410129	117978201	2	1	1	2
3	117978202	131841185	2	1	1	2
3	131841186	132037989	2	1	1	1
3	132037990	132038049	2	1	1	2
3	132038050	132060605	2	1	1	2
3	132060606	132060659	2	1	1	2
3	132060660	137042495	2	1	1	2
3	137042496	145959992	2	1	1	2
3	145959993	146690020	2	1	1	2
3	146690021	146943602	2	1	1	1
3	146943603	147197601	2	1	1	2
3	147197602	147474489	2	1	1	2
3	147474490	148121602	2	1	1	2
3	148121603	149604650	2	1	1	2
3	149604651	150034227	1	1	0	2
3	150034228	150769417	1	1	0	2
3	150769418	158131202	2	1	1	2
3	158131203	158266650	2	1	1	1
3	158266651	161953801	2	1	1	2
3	161953802	163006402	2	1	1	2
3	163006403	164465685	2	1	1	2
3	164465686	164855499	2	1	1	2
3	164855500	165138186	2	1	1	2
3	165138187	166023487	2	1	1	2
3	166023488	167102498	2	1	1	2
3	167102499	167342569	2	1	1	2
3	167342570	169097402	2	1	1	2
3	169097403	174796697	2	1	1	2
3	174796698	175707686	2	1	1	2
3	175707687	197847500	2	1	1	2
4	27500	11677571	2	1	1	2
4	11677572	11844163	2	1	1	1
4	11844164	14084535	2	1	1	2
4	14084536	14357986	1	1	0	2
4	14357987	19221802	2	1	1	2
4	19221803	20055610	2	1	1	2
4	20055611	29314358	2	1	1	2
4	29314359	29340866	0	0	0	2
4	29340867	29588446	2	1	1	1
4	29588447	42744445	2	1	1	2
4	42744446	43151925	2	1	1	2
4	43151926	43799984	2	1	1	2
4	43799985	44948824	2	1	1	2
4	44948825	45315755	2	1	1	2
4	45315756	46557802	2	1	1	2
4	46557803	46868000	2	1	1	2
4	46868001	48199999	2	1	1	2
4	48200000	52699999	2	1	1	2
4	52700000	58673957	2	1	1	2
4	58673958	58907799	2	1	1	1
4	58907800	60584994	2	1	1	2
4	60584995	61387802	2	1	1	2
4	61387803	61932830	2	1	1	2
4	61932831	63881692	2	1	1	2
4	63881693	66820017	2	1	1	2
4	66820018	67326149	2	1	1	2
4	67326150	67510048	2	1	1	2
4	67510049	69825662	2	1	1	2
4	69825663	71068910	2	1	1	2
4	71068911	71269402	2	1	1	2
4	71269403	72288201	2	1	1	2
4	72288202	72455620	2	1	1	1
4	72455621	72934218	2	1	1	2
4	72934219	73338001	2	1	1	2
4	73338002	80096553	2	1	1	2
4	80096554	80209808	1	1	0	2
4	80209809	80340055	2	1	1	2
4	80340056	80984457	2	1	1	2
4	80984458	84962811	2	1	1	2
4	84962812	85098429	2	1	1	2
4	85098430	91896532	2	1	1	2
4	91896533	92613753	2	1	1	2
4	92613754	96380642	2	1	1	2
4	96380643	96969989	2	1	1	2
4	96969990	102872487	2	1	1	2
4	102872488	104990807	2	1	1	2
4	104990808	105255194	2	2	0	1
4	105255195	105259444	1	1	0	2
4	105259445	105469735	1	1	0	2
4	105469736	105519994	2	1	1	1
4	105519995	105903836	2	1	1	2
4	105903837	108465999	2	1	1	2
4	108466000	115181528	2	1	1	2
4	115181529	125002408	2	1	1	2
4	125002409	125171081	2	1	1	1
4	125171082	125551001	2	1	1	2
4	125551002	138235733	2	1	1	2
4	138235734	145150200	2	1	1	2
4	145150201	145211482	0	0	0	2
4	145211483	150854284	2	1	1	2
4	150854285	158030408	2	1	1	2
4	158030409	161716731	2	1	1	2
4	161716732	162040295	2	1	1	2
4	162040296	168030941	2	1	1	2
4	168030942	191154275	2	1	1	2
5	22500	12103536	2	1	1	2
5	12103537	13042515	2	1	1	2
5	13042516	13196577	2	1	1	2
5	13196578	18509292	2	1	1	2
5	18509293	18970201	2	1	1	2
5	18970202	19175602	2	1	1	2
5	19175603	24273130	2	1	1	2
5	24273131	25959956	2	1	1	2
5	25959957	26320043	2	1	1	2
5	26320044	28710084	2	1	1	2
5	28710085	30600012	2	1	1	2
5	30600013	40589980	2	1	1	2
5	40589981	42669978	2	1	1	2
5	42669979	43757328	2	1	1	2
5	43757329	43900018	2	1	1	1
5	43900019	44380533	2	1	1	1
5	44380534	45270897	2	1	1	2
5	45270898	45934401	2	1	1	1
5	45934402	46099999	0	0	0	2
5	46100000	50699999	NA	NA	NA	NA
5	50700000	50870601	2	1	1	1
5	50870602	51914001	2	1	1	2
5	51914002	52355515	2	1	1	2
5	52355516	52380062	0	0	0	2
5	52380063	54618945	2	1	1	2
5	54618946	54619111	2	1	1	2
5	54619112	55057038	2	1	1	2
5	55057039	59628460	1	1	0	2
5	59628461	59628511	1	1	0	2
5	59628512	59648228	1	1	0	2
5	59648229	59648263	1	1	0	2
5	59648264	62070020	1	1	0	2
5	62070021	62423601	1	1	0	2
5	62423602	62486951	0	0	0	2
5	62486952	68384449	1	1	0	2
5	68384450	68406276	2	1	1	2
5	68406277	68406587	2	1	1	2
5	68406588	75131852	2	1	1	2
5	75131853	83273202	2	1	1	2
5	83273203	85046866	2	1	1	2
5	85046867	85651686	2	1	1	2
5	85651687	86210002	2	1	1	1
5	86210003	86829781	2	1	1	2
5	86829782	89225490	2	1	1	2
5	89225491	89577666	2	1	1	1
5	89577667	90939940	2	1	1	2
5	90939941	93680489	2	1	1	2
5	93680490	97706200	2	1	1	2
5	97706201	98533763	2	1	1	2
5	98533764	99704409	2	1	1	1
5	99704410	100662000	2	1	1	2
5	100662001	100729665	2	1	1	1
5	100729666	100862602	2	1	1	1
5	100862603	102249971	2	1	1	2
5	102249972	103633851	2	1	1	2
5	103633852	104110020	2	1	1	2
5	104110021	109570015	2	1	1	2
5	109570016	109589918	0	0	0	2
5	109589919	110891942	2	1	1	1
5	110891943	110914524	0	0	0	2
5	110914525	113896401	2	1	1	2
5	113896402	113965510	2	1	1	1
5	113965511	117462698	2	1	1	2
5	117462699	117573780	0	0	0	2
5	117573781	119240082	2	1	1	2
5	119240083	121312524	2	1	1	2
5	121312525	123283499	2	1	1	2
5	123283500	125270600	2	1	1	2
5	125270601	128035737	2	1	1	2
5	128035738	128551600	2	1	1	2
5	128551601	135128670	2	1	1	2
5	135128671	135139946	0	0	0	2
5	135139947	143894002	2	1	1	2
5	143894003	144129998	2	1	1	2
5	144129999	144269896	2	1	1	1
5	144269897	144991642	2	1	1	2
5	144991643	147751800	2	1	1	2
5	147751801	151726378	2	1	1	2
5	151726379	152593401	2	1	1	2
5	152593402	154777921	2	1	1	2
5	154777922	154856820	2	1	1	1
5	154856821	160599944	2	1	1	2
5	160599945	180662500	2	1	1	2
6	39681	217333	2	1	1	1
6	217334	18975878	2	1	1	2
6	18975879	22945882	2	1	1	2
6	22945883	29124001	2	1	1	2
6	29124002	47801504	2	1	1	2
6	47801505	49039918	2	1	1	2
6	49039919	49311117	2	1	1	2
6	49311118	49337154	2	1	1	2
6	49337155	50629929	2	1	1	2
6	50629930	51127496	2	1	1	2
6	51127497	51435801	1	1	0	2
6	51435802	54479256	2	1	1	2
6	54479257	55209201	2	1	1	2
6	55209202	55950002	2	1	1	2
6	55950003	57885945	2	1	1	2
6	57885946	58009402	2	1	1	1
6	58009403	58474903	2	1	1	2
6	58474904	58699999	2	1	1	1
6	58700000	63299999	2	1	1	2
6	63300000	64729804	2	1	1	2
6	64729805	65286466	2	1	1	1
6	65286467	66100937	2	1	1	2
6	66100938	67160671	2	1	1	2
6	67160672	67219977	2	1	1	2
6	67219978	69121174	2	1	1	2
6	69121175	69391341	2	1	1	2
6	69391342	70050201	2	1	1	2
6	70050202	72389988	2	1	1	2
6	72389989	75009496	2	1	1	2
6	75009497	79050474	2	1	1	2
6	79050475	82753116	2	1	1	2
6	82753117	93829981	2	1	1	2
6	93829982	93848928	0	0	0	2
6	93848929	94985312	1	1	0	2
6	94985313	95362711	2	1	1	2
6	95362712	96469545	2	1	1	2
6	96469546	98445032	2	1	1	2
6	98445033	103937930	2	1	1	2
6	103937931	115693564	2	1	1	2
6	115693565	116296394	2	1	1	2
6	116296395	126735062	2	1	1	2
6	126735063	127487960	2	1	1	2
6	127487961	127596719	2	1	1	2
6	127596720	127930022	2	1	1	2
6	127930023	128347549	2	1	1	2
6	128347550	129163195	2	1	1	2
6	129163196	170849934	2	1	1	2
7	40386	8530066	2	1	1	2
7	8530067	11292938	2	1	1	2
7	11292939	11750034	2	1	1	2
7	11750035	12419709	1	1	0	2
7	12419710	14130064	2	1	1	2
7	14130065	14921001	2	1	1	2
7	14921002	18360066	2	1	1	2
7	18360067	18680044	2	1	1	2
7	18680045	19632815	2	1	1	2
7	19632816	31890019	2	1	1	2
7	31890020	34079991	2	1	1	2
7	34079992	57949987	2	1	1	2
7	57949988	62081999	NA	NA	NA	NA
7	62082000	62180436	0	0	0	2
7	62180437	62247499	0	0	0	2
7	62247500	62327452	0	0	0	2
7	62327453	62342739	2	1	1	1
7	62342740	62460063	0	0	0	2
7	62460064	70184575	2	1	1	2
7	70184576	70184854	2	1	1	2
7	70184855	76970652	2	1	1	2
7	76970653	76971821	2	1	1	1
7	76971822	86059801	2	1	1	2
7	86059802	86611802	2	1	1	2
7	86611803	86753665	2	1	1	2
7	86753666	89704995	2	1	1	2
7	89704996	93082991	2	1	1	2
7	93082992	114768487	2	1	1	2
7	114768488	114989936	1	1	0	2
7	114989937	122663121	2	1	1	2
7	122663122	125593137	2	1	1	2
7	125593138	125609775	2	1	1	2
7	125609776	126111601	2	1	1	2
7	126111602	127022695	2	1	1	2
7	127022696	136097091	2	1	1	2
7	136097092	151848336	2	1	1	2
7	151848337	155187997	1	1	0	2
7	155187998	158821400	2	1	1	2
8	10001	170011	2	1	1	2
8	170012	13780935	2	1	1	2
8	13780936	13903663	2	1	1	1
8	13903664	16125414	2	1	1	2
8	16125415	16309977	2	1	1	1
8	16309978	31606595	2	1	1	2
8	31606596	31976388	2	1	1	2
8	31976389	43099999	2	1	1	2
8	43100000	48099999	2	1	1	1
8	48100000	60966138	2	1	1	2
8	60966139	61010002	2	1	1	1
8	61010003	76599990	2	1	1	2
8	76599991	78410417	2	1	1	2
8	78410418	80149173	2	1	1	2
8	80149174	83261188	2	1	1	2
8	83261189	84354974	2	1	1	2
8	84354975	84729999	2	1	1	2
8	84730000	85308175	2	1	1	2
8	85308176	85415670	1	1	0	2
8	85415671	88369990	2	1	1	2
8	88369991	88598776	2	1	1	1
8	88598777	91502702	2	1	1	2
8	91502703	92184310	2	1	1	2
8	92184311	93410800	2	1	1	2
8	93410801	94016066	1	1	0	2
8	94016067	106290423	2	1	1	2
8	106290424	106727928	2	1	1	2
8	106727929	106841947	2	1	1	1
8	106841948	108011368	2	1	1	2
8	108011369	108610017	2	1	1	2
8	108610018	109583306	2	1	1	2
8	109583307	110815250	2	1	1	2
8	110815251	114216989	2	1	1	2
8	114216990	114294819	2	1	1	2
8	114294820	117016201	2	1	1	2
8	117016202	118622801	2	1	1	2
8	118622802	120264864	2	1	1	2
8	120264865	121804809	2	1	1	2
8	121804810	121855839	2	1	1	1
8	121855840	122025112	2	1	1	2
8	122025113	128060026	2	1	1	2
8	128060027	128073619	0	0	0	2
8	128073620	129165523	2	1	1	2
8	129165524	129168666	2	1	1	1
8	129168667	130475919	2	1	1	1
8	130475920	130475947	2	1	1	1
8	130475948	131864195	2	1	1	2
8	131864196	132515629	2	1	1	2
8	132515630	132721360	2	1	1	2
8	132721361	137029187	2	1	1	2
8	137029188	137029888	2	1	1	2
8	137029889	137095101	2	1	1	2
8	137095102	138057735	2	1	1	2
8	138057736	138199995	2	1	1	1
8	138199996	140164927	2	1	1	2
8	140164928	146364021	2	1	1	2
9	10001	229825	2	1	1	2
9	229826	1419997	2	1	1	2
9	1419998	8639987	2	1	1	2
9	8639988	10610002	2	1	1	2
9	10610003	12768409	2	1	1	2
9	12768410	17976176	2	1	1	2
9	17976177	18222854	2	1	1	2
9	18222855	20164416	2	1	1	2
9	20164417	20229764	2	1	1	1
9	20229765	21534592	2	1	1	2
9	21534593	21622769	2	1	1	1
9	21622770	22929975	2	1	1	2
9	22929976	26052041	2	1	1	2
9	26052042	26384090	2	1	1	2
9	26384091	26550785	2	1	1	1
9	26550786	27789795	2	1	1	2
9	27789796	27977819	2	1	1	2
9	27977820	27990550	2	1	1	1
9	27990551	28238532	2	1	1	2
9	28238533	30364962	2	1	1	2
9	30364963	31250299	2	1	1	2
9	31250300	31622100	2	1	1	2
9	31622101	47299999	2	1	1	2
9	47300000	50699999	2	1	1	2
9	50700000	66799971	2	1	1	2
9	66799972	75998069	2	1	1	2
9	75998070	76449946	2	1	1	2
9	76449947	77001627	2	1	1	2
9	77001628	77149999	2	1	1	1
9	77150000	78339107	2	1	1	2
9	78339108	83069757	2	1	1	2
9	83069758	83189975	2	1	1	1
9	83189976	83560839	2	1	1	1
9	83560840	103472699	2	1	1	2
9	103472700	105170044	2	1	1	2
9	105170045	106663442	2	1	1	2
9	106663443	106801897	0	0	0	2
9	106801898	118194133	2	1	1	2
9	118194134	118233400	2	1	1	2
9	118233401	120437889	2	1	1	2
9	120437890	121092830	2	1	1	1
9	121092831	121419899	2	1	1	2
9	121419900	122339829	2	1	1	2
9	122339830	140273200	2	1	1	2
9	140273201	141019790	2	1	1	2
10	94426	9078362	2	1	1	2
10	9078363	9099999	2	1	1	1
10	9100000	37999999	2	1	1	2
10	38000000	42681324	NA	NA	NA	NA
10	42681325	46999320	2	1	1	2
10	46999321	50624733	1	1	0	2
10	50624734	53143313	2	1	1	2
10	53143314	59524079	2	1	1	2
10	59524080	62849486	2	1	1	2
10	62849487	62994101	2	1	1	1
10	62994102	70253287	2	1	1	2
10	70253288	70378881	1	1	0	2
10	70378882	70823010	2	1	1	2
10	70823011	71151878	1	1	0	2
10	71151879	71153331	1	1	0	2
10	71153332	71153382	2	1	1	1
10	71153383	81176299	2	1	1	2
10	81176300	89588429	1	1	0	2
10	89588430	90976138	0	0	0	2
10	90976139	95114234	1	1	0	2
10	95114235	107879201	2	1	1	2
10	107879202	108082146	2	1	1	2
10	108082147	109068201	2	1	1	2
10	109068202	109629602	2	1	1	2
10	109629603	109829778	2	1	1	2
10	109829779	110424056	2	1	1	2
10	110424057	110714884	2	1	1	1
10	110714885	113722408	2	1	1	2
10	113722409	113799129	1	1	0	2
10	113799130	135389924	2	1	1	2
11	20721	197336	2	1	1	1
11	197337	15997062	2	1	1	2
11	15997063	21290094	2	1	1	2
11	21290095	21445261	2	1	1	1
11	21445262	23594676	2	1	1	2
11	23594677	23620015	2	2	0	1
11	23620016	25319933	2	1	1	2
11	25319934	25910201	2	1	1	2
11	25910202	26450273	2	1	1	2
11	26450274	26838802	2	1	1	2
11	26838803	37083073	2	1	1	2
11	37083074	37239981	2	1	1	1
11	37239982	37966354	2	1	1	1
11	37966355	40764895	2	1	1	2
11	40764896	41456992	2	1	1	2
11	41456993	42278749	2	1	1	2
11	42278750	42629984	2	1	1	2
11	42629985	43200082	2	1	1	2
11	43200083	50350021	2	1	1	2
11	50350022	50446637	0	0	0	2
11	50446638	50494961	0	0	0	2
11	50494962	50649142	2	1	1	1
11	50649143	55699999	2	1	1	1
11	55700000	63999137	2	1	1	2
11	63999138	64022141	2	1	1	2
11	64022142	64031727	2	1	1	1
11	64031728	64031797	2	1	1	2
11	64031798	79479784	2	1	1	2
11	79479785	80123588	2	1	1	2
11	80123589	80639982	2	1	1	2
11	80639983	84162964	2	1	1	2
11	84162965	84801302	2	1	1	2
11	84801303	85078001	1	1	0	2
11	85078002	87356532	2	1	1	2
11	87356533	87583639	2	1	1	2
11	87583640	87789401	2	1	1	1
11	87789402	88416813	2	1	1	2
11	88416814	89299939	2	1	1	2
11	89299940	90249954	2	1	1	2
11	90249955	90889994	2	1	1	2
11	90889995	91110565	2	1	1	1
11	91110566	91823801	2	1	1	2
11	91823802	95270022	2	1	1	2
11	95270023	96554235	2	1	1	2
11	96554236	97510021	2	1	1	2
11	97510022	99469556	2	1	1	2
11	99469557	99605954	1	1	0	2
11	99605955	99960017	2	1	1	2
11	99960018	100181601	2	1	1	1
11	100181602	103435884	2	1	1	2
11	103435885	104959117	2	1	1	2
11	104959118	106124818	2	1	1	2
11	106124819	106705562	2	1	1	2
11	106705563	106797243	2	1	1	1
11	106797244	134452200	2	1	1	2
12	110107	11809122	2	1	1	2
12	11809123	11810965	2	1	1	1
12	11810966	11969328	2	1	1	2
12	11969329	11969434	2	1	1	2
12	11969435	11972816	2	1	1	2
12	11972817	11973262	2	1	1	2
12	11973263	13636231	2	1	1	2
12	13636232	13636326	2	1	1	2
12	13636327	21271684	2	1	1	2
12	21271685	23607538	2	1	1	2
12	23607539	28430030	2	1	1	2
12	28430031	29044682	2	1	1	2
12	29044683	29095695	2	1	1	2
12	29095696	33299999	2	1	1	2
12	33300000	38199999	NA	NA	NA	NA
12	38200000	38244019	3	3	0	1
12	38244020	38332018	2	1	1	1
12	38332019	38373091	0	0	0	2
12	38373092	38423014	0	0	0	2
12	38423015	38636416	2	1	1	2
12	38636417	38872354	2	1	1	2
12	38872355	38961082	2	1	1	1
12	38961083	55605025	2	1	1	2
12	55605026	55694028	2	1	1	1
12	55694029	59791653	2	1	1	2
12	59791654	60319025	1	1	0	2
12	60319026	60410044	2	1	1	1
12	60410045	60710000	2	1	1	2
12	60710001	62495805	2	1	1	2
12	62495806	70876007	2	1	1	2
12	70876008	70877567	2	1	1	2
12	70877568	73038201	2	1	1	2
12	73038202	73461399	2	1	1	2
12	73461400	74439959	2	1	1	2
12	74439960	74657688	2	1	1	2
12	74657689	75025624	2	1	1	2
12	75025625	75548811	2	1	1	2
12	75548812	78583719	2	1	1	2
12	78583720	81639804	2	1	1	2
12	81639805	83769996	2	1	1	2
12	83769997	84098923	2	1	1	2
12	84098924	85453651	2	1	1	2
12	85453652	88265135	2	1	1	2
12	88265136	88292912	2	1	1	1
12	88292913	90386905	2	1	1	2
12	90386906	92326499	2	1	1	2
12	92326500	92342161	0	0	0	2
12	92342162	98321035	2	1	1	2
12	98321036	100347712	2	1	1	2
12	100347713	102668833	2	1	1	2
12	102668834	102788030	2	1	1	1
12	102788031	125376041	2	1	1	2
12	125376042	125377271	2	1	1	2
12	125377272	130521114	2	1	1	2
12	130521115	130525057	2	1	1	2
12	130525058	130527583	2	1	1	2
12	130527584	130527923	2	1	1	2
12	130527924	132349400	2	1	1	2
12	132349401	133851894	2	1	1	2
13	1	16299999	NA	NA	NA	NA
13	16300000	19499999	2	1	1	2
13	19500000	45942186	2	1	1	2
13	45942187	49637063	1	1	0	2
13	49637064	53928242	2	1	1	2
13	53928243	56149405	2	1	1	2
13	56149406	57815207	2	1	1	2
13	57815208	57897982	2	1	1	2
13	57897983	61739833	2	1	1	2
13	61739834	62671406	2	1	1	2
13	62671407	63139833	2	1	1	2
13	63139834	63434460	2	1	1	2
13	63434461	64211378	2	1	1	2
13	64211379	65154588	2	1	1	2
13	65154589	66066669	2	1	1	2
13	66066670	68159597	2	1	1	2
13	68159598	68571434	2	1	1	2
13	68571435	70801625	2	1	1	2
13	70801626	73035988	2	1	1	2
13	73035989	76835201	2	1	1	2
13	76835202	78790161	2	1	1	2
13	78790162	78894711	2	1	1	1
13	78894712	81971971	2	1	1	2
13	81971972	83005980	2	1	1	2
13	83005981	87964191	2	1	1	2
13	87964192	89439257	2	1	1	2
13	89439258	94356231	2	1	1	2
13	94356232	94504631	2	1	1	2
13	94504632	114142800	2	1	1	2
13	114142801	115169877	2	1	1	2
14	1	16099999	NA	NA	NA	NA
14	16100000	19099999	2	1	1	1
14	19100000	28529654	2	1	1	2
14	28529655	30670473	2	1	1	2
14	30670474	30748134	2	1	1	1
14	30748135	40411441	2	1	1	2
14	40411442	40580127	2	1	1	1
14	40580128	40920472	2	1	1	2
14	40920473	40942934	2	1	1	2
14	40942935	42501770	2	1	1	2
14	42501771	43999936	2	1	1	2
14	43999937	44617002	2	1	1	2
14	44617003	44834740	2	1	1	2
14	44834741	47440005	2	1	1	2
14	47440006	49406267	2	1	1	2
14	49406268	49705449	2	1	1	2
14	49705450	53379841	2	1	1	2
14	53379842	54292499	4	3	1	2
14	54292500	62631431	2	1	1	2
14	62631432	66220012	2	1	1	2
14	66220013	80122841	2	1	1	2
14	80122842	82588850	2	1	1	2
14	82588851	85130203	2	1	1	2
14	85130204	85734589	2	1	1	2
14	85734590	86257538	2	1	1	2
14	86257539	86505086	2	1	1	2
14	86505087	88423386	2	1	1	2
14	88423387	106368400	2	1	1	2
15	1	15799999	NA	NA	NA	NA
15	15800000	20699999	2	2	0	2
15	20700000	38291734	2	1	1	2
15	38291735	46539971	2	1	1	2
15	46539972	46691732	2	1	1	2
15	46691733	46804371	2	1	1	1
15	46804372	47211075	2	1	1	1
15	47211076	49757782	2	1	1	2
15	49757783	50168039	2	1	1	2
15	50168040	53760995	2	1	1	2
15	53760996	54629960	2	1	1	2
15	54629961	54904550	2	1	1	2
15	54904551	58322126	2	1	1	2
15	58322127	98074284	2	1	1	2
15	98074285	100341008	2	1	1	2
15	100341009	102371606	2	1	1	2
16	9999	126587	2	1	1	2
16	126588	14412063	2	1	1	2
16	14412064	14705529	1	1	0	2
16	14705530	32493779	2	1	1	2
16	32493780	33864602	2	1	1	1
16	33864603	34599999	2	1	1	1
16	34600000	38599999	2	1	1	1
16	38600000	47225514	2	1	1	2
16	47225515	48053357	2	1	1	2
16	48053358	49727625	2	1	1	2
16	49727626	51931494	1	1	0	2
16	51931495	59347373	1	1	0	2
16	59347374	60115028	2	1	1	2
16	60115029	60792346	2	1	1	2
16	60792347	61570071	2	1	1	2
16	61570072	61889965	2	1	1	1
16	61889966	62563247	2	1	1	2
16	62563248	62648647	2	1	1	1
16	62648648	63394083	2	1	1	2
16	63394084	64159996	2	1	1	2
16	64159997	64857840	2	1	1	2
16	64857841	78081381	2	1	1	2
16	78081382	80337162	1	1	0	2
16	80337163	81219755	1	1	0	2
16	81219756	88827200	2	1	1	2
16	88827201	90354752	2	1	1	2
17	7	6490700	2	1	1	2
17	6490701	8115618	1	1	0	2
17	8115619	10610209	2	1	1	2
17	10610210	10610252	2	1	1	1
17	10610253	10612324	1	1	0	2
17	10612325	11228188	1	1	0	2
17	11228189	11757504	2	1	1	2
17	11757505	11805632	1	1	0	2
17	11805633	22199999	2	1	1	2
17	22200000	25799999	2	1	1	2
17	25800000	43894087	2	1	1	2
17	43894088	44172499	1	1	0	2
17	44172500	45591461	2	1	1	2
17	45591462	45597217	2	1	1	1
17	45597218	48531449	2	1	1	2
17	48531450	48556526	1	1	0	2
17	48556527	48556585	1	1	0	2
17	48556586	49798647	1	1	0	2
17	49798648	50749828	2	1	1	2
17	50749829	50780094	2	1	1	1
17	50780095	78774600	2	1	1	2
17	78774601	81195209	2	1	1	2
18	10001	130030	2	1	1	2
18	130031	4762572	2	1	1	2
18	4762573	15399230	2	1	1	2
18	15399231	18999999	2	1	1	2
18	19000000	26417539	2	1	1	2
18	26417540	26642232	2	1	1	2
18	26642233	26812616	0	0	0	2
18	26812617	27854686	2	1	1	2
18	27854687	27863203	2	1	1	2
18	27863204	30675939	2	1	1	2
18	30675940	36849943	2	1	1	2
18	36849944	40609987	2	1	1	2
18	40609988	41509015	2	1	1	2
18	41509016	41846640	2	1	1	2
18	41846641	42101268	2	1	1	2
18	42101269	53812235	2	1	1	2
18	53812236	55222722	2	1	1	2
18	55222723	56206384	1	1	0	2
18	56206385	61341967	2	1	1	2
18	61341968	61601486	2	1	1	2
18	61601487	62244995	2	1	1	2
18	62244996	62325598	2	1	1	2
18	62325599	63401852	2	1	1	2
18	63401853	64158363	1	1	0	2
18	64158364	64460020	2	1	1	2
18	64460021	64610015	0	0	0	2
18	64610016	65146933	2	1	1	2
18	65146934	65981819	1	1	0	2
18	65981820	66242957	2	1	1	2
18	66242958	66406045	1	1	0	2
18	66406046	71573367	2	1	1	2
18	71573368	72487276	1	1	0	2
18	72487277	72489058	2	1	1	1
18	72489059	72489113	2	1	1	1
18	72489114	76067000	2	1	1	2
18	76067001	78077247	2	1	1	2
19	102500	254303	2	1	1	2
19	254304	24394960	2	1	1	2
19	24394961	28599999	2	1	1	2
19	28600000	59128982	2	1	1	2
20	17500	6670000	2	1	1	2
20	6670001	7293650	2	1	1	2
20	7293651	7755530	1	1	0	2
20	7755531	8219860	2	1	1	2
20	8219861	8597972	2	1	1	1
20	8597973	11028612	2	1	1	2
20	11028613	11461044	1	1	0	2
20	11461045	25599999	2	1	1	2
20	25600000	29482743	2	1	1	2
20	29482744	29832402	2	1	1	2
20	29832403	29900047	2	1	1	2
20	29900048	62435800	2	1	1	2
21	1	9411193	NA	NA	NA	NA
21	9411194	10670000	NA	NA	NA	NA
21	10670001	14369601	1	1	0	1
21	14369602	15849999	2	1	1	2
21	15850000	18416244	2	1	1	2
21	18416245	19992519	2	1	1	2
21	19992520	39864014	2	1	1	2
21	39864015	42875481	1	1	0	2
21	42875482	42876360	1	1	0	2
21	42876361	42883785	1	1	0	2
21	42883786	46944200	2	1	1	2
21	46944201	48129894	2	1	1	2
22	1	12199999	NA	NA	NA	NA
22	12200000	17899999	2	1	1	2
22	17900000	34765404	2	1	1	2
22	34765405	34929978	2	1	1	2
22	34929979	49691400	2	1	1	2
22	49691401	51304565	2	1	1	2
X	1	58099999	1	1	0	3
X	58100000	62999999	NA	NA	NA	NA
X	63000000	155270559	1	1	0	3
Y	1	11599999	NA	NA	NA	NA
Y	11600000	13399999	NA	NA	NA	NA
Y	13400000	59373565	NA	NA	NA	NA
