chromosome	start	end	total_cn	major_cn	minor_cn	star
1	10001	121499999	2	1	1	3
1	121500000	128899999	2	1	1	3
1	128900000	247247500	2	1	1	3
1	247247501	249250620	2	1	1	3
2	55004	13149490	2	1	1	3
2	13149491	13149589	2	1	1	3
2	13149590	13289638	2	1	1	3
2	13289639	13316361	1	1	0	2
2	13316362	15164885	2	1	1	3
2	15164886	15164912	2	1	1	3
2	15164913	38747026	2	1	1	3
2	38747027	38747230	2	1	1	3
2	38747231	90499999	2	1	1	3
2	90500000	96799999	2	1	1	2
2	96800000	101620864	2	1	1	3
2	101620865	101620875	2	1	1	3
2	101620876	101623505	2	1	1	2
2	101623506	101623551	2	1	1	2
2	101623552	101623631	2	1	1	2
2	101623632	242985695	2	1	1	3
3	100074	40605791	2	1	1	3
3	40605792	42614969	1	1	0	3
3	42614970	70503850	2	1	1	3
3	70503851	72921774	1	1	0	2
3	72921775	87899999	2	1	1	3
3	87900000	93899999	2	1	1	3
3	93900000	197847500	2	1	1	3
4	59541	48199999	2	1	1	3
4	48200000	52699999	2	1	1	3
4	52700000	191154275	2	1	1	3
5	22500	849503	2	1	1	2
5	849504	46099999	2	1	1	3
5	46100000	50699999	2	1	1	3
5	50700000	145151931	2	1	1	3
5	145151932	145151955	2	1	1	2
5	145151956	145158773	1	1	0	2
5	145158774	145861883	1	1	0	2
5	145861884	145862914	2	1	1	2
5	145862915	174981584	2	1	1	3
5	174981585	174981806	2	1	1	2
5	174981807	174991676	1	1	0	2
5	174991677	175109308	1	1	0	3
5	175109309	177299312	2	1	1	3
5	177299313	180689978	2	1	1	3
6	39681	202330	2	1	1	1
6	202331	58699999	2	1	1	3
6	58700000	64025594	NA	NA	NA	NA
6	64025595	97590020	1	1	0	2
6	97590021	116559571	2	1	1	3
6	116559572	117847690	1	1	0	2
6	117847691	145794727	2	1	1	3
6	145794728	170849934	1	1	0	2
7	40386	57999999	2	1	1	3
7	58000000	61699999	2	1	1	3
7	61700000	158817500	2	1	1	3
8	10001	170011	1	1	0	2
8	170012	8877928	1	1	0	2
8	8877929	8883788	1	1	0	2
8	8883789	23190008	1	1	0	2
8	23190009	25191573	2	1	1	2
8	25191574	25194648	1	1	0	2
8	25194649	43099999	1	1	0	2
8	43100000	48099999	1	1	0	2
8	48100000	53617029	1	1	0	2
8	53617030	53617712	2	1	1	2
8	53617713	146364021	2	1	1	3
9	10001	220035	2	1	1	2
9	220036	21730339	2	1	1	3
9	21730340	47299999	2	1	1	3
9	47300000	50699999	2	1	1	2
9	50700000	140267500	2	1	1	3
10	10001	130012	2	1	1	2
10	130013	37999999	2	1	1	3
10	38000000	42299999	2	1	1	3
10	42300000	135389924	2	1	1	3
11	20721	219974	2	1	1	2
11	219975	51599999	2	1	1	3
11	51600000	55699999	2	1	1	3
11	55700000	134442500	2	1	1	3
12	110107	33299999	2	1	1	2
12	33300000	38199999	2	1	1	3
12	38200000	132342500	2	1	1	3
12	132342501	133851894	2	1	1	2
13	1	16299999	2	1	1	1
13	16300000	19499999	2	1	1	2
13	19500000	114137500	2	1	1	3
13	114137501	115019616	2	1	1	2
14	1	16099999	2	1	1	1
14	16100000	19099999	2	1	1	2
14	19100000	106362500	2	1	1	3
15	1	15799999	2	1	1	1
15	15800000	20699999	2	1	1	2
15	20700000	100332500	2	1	1	3
15	100332501	102399919	2	1	1	3
16	168923	169032	3	2	1	1
16	169033	175657	1	1	0	1
16	175658	458601	1	1	0	3
16	458602	464974	2	1	1	2
16	464975	465112	2	1	1	2
16	465113	34599999	2	1	1	3
16	34600000	38599999	2	1	1	3
16	38600000	70835446	2	1	1	3
16	70835447	72256909	1	1	0	3
16	72256910	72498031	1	1	0	2
16	72498032	73495964	1	1	0	2
16	73495965	88822500	2	1	1	3
16	88822501	90354752	2	1	1	3
17	828	7356383	2	1	1	3
17	7356384	7374999	1	1	0	1
17	7375000	7671289	1	1	0	2
17	7671290	7800823	2	1	1	2
17	7800824	22199999	2	1	1	3
17	22200000	25799999	2	1	1	3
17	25800000	50997896	2	1	1	3
17	50997897	51151281	1	1	0	2
17	51151282	75710829	2	1	1	3
17	75710830	76103566	1	1	0	2
17	76103567	76115841	1	1	0	2
17	76115842	76116586	2	1	1	1
17	76116587	76120288	2	1	1	1
17	76120289	76120602	2	1	1	1
17	76120603	79055512	2	1	1	3
17	79055513	79090913	2	1	1	2
17	79090914	79269938	1	1	0	2
17	79269939	81195209	2	1	1	2
18	10001	130030	2	1	1	2
18	130031	15399999	2	1	1	3
18	15400000	18999999	2	1	1	3
18	19000000	38112944	2	1	1	3
18	38112945	38131174	2	1	1	3
18	38131175	39346785	2	1	1	3
18	39346786	39474189	1	1	0	2
18	39474190	76112500	2	1	1	3
18	76112501	78077247	2	1	1	2
19	102500	260136	2	1	1	2
19	260137	24399999	2	1	1	3
19	24400000	28599999	2	1	1	3
19	28600000	49011268	2	1	1	3
19	49011269	49702365	1	1	0	2
19	49702366	49734767	2	1	1	2
19	49734768	49736768	2	1	1	2
19	49736769	49740261	2	1	1	2
19	49740262	59128982	2	1	1	2
20	20980	25599999	2	1	1	3
20	25600000	29399999	2	1	1	2
20	29400000	62432500	2	1	1	3
21	1	9417499	NA	NA	NA	NA
21	9417500	10899999	NA	NA	NA	NA
21	10900000	14299999	2	1	1	2
21	14300000	38491057	2	1	1	3
21	38491058	38492961	1	1	0	2
21	38492962	38964997	1	1	0	2
21	38964998	39819988	2	1	1	2
21	39819989	42879996	1	1	0	3
21	42879997	46937500	2	1	1	3
21	46937501	48129894	2	1	1	2
22	1	12199999	2	1	1	1
22	12200000	17899999	2	1	1	3
22	17900000	29065969	2	1	1	3
22	29065970	31874109	2	1	1	2
22	31874110	34188330	1	1	0	3
22	34188331	34443860	2	1	1	2
22	34443861	36066812	1	1	0	3
22	36066813	36068760	1	1	0	2
22	36068761	36068914	2	1	1	1
22	36068915	36071352	2	1	1	2
22	36071353	36071456	2	1	1	2
22	36071457	42534641	2	1	1	3
22	42534642	43510949	1	1	0	2
22	43510950	43561213	2	1	1	1
22	43561214	49687500	2	1	1	3
22	49687501	51304565	2	1	1	2
X	1	58099999	1	1	0	3
X	58100000	62999999	1	1	0	2
X	63000000	111563220	1	1	0	3
X	111563221	111610580	1	1	0	2
X	111610581	155270559	1	1	0	3
Y	1	11599999	1	1	0	1
Y	11600000	13399999	1	1	0	1
Y	13400000	59373565	1	1	0	1
