chromosome	start	end	total_cn	major_cn	minor_cn	star
1	1	121499999	2	1	1	3
1	121500000	128899999	2	1	1	2
1	128900000	144038889	2	1	1	2
1	144038890	148902500	3	2	1	2
1	148902501	149714801	2	1	1	2
1	149714802	206498200	3	2	1	2
1	206498201	247247500	2	1	1	3
1	247247501	249250620	2	1	1	3
2	45895	58170058	2	1	1	3
2	58170059	58172078	3	2	1	1
2	58172079	58173537	3	2	1	2
2	58173538	67456430	3	2	1	3
2	67456431	89142891	2	1	1	3
2	89142892	89179989	1	1	0	3
2	89179990	89597002	3	2	1	2
2	89597003	96799999	NA	NA	NA	NA
2	96800000	242951000	2	1	1	3
3	100074	48005028	2	1	1	3
3	48005029	87899999	2	1	1	3
3	87900000	93899999	2	1	1	3
3	93900000	198022429	2	1	1	3
4	31303	60645	2	1	1	2
4	60646	4672794	2	1	1	3
4	4672795	48199999	2	1	1	3
4	48200000	52699999	2	1	1	3
4	52700000	191154275	2	1	1	3
5	22500	46099999	2	1	1	3
5	46100000	50699999	2	1	1	3
5	50700000	129791307	2	1	1	3
5	129791308	129798876	2	1	1	1
5	129798877	180689978	2	1	1	3
6	250041	391938	3	2	1	2
6	391939	37210016	4	3	1	3
6	37210017	58699999	2	1	1	3
6	58700000	63299999	2	1	1	3
6	63300000	170899934	2	1	1	3
7	40386	57999999	2	1	1	3
7	58000000	61699999	2	1	1	2
7	61700000	158817500	2	1	1	3
8	10001	170011	2	1	1	3
8	170012	43099999	2	1	1	3
8	43100000	48099999	2	1	1	3
8	48100000	146364021	2	1	1	3
9	47500	200100	2	1	1	2
9	200101	47299999	2	1	1	3
9	47300000	50699999	2	1	1	2
9	50700000	140267500	2	1	1	3
10	102500	37999999	2	1	1	3
10	38000000	42299999	2	1	1	2
10	42300000	135389924	2	1	1	3
11	20721	190009	2	1	1	2
11	190010	51599999	2	1	1	3
11	51600000	55699999	2	1	1	2
11	55700000	134442500	2	1	1	3
12	22500	200013	2	1	1	2
12	200014	33299999	2	1	1	3
12	33300000	38199999	2	1	1	3
12	38200000	97926366	2	1	1	3
12	97926367	98236362	1	1	0	3
12	98236363	132349400	2	1	1	3
12	132349401	133851894	2	1	1	2
13	1	16299999	3	2	1	1
13	16300000	19499999	3	2	1	3
13	19500000	24997687	3	2	1	3
13	24997688	24997958	3	2	1	3
13	24997959	38270797	3	2	1	3
13	38270798	38270825	3	2	1	1
13	38270826	68582199	1	1	0	3
13	68582200	68582457	1	1	0	2
13	68582458	68582501	1	1	0	2
13	68582502	68582622	1	1	0	2
13	68582623	68582752	3	2	1	2
13	68582753	68583480	3	2	1	2
13	68583481	68583618	3	2	1	2
13	68583619	68583723	3	2	1	2
13	68583724	68583908	3	2	1	2
13	68583909	68584460	3	2	1	2
13	68584461	68584509	3	2	1	2
13	68584510	68584654	3	2	1	2
13	68584655	68584676	3	2	1	2
13	68584677	68584968	3	2	1	2
13	68584969	68760694	3	2	1	3
13	68760695	68766757	3	2	1	1
13	68766758	68766803	3	2	1	1
13	68766804	68766822	3	2	1	2
13	68766823	68768262	3	2	1	2
13	68768263	68768583	3	2	1	2
13	68768584	68768602	3	2	1	2
13	68768603	68768931	3	2	1	2
13	68768932	68769078	3	2	1	2
13	68769079	68769132	3	2	1	2
13	68769133	68769291	3	2	1	2
13	68769292	68769798	3	2	1	2
13	68769799	68770090	3	2	1	2
13	68770091	68770900	3	2	1	2
13	68770901	68770933	3	2	1	2
13	68770934	68771236	3	2	1	2
13	68771237	68771362	3	2	1	2
13	68771363	68771442	3	2	1	2
13	68771443	68771784	3	2	1	2
13	68771785	68806007	3	2	1	3
13	68806008	68806795	3	2	1	2
13	68806796	68807677	3	2	1	2
13	68807678	68807729	3	2	1	2
13	68807730	68807742	3	2	1	2
13	68807743	68808085	3	2	1	2
13	68808086	68808103	3	2	1	1
13	68808104	68808202	3	2	1	1
13	68808203	68809574	3	2	1	2
13	68809575	68812427	3	2	1	3
13	68812428	68812438	3	2	1	2
13	68812439	68812628	3	2	1	2
13	68812629	68812678	3	2	1	2
13	68812679	68812703	3	2	1	2
13	68812704	68813776	3	2	1	1
13	68813777	68813815	3	2	1	1
13	68813816	68814098	3	2	1	2
13	68814099	68814314	3	2	1	2
13	68814315	68814517	3	2	1	2
13	68814518	68814549	3	2	1	1
13	68814550	68814680	3	2	1	2
13	68814681	68815759	3	2	1	2
13	68815760	68815809	3	2	1	2
13	68815810	68815938	3	2	1	2
13	68815939	68883270	3	2	1	3
13	68883271	68883797	1	1	0	2
13	68883798	68884050	1	1	0	2
13	68884051	68884082	1	1	0	2
13	68884083	68884289	1	1	0	2
13	68884290	68884316	1	1	0	2
13	68884317	69353169	1	1	0	3
13	69353170	69353485	1	1	0	2
13	69353486	69353531	1	1	0	2
13	69353532	69353581	1	1	0	2
13	69353582	69354854	1	1	0	1
13	69354855	69355135	3	2	1	1
13	69355136	69355655	3	2	1	1
13	69355656	69355893	3	2	1	1
13	69355894	69355919	3	2	1	1
13	69355920	69356490	3	2	1	1
13	69356491	69357692	3	2	1	1
13	69357693	69357752	3	2	1	1
13	69357753	69357938	3	2	1	1
13	69357939	69358019	3	2	1	1
13	69358020	69358051	3	2	1	1
13	69358052	69358134	3	2	1	1
13	69358135	69358192	3	2	1	1
13	69358193	69358207	3	2	1	1
13	69358208	69361418	3	2	1	1
13	69361419	69361554	3	2	1	1
13	69361555	69361565	3	2	1	1
13	69361566	69361620	3	2	1	1
13	69361621	69361638	3	2	1	1
13	69361639	69362472	3	2	1	1
13	69362473	69362489	3	2	1	1
13	69362490	69362524	3	2	1	2
13	69362525	69362541	3	2	1	2
13	69362542	69362871	3	2	1	2
13	69362872	69362887	3	2	1	2
13	69362888	69419781	3	2	1	2
13	69419782	69420101	3	2	1	2
13	69420102	69420164	3	2	1	2
13	69420165	69420242	3	2	1	2
13	69420243	69420396	3	2	1	2
13	69420397	69420521	3	2	1	2
13	69420522	69420748	3	2	1	2
13	69420749	69421057	3	2	1	2
13	69421058	69421089	3	2	1	2
13	69421090	69421141	3	2	1	2
13	69421142	69421275	3	2	1	2
13	69421276	69421769	3	2	1	2
13	69421770	69421964	3	2	1	2
13	69421965	69423277	3	2	1	2
13	69423278	74274440	3	2	1	2
13	74274441	74274538	3	2	1	2
13	74274539	74274930	3	2	1	2
13	74274931	74274962	3	2	1	1
13	74274963	74275196	1	1	0	2
13	74275197	74275249	1	1	0	2
13	74275250	74275280	1	1	0	2
13	74275281	74275350	1	1	0	2
13	74275351	74275368	1	1	0	2
13	74275369	74275430	1	1	0	2
13	74275431	74275580	1	1	0	2
13	74275581	74275650	1	1	0	2
13	74275651	74329925	1	1	0	2
13	74329926	74330238	1	1	0	2
13	74330239	74510849	1	1	0	3
13	74510850	74511037	1	1	0	3
13	74511038	74511172	1	1	0	2
13	74511173	74849192	3	2	1	3
13	74849193	74849296	3	2	1	2
13	74849297	74849437	3	2	1	2
13	74849438	82637839	5	4	1	2
13	82637840	84056781	4	4	0	2
13	84056782	92806264	5	4	1	2
13	92806265	92996861	7	6	1	2
13	92996862	92996895	7	6	1	2
13	92996896	94584969	5	4	1	2
13	94584970	94585138	5	4	1	2
13	94585139	94585186	5	4	1	2
13	94585187	96477112	5	4	1	2
13	96477113	96478719	5	4	1	2
13	96478720	112759794	1	1	0	3
13	112759795	112760534	1	1	0	2
13	112760535	112761206	1	1	0	1
13	112761207	114142800	3	2	1	2
13	114142801	115169877	3	2	1	2
14	1	16099999	3	2	1	1
14	16100000	19099999	NA	NA	NA	NA
14	19100000	20425050	2	2	0	2
14	20425051	106085966	3	2	1	3
14	106085967	106211825	3	2	1	2
14	106211826	106212101	0	0	0	1
14	106212102	106329498	0	0	0	2
14	106329499	106380222	1	1	0	2
14	106380223	106995026	1	1	0	2
15	1	15799999	2	1	1	1
15	15800000	20699999	2	1	1	2
15	20700000	29904027	2	1	1	3
15	29904028	64386919	1	1	0	3
15	64386920	100338800	2	1	1	3
15	100338801	102531391	2	1	1	3
16	100010	34599999	2	1	1	3
16	34600000	38599999	2	1	1	2
16	38600000	84537644	2	1	1	3
16	84537645	88827200	2	2	0	3
16	88827201	90354752	2	2	0	2
17	12500	22199999	2	1	1	3
17	22200000	25799999	2	1	1	3
17	25800000	62944082	2	1	1	3
17	62944083	63027375	2	1	1	1
17	63027376	78774600	2	1	1	3
17	78774601	81195209	2	1	1	2
18	27500	15399999	2	1	1	3
18	15400000	18999999	2	1	1	3
18	19000000	56246400	2	1	1	3
18	56246401	56399310	1	1	0	3
18	56399311	60793496	2	1	1	3
18	60793497	60793547	2	1	1	3
18	60793548	76117000	2	1	1	3
18	76117001	78077247	2	1	1	2
19	102500	259827	2	1	1	2
19	259828	24399999	2	1	1	3
19	24400000	28599999	2	1	1	3
19	28600000	59128982	2	1	1	3
20	17500	25599999	2	1	1	3
20	25600000	29399999	2	1	1	3
20	29400000	62432500	2	1	1	3
21	1	10899999	NA	NA	NA	NA
21	10900000	14299999	2	1	1	2
21	14300000	46937500	2	1	1	3
21	46937501	48129894	2	1	1	2
22	1	12199999	2	1	1	1
22	12200000	17899999	2	1	1	3
22	17900000	22735025	2	1	1	2
22	22735026	23259943	1	1	0	3
22	23259944	49687500	2	1	1	3
22	49687501	51304565	2	1	1	3
X	1	58099999	2	1	1	3
X	58100000	62999999	2	1	1	3
X	63000000	154929638	2	1	1	3
