chromosome	start	end	total_cn	major_cn	minor_cn	star
1	1	797280	2	2	0	1
1	797281	5887657	2	2	0	2
1	5887658	10062381	2	2	0	2
1	10062382	22029594	2	2	0	2
1	22029595	22030268	2	2	0	2
1	22030269	22380039	2	2	0	2
1	22380040	22382844	2	2	0	1
1	22382845	29063164	2	2	0	2
1	29063165	35240615	4	2	2	2
1	35240616	35278546	5	3	2	2
1	35278547	35279873	5	3	2	2
1	35279874	35322898	5	3	2	2
1	35322899	57505409	4	2	2	2
1	57505410	70734401	4	2	2	2
1	70734402	70998402	4	2	2	2
1	70998403	71868202	4	2	2	2
1	71868203	72396401	4	2	2	2
1	72396402	72583510	4	2	2	2
1	72583511	72616689	4	2	2	2
1	72616690	74856402	4	2	2	2
1	74856403	74942402	4	2	2	2
1	74942403	76130402	4	2	2	2
1	76130403	76130601	4	2	2	1
1	76130602	76327001	4	2	2	2
1	76327002	77722201	4	2	2	2
1	77722202	78982401	4	2	2	2
1	78982402	96289428	4	2	2	2
1	96289429	97495086	4	2	2	2
1	97495087	98784728	4	2	2	2
1	98784729	100105401	4	2	2	2
1	100105402	100177000	4	2	2	2
1	100177001	101011201	4	2	2	2
1	101011202	104675201	4	2	2	2
1	104675202	108428253	4	2	2	2
1	108428254	121179985	4	2	2	2
1	121179986	121368401	4	2	2	2
1	121368402	128899999	NA	NA	NA	NA
1	128900000	142700602	NA	NA	NA	NA
1	142700603	143222500	NA	NA	NA	NA
1	143222501	145750402	4	2	2	2
1	145750403	159220801	4	2	2	2
1	159220802	185469288	4	2	2	2
1	185469289	185675629	4	2	2	2
1	185675630	186126002	4	2	2	2
1	186126003	187826694	4	2	2	2
1	187826695	188694202	4	2	2	2
1	188694203	190551802	4	2	2	2
1	190551803	192428602	4	2	2	2
1	192428603	192652202	4	2	2	2
1	192652203	193139802	4	2	2	2
1	193139803	196569955	4	2	2	2
1	196569956	196577091	4	2	2	2
1	196577092	196580936	4	2	2	2
1	196580937	196584095	4	2	2	1
1	196584096	197713001	4	2	2	2
1	197713002	198056201	4	2	2	2
1	198056202	198220373	4	2	2	2
1	198220374	198586799	4	2	2	2
1	198586800	199520202	4	2	2	2
1	199520203	214995865	4	2	2	2
1	214995866	216957202	4	2	2	2
1	216957203	219879001	4	2	2	2
1	219879002	223015874	4	2	2	2
1	223015875	223148719	5	3	2	2
1	223148720	223539811	4	2	2	2
1	223539812	223563593	4	2	2	1
1	223563594	223601518	4	2	2	2
1	223601519	228810311	4	2	2	2
1	228810312	228997733	4	2	2	1
1	228997734	245345635	4	2	2	2
1	245345636	245422999	5	3	2	2
1	245423000	248389701	4	2	2	2
2	12220	9425880	2	2	0	2
2	9425881	38989504	2	2	0	2
2	38989505	40589271	1	1	0	2
2	40589272	40623013	1	1	0	2
2	40623014	40664601	2	2	0	2
2	40664602	41559219	2	2	0	2
2	41559220	41840004	2	2	0	2
2	41840005	47511452	2	2	0	2
2	47511453	48840802	5	3	2	2
2	48840803	49328374	5	3	2	2
2	49328375	49412801	5	3	2	1
2	49412802	49544000	8	5	3	2
2	49544001	53651573	5	3	2	2
2	53651574	53669981	5	3	2	2
2	53669982	56005807	5	3	2	2
2	56005808	56013801	5	3	2	2
2	56013802	56490600	5	3	2	2
2	56490601	56581355	5	3	2	2
2	56581356	58465402	5	3	2	2
2	58465403	58515791	5	3	2	2
2	58515792	58577693	5	3	2	2
2	58577694	58875097	5	3	2	2
2	58875098	60026602	5	3	2	2
2	60026603	60053802	5	3	2	1
2	60053803	60080202	5	3	2	2
2	60080203	75983576	5	3	2	2
2	75983577	76143903	5	3	2	2
2	76143904	76153455	5	3	2	2
2	76153456	76933297	5	3	2	2
2	76933298	78406142	5	3	2	2
2	78406143	80805601	5	3	2	2
2	80805602	81165546	5	3	2	2
2	81165547	83991002	5	3	2	2
2	83991003	84036477	5	3	2	1
2	84036478	89007801	5	3	2	2
2	89007802	89237812	5	3	2	2
2	89237813	89561011	5	3	2	2
2	89561012	90447263	3	2	1	1
2	90447264	90499999	3	2	1	2
2	90500000	96799999	3	2	1	2
2	96800000	111886180	3	2	1	2
2	111886181	111887253	2	2	0	1
2	111887254	111887968	2	2	0	2
2	111887969	112548515	2	2	0	2
2	112548516	115117183	3	2	1	2
2	115117184	115848025	3	2	1	2
2	115848026	117897894	2	2	0	2
2	117897895	118460816	3	2	1	2
2	118460817	118460968	1	1	0	1
2	118460969	118462095	NA	NA	NA	NA
2	118462096	118809802	2	2	0	2
2	118809803	119810200	3	2	1	2
2	119810201	123178922	2	2	0	2
2	123178923	125693651	2	2	0	2
2	125693652	125753687	3	2	1	1
2	125753688	125755491	NA	NA	NA	NA
2	125755492	126320588	2	2	0	2
2	126320589	133001426	2	2	0	2
2	133001427	137310002	2	2	0	2
2	137310003	139785937	2	2	0	2
2	139785938	152324967	2	2	0	2
2	152324968	166419976	2	2	0	2
2	166419977	205782454	2	2	0	2
2	205782455	205881091	2	2	0	2
2	205881092	212119989	2	2	0	1
2	212119990	219297980	2	2	0	2
2	219297981	226030957	3	2	1	2
2	226030958	226526719	3	2	1	2
2	226526720	226991147	3	2	1	2
2	226991148	227026287	2	1	1	2
2	227026288	227472344	3	2	1	2
2	227472345	232667204	3	2	1	2
2	232667205	232859636	2	1	1	2
2	232859637	242989444	3	2	1	2
3	100074	531401	3	3	0	2
3	531402	893947	3	3	0	2
3	893948	1979708	3	3	0	2
3	1979709	4420530	3	3	0	2
3	4420531	5464251	3	3	0	2
3	5464252	8465600	3	3	0	2
3	8465601	9549121	3	3	0	2
3	9549122	13823589	4	3	1	2
3	13823590	17243219	3	3	0	2
3	17243220	17721100	3	3	0	2
3	17721101	18021801	3	3	0	2
3	18021802	18302326	3	3	0	2
3	18302327	19692478	3	3	0	2
3	19692479	19996505	3	3	0	2
3	19996506	20364402	3	3	0	2
3	20364403	20397801	3	3	0	2
3	20397802	20446381	3	3	0	2
3	20446382	22890471	3	3	0	2
3	22890472	24359114	3	3	0	2
3	24359115	25308690	3	3	0	2
3	25308691	25898209	3	3	0	2
3	25898210	26226555	4	3	1	1
3	26226556	26971251	3	3	0	1
3	26971252	26992706	3	3	0	2
3	26992707	27319383	3	3	0	2
3	27319384	27926802	3	3	0	2
3	27926803	28782153	3	3	0	2
3	28782154	30583200	3	3	0	2
3	30583201	73882557	3	3	0	2
3	73882558	75373244	3	3	0	2
3	75373245	75892786	3	3	0	2
3	75892787	75944044	3	3	0	1
3	75944045	77809525	3	3	0	2
3	77809526	87899999	3	3	0	2
3	87900000	93899999	NA	NA	NA	NA
3	93900000	98235801	1	1	0	2
3	98235802	98619288	1	1	0	2
3	98619289	99162329	2	1	1	2
3	99162330	99458836	2	1	1	2
3	99458837	101941412	2	1	1	2
3	101941413	102477899	2	1	1	2
3	102477900	103703442	2	1	1	2
3	103703443	105330183	1	1	0	2
3	105330184	105393470	1	1	0	2
3	105393471	105453526	3	2	1	1
3	105453527	106970602	3	2	1	2
3	106970603	108385545	4	3	1	2
3	108385546	109703986	5	4	1	2
3	109703987	109704120	5	4	1	1
3	109704121	110206202	5	4	1	1
3	110206203	110581351	5	4	1	1
3	110581352	110612494	7	6	1	2
3	110612495	110612529	5	4	1	1
3	110612530	111264131	5	4	1	2
3	111264132	111273802	5	4	1	1
3	111273803	114064400	5	4	1	2
3	114064401	114772601	8	6	2	2
3	114772602	115377802	4	3	1	1
3	115377803	115788400	4	3	1	2
3	115788401	115879861	4	3	1	1
3	115879862	116036096	4	3	1	1
3	116036097	116674000	2	1	1	1
3	116674001	117514654	2	1	1	2
3	117514655	118253297	2	1	1	2
3	118253298	118282694	2	1	1	2
3	118282695	121697094	2	1	1	2
3	121697095	122056600	1	1	0	2
3	122056601	122862596	2	1	1	2
3	122862597	122863072	2	1	1	2
3	122863073	122973619	2	1	1	2
3	122973620	122981335	2	1	1	1
3	122981336	123266079	2	1	1	1
3	123266080	123331656	3	2	1	2
3	123331657	127148676	3	2	1	2
3	127148677	127306395	NA	NA	NA	NA
3	127306396	136050375	3	2	1	2
3	136050376	140479991	3	2	1	2
3	140479992	141731867	1	1	0	2
3	141731868	144160924	2	1	1	2
3	144160925	144161378	NA	NA	NA	NA
3	144161379	145645101	1	1	0	2
3	145645102	145803829	2	1	1	2
3	145803830	145848695	1	1	0	2
3	145848696	146725559	2	1	1	2
3	146725560	146725586	1	1	0	1
3	146725587	146726117	NA	NA	NA	NA
3	146726118	150550232	1	1	0	2
3	150550233	151673088	2	1	1	2
3	151673089	152034712	2	1	1	2
3	152034713	155077631	1	1	0	2
3	155077632	155739121	3	2	1	2
3	155739122	156428278	1	1	0	2
3	156428279	156468179	4	2	2	2
3	156468180	156514546	1	1	0	2
3	156514547	156669376	1	1	0	2
3	156669377	156669744	1	1	0	2
3	156669745	157053938	1	1	0	2
3	157053939	161166002	2	1	1	2
3	161166003	161333748	2	1	1	2
3	161333749	161710013	2	1	1	2
3	161710014	161801379	2	1	1	2
3	161801380	162000237	2	1	1	2
3	162000238	166044097	3	2	1	2
3	166044098	166047030	3	2	1	2
3	166047031	166074104	3	2	1	2
3	166074105	182093434	1	1	0	2
3	182093435	188124202	2	1	1	2
3	188124203	190494311	2	1	1	1
3	190494312	190494994	2	1	1	1
3	190494995	190495326	NA	NA	NA	NA
3	190495327	193378848	1	1	0	2
3	193378849	193379083	2	1	1	1
3	193379084	193379280	2	1	1	1
3	193379281	193379516	2	1	1	1
3	193379517	193740673	2	1	1	2
3	193740674	194139844	3	2	1	2
3	194139845	194140213	3	2	1	2
3	194140214	195919820	3	2	1	2
3	195919821	197847500	1	1	0	2
4	27500	9158421	2	2	0	2
4	9158422	9483926	2	2	0	2
4	9483927	18501402	2	2	0	2
4	18501403	23682401	2	2	0	2
4	23682402	26976268	2	2	0	2
4	26976269	27001302	5	5	0	1
4	27001303	27590032	2	2	0	2
4	27590033	27675782	2	2	0	2
4	27675783	28577452	3	3	0	2
4	28577453	29543200	2	2	0	2
4	29543201	30264676	2	2	0	2
4	30264677	30688322	2	2	0	2
4	30688323	36183439	2	2	0	2
4	36183440	48199999	2	2	0	2
4	48200000	52699999	2	2	0	2
4	52700000	83544372	2	2	0	2
4	83544373	83545224	2	2	0	1
4	83545225	84630840	2	2	0	2
4	84630841	104899995	2	2	0	1
4	104899996	128749013	2	2	0	2
4	128749014	129855877	2	2	0	2
4	129855878	129875328	2	2	0	1
4	129875329	138275071	2	2	0	2
4	138275072	186896268	2	2	0	2
4	186896269	191154275	2	2	0	2
5	22500	855287	3	2	1	2
5	855288	3367546	3	2	1	2
5	3367547	23140602	3	2	1	2
5	23140603	29683002	3	2	1	2
5	29683003	46099999	3	2	1	2
5	46100000	50699999	3	2	1	2
5	50700000	65969432	3	2	1	2
5	65969433	66629565	2	2	0	2
5	66629566	67217008	3	2	1	2
5	67217009	67285051	3	2	1	2
5	67285052	68914602	3	2	1	2
5	68914603	80751366	3	2	1	2
5	80751367	81779281	3	2	1	2
5	81779282	88519801	3	2	1	2
5	88519802	98467308	3	2	1	2
5	98467309	130232400	3	2	1	2
5	130232401	130380167	3	2	1	2
5	130380168	134376121	3	2	1	2
5	134376122	134385795	3	2	1	1
5	134385796	142634999	3	2	1	2
5	142635000	144068614	3	2	1	2
5	144068615	144071001	3	2	1	1
5	144071002	144547438	3	2	1	1
5	144547439	144989802	3	2	1	2
5	144989803	147135297	3	2	1	2
5	147135298	147344543	3	2	1	2
5	147344544	148101600	3	2	1	2
5	148101601	148156652	3	2	1	2
5	148156653	148565813	3	2	1	2
5	148565814	148806023	3	2	1	2
5	148806024	148959192	4	2	2	2
5	148959193	156147365	3	2	1	2
5	156147366	180709589	3	2	1	2
6	39681	242500	2	2	0	1
6	242501	15833393	2	2	0	2
6	15833394	20623517	3	2	1	2
6	20623518	32496743	2	2	0	2
6	32496744	32582500	2	2	0	2
6	32582501	53885917	2	2	0	2
6	53885918	58137801	2	2	0	2
6	58137802	58699999	2	2	0	1
6	58700000	63299999	2	2	0	1
6	63300000	73899355	2	2	0	2
6	73899356	74332973	2	2	0	2
6	74332974	74339184	2	2	0	1
6	74339185	74339813	2	2	0	1
6	74339814	92037766	2	2	0	2
6	92037767	95620731	2	2	0	2
6	95620732	97144650	2	2	0	2
6	97144651	97818200	2	2	0	2
6	97818201	99214849	2	2	0	2
6	99214850	99559474	2	2	0	2
6	99559475	99577489	4	4	0	1
6	99577490	100113237	2	2	0	2
6	100113238	100978746	2	2	0	2
6	100978747	104761070	2	2	0	2
6	104761071	112728746	2	2	0	2
6	112728747	112985640	2	2	0	2
6	112985641	113002800	4	4	0	1
6	113002801	113014306	4	4	0	1
6	113014307	113179535	4	4	0	1
6	113179536	113181349	1	1	0	1
6	113181350	113182650	2	2	0	1
6	113182651	113618200	2	2	0	2
6	113618201	148814954	2	2	0	2
6	148814955	149808364	4	2	2	2
6	149808365	149918913	2	2	0	2
6	149918914	152749663	5	3	2	2
6	152749664	154592262	5	3	2	2
6	154592263	154796177	5	3	2	1
6	154796178	154914422	2	2	0	2
6	154914423	159594665	3	2	1	2
6	159594666	170905977	2	2	0	2
7	44408	56484802	3	2	1	2
7	56484803	57326463	4	2	2	2
7	57326464	57491593	4	2	2	2
7	57491594	57514406	4	2	2	2
7	57514407	57999999	4	2	2	2
7	58000000	62403401	4	2	2	2
7	62403402	62460063	4	2	2	2
7	62460064	67819377	4	2	2	1
7	67819378	68215415	4	3	1	2
7	68215416	72284588	3	2	1	2
7	72284589	73167914	3	2	1	2
7	73167915	76112329	2	1	1	2
7	76112330	76146731	2	2	0	1
7	76146732	76325406	1	1	0	2
7	76325407	76517217	2	2	0	2
7	76517218	76545186	2	1	1	2
7	76545187	77879773	2	1	1	2
7	77879774	78208563	2	1	1	2
7	78208564	78585845	2	1	1	2
7	78585846	78855323	2	1	1	2
7	78855324	78857219	2	1	1	1
7	78857220	78857236	2	1	1	1
7	78857237	79640614	2	1	1	2
7	79640615	79643038	2	1	1	1
7	79643039	80025433	2	1	1	2
7	80025434	82841300	2	1	1	2
7	82841301	86833650	2	1	1	2
7	86833651	97531932	2	1	1	2
7	97531933	97534070	6	5	1	1
7	97534071	97790452	6	5	1	2
7	97790453	97959131	4	3	1	1
7	97959132	99483305	2	1	1	2
7	99483306	100025463	4	3	1	2
7	100025464	101283200	2	1	1	2
7	101283201	108331555	1	1	0	2
7	108331556	110420330	2	2	0	2
7	110420331	110605402	2	2	0	2
7	110605403	110718764	4	4	0	2
7	110718765	111067400	3	3	0	2
7	111067401	112184899	3	3	0	2
7	112184900	112625553	3	3	0	2
7	112625554	112804204	3	3	0	2
7	112804205	115739201	3	3	0	2
7	115739202	117693868	3	3	0	2
7	117693869	118303993	3	3	0	2
7	118303994	120927193	3	3	0	2
7	120927194	121186211	3	3	0	2
7	121186212	121199277	4	4	0	2
7	121199278	121311025	3	3	0	2
7	121311026	124987354	3	3	0	2
7	124987355	125189003	3	3	0	2
7	125189004	125622783	2	2	0	2
7	125622784	126210290	3	3	0	2
7	126210291	126629632	3	3	0	2
7	126629633	126683569	3	3	0	2
7	126683570	135482265	3	3	0	2
7	135482266	135928202	3	3	0	2
7	135928203	136040712	2	2	0	2
7	136040713	136897800	2	2	0	2
7	136897801	138995442	3	3	0	2
7	138995443	140220887	3	3	0	2
7	140220888	140508738	2	2	0	2
7	140508739	142160008	3	3	0	2
7	142160009	142225401	3	3	0	2
7	142225402	143585402	3	3	0	2
7	143585403	143875253	4	4	0	2
7	143875254	144128432	3	3	0	1
7	144128433	144138884	3	3	0	1
7	144138885	144140742	3	3	0	1
7	144140743	144738060	3	3	0	2
7	144738061	144766062	3	3	0	1
7	144766063	144790132	3	3	0	1
7	144790133	147547081	3	3	0	2
7	147547082	148333583	3	3	0	2
7	148333584	152177460	3	3	0	2
7	152177461	152183106	3	3	0	1
7	152183107	154007545	3	3	0	2
7	154007546	155087329	4	3	1	2
7	155087330	158821400	1	1	0	2
8	1	165404	1	1	0	2
8	165405	1764366	2	2	0	2
8	1764367	1917235	3	2	1	2
8	1917236	2787053	3	2	1	2
8	2787054	3490692	2	2	0	2
8	3490693	3497783	2	2	0	1
8	3497784	4408694	2	2	0	2
8	4408695	4448202	2	2	0	2
8	4448203	5084634	3	3	0	2
8	5084635	5447965	3	3	0	2
8	5447966	5907353	3	3	0	2
8	5907354	5907552	NA	NA	NA	NA
8	5907553	6538557	4	4	0	2
8	6538558	7172500	3	3	0	2
8	7172501	8093520	3	3	0	2
8	8093521	9344223	2	2	0	2
8	9344224	9719557	3	3	0	2
8	9719558	10784447	2	2	0	2
8	10784448	12032984	4	4	0	2
8	12032985	13388571	2	2	0	2
8	13388572	15482060	2	2	0	2
8	15482061	15717855	2	2	0	2
8	15717856	15824476	1	1	0	2
8	15824477	16455001	2	2	0	2
8	16455002	16568327	2	2	0	2
8	16568328	30314508	2	2	0	2
8	30314509	30371158	3	3	0	2
8	30371159	39201341	2	2	0	2
8	39201342	39717118	3	2	1	2
8	39717119	40199723	3	2	1	2
8	40199724	40467608	3	2	1	2
8	40467609	40625023	3	2	1	2
8	40625024	41238119	3	2	1	2
8	41238120	41564627	4	2	2	1
8	41564628	42461047	4	2	2	1
8	42461048	43081942	2	1	1	2
8	43081943	43099999	3	2	1	2
8	43100000	48099999	3	2	1	2
8	48100000	54797200	3	2	1	2
8	54797201	55403483	3	2	1	2
8	55403484	55665271	3	2	1	2
8	55665272	55858279	3	2	1	2
8	55858280	56585399	3	2	1	2
8	56585400	56985201	3	2	1	2
8	56985202	68902910	3	2	1	2
8	68902911	70143401	3	2	1	2
8	70143402	75924523	2	1	1	1
8	75924524	76173956	3	2	1	1
8	76173957	76443028	3	2	1	1
8	76443029	76562356	3	2	1	1
8	76562357	76779838	3	2	1	2
8	76779839	77171255	3	2	1	2
8	77171256	77248289	3	2	1	2
8	77248290	77777083	3	2	1	2
8	77777084	78088938	3	2	1	2
8	78088939	80214895	3	2	1	2
8	80214896	80294961	3	2	1	2
8	80294962	80572800	3	2	1	2
8	80572801	82089200	3	2	1	2
8	82089201	82697044	3	2	1	2
8	82697045	82842201	3	2	1	2
8	82842202	85674202	3	2	1	2
8	85674203	85920001	3	2	1	2
8	85920002	85979032	3	2	1	1
8	85979033	85990800	5	3	2	2
8	85990801	87630788	3	2	1	2
8	87630789	92268021	3	2	1	2
8	92268022	92268250	3	2	1	2
8	92268251	93292672	3	2	1	2
8	93292673	94161468	3	2	1	2
8	94161469	94215711	2	1	1	1
8	94215712	98973938	3	2	1	2
8	98973939	99132103	1	1	0	2
8	99132104	99443092	3	2	1	2
8	99443093	99752375	5	3	2	2
8	99752376	104395787	3	2	1	2
8	104395788	104538140	3	2	1	2
8	104538141	104802039	3	2	1	2
8	104802040	105276001	3	2	1	2
8	105276002	105850457	3	2	1	2
8	105850458	105874604	3	2	1	2
8	105874605	110640600	3	2	1	2
8	110640601	110680926	3	2	1	2
8	110680927	117104480	3	2	1	2
8	117104481	117489000	3	2	1	2
8	117489001	131517790	3	2	1	2
8	131517791	131528769	3	2	1	2
8	131528770	131867676	3	2	1	2
8	131867677	133046615	3	2	1	1
8	133046616	134908424	3	2	1	2
8	134908425	146224849	3	2	1	2
8	146224850	146299471	3	2	1	2
9	56014	7429586	4	2	2	1
9	7429587	8023793	3	2	1	2
9	8023794	8662202	3	2	1	2
9	8662203	8687911	3	2	1	2
9	8687912	8888040	3	2	1	2
9	8888041	8945886	3	2	1	2
9	8945887	10646401	3	2	1	2
9	10646402	12737556	3	2	1	2
9	12737557	12835201	3	2	1	2
9	12835202	12946169	3	2	1	2
9	12946170	13949783	3	2	1	2
9	13949784	13969056	3	2	1	2
9	13969057	16849803	3	2	1	2
9	16849804	17243543	3	2	1	2
9	17243544	17907586	3	2	1	2
9	17907587	18718085	4	2	2	1
9	18718086	18833000	3	2	1	2
9	18833001	19685976	3	2	1	2
9	19685977	24366646	3	2	1	2
9	24366647	26734996	3	2	1	2
9	26734997	26747266	3	2	1	2
9	26747267	27789601	3	2	1	2
9	27789602	27795023	4	3	1	2
9	27795024	27836781	3	2	1	2
9	27836782	31885456	3	2	1	2
9	31885457	32283388	3	2	1	2
9	32283389	32334263	3	2	1	2
9	32334264	39041402	3	2	1	2
9	39041403	46940801	3	2	1	2
9	46940802	50699999	3	2	1	2
9	50700000	96489754	3	2	1	2
9	96489755	128964603	3	2	1	2
9	128964604	128994165	1	1	0	2
9	128994166	140273200	3	2	1	2
10	95074	37999999	2	2	0	2
10	38000000	42407499	NA	NA	NA	NA
10	42407500	55969747	1	1	0	2
10	55969748	56046164	1	1	0	2
10	56046165	57950206	1	1	0	2
10	57950207	58565962	1	1	0	2
10	58565963	58572634	1	1	0	2
10	58572635	58774761	1	1	0	2
10	58774762	58776304	1	1	0	2
10	58776305	58787266	1	1	0	2
10	58787267	59169358	2	2	0	2
10	59169359	59551408	1	1	0	2
10	59551409	60902386	1	1	0	2
10	60902387	63529971	3	3	0	2
10	63529972	65827487	3	3	0	2
10	65827488	67294184	3	3	0	2
10	67294185	67493859	5	5	0	2
10	67493860	67884558	5	5	0	2
10	67884559	67934557	5	5	0	2
10	67934558	67968001	1	1	0	2
10	67968002	68850000	1	1	0	2
10	68850001	76562702	1	1	0	2
10	76562703	76574106	1	1	0	2
10	76574107	76976358	1	1	0	2
10	76976359	77525497	1	1	0	2
10	77525498	78387588	1	1	0	2
10	78387589	79112787	0	0	0	1
10	79112788	89648933	1	1	0	2
10	89648934	90173009	0	0	0	2
10	90173010	133185838	1	1	0	2
10	133185839	135389924	1	1	0	2
11	20721	196943	NA	NA	NA	NA
11	196944	22930001	2	2	0	2
11	22930002	31731600	2	2	0	2
11	31731601	46828645	2	2	0	2
11	46828646	47027715	3	3	0	1
11	47027716	48215004	2	2	0	2
11	48215005	48270456	2	2	0	2
11	48270457	48536993	2	2	0	2
11	48536994	48944996	2	2	0	2
11	48944997	49014753	2	2	0	2
11	49014754	49255282	2	2	0	2
11	49255283	49375230	2	2	0	2
11	49375231	49659600	2	2	0	2
11	49659601	49707001	2	2	0	2
11	49707002	50055561	2	2	0	2
11	50055562	50295848	2	2	0	2
11	50295849	50350021	2	2	0	2
11	50350022	51398001	2	2	0	2
11	51398002	51475550	2	2	0	2
11	51475551	51553665	2	2	0	2
11	51553666	55699999	2	2	0	2
11	55700000	56205400	2	2	0	2
11	56205401	56861954	2	2	0	2
11	56861955	70165890	2	2	0	2
11	70165891	79401803	4	2	2	2
11	79401804	80381001	4	2	2	2
11	80381002	81669574	4	2	2	2
11	81669575	81689015	5	3	2	2
11	81689016	81690910	5	3	2	1
11	81690911	81705966	5	3	2	1
11	81705967	82095002	4	2	2	2
11	82095003	83220311	4	2	2	2
11	83220312	83564079	4	2	2	2
11	83564080	85115001	4	2	2	2
11	85115002	86836407	4	2	2	2
11	86836408	87278181	4	2	2	2
11	87278182	88193610	4	2	2	2
11	88193611	88379467	4	2	2	2
11	88379468	89473629	4	2	2	2
11	89473630	90140802	4	2	2	2
11	90140803	91137801	4	2	2	2
11	91137802	91895465	4	2	2	2
11	91895466	92336111	4	2	2	2
11	92336112	95029201	4	2	2	2
11	95029202	95092080	4	2	2	2
11	95092081	101831000	4	2	2	2
11	101831001	102860345	4	2	2	2
11	102860346	103983199	4	2	2	2
11	103983200	104048601	4	2	2	2
11	104048602	105984172	4	2	2	2
11	105984173	106337660	4	2	2	2
11	106337661	106806802	4	2	2	2
11	106806803	107021601	4	2	2	2
11	107021602	107118926	4	2	2	2
11	107118927	107388200	4	2	2	2
11	107388201	108576507	4	2	2	2
11	108576508	108606988	4	2	2	2
11	108606989	109879827	4	2	2	2
11	109879828	110452428	4	2	2	2
11	110452429	110477211	4	2	2	2
11	110477212	115690015	4	2	2	2
11	115690016	118725720	4	2	2	2
11	118725721	118832752	4	2	2	2
11	118832753	120889953	4	2	2	2
11	120889954	134452200	4	2	2	2
12	22500	173351	NA	NA	NA	NA
12	173352	1346480	4	2	2	2
12	1346481	3588430	4	2	2	2
12	3588431	16183215	3	2	1	2
12	16183216	16293468	3	2	1	2
12	16293469	16500800	5	3	2	2
12	16500801	16580119	3	2	1	2
12	16580120	18432546	3	2	1	2
12	18432547	19042002	4	2	2	2
12	19042003	19892640	4	2	2	2
12	19892641	20600072	4	2	2	2
12	20600073	20935287	3	2	1	2
12	20935288	21022860	3	2	1	2
12	21022861	22064400	3	2	1	2
12	22064401	22189027	3	2	1	2
12	22189028	26580814	3	2	1	2
12	26580815	28230016	3	2	1	2
12	28230017	30223344	3	2	1	2
12	30223345	30288935	4	2	2	2
12	30288936	30541403	4	2	2	2
12	30541404	33260401	4	2	2	2
12	33260402	33299999	4	2	2	1
12	33300000	38199999	NA	NA	NA	NA
12	38200000	38440401	3	2	1	1
12	38440402	38590984	3	2	1	2
12	38590985	40607714	3	2	1	2
12	40607715	42007061	3	2	1	2
12	42007062	44488565	3	2	1	2
12	44488566	45227745	3	2	1	2
12	45227746	45561543	3	2	1	2
12	45561544	48104745	3	2	1	2
12	48104746	55131083	3	2	1	2
12	55131084	56031660	3	2	1	2
12	56031661	56200920	3	2	1	2
12	56200921	56249975	3	2	1	2
12	56249976	57187336	3	2	1	2
12	57187337	57992859	3	2	1	2
12	57992860	58520202	3	2	1	2
12	58520203	59091753	3	2	1	2
12	59091754	59377128	3	2	1	2
12	59377129	62512600	3	2	1	2
12	62512601	62768200	3	2	1	2
12	62768201	62835673	3	2	1	2
12	62835674	71275003	3	2	1	2
12	71275004	71776408	3	2	1	2
12	71776409	72272877	3	2	1	2
12	72272878	72411877	3	2	1	2
12	72411878	75635801	3	2	1	2
12	75635802	75769425	3	2	1	2
12	75769426	76106600	3	2	1	2
12	76106601	77490064	3	2	1	2
12	77490065	77809000	3	2	1	2
12	77809001	78711426	3	2	1	2
12	78711427	79555201	3	2	1	2
12	79555202	79721822	3	2	1	2
12	79721823	79830600	3	2	1	2
12	79830601	80618015	3	2	1	2
12	80618016	81562215	3	2	1	2
12	81562216	81590448	3	2	1	2
12	81590449	82310369	3	2	1	2
12	82310370	82630546	3	2	1	2
12	82630547	83012274	3	2	1	2
12	83012275	83342811	3	2	1	2
12	83342812	83699783	3	2	1	2
12	83699784	84521242	3	2	1	2
12	84521243	86044801	3	2	1	2
12	86044802	88354476	3	2	1	2
12	88354477	88408602	3	2	1	1
12	88408603	89660005	3	2	1	2
12	89660006	89660227	3	2	1	2
12	89660228	89937050	3	2	1	2
12	89937051	89988143	3	2	1	2
12	89988144	90341203	3	2	1	2
12	90341204	92369600	3	2	1	2
12	92369601	103947200	3	2	1	2
12	103947201	110203174	3	2	1	2
12	110203175	132349400	4	3	1	1
12	132349401	133851894	4	3	1	1
13	1	16299999	NA	NA	NA	NA
13	16300000	19499999	1	1	0	2
13	19500000	20489778	1	1	0	2
13	20489779	20608653	1	1	0	1
13	20608654	21871438	1	1	0	2
13	21871439	21879505	1	1	0	2
13	21879506	21946575	1	1	0	2
13	21946576	21952381	1	1	0	2
13	21952382	36590081	1	1	0	2
13	36590082	37032280	0	0	0	2
13	37032281	37209019	0	0	0	1
13	37209020	38024020	1	1	0	2
13	38024021	40586400	4	3	1	2
13	40586401	42050632	4	3	1	2
13	42050633	48920685	1	1	0	2
13	48920686	48999937	1	1	0	2
13	48999938	61953367	1	1	0	2
13	61953368	62033064	2	2	0	2
13	62033065	62075622	6	4	2	1
13	62075623	62111510	2	2	0	1
13	62111511	62113964	2	2	0	1
13	62113965	62201242	2	2	0	2
13	62201243	62209861	4	3	1	1
13	62209862	62658402	4	3	1	2
13	62658403	62694374	4	3	1	2
13	62694375	62993601	4	3	1	2
13	62993602	64527657	4	3	1	2
13	64527658	64530278	4	3	1	2
13	64530279	64535998	4	3	1	1
13	64535999	64969860	5	3	2	2
13	64969861	65254204	4	3	1	2
13	65254205	65529976	5	3	2	2
13	65529977	68939474	4	3	1	2
13	68939475	69765515	4	3	1	2
13	69765516	69792499	5	3	2	2
13	69792500	70450101	5	3	2	2
13	70450102	71067581	5	3	2	2
13	71067582	71278471	5	3	2	2
13	71278472	71279675	5	3	2	2
13	71279676	72175524	5	3	2	2
13	72175525	72656107	5	3	2	2
13	72656108	72754121	5	3	2	2
13	72754122	73024202	4	3	1	2
13	73024203	73071271	4	3	1	2
13	73071272	73495177	4	3	1	2
13	73495178	73845433	4	3	1	2
13	73845434	78000818	4	3	1	2
13	78000819	78133334	5	3	2	2
13	78133335	78134582	4	3	1	1
13	78134583	78183334	4	3	1	2
13	78183335	78641381	5	3	2	1
13	78641382	78934589	2	2	0	2
13	78934590	79820902	2	2	0	2
13	79820903	79868201	5	3	2	2
13	79868202	80647677	5	3	2	2
13	80647678	80750451	5	3	2	2
13	80750452	81003200	5	3	2	2
13	81003201	81937137	5	3	2	2
13	81937138	82722801	5	3	2	2
13	82722802	82927593	5	3	2	2
13	82927594	84153593	5	3	2	2
13	84153594	84189363	5	3	2	2
13	84189364	84494980	5	3	2	2
13	84494981	84534400	2	2	0	2
13	84534401	85137851	2	2	0	2
13	85137852	85846383	5	3	2	2
13	85846384	86321511	5	3	2	2
13	86321512	88030223	5	3	2	2
13	88030224	94784201	5	3	2	2
13	94784202	94975866	5	3	2	2
13	94975867	98569001	5	3	2	1
13	98569002	100340456	5	3	2	2
13	100340457	103440405	2	2	0	2
13	103440406	103446846	2	2	0	1
13	103446847	106488120	2	2	0	2
13	106488121	114142800	2	2	0	2
13	114142801	115169877	2	2	0	1
14	1	16099999	NA	NA	NA	NA
14	16100000	19099999	3	2	1	1
14	19100000	19177105	3	2	1	1
14	19177106	20191200	3	2	1	1
14	20191201	20195039	3	2	1	1
14	20195040	20456682	3	2	1	1
14	20456683	20592801	5	3	2	2
14	20592802	22127845	5	3	2	2
14	22127846	22152546	7	4	3	2
14	22152547	22355091	5	3	2	2
14	22355092	22701316	5	3	2	1
14	22701317	22861480	3	2	1	1
14	22861481	24970294	3	2	1	2
14	24970295	25771777	3	2	1	2
14	25771778	26018402	3	2	1	2
14	26018403	26037348	3	2	1	1
14	26037349	26215197	3	2	1	2
14	26215198	28528401	3	2	1	2
14	28528402	29174890	3	2	1	2
14	29174891	29304800	3	2	1	2
14	29304801	29960105	3	2	1	2
14	29960106	32525600	3	2	1	2
14	32525601	34339777	3	2	1	2
14	34339778	41619400	2	2	0	2
14	41619401	41719997	2	2	0	2
14	41719998	49578547	2	2	0	2
14	49578548	59285734	2	2	0	2
14	59285735	59359864	3	3	0	2
14	59359865	63532348	2	2	0	2
14	63532349	104927839	2	2	0	2
14	104927840	106368400	5	3	2	2
15	1	15799999	NA	NA	NA	NA
15	15800000	20699999	3	2	1	1
15	20700000	22385546	3	2	1	1
15	22385547	23113877	5	3	2	1
15	23113878	24252058	5	3	2	2
15	24252059	24302057	5	3	2	1
15	24302058	24305768	4	2	2	2
15	24305769	24440198	4	2	2	1
15	24440199	28407335	4	2	2	2
15	28407336	28551716	5	3	2	2
15	28551717	28554806	4	2	2	2
15	28554807	29747583	4	2	2	2
15	29747584	29755745	4	2	2	2
15	29755746	31814002	4	2	2	2
15	31814003	38279891	4	2	2	2
15	38279892	44951173	4	2	2	2
15	44951174	50482480	3	2	1	2
15	50482481	50738936	3	2	1	2
15	50738937	50739215	NA	NA	NA	NA
15	50739216	50742753	4	2	2	2
15	50742754	53189951	4	2	2	2
15	53189952	82447264	4	2	2	2
15	82447265	101960829	4	2	2	2
16	9999	125341	2	2	0	2
16	125342	1152708	2	2	0	2
16	1152709	1254176	2	2	0	2
16	1254177	4222321	2	2	0	2
16	4222322	4260833	2	2	0	2
16	4260834	7907297	2	2	0	2
16	7907298	8577963	2	2	0	2
16	8577964	33432499	2	2	0	2
16	33432500	33832499	2	2	0	1
16	33832500	34203401	1	1	0	1
16	34203402	38599999	1	1	0	2
16	38600000	46447499	NA	NA	NA	NA
16	46447500	60108935	2	2	0	2
16	60108936	81125359	2	2	0	2
16	81125360	86800879	4	4	0	2
16	86800880	87149184	2	2	0	2
16	87149185	88827200	4	4	0	2
16	88827201	90354752	5	5	0	1
17	3104	18328627	2	2	0	2
17	18328628	21454035	3	3	0	2
17	21454036	21465664	5	5	0	1
17	21465665	21477516	3	3	0	2
17	21477517	22026861	3	3	0	2
17	22026862	25799999	NA	NA	NA	NA
17	25800000	41009579	2	2	0	2
17	41009580	41059393	3	2	1	2
17	41059394	41096596	3	2	1	2
17	41096597	41141646	3	2	1	2
17	41141647	44157500	3	2	1	1
17	44157501	44823001	3	2	1	2
17	44823002	58887499	3	2	1	2
17	58887500	66833953	3	2	1	2
17	66833954	75801025	4	2	2	2
17	75801026	77465478	5	3	2	2
17	77465479	80127467	3	2	1	1
17	80127468	80272472	1	1	0	1
17	80272473	80661099	2	1	1	1
17	80661100	80889703	3	2	1	1
18	1	136304	1	1	0	1
18	136305	1038276	2	1	1	2
18	1038277	1041131	2	1	1	2
18	1041132	1174893	2	1	1	2
18	1174894	1932741	3	2	1	2
18	1932742	7529851	3	2	1	2
18	7529852	14130779	4	3	1	2
18	14130780	14977357	4	3	1	1
18	14977358	15297495	4	3	1	1
18	15297496	18999999	NA	NA	NA	NA
18	19000000	19686819	3	2	1	2
18	19686820	19687237	NA	NA	NA	NA
18	19687238	19923775	4	3	1	2
18	19923776	19949412	3	2	1	2
18	19949413	22676425	5	4	1	1
18	22676426	22702955	3	3	0	1
18	22702956	22984449	4	3	1	2
18	22984450	23034448	3	2	1	2
18	23034449	23088989	3	2	1	2
18	23088990	23089854	3	3	0	1
18	23089855	23090064	NA	NA	NA	NA
18	23090065	23090098	NA	NA	NA	NA
18	23090099	23093937	4	3	1	1
18	23093938	23094794	4	3	1	1
18	23094795	23351664	4	3	1	2
18	23351665	23618463	3	2	1	2
18	23618464	23619421	NA	NA	NA	NA
18	23619422	23633064	3	2	1	2
18	23633065	23633565	3	2	1	1
18	23633566	24167083	3	2	1	2
18	24167084	24285147	3	2	1	2
18	24285148	24477214	4	2	2	2
18	24477215	24477367	4	2	2	2
18	24477368	24592362	4	2	2	2
18	24592363	24596210	5	3	2	2
18	24596211	25133082	5	3	2	2
18	25133083	25647274	6	4	2	1
18	25647275	25765809	8	6	2	2
18	25765810	26084960	6	4	2	2
18	26084961	26209693	5	4	1	1
18	26209694	26546217	6	5	1	1
18	26546218	26827799	5	4	1	1
18	26827800	26840880	5	4	1	1
18	26840881	27005339	6	5	1	1
18	27005340	27601802	6	5	1	2
18	27601803	28507902	6	5	1	2
18	28507903	28537180	6	5	1	2
18	28537181	28651708	6	5	1	2
18	28651709	29081075	6	5	1	2
18	29081076	29183601	6	4	2	2
18	29183602	29953415	5	4	1	2
18	29953416	30496847	5	4	1	2
18	30496848	31374800	5	4	1	1
18	31374801	31700973	5	4	1	2
18	31700974	32115218	8	7	1	2
18	32115219	32116856	6	5	1	1
18	32116857	32118215	6	5	1	1
18	32118216	32375096	6	5	1	2
18	32375097	32644001	6	5	1	1
18	32644002	32688722	8	7	1	2
18	32688723	32892177	6	5	1	2
18	32892178	32920402	6	5	1	2
18	32920403	33876707	7	6	1	2
18	33876708	34445144	5	4	1	1
18	34445145	34506055	5	4	1	1
18	34506056	35188448	5	4	1	2
18	35188449	35355514	6	5	1	1
18	35355515	35501193	7	6	1	2
18	35501194	35745218	6	5	1	1
18	35745219	36550416	4	3	1	1
18	36550417	36885996	3	2	1	1
18	36885997	42059931	4	3	1	2
18	42059932	42101201	3	2	1	2
18	42101202	42260347	3	2	1	2
18	42260348	49253679	3	2	1	2
18	49253680	49276016	6	4	2	2
18	49276017	50429919	3	2	1	1
18	50429920	50460579	3	2	1	1
18	50460580	51434834	3	2	1	1
18	51434835	52971932	4	3	1	2
18	52971933	54037168	4	3	1	1
18	54037169	54169059	6	5	1	2
18	54169060	54413329	5	4	1	2
18	54413330	55774066	4	4	0	1
18	55774067	57018357	4	3	1	2
18	57018358	57078474	6	5	1	2
18	57078475	57709116	4	3	1	2
18	57709117	57898346	4	3	1	1
18	57898347	58371824	4	3	1	2
18	58371825	58453305	3	2	1	1
18	58453306	58481509	NA	NA	NA	NA
18	58481510	58589216	3	2	1	2
18	58589217	58592006	3	2	1	2
18	58592007	58937492	3	2	1	2
18	58937493	61240199	3	2	1	2
18	61240200	67307108	3	2	1	2
18	67307109	67453000	3	2	1	2
18	67453001	67544716	3	2	1	2
18	67544717	67725744	3	2	1	2
18	67725745	67867956	3	2	1	2
18	67867957	68229601	4	3	1	2
18	68229602	68236865	4	3	1	2
18	68236866	69135180	4	3	1	2
18	69135181	69303469	4	3	1	2
18	69303470	69523769	4	3	1	1
18	69523770	69986201	4	3	1	1
18	69986202	70046118	4	3	1	1
18	70046119	70163314	4	3	1	1
18	70163315	70754835	4	3	1	1
18	70754836	71357791	4	3	1	2
18	71357792	71387441	4	3	1	2
18	71387442	72932292	4	3	1	2
18	72932293	74587177	5	3	2	2
18	74587178	74797930	8	4	4	2
18	74797931	75348800	5	3	2	2
18	75348801	75513293	8	4	4	2
18	75513294	75515233	10	6	4	1
18	75515234	76117000	4	3	1	2
18	76117001	78077247	5	4	1	1
19	102500	255095	1	1	0	1
19	255096	3910111	2	2	0	2
19	3910112	6338245	3	2	1	2
19	6338246	6390394	3	2	1	2
19	6390395	21112500	3	2	1	2
19	21112501	23587917	2	2	0	2
19	23587918	23588417	3	2	1	1
19	23588418	24377997	3	2	1	2
19	24377998	28599999	3	2	1	1
19	28600000	34658854	3	2	1	2
19	34658855	36597238	4	2	2	2
19	36597239	43552499	3	2	1	2
19	43552500	43797499	3	2	1	2
19	43797500	48163155	3	2	1	2
19	48163156	48346719	2	2	0	2
19	48346720	59128982	3	2	1	1
20	32012	19997602	3	2	1	2
20	19997603	25020402	3	2	1	2
20	25020403	25599999	3	2	1	1
20	25600000	29455000	NA	NA	NA	NA
20	29455001	29529661	3	3	0	1
20	29529662	29942201	2	2	0	2
20	29942202	49260678	2	2	0	2
20	49260679	49366780	3	3	0	2
20	49366781	52742266	2	2	0	2
20	52742267	62435800	2	2	0	2
21	1	9417499	NA	NA	NA	NA
21	9417500	9827001	NA	NA	NA	NA
21	9827002	10877500	NA	NA	NA	NA
21	10877501	10899999	NA	NA	NA	NA
21	10900000	15223442	1	1	0	1
21	15223443	17983518	1	1	0	2
21	17983519	18002487	2	2	0	2
21	18002488	20595306	1	1	0	2
21	20595307	20621861	4	3	1	2
21	20621862	21234752	1	1	0	2
21	21234753	21841761	4	3	1	2
21	21841762	21929866	7	6	1	1
21	21929867	22598995	4	3	1	2
21	22598996	23534955	1	1	0	2
21	23534956	23770467	4	3	1	2
21	23770468	23772973	4	3	1	1
21	23772974	23974929	4	3	1	1
21	23974930	26757725	1	1	0	2
21	26757726	26845492	4	3	1	2
21	26845493	26846334	4	3	1	2
21	26846335	26893038	4	3	1	2
21	26893039	27533981	1	1	0	2
21	27533982	27690968	4	3	1	2
21	27690969	28097816	4	3	1	2
21	28097817	28280002	1	1	0	2
21	28280003	28292091	1	1	0	1
21	28292092	28481969	4	3	1	2
21	28481970	31589940	1	1	0	2
21	31589941	31597499	1	1	0	1
21	31597500	31726756	4	3	1	2
21	31726757	33015602	1	1	0	2
21	33015603	34417543	3	2	1	2
21	34417544	34543445	6	5	1	2
21	34543446	38049363	3	2	1	2
21	38049364	38203191	6	5	1	2
21	38203192	38817228	3	2	1	2
21	38817229	38857972	5	4	1	2
21	38857973	41368833	3	2	1	2
21	41368834	41434832	4	3	1	2
21	41434833	42000630	3	2	1	2
21	42000631	42790190	5	4	1	2
21	42790191	43612760	3	2	1	2
21	43612761	43689458	6	5	1	2
21	43689459	44758430	3	2	1	2
21	44758431	44826282	7	6	1	1
21	44826283	46717770	3	2	1	2
21	46717771	46944200	4	2	2	2
21	46944201	48129894	4	2	2	1
22	1	12199999	NA	NA	NA	NA
22	12200000	17899999	2	1	1	2
22	17900000	19641425	4	2	2	2
22	19641426	19641845	4	2	2	2
22	19641846	19876502	4	2	2	2
22	19876503	19922198	4	2	2	2
22	19922199	30725652	4	2	2	2
22	30725653	30725792	4	2	2	2
22	30725793	49691400	4	2	2	2
22	49691401	51304565	4	2	2	1
X	1	12080035	2	2	0	2
X	12080036	12171878	2	1	1	1
X	12171879	58099999	2	2	0	2
X	58100000	62999999	NA	NA	NA	NA
X	63000000	81810646	2	1	1	2
X	81810647	82194862	2	1	1	2
X	82194863	84247576	2	1	1	2
X	84247577	85469949	2	1	1	1
X	85469950	103804070	2	1	1	1
X	103804071	105243733	2	1	1	2
X	105243734	108498426	2	1	1	1
X	108498427	109007511	3	3	0	2
X	109007512	109052439	2	1	1	2
X	109052440	113607772	2	1	1	2
X	113607773	115998438	4	4	0	1
X	115998439	116001001	NA	NA	NA	NA
X	116001002	117937355	1	1	0	2
X	117937356	128409103	2	1	1	2
X	128409104	146673424	2	1	1	1
X	146673425	153017403	2	2	0	2
X	153017404	153273660	2	1	1	2
X	153273661	153275504	NA	NA	NA	NA
X	153275505	154913600	1	1	0	2
