chromosome	start	end	total_cn	major_cn	minor_cn	star
1	1	812500	3	2	1	2
1	812501	2311735	3	2	1	3
1	2311736	2320284	3	2	1	2
1	2320285	17055420	3	2	1	3
1	17055421	80444812	3	2	1	3
1	80444813	87144698	4	2	2	2
1	87144699	91438907	4	2	2	2
1	91438908	121350938	2	2	0	2
1	121350939	128899999	NA	NA	NA	NA
1	128900000	143287499	1	1	0	1
1	143287500	143507499	3	2	1	2
1	143507500	217906942	3	2	1	3
1	217906943	247249600	3	2	1	3
1	247249601	249250620	3	2	1	3
2	20016	78236925	4	2	2	2
2	78236926	78257710	3	2	1	2
2	78257711	79211794	4	2	2	2
2	79211795	79888037	4	2	2	3
2	79888038	89613637	2	2	0	2
2	89613638	90413167	1	1	0	1
2	90413168	90499999	5	3	2	1
2	90500000	96799999	5	3	2	1
2	96800000	97022628	5	3	2	2
2	97022629	97030574	7	5	2	1
2	97030575	97835001	7	5	2	3
2	97835002	97867499	7	5	2	2
2	97867500	97872936	4	2	2	2
2	97872937	98183663	4	2	2	2
2	98183664	133156483	4	2	2	2
2	133156484	134255660	2	2	0	2
2	134255661	134305057	4	2	2	2
2	134305058	134590009	3	2	1	2
2	134590010	141132248	4	2	2	2
2	141132249	141250614	5	3	2	2
2	141250615	141361438	5	3	2	2
2	141361439	141459602	3	2	1	2
2	141459603	141774786	2	2	0	2
2	141774787	141906966	1	1	0	2
2	141906967	141932693	2	2	0	2
2	141932694	142159985	1	1	0	3
2	142159986	142174309	2	2	0	1
2	142174310	181911152	4	2	2	2
2	181911153	185032444	4	2	2	2
2	185032445	185141220	4	2	2	2
2	185141221	185181758	4	2	2	2
2	185181759	187530826	4	2	2	2
2	187530827	187535263	3	2	1	2
2	187535264	195897079	4	2	2	2
2	195897080	197989049	4	2	2	2
2	197989050	198835969	6	4	2	2
2	198835970	198837640	6	4	2	2
2	198837641	198843217	6	4	2	2
2	198843218	198853321	6	4	2	2
2	198853322	198859316	7	4	3	1
2	198859317	198860966	15	13	2	1
2	198860967	199141910	14	12	2	2
2	199141911	199143194	15	13	2	1
2	199143195	199458129	18	16	2	2
2	199458130	199458442	20	18	2	1
2	199458443	199666136	19	17	2	2
2	199666137	199666913	18	16	2	1
2	199666914	242951000	2	2	0	2
3	100074	56824282	2	2	0	2
3	56824283	57105561	1	1	0	2
3	57105562	60240927	2	2	0	2
3	60240928	60322336	1	1	0	2
3	60322337	60477708	2	2	0	2
3	60477709	60486821	3	3	0	1
3	60486822	60528819	2	2	0	2
3	60528820	60549777	1	1	0	2
3	60549778	75421763	2	2	0	2
3	75421764	75574802	2	2	0	2
3	75574803	76803076	2	2	0	2
3	76803077	76841889	2	2	0	2
3	76841890	77675822	2	2	0	2
3	77675823	77681790	2	2	0	2
3	77681791	87899999	2	2	0	2
3	87900000	93899999	NA	NA	NA	NA
3	93900000	95772494	4	2	2	2
3	95772495	99216731	5	3	2	2
3	99216732	101280560	6	4	2	2
3	101280561	101281283	6	4	2	2
3	101281284	174362916	6	4	2	2
3	174362917	174366915	6	4	2	2
3	174366916	192412130	6	4	2	2
3	192412131	192412206	6	4	2	2
3	192412207	195571445	6	4	2	2
3	195571446	197801291	6	4	2	2
4	27500	109595	3	2	1	1
4	109596	19401656	3	2	1	3
4	19401657	19440929	2	1	1	2
4	19440930	19467207	1	1	0	2
4	19467208	19492145	2	1	1	2
4	19492146	19496685	1	1	0	1
4	19496686	19544831	2	1	1	2
4	19544832	28378439	3	2	1	2
4	28378440	28392330	2	1	1	2
4	28392331	38084129	3	2	1	2
4	38084130	38084369	3	2	1	2
4	38084370	48199999	3	2	1	2
4	48200000	52699999	3	2	1	2
4	52700000	85705694	3	2	1	2
4	85705695	85711454	3	2	1	2
4	85711455	93505056	3	2	1	2
4	93505057	93505512	3	2	1	2
4	93505513	93514461	3	2	1	2
4	93514462	152417457	3	2	1	2
4	152417458	152470752	3	2	1	2
4	152470753	165176794	3	2	1	2
4	165176795	165257392	2	1	1	3
4	165257393	190987500	3	2	1	2
5	22500	12518698	4	2	2	2
5	12518699	16786610	5	3	2	2
5	16786611	16877945	4	2	2	2
5	16877946	45887200	5	3	2	2
5	45887201	46099999	5	3	2	1
5	46100000	50699999	NA	NA	NA	NA
5	50700000	52408601	3	2	1	2
5	52408602	52640017	3	2	1	2
5	52640018	98532402	3	2	1	2
5	98532403	98565187	5	3	2	1
5	98565188	100719391	3	2	1	2
5	100719392	120876424	3	2	1	2
5	120876425	121273261	2	2	0	2
5	121273262	124693476	2	2	0	2
5	124693477	172609932	3	2	1	2
5	172609933	173124903	7	6	1	2
5	173124904	173706077	6	5	1	2
5	173706078	173706424	6	5	1	1
5	173706425	173711983	6	5	1	2
5	173711984	174785517	7	6	1	2
5	174785518	175188602	6	5	1	2
5	175188603	175189783	6	5	1	1
5	175189784	175507136	4	3	1	2
5	175507137	175616384	2	1	1	2
5	175616385	180712500	3	2	1	2
6	39681	247500	3	2	1	2
6	247501	19772732	3	2	1	3
6	19772733	19773111	3	2	1	3
6	19773112	24810715	3	2	1	3
6	24810716	58699999	3	2	1	3
6	58700000	63299999	3	2	1	2
6	63300000	69554955	3	2	1	3
6	69554956	74861816	1	1	0	3
6	74861817	75628610	3	2	1	2
6	75628611	103279566	2	2	0	2
6	103279567	103279581	2	2	0	2
6	103279582	170899800	2	2	0	2
7	40386	8569990	4	2	2	3
7	8569991	8638142	4	2	2	2
7	8638143	11719001	4	2	2	3
7	11719002	11800034	4	2	2	2
7	11800035	15370023	4	2	2	3
7	15370024	15370157	4	2	2	3
7	15370158	29480454	4	2	2	3
7	29480455	29508136	5	3	2	2
7	29508137	50862386	4	2	2	3
7	50862387	50863432	4	2	2	3
7	50863433	57944113	4	2	2	2
7	57944114	57999999	4	2	2	2
7	58000000	61699999	NA	NA	NA	NA
7	61700000	61888813	6	3	3	2
7	61888814	61993513	1	1	0	1
7	61993514	62071625	9	5	4	2
7	62071626	62085975	1	1	0	1
7	62085976	62211801	6	3	3	2
7	62211802	62255048	6	3	3	2
7	62255049	62260020	1	1	0	1
7	62260021	62346054	6	3	3	2
7	62346055	62402001	6	3	3	2
7	62402002	62460063	8	4	4	1
7	62460064	79413546	4	2	2	2
7	79413547	80744503	3	2	1	2
7	80744504	80744842	3	2	1	2
7	80744843	80745079	3	2	1	2
7	80745080	83903739	3	2	1	2
7	83903740	97711044	3	2	1	2
7	97711045	97712908	5	3	2	2
7	97712909	108960660	3	2	1	2
7	108960661	110860762	3	2	1	2
7	110860763	111042101	2	2	0	2
7	111042102	111373908	3	2	1	2
7	111373909	111374050	3	2	1	2
7	111374051	112128837	3	2	1	2
7	112128838	112368131	3	2	1	2
7	112368132	112707857	3	2	1	2
7	112707858	112927128	3	2	1	2
7	112927129	130568184	3	2	1	3
7	130568185	158821400	3	2	1	2
8	10001	159178	5	4	1	2
8	159179	12251601	5	4	1	2
8	12251602	24994459	5	4	1	2
8	24994460	31964366	5	4	1	2
8	31964367	32079912	4	3	1	2
8	32079913	35334147	5	4	1	2
8	35334148	35411664	4	3	1	2
8	35411665	39230024	5	4	1	2
8	39230025	43099999	5	4	1	2
8	43100000	48099999	5	4	1	2
8	48100000	78412577	5	4	1	2
8	78412578	85488655	5	4	1	2
8	85488656	104501709	6	5	1	2
8	104501710	104508857	6	5	1	2
8	104508858	106960250	6	5	1	2
8	106960251	106983703	6	5	1	2
8	106983704	144696184	6	5	1	2
8	144696185	146364021	6	5	1	2
9	10001	211724	4	4	0	2
9	211725	8967811	4	4	0	3
9	8967812	8968051	4	4	0	3
9	8968052	21966805	4	4	0	2
9	21966806	21969302	4	4	0	2
9	21969303	41002402	4	4	0	2
9	41002403	43623601	1	1	0	1
9	43623602	44286402	1	1	0	1
9	44286403	47299999	1	1	0	1
9	47300000	50699999	1	1	0	1
9	50700000	66523201	1	1	0	1
9	66523202	66813210	4	2	2	2
9	66813211	97845115	4	2	2	3
9	97845116	140273200	4	2	2	3
9	140273201	141038316	4	2	2	3
10	95096	37999999	4	2	2	2
10	38000000	42412202	4	2	2	2
10	42412203	52916097	4	2	2	3
10	52916098	52916251	4	2	2	3
10	52916252	52916280	4	2	2	2
10	52916281	85919423	4	2	2	3
10	85919424	85928157	3	2	1	1
10	85928158	93802633	4	2	2	3
10	93802634	93824449	4	2	2	2
10	93824450	135411646	4	2	2	2
11	20721	196943	4	2	2	2
11	196944	27063862	4	2	2	2
11	27063863	27184456	8	6	2	2
11	27184457	27184503	1	1	0	1
11	27184504	27185424	9	7	2	1
11	27185425	27427075	10	8	2	2
11	27427076	27439730	7	4	3	1
11	27439731	27460400	4	2	2	1
11	27460401	45619955	4	2	2	2
11	45619956	46505940	12	10	2	2
11	46505941	46505954	1	1	0	1
11	46505955	46508003	10	8	2	1
11	46508004	46816139	8	7	1	1
11	46816140	46818167	12	10	2	1
11	46818168	48151493	5	3	2	3
11	48151494	48689614	4	2	2	2
11	48689615	48780801	4	2	2	2
11	48780802	48899996	6	3	3	1
11	48899997	50328054	4	2	2	2
11	50328055	50404001	1	1	0	1
11	50404002	50639809	4	2	2	2
11	50639810	50698099	4	2	2	2
11	50698100	51558602	4	2	2	2
11	51558603	55699999	4	2	2	2
11	55700000	56455401	4	2	2	2
11	56455402	68395765	3	2	1	3
11	68395766	68896674	43	41	2	1
11	68896675	68919931	1	1	0	1
11	68919932	69269194	1	1	0	1
11	69269195	69518361	81	79	2	2
11	69518362	69687619	41	39	2	1
11	69687620	70267057	40	38	2	2
11	70267058	70268535	1	1	0	1
11	70268536	70268570	44	42	2	1
11	70268571	70327017	8	8	0	1
11	70327018	70327945	28	26	2	1
11	70327946	70964636	8	8	0	1
11	70964637	71110139	8	8	0	1
11	71110140	71111923	7	5	2	1
11	71111924	74147500	7	5	2	3
11	74147501	76639082	6	4	2	3
11	76639083	84662294	3	2	1	3
11	84662295	134452200	3	2	1	3
12	110107	194306	6	5	1	2
12	194307	33299999	6	5	1	3
12	33300000	38199999	6	5	1	2
12	38200000	38266601	6	5	1	2
12	38266602	38332002	1	1	0	1
12	38332003	38405840	4	2	2	1
12	38405841	38980825	2	1	1	2
12	38980826	39076035	6	5	1	2
12	39076036	39085192	8	7	1	1
12	39085193	39090050	6	5	1	1
12	39090051	39090072	6	5	1	1
12	39090073	45034552	6	5	1	3
12	45034553	49521708	5	4	1	3
12	49521709	57407272	5	4	1	3
12	57407273	66451370	7	6	1	3
12	66451371	67078640	7	6	1	3
12	67078641	68672814	1	1	0	3
12	68672815	68782051	7	6	1	2
12	68782052	68785998	1	1	0	1
12	68785999	68786015	1	1	0	2
12	68786016	69307391	1	1	0	3
12	69307392	132349400	3	2	1	3
12	132349401	133851894	3	2	1	3
13	1	16299999	2	1	1	1
13	16300000	19499999	2	1	1	2
13	19500000	20023065	2	1	1	2
13	20023066	55823209	3	2	1	3
13	55823210	55823310	3	2	1	3
13	55823311	69066546	3	2	1	3
13	69066547	69094366	2	1	1	3
13	69094367	81856988	3	2	1	3
13	81856989	81859247	3	2	1	2
13	81859248	94138865	3	2	1	3
13	94138866	94539780	2	1	1	2
13	94539781	114142800	3	2	1	3
13	114142801	115169877	3	2	1	3
14	1	16099999	NA	NA	NA	NA
14	16100000	19099999	5	4	1	1
14	19100000	19225400	2	2	0	1
14	19225401	19487002	2	2	0	1
14	19487003	20376475	4	2	2	2
14	20376476	20426474	4	2	2	2
14	20426475	20589204	3	3	0	2
14	20589205	20639204	7	7	0	2
14	20639205	21806912	5	5	0	2
14	21806913	22064179	3	3	0	2
14	22064180	28659877	2	2	0	2
14	28659878	29122985	4	2	2	3
14	29122986	29128656	4	2	2	2
14	29128657	42392496	4	2	2	3
14	42392497	42408942	8	6	2	1
14	42408943	42670388	8	6	2	2
14	42670389	42676089	13	12	1	2
14	42676090	42878529	20	18	2	2
14	42878530	43186172	8	8	0	1
14	43186173	43305351	19	17	2	2
14	43305352	43305408	19	17	2	2
14	43305409	43310338	19	17	2	1
14	43310339	43310402	19	17	2	1
14	43310403	44186601	19	17	2	2
14	44186602	45893474	8	7	1	1
14	45893475	45893687	1	1	0	1
14	45893688	45893884	19	17	2	1
14	45893885	45938442	8	7	1	1
14	45938443	45938632	1	1	0	1
14	45938633	45939009	21	18	3	1
14	45939010	46037338	20	18	2	2
14	46037339	46041932	7	4	3	1
14	46041933	46050285	23	21	2	1
14	46050286	46119373	8	7	1	1
14	46119374	46121985	26	24	2	1
14	46121986	46218529	26	24	2	2
14	46218530	46218576	24	22	2	1
14	46218577	46410280	8	8	0	1
14	46410281	47070703	8	7	1	1
14	47070704	47160083	8	7	1	1
14	47160084	47295905	21	19	2	2
14	47295906	47301040	20	18	2	1
14	47301041	47342779	5	3	2	1
14	47342780	47466035	4	2	2	1
14	47466036	47892785	4	2	2	3
14	47892786	48042082	6	4	2	2
14	48042083	48046065	17	14	3	1
14	48046066	48069217	17	14	3	2
14	48069218	48114429	9	7	2	2
14	48114430	48191487	11	9	2	2
14	48191488	49944214	4	2	2	3
14	49944215	59220505	7	5	2	2
14	59220506	59221117	7	5	2	2
14	59221118	106368400	7	5	2	2
15	1	15799999	4	2	2	1
15	15800000	20699999	4	2	2	2
15	20700000	50288552	4	2	2	3
15	50288553	50289693	4	2	2	3
15	50289694	87186859	4	2	2	3
15	87186860	100338800	3	2	1	3
15	100338801	102432578	3	2	1	3
16	83807	1188901	4	2	2	2
16	1188902	1189115	4	2	2	2
16	1189116	32520029	4	2	2	2
16	32520030	33871627	4	2	2	2
16	33871628	34599999	4	2	2	2
16	34600000	38599999	4	2	2	2
16	38600000	46442499	4	2	2	2
16	46442500	82701076	4	2	2	3
16	82701077	82727819	5	3	2	2
16	82727820	88827200	4	2	2	3
16	88827201	90354752	4	2	2	3
17	828	1977841	4	2	2	2
17	1977842	2129395	3	2	1	3
17	2129396	22199999	4	2	2	3
17	22200000	25799999	4	2	2	3
17	25800000	35443537	4	2	2	3
17	35443538	35443790	4	2	2	3
17	35443791	36953292	4	2	2	3
17	36953293	36999248	3	2	1	2
17	36999249	57713938	4	2	2	3
17	57713939	57918974	3	2	1	2
17	57918975	78774600	4	2	2	3
17	78774601	81195209	4	2	2	2
18	27500	9744332	2	2	0	2
18	9744333	9745682	2	2	0	2
18	9745683	9753001	5	3	2	1
18	9753002	10098645	4	2	2	2
18	10098646	10160216	6	4	2	2
18	10160217	10993690	2	2	0	2
18	10993691	11156521	6	4	2	2
18	11156522	11494337	7	5	2	2
18	11494338	11974279	6	4	2	2
18	11974280	12172800	5	3	2	1
18	12172801	12378426	7	5	2	2
18	12378427	12428401	7	5	2	2
18	12428402	12654452	7	5	2	2
18	12654453	13305778	2	2	0	2
18	13305779	13759427	3	2	1	2
18	13759428	15385468	2	2	0	2
18	15385469	18999999	NA	NA	NA	NA
18	19000000	33894281	3	2	1	2
18	33894282	34087234	2	1	1	2
18	34087235	76117000	3	2	1	2
18	76117001	78077247	3	2	1	2
19	102500	245630	3	2	1	2
19	245631	24369344	3	2	1	3
19	24369345	24399999	3	2	1	2
19	24400000	28599999	3	2	1	2
19	28600000	35259239	3	2	1	2
19	35259240	35264028	3	2	1	1
19	35264029	35358083	4	2	2	2
19	35358084	35359994	3	2	1	1
19	35359995	35376406	8	7	1	1
19	35376407	35782957	5	3	2	2
19	35782958	35824419	4	2	2	2
19	35824420	36050122	8	6	2	1
19	36050123	36051647	11	9	2	2
19	36051648	36202035	8	7	1	1
19	36202036	36205557	43	41	2	1
19	36205558	36302631	60	58	2	1
19	36302632	36304070	8	8	0	1
19	36304071	59128982	3	2	1	2
20	17500	25599999	3	2	1	3
20	25600000	29632741	NA	NA	NA	NA
20	29632742	29642006	9	7	2	1
20	29642007	29860580	5	3	2	2
20	29860581	62432500	6	4	2	2
21	1	9834351	NA	NA	NA	NA
21	9834352	10195002	NA	NA	NA	NA
21	10195003	10679001	NA	NA	NA	NA
21	10679002	10895731	NA	NA	NA	NA
21	10895732	14382421	2	1	1	1
21	14382422	46937500	2	1	1	3
21	46937501	48129894	2	1	1	3
22	1	12199999	3	2	1	1
22	12200000	17899999	3	2	1	2
22	17900000	18292378	3	2	1	3
22	18292379	29065835	5	4	1	2
22	29065836	29066142	5	4	1	2
22	29066143	29066162	5	4	1	2
22	29066163	50435506	5	4	1	2
22	50435507	50435599	5	4	1	2
22	50435600	50438420	5	4	1	1
22	50438421	50438470	9	8	1	1
22	50438471	50445049	5	4	1	1
22	50445050	50964520	8	7	1	2
22	50964521	50965038	9	8	1	1
X	1	2700026	2	2	0	2
X	2700027	28784291	2	2	0	2
X	28784292	28885587	2	2	0	1
X	28885588	58099999	2	2	0	2
X	58100000	62999999	2	2	0	1
X	63000000	81762392	2	2	0	2
X	81762393	81770783	2	2	0	1
X	81770784	87394169	2	2	0	2
X	87394170	87394221	2	2	0	2
X	87394222	96247409	2	2	0	2
X	96247410	96358829	1	1	0	3
X	96358830	96360793	1	1	0	3
X	96360794	96393563	1	1	0	3
X	96393564	123790418	2	2	0	2
X	123790419	123863906	2	2	0	1
X	123863907	124112278	2	2	0	2
X	124112279	124115875	2	2	0	1
X	124115876	155270559	2	2	0	1
Y	1	10039402	0	0	0	2
Y	10039403	11599999	0	0	0	1
Y	11600000	13650602	NA	NA	NA	NA
Y	13650603	13852801	2	2	0	1
Y	13852802	13885605	1	1	0	1
Y	13885606	19568402	0	0	0	2
Y	19568403	59373565	0	0	0	2
