chromosome	start	end	total_cn	major_cn	minor_cn	star
1	10001	74745352	3	2	1	3
1	74745353	74745640	3	2	1	2
1	74745641	74763210	3	2	1	2
1	74763211	74763344	3	2	1	2
1	74763345	74825448	3	2	1	2
1	74825449	74825613	3	2	1	2
1	74825614	74832463	3	2	1	2
1	74832464	74832565	3	2	1	2
1	74832566	74865058	3	2	1	2
1	74865059	74865223	3	2	1	2
1	74865224	74882005	3	2	1	2
1	74882006	74882199	3	2	1	2
1	74882200	74883906	3	2	1	2
1	74883907	74884073	3	2	1	2
1	74884074	74886802	3	2	1	2
1	74886803	74887020	3	2	1	2
1	74887021	74902716	3	2	1	2
1	74902717	74902928	3	2	1	2
1	74902929	74906038	3	2	1	2
1	74906039	74906108	3	2	1	2
1	74906109	75069362	3	2	1	3
1	75069363	75069481	3	2	1	3
1	75069482	75177116	3	2	1	3
1	75177117	75177216	3	2	1	3
1	75177217	75182374	3	2	1	3
1	75182375	75182916	3	2	1	2
1	75182917	75461336	3	2	1	2
1	75461337	75461528	3	2	1	2
1	75461529	121371938	3	2	1	2
1	121371939	128899999	NA	NA	NA	NA
1	128900000	145100061	4	2	2	2
1	145100062	247199600	4	2	2	2
1	247199601	249250620	4	2	2	2
2	12154	89179989	3	2	1	2
2	89179990	90499999	4	2	2	2
2	90500000	96799999	NA	NA	NA	NA
2	96800000	99200023	5	3	2	3
2	99200024	149151034	4	3	1	2
2	149151035	149610153	4	3	1	2
2	149610154	149681516	6	5	1	2
2	149681517	150910005	5	4	1	2
2	150910006	154799992	4	3	1	3
2	154799993	242985493	5	4	1	2
3	100074	60320009	3	2	1	3
3	60320010	60583802	3	2	1	1
3	60583803	87899999	3	2	1	3
3	87900000	93899999	NA	NA	NA	NA
3	93900000	94988001	6	4	2	2
3	94988002	161933547	6	4	2	2
3	161933548	161958784	6	4	2	2
3	161958785	161960148	6	4	2	2
3	161960149	161961749	6	4	2	2
3	161961750	162515343	6	4	2	2
3	162515344	197779891	6	4	2	2
4	41465	38857952	3	2	1	2
4	38857953	48199999	3	2	1	2
4	48200000	52699999	3	2	1	2
4	52700000	60373736	3	2	1	2
4	60373737	65113321	2	1	1	2
4	65113322	65569997	3	2	1	2
4	65569998	183042745	2	1	1	2
4	183042746	183044541	2	1	1	2
4	183044542	191154275	2	1	1	2
5	22500	10052838	4	2	2	2
5	10052839	10179268	4	2	2	2
5	10179269	46099999	4	2	2	3
5	46100000	51446068	NA	NA	NA	NA
5	51446069	86259771	3	2	1	3
5	86259772	180915259	4	3	1	2
6	39681	205799	5	4	1	2
6	205800	501744	5	4	1	2
6	501745	1879761	5	4	1	3
6	1879762	17281593	3	2	1	3
6	17281594	17295796	5	4	1	1
6	17295797	17297182	5	4	1	1
6	17297183	18257427	5	4	1	3
6	18257428	29556068	3	2	1	3
6	29556069	29852001	5	4	1	2
6	29852002	29855800	5	4	1	2
6	29855801	32520183	5	4	1	2
6	32520184	38462647	5	4	1	2
6	38462648	38537693	5	4	1	2
6	38537694	41388399	3	2	1	2
6	41388400	45631388	5	4	1	2
6	45631389	57309958	3	2	1	2
6	57309959	58152499	4	2	2	2
6	58152500	58699999	3	2	1	2
6	58700000	64058420	NA	NA	NA	NA
6	64058421	64150275	2	2	0	3
6	64150276	75620340	4	2	2	2
6	75620341	81542524	6	4	2	2
6	81542525	98839539	4	2	2	2
6	98839540	170899800	2	2	0	3
7	40386	57999999	3	2	1	3
7	58000000	61699999	3	2	1	3
7	61700000	158821400	3	2	1	3
8	156504	7975602	2	2	0	2
8	7975603	39230024	2	2	0	2
8	39230025	41916814	2	2	0	2
8	41916815	43099999	2	2	0	2
8	43100000	48099999	2	2	0	2
8	48100000	83229615	2	2	0	2
8	83229616	83437210	4	2	2	2
8	83437211	84191814	2	2	0	2
8	84191815	146364021	4	2	2	2
9	47500	8694177	2	2	0	2
9	8694178	8695909	2	2	0	2
9	8695910	8696246	2	2	0	2
9	8696247	20994381	2	2	0	2
9	20994382	30204957	0	0	0	2
9	30204958	30206095	0	0	0	1
9	30206096	31333492	2	2	0	2
9	31333493	31872913	1	1	0	2
9	31872914	31877252	1	1	0	2
9	31877253	31879878	4	4	0	2
9	31879879	31881048	4	4	0	1
9	31881049	31900263	4	4	0	2
9	31900264	31911860	1	1	0	2
9	31911861	31913063	1	1	0	1
9	31913064	31921048	1	1	0	1
9	31921049	31922637	3	3	0	2
9	31922638	32559902	1	1	0	2
9	32559903	33001375	4	4	0	2
9	33001376	34177997	1	1	0	2
9	34177998	35494984	5	5	0	2
9	35494985	35790013	4	4	0	2
9	35790014	36132417	1	1	0	2
9	36132418	37410858	0	0	0	2
9	37410859	38756509	1	1	0	2
9	38756510	39145243	2	2	0	1
9	39145244	43883200	1	1	0	2
9	43883201	44747104	1	1	0	1
9	44747105	44810601	1	1	0	1
9	44810602	44907716	7	5	2	1
9	44907717	47299999	0	0	0	1
9	47300000	50699999	0	0	0	1
9	50700000	65930839	0	0	0	1
9	65930840	68138001	3	2	1	2
9	68138002	68463801	6	4	2	2
9	68463802	69847401	3	2	1	2
9	69847402	103690004	3	2	1	2
9	103690005	104659877	6	4	2	2
9	104659878	114432582	3	2	1	3
9	114432583	119750222	3	2	1	3
9	119750223	140273200	3	2	1	3
10	102500	37999999	3	2	1	3
10	38000000	42299999	3	2	1	3
10	42300000	135389924	3	2	1	3
11	199673	51599999	4	2	2	3
11	51600000	55699999	4	2	2	3
11	55700000	134452200	4	2	2	3
12	110107	193310	4	2	2	2
12	193311	33299999	4	2	2	2
12	33300000	38199999	4	2	2	2
12	38200000	69747849	4	2	2	2
12	69747850	132349400	4	2	2	2
12	132349401	133851894	4	2	2	3
13	1	16299999	2	2	0	1
13	16300000	19499999	2	2	0	2
13	19500000	45988413	2	2	0	2
13	45988414	114142800	2	2	0	2
13	114142801	115169877	2	2	0	3
14	1	16099999	4	2	2	1
14	16100000	19099999	4	2	2	2
14	19100000	20425050	4	2	2	2
14	20425051	50283159	4	2	2	2
14	50283160	50286917	4	2	2	2
14	50286918	60031739	4	2	2	2
14	60031740	103398903	4	2	2	2
14	103398904	106399989	4	2	2	2
15	1	15799999	3	2	1	1
15	15800000	20699999	3	2	1	2
15	20700000	100338800	3	2	1	3
15	100338801	102531391	3	2	1	3
16	84870	4395551	3	2	1	2
16	4395552	4398329	3	2	1	2
16	4398330	4549617	5	3	2	2
16	4549618	7620001	4	2	2	2
16	7620002	32529013	3	2	1	2
16	32529014	33437499	4	2	2	2
16	33437500	34599999	4	2	2	2
16	34600000	38599999	4	2	2	2
16	38600000	88827200	4	2	2	2
16	88827201	90354752	4	2	2	3
17	20080	22199999	2	2	0	3
17	22200000	25982419	NA	NA	NA	NA
17	25982420	26087769	4	2	2	2
17	26087770	78774600	4	2	2	3
17	78774601	81195209	4	2	2	3
18	27500	1142045	11	10	1	1
18	1142046	1147499	11	10	1	1
18	1147500	15397499	11	10	1	2
18	15397500	18999999	NA	NA	NA	NA
18	19000000	22754890	9	8	1	2
18	22754891	22775882	3	2	1	2
18	22775883	22778006	8	6	2	1
18	22778007	22788844	8	6	2	1
18	22788845	22993169	3	2	1	2
18	22993170	23485213	1	1	0	2
18	23485214	23487709	1	1	0	2
18	23487710	32151187	1	1	0	2
18	32151188	76117000	1	1	0	2
18	76117001	78077247	1	1	0	3
19	102500	226775	3	2	1	2
19	226776	19492274	3	2	1	2
19	19492275	19555191	7	5	2	1
19	19555192	19614284	7	5	2	1
19	19614285	19618373	6	4	2	2
19	19618374	20249690	7	5	2	2
19	20249691	20404769	7	5	2	1
19	20404770	20404821	7	5	2	1
19	20404822	20618652	7	5	2	2
19	20618653	20620477	7	5	2	1
19	20620478	20620641	7	5	2	1
19	20620642	21121998	7	5	2	2
19	21121999	24034554	9	7	2	2
19	24034555	24399999	16	14	2	2
19	24400000	28599999	NA	NA	NA	NA
19	28600000	28791060	12	6	6	1
19	28791061	30787854	8	4	4	2
19	30787855	30791384	6	4	2	2
19	30791385	33784932	7	4	3	2
19	33784933	33786390	7	4	3	2
19	33786391	33802178	6	4	2	2
19	33802179	33805326	6	4	2	2
19	33805327	33805450	10	7	3	1
19	33805451	36477819	10	7	3	2
19	36477820	36480761	10	7	3	2
19	36480762	36488766	28	25	3	1
19	36488767	36519062	28	25	3	1
19	36519063	37507463	28	25	3	1
19	37507464	37508382	58	56	2	2
19	37508383	37658742	58	56	2	2
19	37658743	38124254	58	56	2	2
19	38124255	38226252	31	28	3	2
19	38226253	38228489	31	28	3	2
19	38228490	39814380	19	16	3	1
19	39814381	40952491	17	14	3	1
19	40952492	40958992	17	14	3	1
19	40958993	41284381	41	38	3	2
19	41284382	41287154	43	40	3	1
19	41287155	43231880	3	3	0	2
19	43231881	43590377	3	3	0	2
19	43590378	51290145	3	3	0	3
19	51290146	55322800	5	5	0	3
19	55322801	59128982	5	5	0	3
20	20980	3813950	4	2	2	2
20	3813951	3820563	6	4	2	1
20	3820564	3821793	6	4	2	1
20	3821794	10604350	6	4	2	2
20	10604351	25599999	4	2	2	2
20	25600000	29399999	4	2	2	2
20	29400000	62432500	4	2	2	2
21	1	10899999	NA	NA	NA	NA
21	10900000	14299999	2	1	1	2
21	14300000	46937500	2	1	1	3
21	46937501	48129894	2	1	1	2
22	1	12199999	3	2	1	1
22	12200000	17899999	3	2	1	3
22	17900000	24669989	3	2	1	3
22	24669990	29065093	2	2	0	3
22	29065094	49687500	2	2	0	3
22	49687501	51304565	2	2	0	3
X	1	58099999	4	2	2	2
X	58100000	62999999	4	2	2	2
X	63000000	70891394	4	2	2	2
X	70891395	71236169	4	2	2	2
X	71236170	71263852	2	1	1	2
X	71263853	71265949	2	1	1	2
X	71265950	77320632	5	3	2	2
X	77320633	77323075	5	3	2	2
X	77323076	154913600	3	2	1	2
