chromosome	start	end	total_cn	major_cn	minor_cn	star
1	1	770734	10	10	0	1
1	770735	4753559	9	9	0	2
1	4753560	6641500	3	3	0	2
1	6641501	6737614	5	5	0	1
1	6737615	11098957	3	3	0	2
1	11098958	11105188	3	3	0	2
1	11105189	12844747	3	3	0	2
1	12844748	15097479	3	3	0	2
1	15097480	15100983	3	3	0	2
1	15100984	19504279	3	3	0	2
1	19504280	19668064	2	2	0	2
1	19668065	20036803	3	3	0	2
1	20036804	20136948	6	6	0	2
1	20136949	20145360	6	6	0	2
1	20145361	20278148	5	5	0	2
1	20278149	20349915	8	8	0	1
1	20349916	20371503	5	5	0	2
1	20371504	20402601	8	8	0	1
1	20402602	20780965	6	6	0	1
1	20780966	22265372	3	3	0	2
1	22265373	22319095	4	4	0	2
1	22319096	24414516	3	3	0	2
1	24414517	24674875	3	3	0	2
1	24674876	24695969	2	2	0	2
1	24695970	24696410	2	2	0	2
1	24696411	31488125	2	2	0	2
1	31488126	31493901	6	4	2	2
1	31493902	33034569	6	4	2	2
1	33034570	33335648	10	5	5	2
1	33335649	37073276	6	4	2	2
1	37073277	37215583	8	6	2	2
1	37215584	37261080	5	3	2	1
1	37261081	40848327	4	2	2	2
1	40848328	40850233	4	2	2	2
1	40850234	41929996	4	2	2	2
1	41929997	42159190	4	2	2	2
1	42159191	42274645	3	3	0	2
1	42274646	43013438	5	3	2	2
1	43013439	43013818	5	3	2	1
1	43013819	43014359	5	3	2	1
1	43014360	43316967	6	4	2	2
1	43316968	43317144	6	4	2	2
1	43317145	43343762	6	4	2	2
1	43343763	43350779	8	5	3	1
1	43350780	43904358	5	3	2	2
1	43904359	45439756	4	2	2	2
1	45439757	45467288	6	4	2	1
1	45467289	46172937	4	2	2	2
1	46172938	46277421	6	4	2	2
1	46277422	46925369	5	3	2	1
1	46925370	46925648	4	2	2	2
1	46925649	64958061	4	2	2	2
1	64958062	65307000	6	4	2	2
1	65307001	65384373	4	2	2	2
1	65384374	65474383	6	4	2	2
1	65474384	121499999	4	2	2	2
1	121500000	128899999	4	2	2	2
1	128900000	142879801	4	2	2	1
1	142879802	143468938	4	2	2	2
1	143468939	155878122	5	3	2	2
1	155878123	156280198	5	3	2	2
1	156280199	156559271	5	3	2	1
1	156559272	159698274	4	2	2	2
1	159698275	160193218	6	4	2	2
1	160193219	160656361	4	2	2	2
1	160656362	160689351	6	4	2	2
1	160689352	160961055	8	4	4	1
1	160961056	161077117	6	4	2	2
1	161077118	168411606	4	2	2	2
1	168411607	168533145	5	3	2	2
1	168533146	168580800	4	2	2	2
1	168580801	168730008	6	4	2	2
1	168730009	168835278	10	6	4	1
1	168835279	168835805	11	8	3	1
1	168835806	168836207	11	8	3	1
1	168836208	169119996	6	4	2	2
1	169119997	177702499	4	2	2	2
1	177702500	179203413	4	2	2	2
1	179203414	179327393	6	4	2	2
1	179327394	192785450	4	2	2	2
1	192785451	192909502	2	2	0	2
1	192909503	192937006	4	3	1	1
1	192937007	192947989	3	2	1	1
1	192947990	193071027	3	2	1	1
1	193071028	193080345	4	2	2	2
1	193080346	193109412	4	2	2	1
1	193109413	193160978	2	2	0	2
1	193160979	201227367	4	2	2	2
1	201227368	201513489	7	5	2	1
1	201513490	203167090	4	2	2	2
1	203167091	203168690	4	2	2	2
1	203168691	205651759	4	2	2	2
1	205651760	205663640	7	5	2	2
1	205663641	206984100	4	2	2	2
1	206984101	206985824	4	2	2	2
1	206985825	207017605	6	4	2	1
1	207017606	207189814	6	4	2	2
1	207189815	207268685	6	4	2	1
1	207268686	207269142	6	4	2	1
1	207269143	207677993	6	4	2	2
1	207677994	219314203	4	2	2	2
1	219314204	219314503	4	2	2	2
1	219314504	226305841	4	2	2	2
1	226305842	226360429	6	3	3	2
1	226360430	226362511	6	4	2	1
1	226362512	226412920	5	3	2	2
1	226412921	226414173	5	3	2	2
1	226414174	226414475	5	3	2	2
1	226414476	226414539	4	2	2	2
1	226414540	226556651	4	2	2	2
1	226556652	226661053	5	3	2	1
1	226661054	231375315	3	2	1	2
1	231375316	231461835	6	5	1	2
1	231461836	246339922	3	2	1	2
1	246339923	246699251	1	1	0	2
1	246699252	246859327	3	2	1	2
1	246859328	246874423	3	2	1	2
1	246874424	247249600	3	2	1	2
1	247249601	249250620	3	2	1	2
2	20016	5521294	4	4	0	2
2	5521295	5545799	4	4	0	2
2	5545800	9042097	4	4	0	2
2	9042098	9042600	4	4	0	2
2	9042601	9043421	10	10	0	1
2	9043422	9043841	10	10	0	1
2	9043842	9320860	10	10	0	1
2	9320861	9321063	8	8	0	1
2	9321064	9321247	10	10	0	1
2	9321248	9322231	16	16	0	1
2	9322232	9323255	5	5	0	1
2	9323256	9332706	6	6	0	1
2	9332707	9355179	7	7	0	1
2	9355180	9451495	6	6	0	1
2	9451496	11479675	5	5	0	2
2	11479676	11523322	4	4	0	2
2	11523323	11526663	4	4	0	1
2	11526664	11527816	5	5	0	2
2	11527817	12725993	5	5	0	2
2	12725994	13054892	6	6	0	2
2	13054893	18772720	4	4	0	2
2	18772721	18886887	3	3	0	2
2	18886888	19496212	5	5	0	2
2	19496213	20504507	7	7	0	2
2	20504508	27844841	5	5	0	2
2	27844842	28054964	7	7	0	2
2	28054965	28142407	5	5	0	2
2	28142408	28478990	4	4	0	2
2	28478991	38404918	5	5	0	2
2	38404919	38405072	5	5	0	1
2	38405073	38728900	6	5	1	1
2	38728901	38793654	7	5	2	2
2	38793655	38793918	7	5	2	2
2	38793919	38968919	9	5	4	2
2	38968920	39159304	7	5	2	2
2	39159305	39239962	10	8	2	2
2	39239963	40190041	7	5	2	2
2	40190042	43269136	5	3	2	2
2	43269137	43283292	5	3	2	1
2	43283293	43284045	13	8	5	1
2	43284046	43284170	13	8	5	1
2	43284171	43319179	9	6	3	1
2	43319180	43339026	15	8	7	1
2	43339027	43406646	10	6	4	2
2	43406647	43406877	12	6	6	1
2	43406878	43406902	14	7	7	1
2	43406903	43491834	14	7	7	1
2	43491835	43504504	8	5	3	1
2	43504505	43507244	12	8	4	1
2	43507245	43774401	5	3	2	1
2	43774402	43971443	9	6	3	2
2	43971444	44123326	7	4	3	2
2	44123327	63118232	5	3	2	3
2	63118233	63141934	5	3	2	2
2	63141935	67873406	5	3	2	2
2	67873407	69613801	4	3	1	3
2	69613802	77634579	5	4	1	2
2	77634580	77718713	3	2	1	2
2	77718714	77753986	2	2	0	2
2	77753987	77766466	5	4	1	1
2	77766467	78516058	5	4	1	2
2	78516059	78661761	5	4	1	2
2	78661762	85454929	5	4	1	2
2	85454930	85769560	3	2	1	2
2	85769561	85827309	3	2	1	1
2	85827310	88182499	3	2	1	2
2	88182500	88710843	3	2	1	2
2	88710844	88711207	3	2	1	2
2	88711208	90499999	3	2	1	2
2	90500000	96799999	NA	NA	NA	NA
2	96800000	125549925	4	2	2	2
2	125549926	125558805	4	2	2	2
2	125558806	128502520	4	2	2	2
2	128502521	128802673	5	3	2	2
2	128802674	133459942	4	2	2	2
2	133459943	133634018	2	2	0	2
2	133634019	133753609	3	2	1	1
2	133753610	135776322	2	1	1	2
2	135776323	135837061	5	4	1	2
2	135837062	169504756	2	1	1	2
2	169504757	173095239	5	4	1	2
2	173095240	173302678	6	4	2	2
2	173302679	175187351	5	4	1	2
2	175187352	175187726	5	4	1	2
2	175187727	175467015	8	7	1	2
2	175467016	175477309	4	3	1	1
2	175477310	183079752	4	3	1	2
2	183079753	183698602	6	5	1	2
2	183698603	187004942	4	3	1	2
2	187004943	187027373	3	3	0	2
2	187027374	187368248	4	3	1	2
2	187368249	187420873	4	3	1	2
2	187420874	187432022	4	3	1	2
2	187432023	187469958	4	3	1	2
2	187469959	190587857	4	3	1	2
2	190587858	190988738	6	5	1	2
2	190988739	195508747	4	3	1	2
2	195508748	195520099	4	3	1	2
2	195520100	201804343	4	3	1	2
2	201804344	201967903	3	2	1	2
2	201967904	202033060	8	6	2	1
2	202033061	202056056	6	4	2	1
2	202056057	202125846	4	2	2	1
2	202125847	202163954	0	0	0	2
2	202163955	208473660	5	4	1	2
2	208473661	211582500	5	4	1	2
2	211582501	211654795	5	4	1	2
2	211654796	221006601	4	4	0	2
2	221006602	225488696	4	4	0	2
2	225488697	225491731	4	4	0	2
2	225491732	226346867	4	4	0	2
2	226346868	233925195	8	5	3	2
2	233925196	234317189	6	4	2	1
2	234317190	237480606	5	4	1	2
2	237480607	239392603	6	4	2	2
2	239392604	242951000	6	4	2	2
3	75842	4741493	4	2	2	2
3	4741494	4753613	3	2	1	2
3	4753614	4976773	4	2	2	2
3	4976774	5143499	5	3	2	2
3	5143500	9156622	4	2	2	2
3	9156623	9158758	4	2	2	2
3	9158759	9172373	6	4	2	1
3	9172374	9199604	4	2	2	2
3	9199605	9214614	5	3	2	2
3	9214615	9214642	5	3	2	1
3	9214643	9500524	4	2	2	2
3	9500525	9604728	7	4	3	2
3	9604729	11743304	4	2	2	2
3	11743305	11786967	6	4	2	1
3	11786968	48160826	4	2	2	2
3	48160827	48391563	7	4	3	1
3	48391564	49779683	5	3	2	2
3	49779684	53302786	3	2	1	2
3	53302787	53475916	6	5	1	2
3	53475917	57425557	3	2	1	2
3	57425558	57720724	6	3	3	2
3	57720725	58227089	3	2	1	2
3	58227090	58379075	3	2	1	2
3	58379076	60148729	3	2	1	2
3	60148730	60175985	5	4	1	2
3	60175986	60334881	3	2	1	2
3	60334882	60482666	1	1	0	2
3	60482667	60565585	2	2	0	1
3	60565586	60741932	1	1	0	2
3	60741933	60944983	3	2	1	1
3	60944984	61169958	2	2	0	2
3	61169959	87899999	3	2	1	2
3	87900000	93899999	NA	NA	NA	NA
3	93900000	98536390	5	3	2	3
3	98536391	98770383	7	4	3	2
3	98770384	99810013	5	3	2	2
3	99810014	100069889	7	5	2	2
3	100069890	123346814	5	3	2	3
3	123346815	123637543	4	2	2	2
3	123637544	148854809	5	3	2	3
3	148854810	160883580	7	5	2	2
3	160883581	161107879	11	9	2	1
3	161107880	161108581	11	9	2	1
3	161108582	161254164	12	10	2	1
3	161254165	168824089	7	5	2	2
3	168824090	168960442	5	3	2	2
3	168960443	169049537	4	2	2	2
3	169049538	169080709	4	2	2	1
3	169080710	169992490	7	5	2	2
3	169992491	174264441	6	4	2	2
3	174264442	174373025	5	4	1	1
3	174373026	174506976	6	4	2	3
3	174506977	174598134	4	2	2	2
3	174598135	174608119	6	4	2	2
3	174608120	174635984	3	2	1	1
3	174635985	175101073	6	4	2	2
3	175101074	175194159	6	4	2	2
3	175194160	175265626	5	3	2	2
3	175265627	185612362	6	4	2	2
3	185612363	186223795	8	4	4	2
3	186223796	186373517	6	4	2	2
3	186373518	186374314	6	4	2	2
3	186374315	187654479	6	4	2	2
3	187654480	187687661	7	4	3	1
3	187687662	187687890	7	4	3	1
3	187687891	188060886	9	5	4	2
3	188060887	188111018	7	4	3	2
3	188111019	193370962	6	4	2	2
3	193370963	193412948	8	4	4	2
3	193412949	193460798	8	4	4	2
3	193460799	193523615	6	4	2	2
3	193523616	193653080	6	4	2	2
3	193653081	193795178	8	4	4	1
3	193795179	198022429	6	4	2	2
4	9997	69566	3	3	0	2
4	69567	2420433	3	3	0	2
4	2420434	2802044	2	2	0	2
4	2802045	8023193	3	3	0	2
4	8023194	8024119	3	3	0	2
4	8024120	38340822	3	3	0	2
4	38340823	38372097	4	4	0	2
4	38372098	48199999	3	3	0	2
4	48200000	52699999	3	3	0	2
4	52700000	54729235	3	3	0	2
4	54729236	55107842	4	4	0	2
4	55107843	69374101	3	3	0	2
4	69374102	84742500	3	3	0	2
4	84742501	85574031	3	3	0	2
4	85574032	86035338	1	1	0	2
4	86035339	91028668	3	3	0	2
4	91028669	91202481	1	1	0	2
4	91202482	91542864	3	3	0	2
4	91542865	91567707	2	2	0	2
4	91567708	91761197	3	2	1	1
4	91761198	91816306	3	3	0	2
4	91816307	91947580	3	3	0	2
4	91947581	91960040	3	3	0	2
4	91960041	97167745	3	3	0	2
4	97167746	113043891	3	3	0	2
4	113043892	113066421	4	4	0	2
4	113066422	119419915	3	3	0	2
4	119419916	120520020	2	2	0	2
4	120520021	143234930	3	3	0	2
4	143234931	143279802	5	5	0	2
4	143279803	147242717	3	3	0	2
4	147242718	147242753	3	3	0	2
4	147242754	151816177	3	3	0	2
4	151816178	151817595	3	3	0	2
4	151817596	151854191	3	3	0	2
4	151854192	151902181	8	8	0	1
4	151902182	151902509	2	2	0	1
4	151902510	152025126	9	8	1	1
4	152025127	166120657	3	3	0	2
4	166120658	188369995	2	2	0	2
4	188369996	190987500	3	3	0	2
5	22500	469145	5	3	2	2
5	469146	679272	8	5	3	1
5	679273	849604	8	5	3	1
5	849605	23036035	5	3	2	2
5	23036036	23046179	5	3	2	2
5	23046180	41901104	5	3	2	2
5	41901105	41901141	5	3	2	2
5	41901142	46099999	5	3	2	2
5	46100000	50699999	NA	NA	NA	NA
5	50700000	59100401	3	2	1	2
5	59100402	59154475	3	2	1	2
5	59154476	59460801	1	1	0	2
5	59460802	59656081	3	2	1	2
5	59656082	59673508	1	1	0	2
5	59673509	59693014	4	2	2	1
5	59693015	60156385	2	2	0	2
5	60156386	73134773	3	2	1	2
5	73134774	73223617	2	2	0	1
5	73223618	93086846	3	2	1	2
5	93086847	93119449	3	2	1	2
5	93119450	93140111	2	1	1	1
5	93140112	93225447	3	2	1	2
5	93225448	103279698	3	2	1	2
5	103279699	103318222	3	2	1	2
5	103318223	131935544	3	2	1	2
5	131935545	131937444	3	2	1	2
5	131937445	131938486	6	4	2	1
5	131938487	131939843	6	4	2	1
5	131939844	132191314	5	3	2	2
5	132191315	132225464	5	3	2	2
5	132225465	132228200	5	3	2	2
5	132228201	132233998	4	2	2	1
5	132233999	132332372	5	3	2	1
5	132332373	132332392	5	3	2	1
5	132332393	132333124	6	3	3	1
5	132333125	132333502	6	3	3	1
5	132333503	132339013	5	3	2	2
5	132339014	132339026	2	1	1	1
5	132339027	132339626	10	6	4	1
5	132339627	133295711	3	2	1	2
5	133295712	133295801	3	2	1	2
5	133295802	133295947	3	2	1	2
5	133295948	133296196	2	1	1	1
5	133296197	133296238	2	1	1	1
5	133296239	133311180	6	4	2	1
5	133311181	133311860	8	7	1	1
5	133311861	133311895	8	7	1	1
5	133311896	133464279	7	6	1	2
5	133464280	136752488	3	2	1	2
5	136752489	136782750	2	2	0	2
5	136782751	141459583	3	2	1	2
5	141459584	141468478	5	3	2	2
5	141468479	141668301	3	2	1	2
5	141668302	141668396	3	2	1	2
5	141668397	141678680	3	2	1	2
5	141678681	141678807	3	2	1	2
5	141678808	141816062	3	2	1	2
5	141816063	142049758	4	2	2	2
5	142049759	156236660	3	2	1	2
5	156236661	156251199	3	2	1	2
5	156251200	167887866	3	2	1	2
5	167887867	168151065	4	2	2	2
5	168151066	176762067	3	2	1	3
5	176762068	176936365	4	2	2	2
5	176936366	177761486	3	2	1	3
5	177761487	178043295	4	2	2	2
5	178043296	180662500	3	2	1	2
6	39681	203253	4	3	1	1
6	203254	1230026	4	2	2	2
6	1230027	1476601	5	3	2	2
6	1476602	1752434	4	2	2	2
6	1752435	1760268	2	2	0	1
6	1760269	1955403	0	0	0	2
6	1955404	1999328	2	2	0	2
6	1999329	2176602	4	2	2	1
6	2176603	19359317	4	2	2	2
6	19359318	19531856	7	4	3	2
6	19531857	30398840	4	2	2	2
6	30398841	34516802	5	3	2	1
6	34516803	34540011	8	4	4	1
6	34540012	36860955	5	3	2	1
6	36860956	37090511	8	6	2	2
6	37090512	40762297	5	3	2	2
6	40762298	40768678	5	3	2	2
6	40768679	41075822	8	6	2	2
6	41075823	41075838	8	6	2	1
6	41075839	50537195	5	3	2	2
6	50537196	51908052	5	3	2	2
6	51908053	52474567	7	5	2	2
6	52474568	52474972	7	5	2	2
6	52474973	52503313	7	5	2	1
6	52503314	56197524	5	3	2	2
6	56197525	56331156	7	4	3	2
6	56331157	58699999	5	3	2	2
6	58700000	63299999	5	3	2	2
6	63300000	65759310	5	3	2	2
6	65759311	67302149	4	2	2	2
6	67302150	71453002	5	3	2	2
6	71453003	106575991	4	2	2	2
6	106575992	106576389	4	2	2	2
6	106576390	106608791	4	2	2	2
6	106608792	107205351	6	4	2	2
6	107205352	109112099	4	2	2	2
6	109112100	109359487	6	4	2	2
6	109359488	131433397	4	2	2	2
6	131433398	131446492	4	2	2	2
6	131446493	132956479	4	2	2	2
6	132956480	133043909	8	6	2	2
6	133043910	148072650	6	4	2	2
6	148072651	148112980	5	3	2	2
6	148112981	148806949	6	4	2	2
6	148806950	148831894	5	3	2	2
6	148831895	148874283	6	4	2	2
6	148874284	149056485	8	6	2	2
6	149056486	150202528	6	4	2	1
6	150202529	150245577	8	4	4	2
6	150245578	150295577	8	4	4	2
6	150295578	151232834	10	6	4	2
6	151232835	152217460	8	4	4	2
6	152217461	158357531	5	3	2	3
6	158357532	158357672	5	3	2	2
6	158357673	158507582	5	3	2	2
6	158507583	158507902	5	3	2	2
6	158507903	158508145	6	3	3	1
6	158508146	158508312	5	3	2	2
6	158508313	162461668	5	3	2	3
6	162461669	162490146	3	3	0	2
6	162490147	162700176	5	3	2	2
6	162700177	162701039	5	3	2	2
6	162701040	162701750	5	3	2	1
6	162701751	162812580	3	3	0	2
6	162812581	163058317	5	3	2	2
6	163058318	163105114	6	3	3	2
6	163105115	170899800	5	3	2	2
7	40386	5583665	6	4	2	2
7	5583666	5613259	6	4	2	1
7	5613260	6362208	6	4	2	1
7	6362209	7050730	6	4	2	2
7	7050731	7344838	4	2	2	2
7	7344839	7505236	6	4	2	2
7	7505237	8061345	4	2	2	2
7	8061346	8214924	6	4	2	2
7	8214925	8412126	9	7	2	1
7	8412127	10635412	6	4	2	2
7	10635413	10643659	9	7	2	1
7	10643660	13343801	6	4	2	2
7	13343802	13500338	4	2	2	2
7	13500339	16604573	6	4	2	2
7	16604574	17177697	10	7	3	2
7	17177698	27084984	6	4	2	2
7	27084985	27306699	8	6	2	2
7	27306700	29608349	6	4	2	2
7	29608350	29777159	8	4	4	1
7	29777160	33611516	6	4	2	2
7	33611517	36870151	6	4	2	2
7	36870152	36871668	7	4	3	2
7	36871669	40621743	6	4	2	2
7	40621744	40626972	6	4	2	2
7	40626973	47815229	6	4	2	2
7	47815230	48091252	8	6	2	2
7	48091253	57999999	6	4	2	2
7	58000000	61699999	NA	NA	NA	NA
7	61700000	73233618	6	4	2	2
7	73233619	73742387	9	7	2	1
7	73742388	75756232	6	4	2	2
7	75756233	75768449	6	4	2	2
7	75768450	75875187	10	8	2	2
7	75875188	76065601	9	6	3	2
7	76065602	76130972	10	7	3	1
7	76130973	81777191	6	4	2	2
7	81777192	89483620	6	4	2	2
7	89483621	89703137	4	2	2	2
7	89703138	89747100	6	4	2	2
7	89747101	89798813	6	4	2	1
7	89798814	89859257	5	3	2	1
7	89859258	89886091	4	3	1	1
7	89886092	89937402	5	3	2	1
7	89937403	90046624	2	2	0	2
7	90046625	90091842	4	2	2	2
7	90091843	90551247	6	4	2	2
7	90551248	90564611	5	3	2	2
7	90564612	97919848	6	4	2	2
7	97919849	97940701	8	7	1	1
7	97940702	97940892	14	11	3	1
7	97940893	97943483	14	11	3	1
7	97943484	98103106	11	9	2	1
7	98103107	98103265	14	11	3	1
7	98103266	98103686	14	11	3	1
7	98103687	98156571	9	7	2	1
7	98156572	101440743	6	4	2	2
7	101440744	101868675	4	2	2	2
7	101868676	103312028	6	4	2	2
7	103312029	103590096	8	6	2	2
7	103590097	111215185	4	2	2	2
7	111215186	133218428	4	2	2	2
7	133218429	133337434	2	2	0	2
7	133337435	134555672	4	2	2	2
7	134555673	134557221	4	2	2	2
7	134557222	156619656	4	2	2	2
7	156619657	156883943	2	2	0	2
7	156883944	157348193	4	2	2	2
7	157348194	157627574	2	2	0	2
7	157627575	157842777	4	2	2	2
7	157842778	158035231	6	4	2	1
7	158035232	158037888	4	3	1	1
7	158037889	158821400	2	2	0	2
8	10001	156503	1	1	0	1
8	156504	3812207	2	2	0	2
8	3812208	3823283	0	0	0	2
8	3823284	8049908	2	2	0	2
8	8049909	26738351	2	2	0	2
8	26738352	26739515	2	2	0	2
8	26739516	27395252	2	2	0	2
8	27395253	27511185	4	4	0	3
8	27511186	37380721	2	2	0	2
8	37380722	37698720	5	5	0	2
8	37698721	37880038	3	3	0	2
8	37880039	39230024	2	2	0	2
8	39230025	43099999	2	2	0	2
8	43100000	48099999	NA	NA	NA	NA
8	48100000	54095092	7	7	0	2
8	54095093	54328855	10	8	2	2
8	54328856	54468834	11	7	4	2
8	54468835	54473075	9	6	3	1
8	54473076	61989882	7	7	0	2
8	61989883	62558540	9	9	0	2
8	62558541	79599945	7	7	0	2
8	79599946	79750056	5	5	0	1
8	79750057	89820910	7	7	0	2
8	89820911	89821202	7	7	0	2
8	89821203	89830246	8	8	0	1
8	89830247	90103112	5	5	0	2
8	90103113	90199150	2	2	0	2
8	90199151	90253999	4	4	0	2
8	90254000	90342890	7	7	0	1
8	90342891	90394238	10	8	2	2
8	90394239	90631994	7	5	2	2
8	90631995	90636923	9	8	1	1
8	90636924	90741969	8	5	3	1
8	90741970	90783460	5	3	2	1
8	90783461	90797531	7	5	2	1
8	90797532	90827235	4	2	2	2
8	90827236	90897320	5	3	2	2
8	90897321	90983675	3	2	1	2
8	90983676	91058769	5	3	2	2
8	91058770	96170399	10	8	2	1
8	96170400	96372770	12	10	2	2
8	96372771	98738246	10	8	2	2
8	98738247	98738531	10	8	2	1
8	98738532	99460022	10	8	2	2
8	99460023	99838601	8	6	2	2
8	99838602	100226653	10	8	2	2
8	100226654	100568863	6	5	1	2
8	100568864	100717603	6	5	1	2
8	100717604	100738528	6	5	1	2
8	100738529	101292951	10	8	2	2
8	101292952	101330888	12	10	2	2
8	101330889	101531215	14	12	2	2
8	101531216	101729494	13	11	2	2
8	101729495	108776703	10	8	2	1
8	108776704	108776733	10	8	2	1
8	108776734	117759861	6	5	1	2
8	117759862	117787984	7	5	2	2
8	117787985	129086005	10	8	2	2
8	129086006	129530548	12	10	2	2
8	129530549	139306785	10	8	2	1
8	139306786	139306808	10	8	2	1
8	139306809	145592063	10	8	2	2
8	145592064	145593362	10	8	2	2
9	47500	248678	4	2	2	2
9	248679	13636818	4	2	2	2
9	13636819	13636850	4	2	2	2
9	13636851	13637233	4	2	2	2
9	13637234	26548852	4	2	2	2
9	26548853	26643055	2	2	0	2
9	26643056	35635003	4	2	2	2
9	35635004	36774907	5	3	2	2
9	36774908	37169980	5	3	2	1
9	37169981	38594759	5	3	2	2
9	38594760	47299999	4	2	2	2
9	47300000	50699999	NA	NA	NA	NA
9	50700000	71118395	3	2	1	1
9	71118396	71409966	5	4	1	2
9	71409967	89945901	3	2	1	2
9	89945902	89965633	3	2	1	1
9	89965634	116590005	3	2	1	2
9	116590006	116754116	4	2	2	2
9	116754117	119219347	3	2	1	2
9	119219348	119455976	3	2	1	2
9	119455977	129049942	3	2	1	3
9	129049943	129524357	4	3	1	2
9	129524358	129770214	4	3	1	2
9	129770215	130072092	4	2	2	1
9	130072093	130597303	5	4	1	1
9	130597304	140273200	4	3	1	2
10	94426	20303459	6	4	2	2
10	20303460	21031201	6	4	2	2
10	21031202	21172856	4	2	2	2
10	21172857	35131795	6	4	2	2
10	35131796	37999999	8	6	2	2
10	38000000	42372402	NA	NA	NA	NA
10	42372403	70791333	4	2	2	2
10	70791334	71823132	5	3	2	2
10	71823133	73475762	4	2	2	2
10	73475763	73522454	6	4	2	1
10	73522455	74243605	4	2	2	2
10	74243606	76812688	5	3	2	1
10	76812689	77240482	6	4	2	2
10	77240483	77287198	2	2	0	2
10	77287199	77324920	2	1	1	1
10	77324921	77413103	2	2	0	2
10	77413104	77461993	3	3	0	2
10	77461994	77636092	3	3	0	2
10	77636093	77648065	3	3	0	2
10	77648066	81459496	3	3	0	2
10	81459497	90972725	3	3	0	2
10	90972726	91138738	5	5	0	2
10	91138739	93237318	3	3	0	2
10	93237319	93561306	4	4	0	2
10	93561307	97766229	3	3	0	2
10	97766230	97882810	4	4	0	2
10	97882811	98942938	3	3	0	2
10	98942939	98987225	6	4	2	2
10	98987226	98987506	5	3	2	1
10	98987507	98988499	6	3	3	1
10	98988500	99233303	7	4	3	2
10	99233304	99233326	7	4	3	2
10	99233327	99233421	9	5	4	1
10	99233422	99233686	9	5	4	1
10	99233687	99239986	7	4	3	1
10	99239987	99240002	3	3	0	1
10	99240003	99240104	3	3	0	1
10	99240105	99240606	3	3	0	1
10	99240607	112101370	3	3	0	2
10	112101371	112747127	5	5	0	2
10	112747128	115143407	3	3	0	2
10	115143408	115410224	8	8	0	1
10	115410225	121585437	3	3	0	2
10	121585438	121585448	3	3	0	2
10	121585449	124443823	5	3	2	2
10	124443824	124444351	6	3	3	1
10	124444352	135261015	4	2	2	2
11	20721	197336	4	2	2	1
11	197337	228244	5	3	2	2
11	228245	2177499	4	2	2	2
11	2177500	2199361	7	4	3	1
11	2199362	2338360	6	4	2	2
11	2338361	7783796	4	2	2	2
11	7783797	8217113	3	2	1	2
11	8217114	8225383	3	2	1	1
11	8225384	9557793	4	2	2	2
11	9557794	16223533	6	4	2	2
11	16223534	26245457	4	2	2	2
11	26245458	26247038	4	2	2	2
11	26247039	28069001	4	2	2	2
11	28069002	28264386	2	2	0	2
11	28264387	28793127	0	0	0	2
11	28793128	33145887	2	2	0	2
11	33145888	33448172	3	3	0	2
11	33448173	34399678	2	2	0	2
11	34399679	34510411	4	4	0	2
11	34510412	35057126	5	5	0	2
11	35057127	41713330	2	2	0	2
11	41713331	46745344	3	3	0	2
11	46745345	46758376	6	6	0	2
11	46758377	48691004	3	3	0	2
11	48691005	49025802	4	2	2	1
11	49025803	49431828	7	4	3	1
11	49431829	49443128	7	4	3	1
11	49443129	49804005	7	4	3	1
11	49804006	50106605	5	3	2	2
11	50106606	50119768	6	4	2	1
11	50119769	51192392	6	4	2	2
11	51192393	55699999	NA	NA	NA	NA
11	55700000	60880000	5	4	1	2
11	60880001	64767200	5	4	1	2
11	64767201	64930203	8	6	2	1
11	64930204	64940267	10	9	1	2
11	64940268	65000812	6	5	1	2
11	65000813	65229472	6	5	1	1
11	65229473	65421285	10	8	2	2
11	65421286	65452297	9	8	1	1
11	65452298	65525962	10	9	1	2
11	65525963	69809012	5	4	1	2
11	69809013	69812077	4	3	1	2
11	69812078	69818483	4	3	1	2
11	69818484	69844655	3	2	1	2
11	69844656	74134095	5	4	1	2
11	74134096	74326994	8	7	1	2
11	74326995	74335908	4	3	1	2
11	74335909	74336139	7	5	2	1
11	74336140	75020066	5	4	1	2
11	75020067	75138394	8	5	3	2
11	75138395	75142784	8	5	3	2
11	75142785	75182743	5	4	1	1
11	75182744	75387758	5	4	1	2
11	75387759	77694535	6	4	2	2
11	77694536	77694772	5	3	2	2
11	77694773	77741528	5	3	2	2
11	77741529	78737523	5	4	1	1
11	78737524	79679542	6	4	2	2
11	79679543	79765271	5	4	1	2
11	79765272	79883222	6	3	3	2
11	79883223	80063132	5	4	1	2
11	80063133	80159575	5	3	2	2
11	80159576	80222252	4	3	1	2
11	80222253	80310402	6	3	3	2
11	80310403	80483589	4	4	0	2
11	80483590	80883001	5	3	2	2
11	80883002	81350425	5	4	1	2
11	81350426	81642500	5	4	1	2
11	81642501	83699710	6	4	2	2
11	83699711	84014014	4	4	0	2
11	84014015	85284261	6	4	2	2
11	85284262	85331530	5	4	1	2
11	85331531	85352770	6	4	2	2
11	85352771	85364618	6	4	2	2
11	85364619	85700496	6	4	2	2
11	85700497	87754908	4	4	0	2
11	87754909	87996928	2	2	0	2
11	87996929	89575401	4	4	0	2
11	89575402	108210189	4	4	0	2
11	108210190	108210401	4	4	0	2
11	108210402	116735066	4	4	0	2
11	116735067	117140026	6	6	0	2
11	117140027	118727905	4	4	0	2
11	118727906	119866547	6	6	0	2
11	119866548	120376857	8	8	0	2
11	120376858	128190045	6	6	0	2
11	128190046	128263204	11	11	0	1
11	128263205	128263350	11	11	0	1
11	128263351	128269492	11	11	0	1
11	128269493	128269953	11	11	0	1
11	128269954	128498438	11	11	0	1
11	128498439	128501798	10	10	0	1
11	128501799	134452200	6	6	0	2
12	110107	1497203	4	2	2	2
12	1497204	1872156	6	4	2	2
12	1872157	7162420	4	2	2	2
12	7162421	7164819	4	2	2	1
12	7164820	7165031	8	5	3	1
12	7165032	7304461	6	4	2	2
12	7304462	18101996	3	2	1	2
12	18101997	18150047	5	3	2	2
12	18150048	27018038	3	2	1	2
12	27018039	27843974	4	2	2	2
12	27843975	33299999	3	2	1	2
12	33300000	38199999	3	2	1	2
12	38200000	43799750	3	2	1	2
12	43799751	49893776	3	2	1	2
12	49893777	50172914	3	2	1	2
12	50172915	50198288	4	2	2	1
12	50198289	50419470	4	2	2	2
12	50419471	50734521	3	2	1	2
12	50734522	54097549	3	2	1	2
12	54097550	54652367	4	2	2	2
12	54652368	55904231	3	2	1	2
12	55904232	56255975	3	2	1	2
12	56255976	56517379	5	3	2	2
12	56517380	57042433	3	2	1	2
12	57042434	58160044	5	3	2	2
12	58160045	64289987	3	2	1	2
12	64289988	65708849	5	3	2	2
12	65708850	83284553	3	2	1	2
12	83284554	83363777	4	2	2	2
12	83363778	84455110	3	2	1	2
12	84455111	84764448	4	2	2	2
12	84764449	85749988	3	2	1	2
12	85749989	88455780	4	2	2	2
12	88455781	92110030	3	2	1	2
12	92110031	92562529	6	3	3	2
12	92562530	93920512	3	2	1	2
12	93920513	93957530	4	2	2	1
12	93957531	94069584	3	2	1	3
12	94069585	97048591	3	2	1	2
12	97048592	97054183	3	2	1	2
12	97054184	109968509	3	2	1	3
12	109968510	110062908	6	4	2	2
12	110062909	110217298	6	3	3	2
12	110217299	132349400	3	2	1	2
12	132349401	133851894	3	2	1	2
13	1	16299999	5	5	0	1
13	16300000	19499999	5	5	0	2
13	19500000	31346625	5	5	0	2
13	31346626	31348261	8	8	0	1
13	31348262	31382339	13	13	0	1
13	31382340	31384342	12	12	0	1
13	31384343	31682721	22	22	0	1
13	31682722	31693388	19	19	0	1
13	31693389	32335047	22	22	0	2
13	32335048	32335291	22	22	0	2
13	32335292	32456092	23	23	0	2
13	32456093	33196252	26	26	0	1
13	33196253	33196505	23	23	0	2
13	33196506	33213997	37	37	0	1
13	33213998	33227101	35	35	0	1
13	33227102	33895784	32	32	0	1
13	33895785	33974193	40	40	0	1
13	33974194	34223878	29	29	0	2
13	34223879	34301216	29	29	0	2
13	34301217	34427419	29	29	0	2
13	34427420	34740018	29	29	0	2
13	34740019	34955956	15	14	1	1
13	34955957	36216601	11	11	0	2
13	36216602	37798611	14	14	0	1
13	37798612	37799908	13	13	0	1
13	37799909	39094504	9	9	0	2
13	39094505	39098097	14	14	0	1
13	39098098	41250042	13	13	0	2
13	41250043	42069384	17	17	0	2
13	42069385	42071077	25	25	0	1
13	42071078	42151439	2	2	0	2
13	42151440	42318022	12	12	0	2
13	42318023	42483862	11	11	0	1
13	42483863	42657811	18	18	0	2
13	42657812	48797405	10	10	0	2
13	48797406	48798029	12	12	0	1
13	48798030	50708501	3	3	0	2
13	50708502	50866227	2	2	0	2
13	50866228	59133172	3	3	0	2
13	59133173	59134550	3	3	0	2
13	59134551	75064471	3	3	0	2
13	75064472	79770016	5	3	2	2
13	79770017	80210038	7	4	3	1
13	80210039	97822650	5	3	2	2
13	97822651	97930037	4	2	2	1
13	97930038	110982418	5	3	2	2
13	110982419	111227401	7	4	3	2
13	111227402	114142800	5	3	2	2
13	114142801	115169877	5	3	2	2
14	1	16099999	NA	NA	NA	NA
14	16100000	19099999	5	5	0	1
14	19100000	19119611	8	6	2	1
14	19119612	20428591	8	6	2	1
14	20428592	23342385	8	6	2	2
14	23342386	23342721	9	7	2	1
14	23342722	23737941	9	7	2	2
14	23737942	40145467	6	4	2	2
14	40145468	40314453	4	2	2	2
14	40314454	45158950	6	4	2	2
14	45158951	45162708	4	2	2	2
14	45162709	62592964	6	4	2	2
14	62592965	63814525	7	4	3	2
14	63814526	64908350	8	4	4	2
14	64908351	65197690	13	9	4	1
14	65197691	65240074	12	8	4	2
14	65240075	65739865	8	5	3	2
14	65739866	65970850	11	6	5	1
14	65970851	67258513	7	4	3	2
14	67258514	67273046	9	6	3	1
14	67273047	67630928	7	4	3	2
14	67630929	67969549	5	3	2	2
14	67969550	69741636	7	4	3	2
14	69741637	69742932	9	5	4	2
14	69742933	73995899	3	3	0	2
14	73995900	75630670	3	3	0	2
14	75630671	75670322	6	6	0	2
14	75670323	75670765	8	8	0	1
14	75670766	75671451	8	8	0	1
14	75671452	75732093	8	8	0	2
14	75732094	75824560	8	8	0	2
14	75824561	75824959	3	3	0	2
14	75824960	106066838	3	3	0	2
14	106066839	106180802	3	3	0	2
14	106180803	106368400	3	3	0	2
15	1	15799999	3	2	1	1
15	15800000	20699999	3	2	1	2
15	20700000	39773066	3	2	1	2
15	39773067	39773164	3	2	1	2
15	39773165	39773177	2	1	1	1
15	39773178	39773230	2	1	1	1
15	39773231	39773470	3	2	1	1
15	39773471	39773746	3	2	1	1
15	39773747	39778635	3	2	1	1
15	39778636	39934094	7	5	2	1
15	39934095	41126819	3	2	1	2
15	41126820	41130183	3	2	1	2
15	41130184	42397450	3	2	1	2
15	42397451	42425307	5	3	2	2
15	42425308	44892412	3	2	1	2
15	44892413	45284741	5	4	1	2
15	45284742	45317200	6	5	1	1
15	45317201	52114989	3	2	1	2
15	52114990	52129799	4	2	2	2
15	52129800	59261603	3	2	1	2
15	59261604	59266599	5	3	2	1
15	59266600	63707500	3	2	1	2
15	63707501	63760249	3	2	1	2
15	63760250	74697737	3	2	1	2
15	74697738	74736389	4	2	2	1
15	74736390	81041016	3	2	1	2
15	81041017	81245831	4	2	2	3
15	81245832	89423897	3	2	1	2
15	89423898	90382329	4	2	2	2
15	90382330	93345771	3	2	1	2
15	93345772	93412623	5	4	1	1
15	93412624	93429418	4	3	1	2
15	93429419	93571820	5	4	1	1
15	93571821	100338800	3	2	1	2
15	100338801	102402679	3	2	1	2
16	98678	1708618	3	3	0	2
16	1708619	1737763	3	3	0	2
16	1737764	2095015	5	5	0	2
16	2095016	2714519	3	3	0	2
16	2714520	3055513	5	5	0	2
16	3055514	3084538	7	7	0	1
16	3084539	3151041	5	4	1	1
16	3151042	19379057	3	3	0	2
16	19379058	19439773	1	1	0	2
16	19439774	22094281	3	3	0	2
16	22094282	22254029	4	4	0	2
16	22254030	29392001	3	3	0	2
16	29392002	34599999	3	3	0	2
16	34600000	38599999	NA	NA	NA	NA
16	38600000	46386001	2	2	0	1
16	46386002	55791898	2	2	0	2
16	55791899	55832606	2	2	0	2
16	55832607	58561857	2	2	0	2
16	58561858	58673420	4	4	0	1
16	58673421	66759097	2	2	0	2
16	66759098	66943203	2	2	0	2
16	66943204	73036728	2	2	0	2
16	73036729	73037037	2	2	0	2
16	73037038	73046920	4	4	0	2
16	73046921	78308884	4	4	0	2
16	78308885	78311578	5	4	1	2
16	78311579	78524932	4	4	0	2
16	78524933	78841618	2	2	0	2
16	78841619	79106668	0	0	0	2
16	79106669	79126858	2	2	0	2
16	79126859	79195540	6	6	0	1
16	79195541	79225967	3	3	0	1
16	79225968	88494908	4	4	0	2
16	88494909	88866796	6	6	0	2
16	88866797	90354752	4	4	0	2
17	12500	4443397	5	5	0	2
17	4443398	15040452	4	4	0	2
17	15040453	17093411	4	4	0	2
17	17093412	17409152	6	6	0	2
17	17409153	22199999	4	4	0	2
17	22200000	25799999	NA	NA	NA	NA
17	25800000	27575363	10	8	2	2
17	27575364	27578141	8	6	2	2
17	27578142	27760579	10	8	2	2
17	27760580	29714669	8	6	2	2
17	29714670	29949975	11	6	5	1
17	29949976	29951642	15	9	6	1
17	29951643	30868535	13	7	6	2
17	30868536	35732248	6	6	0	2
17	35732249	35740063	6	6	0	2
17	35740064	36406333	6	6	0	2
17	36406334	36578187	6	6	0	1
17	36578188	36672517	9	9	0	2
17	36672518	36672895	9	9	0	2
17	36672896	36877618	9	9	0	2
17	36877619	36924224	6	6	0	2
17	36924225	37454614	13	7	6	1
17	37454615	37626537	10	8	2	2
17	37626538	37629340	10	8	2	1
17	37629341	37630312	49	49	0	1
17	37630313	37634098	49	49	0	1
17	37634099	37635368	49	49	0	1
17	37635369	37658686	49	49	0	1
17	37658687	37659594	49	49	0	1
17	37659595	37661474	49	49	0	1
17	37661475	37661500	49	49	0	1
17	37661501	37674318	49	49	0	1
17	37674319	37680917	49	49	0	1
17	37680918	37712929	49	49	0	1
17	37712930	37718316	49	49	0	1
17	37718317	37724363	49	49	0	1
17	37724364	37744436	49	49	0	1
17	37744437	37745237	49	49	0	1
17	37745238	37747183	49	49	0	1
17	37747184	37765671	49	49	0	1
17	37765672	37766677	49	49	0	1
17	37766678	37768879	49	49	0	1
17	37768880	37804164	49	49	0	1
17	37804165	37822345	15	10	5	1
17	37822346	37827624	15	10	5	1
17	37827625	37834053	15	10	5	1
17	37834054	37839461	15	10	5	1
17	37839462	37853684	15	10	5	1
17	37853685	37855518	15	10	5	1
17	37855519	37863190	15	10	5	1
17	37863191	37872458	15	10	5	1
17	37872459	37875346	15	10	5	1
17	37875347	37877076	15	10	5	1
17	37877077	37893422	15	10	5	1
17	37893423	37914368	15	10	5	1
17	37914369	37917088	15	10	5	1
17	37917089	37929233	15	10	5	1
17	37929234	37932070	15	10	5	1
17	37932071	37934635	15	10	5	1
17	37934636	37942953	15	10	5	1
17	37942954	37964186	15	10	5	1
17	37964187	38002713	15	10	5	1
17	38002714	38055619	10	7	3	1
17	38055620	38218710	11	7	4	1
17	38218711	38625529	11	7	4	2
17	38625530	38685045	15	8	7	1
17	38685046	38744819	7	7	0	1
17	38744820	39941340	4	4	0	2
17	39941341	40108282	7	7	0	2
17	40108283	40120932	7	7	0	1
17	40120933	40299444	6	6	0	1
17	40299445	40962476	4	4	0	2
17	40962477	41159965	6	6	0	1
17	41159966	48146932	4	4	0	2
17	48146933	48146996	5	4	1	2
17	48146997	48152294	5	5	0	1
17	48152295	48152885	8	8	0	1
17	48152886	48153531	8	8	0	1
17	48153532	48320006	7	7	0	2
17	48320007	48327305	8	8	0	2
17	48327306	48327558	8	8	0	1
17	48327559	48327692	8	8	0	1
17	48327693	48402677	7	7	0	2
17	48402678	48402946	7	7	0	2
17	48402947	48403676	7	7	0	1
17	48403677	48488639	7	7	0	1
17	48488640	48546965	7	7	0	1
17	48546966	48815600	8	8	0	1
17	48815601	48861091	8	8	0	1
17	48861092	49117584	6	6	0	2
17	49117585	60158331	4	4	0	2
17	60158332	60302196	6	6	0	2
17	60302197	63127629	4	4	0	2
17	63127630	64689097	2	2	0	2
17	64689098	64746571	6	6	0	2
17	64746572	68186283	10	10	0	2
17	68186284	70432932	6	6	0	2
17	70432933	71004593	5	5	0	2
17	71004594	71190605	3	3	0	2
17	71190606	71708170	7	7	0	2
17	71708171	73787873	6	6	0	2
17	73787874	73789109	1	1	0	1
17	73789110	73789176	1	1	0	1
17	73789177	73813608	3	2	1	1
17	73813609	73928038	6	6	0	2
17	73928039	73991515	8	8	0	2
17	73991516	74196588	6	6	0	2
17	74196589	76985702	4	4	0	2
17	76985703	79700213	2	2	0	2
17	79700214	79764397	5	5	0	1
17	79764398	79916712	5	5	0	1
17	79916713	79926512	5	5	0	2
17	79926513	80015924	5	5	0	2
17	80015925	80020732	5	5	0	1
17	80020733	81195209	2	2	0	2
18	75371	9630563	4	2	2	2
18	9630564	9849976	5	3	2	2
18	9849977	15399999	4	2	2	2
18	15400000	18999999	4	2	2	2
18	19000000	33766467	4	2	2	2
18	33766468	36928715	4	2	2	2
18	36928716	36988615	2	2	0	2
18	36988616	43619698	4	2	2	2
18	43619699	43620344	4	2	2	2
18	43620345	43846243	17	15	2	2
18	43846244	43848595	16	14	2	1
18	43848596	44130355	12	10	2	2
18	44130356	46100242	10	8	2	2
18	46100243	46135439	6	5	1	1
18	46135440	48950038	6	4	2	2
18	48950039	48950053	6	4	2	2
18	48950054	49635196	10	8	2	1
18	49635197	50189305	10	8	2	1
18	50189306	50290047	2	2	0	2
18	50290048	50399664	9	8	1	2
18	50399665	55719030	2	2	0	2
18	55719031	58976016	10	8	2	2
18	58976017	58976739	10	8	2	1
18	58976740	76117000	2	2	0	2
18	76117001	78077247	2	2	0	2
19	102500	240553	3	2	1	2
19	240554	1223876	3	2	1	2
19	1223877	1621479	4	3	1	2
19	1621480	1648472	5	3	2	1
19	1648473	1713855	3	2	1	2
19	1713856	1762429	5	3	2	2
19	1762430	4100264	3	2	1	2
19	4100265	4385590	4	2	2	1
19	4385591	4453398	6	4	2	1
19	4453399	4516388	6	5	1	2
19	4516389	4685655	8	5	3	2
19	4685656	4791965	4	2	2	1
19	4791966	11197401	3	2	1	2
19	11197402	11345352	4	2	2	1
19	11345353	17279029	3	2	1	2
19	17279030	17495404	4	3	1	2
19	17495405	18538531	3	2	1	2
19	18538532	18568244	4	2	2	2
19	18568245	24399999	3	2	1	2
19	24400000	28599999	NA	NA	NA	NA
19	28600000	28882500	10	8	2	2
19	28882501	29071977	5	3	2	2
19	29071978	29072792	5	3	2	2
19	29072793	29078238	11	7	4	1
19	29078239	29083555	4	3	1	1
19	29083556	29101158	5	3	2	1
19	29101159	29133453	7	5	2	1
19	29133454	29290589	5	3	2	2
19	29290590	29365570	7	5	2	1
19	29365571	29367149	4	2	2	1
19	29367150	29371760	12	9	3	1
19	29371761	29404740	9	7	2	2
19	29404741	29418618	9	7	2	2
19	29418619	29458949	7	6	1	2
19	29458950	29459459	7	6	1	2
19	29459460	29472707	11	9	2	1
19	29472708	29652341	12	10	2	1
19	29652342	29769563	8	6	2	2
19	29769564	30026483	12	10	2	1
19	30026484	30272069	8	6	2	2
19	30272070	30792750	12	10	2	1
19	30792751	30801880	19	17	2	2
19	30801881	30805306	19	17	2	2
19	30805307	31087121	19	17	2	2
19	31087122	31228402	9	7	2	2
19	31228403	40243844	3	2	1	2
19	40243845	40774052	7	5	2	1
19	40774053	40840467	6	3	3	1
19	40840468	40843691	2	2	0	1
19	40843692	40844012	8	5	3	1
19	40844013	45155015	3	2	1	2
19	45155016	47707060	4	3	1	2
19	47707061	47879547	6	5	1	2
19	47879548	48942963	4	3	1	2
19	48942964	49094806	8	7	1	2
19	49094807	52351818	4	3	1	2
19	52351819	55960952	4	3	1	2
19	55960953	55975661	4	3	1	2
19	55975662	59128982	4	3	1	2
20	37112	13418539	5	5	0	2
20	13418540	13440751	5	5	0	2
20	13440752	14463255	5	5	0	2
20	14463256	14793677	1	1	0	2
20	14793678	14845255	4	4	0	2
20	14845256	15057020	4	4	0	2
20	15057021	15118349	4	4	0	2
20	15118350	15360725	4	4	0	2
20	15360726	15657886	0	0	0	2
20	15657887	17945179	5	5	0	2
20	17945180	22304667	3	3	0	2
20	22304668	22312211	6	6	0	1
20	22312212	22312460	4	4	0	1
20	22312461	22383492	4	4	0	2
20	22383493	22536534	6	6	0	2
20	22536535	22625560	4	4	0	2
20	22625561	22626172	4	4	0	2
20	22626173	22642879	3	3	0	1
20	22642880	22720552	3	3	0	2
20	22720553	25599999	1	1	0	2
20	25600000	29399999	NA	NA	NA	NA
20	29400000	32636959	5	5	0	2
20	32636960	32918463	9	9	0	2
20	32918464	33216209	7	7	0	2
20	33216210	33307061	6	6	0	1
20	33307062	44254273	5	5	0	2
20	44254274	45849973	7	5	2	2
20	45849974	46133402	9	7	2	2
20	46133403	48032918	7	5	2	2
20	48032919	48034576	7	5	2	2
20	48034577	48320018	7	5	2	1
20	48320019	49030326	6	4	2	1
20	49030327	49080119	11	9	2	2
20	49080120	49136587	11	9	2	2
20	49136588	50317677	6	4	2	2
20	50317678	50618938	7	5	2	1
20	50618939	50740043	7	5	2	2
20	50740044	50762071	6	5	1	1
20	50762072	54985884	6	4	2	2
20	54985885	54986181	6	4	2	2
20	54986182	62435800	6	4	2	2
21	1	9836601	NA	NA	NA	NA
21	9836602	9912316	NA	NA	NA	NA
21	9912317	10720000	NA	NA	NA	NA
21	10720001	10899999	4	4	0	1
21	10900000	14482400	4	4	0	2
21	14482401	46944200	4	4	0	2
21	46944201	48129894	4	4	0	2
22	1	12199999	4	3	1	1
22	12200000	17899999	NA	NA	NA	NA
22	17900000	29065730	4	2	2	2
22	29065731	30842435	4	2	2	2
22	30842436	30983990	6	4	2	2
22	30983991	35912258	4	2	2	2
22	35912259	35982671	7	4	3	2
22	35982672	37357076	4	2	2	2
22	37357077	37948008	6	4	2	2
22	37948009	41647541	4	2	2	2
22	41647542	41732371	8	5	3	1
22	41732372	43500000	4	2	2	2
22	43500001	47102155	4	2	2	2
22	47102156	50640024	2	2	0	2
22	50640025	51005973	4	4	0	1
22	51005974	51006076	4	4	0	1
22	51006077	51006611	NA	NA	NA	NA
22	51006612	51006768	NA	NA	NA	NA
22	51006769	51137189	4	4	0	1
X	1	6801261	5	3	2	2
X	6801262	6815325	6	6	0	2
X	6815326	7344530	5	3	2	2
X	7344531	7700052	2	1	1	2
X	7700053	10603240	5	3	2	2
X	10603241	10723051	2	1	1	2
X	10723052	11732474	5	3	2	2
X	11732475	16724332	5	3	2	2
X	16724333	25642946	5	3	2	2
X	25642947	25643244	5	3	2	1
X	25643245	49674598	5	3	2	2
X	49674599	50247934	7	4	3	2
X	50247935	58099999	6	3	3	1
X	58100000	62999999	NA	NA	NA	NA
X	63000000	70282389	2	1	1	2
X	70282390	84080301	6	4	2	2
X	84080302	84094781	5	3	2	1
X	84094782	95942507	2	1	1	2
X	95942508	96637871	2	1	1	2
X	96637872	120732221	4	2	2	2
X	120732222	125109932	6	4	2	2
X	125109933	154940183	4	2	2	2
