chromosome	start	end	total_cn	major_cn	minor_cn	star
1	10001	812500	2	1	1	2
1	812501	121499999	2	1	1	3
1	121500000	128899999	2	1	1	2
1	128900000	206282750	2	1	1	3
1	206282751	206288490	2	1	1	3
1	206288491	247247500	2	1	1	3
1	247247501	249250620	2	1	1	3
2	29996	90499999	2	1	1	3
2	90500000	96799999	2	1	1	3
2	96800000	242955889	2	1	1	3
3	100074	87899999	2	1	1	3
3	87900000	93899999	2	1	1	3
3	93900000	197856177	2	1	1	3
4	40828	48199999	2	1	1	3
4	48200000	52699999	2	1	1	3
4	52700000	190987500	2	1	1	3
5	39977	849503	2	1	1	2
5	849504	46099999	2	1	1	3
5	46100000	50699999	2	1	1	3
5	50700000	180689978	2	1	1	3
6	39681	242500	2	1	1	3
6	242501	29723413	2	1	1	3
6	29723414	29946699	2	1	1	3
6	29946700	58699999	2	1	1	3
6	58700000	63299999	2	1	1	3
6	63300000	170899934	2	1	1	3
7	40386	57999999	2	1	1	3
7	58000000	61699999	2	1	1	3
7	61700000	158817500	2	1	1	3
8	10001	170011	2	1	1	2
8	170012	43099999	2	1	1	3
8	43100000	48099999	2	1	1	3
8	48100000	146364021	2	1	1	3
9	62882	31217539	2	1	1	3
9	31217540	31620036	2	1	1	2
9	31620037	47299999	2	1	1	3
9	47300000	50699999	2	1	1	2
9	50700000	140267500	2	1	1	3
9	140267501	141036645	2	1	1	2
10	102500	13155440	2	1	1	3
10	13155441	13155976	2	1	1	2
10	13155977	37999999	2	1	1	3
10	38000000	42409999	2	1	1	2
10	42410000	49927752	2	1	1	3
10	49927753	51228398	1	1	0	2
10	51228399	51723269	2	1	1	3
10	51723270	124451891	1	1	0	2
10	124451892	135389924	2	1	1	3
11	190010	51344018	1	1	0	3
11	51344019	55699999	1	1	0	3
11	55700000	56756821	1	1	0	3
11	56756822	57070867	2	2	0	2
11	57070868	134442500	1	1	0	2
12	110107	18967021	2	1	1	3
12	18967022	19287236	3	2	1	2
12	19287237	33299999	2	1	1	3
12	33300000	38199999	2	1	1	3
12	38200000	131711174	2	1	1	3
12	131711175	131923491	2	1	1	2
12	131923492	132342500	2	1	1	3
12	132342501	133851894	2	1	1	3
13	1	16299999	2	1	1	1
13	16300000	19499999	2	1	1	2
13	19500000	114137500	2	1	1	2
13	114137501	115169877	2	1	1	2
14	1	16099999	2	1	1	1
14	16100000	19099999	2	1	1	2
14	19100000	106347882	2	1	1	3
14	106347883	106376905	2	1	1	3
15	1	15799999	2	1	1	1
15	15800000	20699999	2	1	1	3
15	20700000	100332500	2	1	1	3
15	100332501	102425699	2	1	1	3
16	9999	100009	2	1	1	2
16	100010	34599999	2	1	1	3
16	34600000	38599999	2	1	1	3
16	38600000	88822500	2	1	1	3
16	88822501	90354752	2	1	1	3
17	12500	22199999	2	1	1	3
17	22200000	25799999	2	1	1	3
17	25800000	78772500	2	1	1	3
17	78772501	81195209	2	1	1	3
18	27500	15399999	2	1	1	3
18	15400000	18999999	2	1	1	3
18	19000000	76112500	2	1	1	3
18	76112501	78077247	2	1	1	3
19	260137	24399999	2	1	1	2
19	24400000	28599999	2	1	1	2
19	28600000	59128982	2	1	1	2
20	32012	25599999	2	1	1	3
20	25600000	29399999	2	1	1	3
20	29400000	62432500	2	1	1	3
21	1	9417499	NA	NA	NA	NA
21	9417500	10899999	NA	NA	NA	NA
21	10900000	15273231	2	1	1	2
21	15273232	46937500	2	1	1	2
21	46937501	48129894	2	1	1	2
22	1	12199999	2	1	1	1
22	12200000	17899999	2	1	1	3
22	17900000	49687500	2	1	1	2
22	49687501	51304565	2	1	1	2
X	1	33495204	1	1	0	3
X	33495205	34150681	1	1	0	2
X	34150682	58099999	1	1	0	3
X	58100000	62999999	1	1	0	3
X	63000000	155270559	1	1	0	3
Y	1	11599999	1	1	0	1
Y	11600000	13399999	1	1	0	1
Y	13400000	59373565	1	1	0	1
