chromosome	start	end	total_cn	major_cn	minor_cn	star
1	1	796767	2	2	0	2
1	796768	20280745	2	2	0	3
1	20280746	34600091	1	1	0	3
1	34600092	36971539	2	1	1	3
1	36971540	38556389	1	1	0	3
1	38556390	55264401	2	1	1	3
1	55264402	55275216	2	1	1	2
1	55275217	55275260	1	1	0	2
1	55275261	56056891	1	1	0	3
1	56056892	100142606	2	1	1	3
1	100142607	103533850	1	1	0	3
1	103533851	103533861	1	1	0	1
1	103533862	115303358	2	1	1	3
1	115303359	117079351	1	1	0	3
1	117079352	117082205	1	1	0	2
1	117082206	117088461	2	1	1	1
1	117088462	121499999	2	1	1	3
1	121500000	128899999	2	1	1	2
1	128900000	143663938	2	1	1	2
1	143663939	144845200	2	1	1	2
1	144845201	145739955	3	2	1	2
1	145739956	147994385	3	2	1	2
1	147994386	152730074	3	2	1	2
1	152730075	153654137	2	2	0	2
1	153654138	220397945	3	2	1	2
1	220397946	220398882	3	2	1	2
1	220398883	247247500	1	1	0	3
1	247247501	249250620	1	1	0	3
2	20016	89132280	2	1	1	3
2	89132281	89159122	1	1	0	1
2	89159123	89160115	1	1	0	2
2	89160116	89161436	1	1	0	2
2	89161437	89291928	1	1	0	2
2	89291929	90208664	2	1	1	2
2	90208665	90260250	1	1	0	2
2	90260251	90499999	2	1	1	2
2	90500000	96799999	2	1	1	3
2	96800000	140594252	2	1	1	3
2	140594253	151008150	1	1	0	3
2	151008151	242991411	2	1	1	3
3	100074	22180015	2	1	1	3
3	22180016	22499982	1	1	0	2
3	22499983	46004373	2	1	1	3
3	46004374	46006336	2	1	1	3
3	46006337	87899999	2	1	1	3
3	87900000	93899999	NA	NA	NA	NA
3	93900000	187462612	3	2	1	3
3	187462613	187462655	3	2	1	2
3	187462656	198022429	2	1	1	3
4	49606	48199999	2	1	1	3
4	48200000	52699999	NA	NA	NA	NA
4	52700000	69373601	1	1	0	2
4	69373602	191154275	1	1	0	2
5	22500	850556	2	1	1	2
5	850557	18270160	2	1	1	3
5	18270161	18271272	2	1	1	3
5	18271273	33848761	2	1	1	3
5	33848762	34132033	1	1	0	2
5	34132034	40569553	2	1	1	3
5	40569554	40666269	1	1	0	3
5	40666270	46099999	2	1	1	3
5	46100000	51492382	NA	NA	NA	NA
5	51492383	51550685	1	1	0	3
5	51550686	105454833	2	1	1	3
5	105454834	105459115	2	1	1	3
5	105459116	165304772	2	1	1	3
5	165304773	165305896	2	1	1	3
5	165305897	180689978	2	1	1	3
6	39681	201975	2	1	1	1
6	201976	32920673	2	1	1	3
6	32920674	32921118	2	1	1	3
6	32921119	32922184	2	1	1	2
6	32922185	56822731	2	1	1	3
6	56822732	56822791	1	1	0	2
6	56822792	56857625	1	1	0	3
6	56857626	58699999	2	1	1	3
6	58700000	63299999	2	1	1	3
6	63300000	100385555	2	1	1	3
6	100385556	108229926	1	1	0	3
6	108229927	154634686	2	1	1	3
6	154634687	154635816	2	1	1	3
6	154635817	170899934	2	1	1	3
7	40386	55639193	2	1	1	3
7	55639194	55639210	2	1	1	3
7	55639211	57999999	2	1	1	3
7	58000000	61699999	2	1	1	3
7	61700000	87339222	2	1	1	3
7	87339223	87339235	2	1	1	3
7	87339236	136949171	2	1	1	3
7	136949172	136951045	2	1	1	3
7	136951046	158821400	2	1	1	3
8	10001	170011	1	1	0	2
8	170012	43099999	1	1	0	2
8	43100000	48099999	1	1	0	2
8	48100000	67653623	1	1	0	2
8	67653624	96842211	2	1	1	3
8	96842212	96851549	2	1	1	1
8	96851550	113887460	2	1	1	3
8	113887461	113894995	2	1	1	3
8	113894996	128688330	2	1	1	3
8	128688331	128688376	2	1	1	3
8	128688377	146364021	2	1	1	3
9	47500	21680177	2	1	1	2
9	21680178	21853661	1	1	0	3
9	21853662	22911709	0	0	0	2
9	22911710	23518202	1	1	0	2
9	23518203	44056601	2	1	1	3
9	44056602	47299999	2	1	1	2
9	47300000	50699999	2	1	1	2
9	50700000	140273200	2	1	1	3
10	90127	34345106	2	1	1	3
10	34345107	34375348	2	1	1	3
10	34375349	37999999	2	1	1	3
10	38000000	42299999	2	1	1	3
10	42300000	135389924	2	1	1	3
11	190010	51599999	2	1	1	3
11	51600000	55699999	2	1	1	3
11	55700000	134452200	2	1	1	3
12	110107	20056001	2	1	1	3
12	20056002	20239041	1	1	0	2
12	20239042	33299999	2	1	1	3
12	33300000	38199999	2	1	1	3
12	38200000	75255745	2	1	1	3
12	75255746	75259526	2	1	1	3
12	75259527	132349400	2	1	1	3
12	132349401	133851894	2	1	1	3
13	1	16299999	1	1	0	1
13	16300000	20155004	NA	NA	NA	NA
13	20155005	20210261	2	1	1	2
13	20210262	114142800	2	1	1	3
13	114142801	115169877	2	1	1	3
14	1	16099999	2	1	1	1
14	16100000	19099999	2	1	1	1
14	19100000	35587770	2	1	1	3
14	35587771	35589287	2	1	1	2
14	35589288	75294681	2	1	1	3
14	75294682	75400640	1	1	0	2
14	75400641	106211773	2	1	1	3
14	106211774	106239725	2	1	1	2
14	106239726	106326769	2	1	1	2
14	106326770	106326809	2	1	1	2
14	106326810	106330468	2	1	1	1
14	106330469	106330512	2	2	0	1
14	106330513	106370357	2	2	0	1
14	106370358	106370539	2	2	0	1
14	106370540	106570234	2	2	0	2
14	106570235	106605004	2	2	0	2
14	106605005	107062125	2	2	0	2
14	107062126	107062176	2	2	0	1
15	1	15799999	2	1	1	1
15	15800000	20699999	2	1	1	2
15	20700000	38313874	2	1	1	3
15	38313875	38314662	2	1	1	3
15	38314663	100338800	2	1	1	3
15	100338801	102531391	2	1	1	3
16	100010	34599999	2	1	1	3
16	34600000	38599999	2	1	1	3
16	38600000	46387500	2	1	1	2
16	46387501	88827200	1	1	0	3
16	88827201	90354752	1	1	0	3
17	1869	7464158	2	1	1	3
17	7464159	7464199	2	1	1	2
17	7464200	9923912	1	1	0	3
17	9923913	22199999	2	1	1	3
17	22200000	25799999	2	1	1	3
17	25800000	46626413	2	1	1	3
17	46626414	46632871	2	1	1	2
17	46632872	46645950	2	1	1	2
17	46645951	46676764	2	1	1	2
17	46676765	65367166	2	1	1	3
17	65367167	78774600	2	1	1	3
17	78774601	81195209	2	1	1	3
18	27500	7679988	1	1	0	3
18	7679989	13130173	2	1	1	3
18	13130174	13151483	1	1	0	2
18	13151484	15399999	2	1	1	3
18	15400000	18999999	2	1	1	3
18	19000000	76117000	2	1	1	3
18	76117001	78077247	2	1	1	3
19	102500	260136	2	1	1	2
19	260137	2040006	2	1	1	2
19	2040007	2214241	1	1	0	3
19	2214242	7857568	2	1	1	3
19	7857569	7862452	2	1	1	2
19	7862453	19206410	2	1	1	3
19	19206411	19283922	1	1	0	2
19	19283923	24399999	2	1	1	3
19	24400000	28599999	2	1	1	2
19	28600000	34483274	2	1	1	3
19	34483275	34535674	2	1	1	1
19	34535675	57241086	2	1	1	3
19	57241087	57263522	1	1	0	3
19	57263523	59128982	2	1	1	3
20	17500	25599999	2	1	1	2
20	25600000	29399999	2	1	1	3
20	29400000	62432500	2	1	1	2
21	1	9417499	NA	NA	NA	NA
21	9417500	10899999	NA	NA	NA	NA
21	10900000	14299999	2	1	1	2
21	14300000	46937500	2	1	1	3
21	46937501	48129894	2	1	1	2
22	1	12199999	2	1	1	1
22	12200000	17899999	2	1	1	3
22	17900000	23165769	2	1	1	3
22	23165770	23247168	1	1	0	3
22	23247169	28619665	2	1	1	3
22	28619666	28625297	2	1	1	1
22	28625298	49500773	2	1	1	3
22	49500774	50289964	1	1	0	3
22	50289965	51304565	2	1	1	2
X	1	12019520	1	1	0	2
X	12019521	23578072	1	1	0	2
X	23578073	53483395	1	1	0	2
X	53483396	53496080	1	1	0	2
X	53496081	58099999	1	1	0	2
X	58100000	62999999	1	1	0	2
X	63000000	77094756	1	1	0	2
X	77094757	77127262	0	0	0	2
X	77127263	154929638	1	1	0	2
