chromosome	start	end	total_cn	major_cn	minor_cn	star
1	1	810780	2	1	1	2
1	810781	9859409	2	1	1	2
1	9859410	9860875	2	1	1	2
1	9860876	26664287	2	1	1	2
1	26664288	27195969	1	1	0	2
1	27195970	43833505	2	1	1	2
1	43833506	43984480	2	1	1	2
1	43984481	48481976	2	1	1	2
1	48481977	103559564	2	1	1	2
1	103559565	121499999	2	1	1	2
1	121500000	128899999	2	1	1	2
1	128900000	143752499	2	1	1	2
1	143752500	155330888	2	1	1	2
1	155330889	155332546	2	1	1	2
1	155332547	159453608	2	1	1	2
1	159453609	159456827	2	1	1	2
1	159456828	174168713	2	1	1	2
1	174168714	174179329	2	1	1	2
1	174179330	186794456	2	1	1	2
1	186794457	201111077	2	1	1	2
1	201111078	201267420	1	1	0	2
1	201267421	201935126	2	1	1	2
1	201935127	201937791	2	1	1	2
1	201937792	208593965	2	1	1	2
1	208593966	234579989	1	1	0	3
1	234579990	235170030	1	1	0	2
1	235170031	245853310	1	1	0	2
1	245853311	246385307	1	1	0	2
1	246385308	247249600	1	1	0	2
1	247249601	249250620	1	1	0	3
2	10797	21482767	3	2	1	2
2	21482768	43415666	2	1	1	2
2	43415667	43453906	3	2	1	1
2	43453907	57986585	2	1	1	2
2	57986586	60455603	2	1	1	3
2	60455604	60462005	3	2	1	1
2	60462006	61162162	2	1	1	3
2	61162163	64976983	2	1	1	2
2	64976984	66795419	1	1	0	3
2	66795420	75593384	2	1	1	2
2	75593385	90499999	2	1	1	2
2	90500000	96799999	2	1	1	2
2	96800000	101747291	2	1	1	2
2	101747292	108362467	1	1	0	2
2	108362468	111134955	2	1	1	2
2	111134956	111662899	1	1	0	2
2	111662900	111663780	1	1	0	2
2	111663781	113690259	1	1	0	2
2	113690260	115485158	2	1	1	2
2	115485159	123942409	1	1	0	2
2	123942410	123942675	1	1	0	2
2	123942676	127546901	1	1	0	2
2	127546902	127548591	1	1	0	2
2	127548592	148674797	1	1	0	2
2	148674798	148675126	1	1	0	3
2	148675127	202108098	1	1	0	2
2	202108099	202110894	1	1	0	2
2	202110895	230956682	1	1	0	2
2	230956683	232313961	2	1	1	2
2	232313962	232314114	2	1	1	2
2	232314115	242901000	2	1	1	2
3	62309	3241634	1	1	0	2
3	3241635	3255634	1	1	0	2
3	3255635	7927673	1	1	0	2
3	7927674	47382930	2	2	0	2
3	47382931	53139336	2	2	0	2
3	53139337	56513454	1	1	0	3
3	56513455	56533763	1	1	0	3
3	56533764	71061992	1	1	0	2
3	71061993	71273139	0	0	0	2
3	71273140	82918100	1	1	0	2
3	82918101	87899999	1	1	0	2
3	87900000	93899999	1	1	0	2
3	93900000	118220083	1	1	0	2
3	118220084	118302650	2	1	1	2
3	118302651	118307386	3	2	1	2
3	118307387	123592950	3	2	1	2
3	123592951	133034386	3	2	1	2
3	133034387	133260653	3	2	1	2
3	133260654	141964997	3	2	1	2
3	141964998	141967415	3	2	1	2
3	141967416	148614601	4	3	1	2
3	148614602	164078188	4	3	1	2
3	164078189	187720896	4	3	1	2
3	187720897	187727140	5	4	1	2
3	187727141	188141110	4	3	1	2
3	188141111	188145405	4	3	1	1
3	188145406	195029437	4	3	1	2
3	195029438	195344103	4	3	1	2
3	195344104	197809220	5	3	2	1
4	27500	101260	3	3	0	2
4	101261	404940	3	3	0	2
4	404941	2714613	3	3	0	2
4	2714614	2715400	3	3	0	2
4	2715401	2786628	2	2	0	2
4	2786629	12745255	2	2	0	2
4	12745256	18626264	1	1	0	2
4	18626265	18816901	0	0	0	2
4	18816902	23773638	1	1	0	2
4	23773639	23774458	1	1	0	2
4	23774459	46672620	1	1	0	2
4	46672621	48199999	2	1	1	2
4	48200000	52699999	2	1	1	2
4	52700000	53751060	2	1	1	2
4	53751061	53752735	2	1	1	2
4	53752736	58547807	2	1	1	2
4	58547808	58549448	2	1	1	2
4	58549449	58815066	2	1	1	2
4	58815067	62636021	1	1	0	2
4	62636022	62679464	1	1	0	2
4	62679465	66817883	1	1	0	2
4	66817884	66818109	1	1	0	2
4	66818110	174935889	1	1	0	2
4	174935890	174947488	1	1	0	2
4	174947489	191154275	1	1	0	2
5	20267	7627961	3	2	1	3
5	7627962	7693965	2	1	1	2
5	7693966	7736297	3	2	1	2
5	7736298	16727816	3	2	1	3
5	16727817	36839079	3	2	1	2
5	36839080	46099999	2	1	1	3
5	46100000	50699999	2	1	1	2
5	50700000	52839004	2	1	1	3
5	52839005	173266806	1	1	0	2
5	173266807	178808787	2	1	1	2
5	178808788	178808918	2	1	1	2
5	178808919	180711115	2	1	1	2
6	97750	19774682	2	1	1	2
6	19774683	23891200	2	1	1	2
6	23891201	30969729	2	1	1	2
6	30969730	31332994	3	2	1	2
6	31332995	32988279	3	2	1	2
6	32988280	56479991	2	1	1	3
6	56479992	58037057	2	1	1	3
6	58037058	63299999	2	1	1	2
6	63300000	67229979	2	1	1	2
6	67229980	93314181	2	1	1	3
6	93314182	112713355	2	1	1	3
6	112713356	113501560	1	1	0	3
6	113501561	122824322	2	1	1	2
6	122824323	123544857	2	1	1	2
6	123544858	139989481	2	1	1	2
6	139989482	170904958	2	1	1	2
7	40386	16429982	2	1	1	3
7	16429983	23703017	2	1	1	3
7	23703018	23793255	1	1	0	2
7	23793256	28299928	2	1	1	3
7	28299929	28342553	2	1	1	3
7	28342554	33147303	2	1	1	3
7	33147304	33424154	2	1	1	2
7	33424155	57999999	2	1	1	3
7	58000000	61699999	2	1	1	2
7	61700000	67788379	2	1	1	2
7	67788380	98611511	1	1	0	2
7	98611512	98615699	1	1	0	2
7	98615700	112704101	1	1	0	2
7	112704102	112736710	2	2	0	2
7	112736711	158821400	1	1	0	2
8	10001	161949	1	1	0	2
8	161950	540512	1	1	0	2
8	540513	2477654	1	1	0	3
8	2477655	13373179	2	1	1	2
8	13373180	43099999	2	1	1	2
8	43100000	48099999	2	1	1	2
8	48100000	79309047	2	1	1	2
8	79309048	112383847	2	1	1	2
8	112383848	120759962	2	1	1	2
8	120759963	135082696	2	1	1	2
8	135082697	137730023	2	1	1	2
8	137730024	146364021	2	1	1	2
9	59860	203638	1	1	0	2
9	203639	18875834	1	1	0	2
9	18875835	18970037	0	0	0	2
9	18970038	34422017	1	1	0	2
9	34422018	47299999	1	1	0	2
9	47300000	50699999	1	1	0	2
9	50700000	66462499	1	1	0	2
9	66462500	103617684	1	1	0	3
9	103617685	119552808	1	1	0	3
9	119552809	140273200	1	1	0	3
10	90127	22621595	1	1	0	3
10	22621596	22805025	3	2	1	2
10	22805026	23559133	2	1	1	2
10	23559134	23593914	4	3	1	2
10	23593915	23602139	3	2	1	1
10	23602140	37999999	2	1	1	2
10	38000000	42299999	NA	NA	NA	NA
10	42300000	47542499	1	1	0	2
10	47542500	75651292	1	1	0	2
10	75651293	75803146	1	1	0	2
10	75803147	76956402	1	1	0	3
10	76956403	77370926	1	1	0	2
10	77370927	85180008	1	1	0	2
10	85180009	126086101	1	1	0	2
10	126086102	126086482	1	1	0	3
10	126086483	132958123	1	1	0	3
10	132958124	132987437	2	2	0	2
10	132987438	135403411	1	1	0	3
11	200289	50781999	1	1	0	2
11	50782000	51529983	2	1	1	2
11	51529984	55699999	2	1	1	2
11	55700000	77532834	2	1	1	2
11	77532835	108287422	2	1	1	2
11	108287423	108303665	3	2	1	2
11	108303666	117682294	2	1	1	2
11	117682295	118340731	3	2	1	2
11	118340732	127489304	2	1	1	2
11	127489305	134452200	1	1	0	2
12	110107	33299999	2	1	1	2
12	33300000	38199999	2	1	1	3
12	38200000	39233340	2	1	1	2
12	39233341	52909076	2	1	1	2
12	52909077	52910585	2	1	1	2
12	52910586	55664772	2	1	1	2
12	55664773	68144319	2	1	1	2
12	68144320	69636715	3	2	1	2
12	69636716	69997728	3	2	1	2
12	69997729	70011780	3	2	1	2
12	70011781	70012767	2	1	1	2
12	70012768	77961748	2	1	1	2
12	77961749	92250568	2	2	0	2
12	92250569	104531200	2	2	0	2
12	104531201	110543329	2	2	0	2
12	110543330	113957448	2	2	0	2
12	113957449	120411502	1	1	0	2
12	120411503	132349400	1	1	0	2
12	132349401	133851894	1	1	0	2
13	1	16299999	1	1	0	1
13	16300000	19499999	1	1	0	2
13	19500000	48721766	1	1	0	3
13	48721767	49101706	0	0	0	2
13	49101707	50501682	1	1	0	3
13	50501683	59735589	2	1	1	3
13	59735590	59740541	2	1	1	2
13	59740542	64133484	2	1	1	3
13	64133485	73498111	2	1	1	2
13	73498112	73498723	2	1	1	2
13	73498724	74213137	2	1	1	2
13	74213138	74272389	2	1	1	2
13	74272390	89976071	2	1	1	3
13	89976072	89977498	2	1	1	3
13	89977499	103685255	2	1	1	3
13	103685256	103693315	1	1	0	1
13	103693316	103697124	2	1	1	2
13	103697125	103697660	2	1	1	2
13	103697661	114142800	2	1	1	3
13	114142801	115169877	2	1	1	2
14	1	16099999	2	1	1	1
14	16100000	19099999	2	1	1	2
14	19100000	39195852	2	1	1	2
14	39195853	45814280	2	1	1	2
14	45814281	59220718	2	1	1	2
14	59220719	60899876	2	1	1	2
14	60899877	61072826	2	1	1	2
14	61072827	62170657	1	1	0	3
14	62170658	65154735	2	1	1	3
14	65154736	65579648	2	1	1	2
14	65579649	99259128	2	1	1	3
14	99259129	99260406	2	1	1	3
14	99260407	105944563	2	1	1	3
14	105944564	106368400	2	1	1	2
15	1	15799999	2	1	1	1
15	15800000	20699999	2	1	1	2
15	20700000	35620441	2	1	1	2
15	35620442	58724677	2	1	1	2
15	58724678	58743354	2	1	1	2
15	58743355	66030364	2	1	1	2
15	66030365	77142151	3	2	1	2
15	77142152	77158253	2	1	1	2
15	77158254	86589961	3	2	1	2
15	86589962	100374858	3	2	1	2
15	100374859	102531391	3	2	1	2
16	86361	8453025	2	1	1	2
16	8453026	12181341	2	1	1	2
16	12181342	15618472	2	1	1	2
16	15618473	15633425	2	1	1	2
16	15633426	17946636	2	1	1	2
16	17946637	19890707	2	1	1	2
16	19890708	20221627	2	1	1	2
16	20221628	20223619	2	1	1	2
16	20223620	20245368	2	1	1	2
16	20245369	21625118	2	1	1	2
16	21625119	22933565	1	1	0	3
16	22933566	34599999	2	1	1	3
16	34600000	38599999	2	1	1	3
16	38600000	51088572	2	1	1	2
16	51088573	51103673	2	1	1	2
16	51103674	53137953	2	1	1	2
16	53137954	74788134	2	1	1	2
16	74788135	74804022	2	1	1	2
16	74804023	76429994	2	1	1	3
16	76429995	77031324	2	1	1	3
16	77031325	79990822	2	1	1	3
16	79990823	83499547	2	1	1	3
16	83499548	86009516	2	1	1	2
16	86009517	87606142	2	1	1	2
16	87606143	88827200	2	1	1	2
16	88827201	90354752	2	1	1	2
17	12500	19600923	2	2	0	2
17	19600924	19603791	2	2	0	2
17	19603792	19710541	2	2	0	2
17	19710542	22199999	1	1	0	3
17	22200000	25799999	1	1	0	3
17	25800000	45828574	1	1	0	3
17	45828575	56887362	2	2	0	3
17	56887363	78178766	2	2	0	2
17	78178767	78774600	2	2	0	3
17	78774601	81195209	2	2	0	2
18	27500	15399999	2	1	1	3
18	15400000	18999999	2	1	1	3
18	19000000	22672304	2	1	1	3
18	22672305	22827998	2	1	1	2
18	22827999	76067000	2	1	1	3
18	76067001	78077247	2	1	1	2
19	102500	226775	3	2	1	2
19	226776	10620955	3	2	1	2
19	10620956	11121483	3	2	1	2
19	11121484	11253343	2	1	1	2
19	11253344	19173949	2	1	1	2
19	19173950	19174935	2	1	1	2
19	19174936	24399999	2	1	1	2
19	24400000	28599999	2	1	1	2
19	28600000	47582268	2	1	1	2
19	47582269	47592033	2	1	1	2
19	47592034	53420697	2	1	1	1
19	53420698	53428178	2	1	1	2
19	53428179	59033736	3	2	1	2
19	59033737	59039458	1	1	0	2
19	59039459	59057445	3	2	1	2
20	37417	7932283	4	3	1	2
20	7932284	8666205	3	2	1	2
20	8666206	8672826	3	2	1	2
20	8672827	8703029	3	2	1	2
20	8703030	8768490	3	2	1	2
20	8768491	22122504	3	2	1	2
20	22122505	22134072	3	2	1	2
20	22134073	25599999	3	2	1	2
20	25600000	29861759	3	2	1	2
20	29861760	30051023	3	2	1	2
20	30051024	31420152	4	3	1	2
20	31420153	31441874	4	3	1	2
20	31441875	34608916	3	2	1	1
20	34608917	35607498	3	2	1	2
20	35607499	49533441	3	2	1	2
20	49533442	49579256	2	2	0	2
20	49579257	51223242	3	2	1	2
20	51223243	52173232	1	1	0	2
20	52173233	62385800	3	2	1	2
21	1	9417499	NA	NA	NA	NA
21	9417500	10899999	NA	NA	NA	NA
21	10900000	14299999	2	1	1	2
21	14300000	28256602	2	1	1	2
21	28256603	28698561	2	1	1	2
21	28698562	29002199	1	1	0	2
21	29002200	31142445	2	1	1	3
21	31142446	31153258	2	1	1	2
21	31153259	46944200	2	1	1	3
21	46944201	48129894	2	1	1	2
22	1	12199999	2	1	1	1
22	12200000	17899999	2	1	1	2
22	17900000	22667355	2	1	1	2
22	22667356	29065489	3	2	1	2
22	29065490	29065792	3	2	1	2
22	29065793	31123458	3	2	1	2
22	31123459	32018716	3	2	1	1
22	32018717	32019869	3	2	1	2
22	32019870	32019937	3	2	1	2
22	32019938	38580038	3	2	1	2
22	38580039	39909708	2	1	1	2
22	39909709	50653959	3	2	1	2
22	50653960	50970512	3	2	1	1
X	1	11952825	1	1	0	3
X	11952826	11953148	1	1	0	3
X	11953149	53500975	1	1	0	3
X	53500976	53580003	1	1	0	1
X	53580004	58099999	1	1	0	3
X	58100000	62999999	1	1	0	3
X	63000000	155270559	1	1	0	3
Y	1	11599999	1	1	0	1
Y	11600000	13399999	1	1	0	1
Y	13400000	14873801	1	1	0	1
Y	14873802	59373565	NA	NA	NA	NA
