chromosome	start	end	total_cn	major_cn	minor_cn	star
1	10001	840008	2	1	1	2
1	840009	121499999	2	1	1	3
1	121500000	128899999	2	1	1	3
1	128900000	151967343	2	1	1	3
1	151967344	153683801	3	2	1	2
1	153683802	153689635	3	2	1	3
1	153689636	247247500	3	2	1	2
1	247247501	249250620	3	2	1	3
2	36045	90499999	2	1	1	3
2	90500000	96799999	2	1	1	3
2	96800000	208432904	2	1	1	3
2	208432905	208809557	3	2	1	3
2	208809558	242985493	2	1	1	2
3	100074	33420197	3	2	1	3
3	33420198	33421181	3	2	1	2
3	33421182	75756566	3	2	1	3
3	75756567	87899999	3	2	1	3
3	87900000	93899999	3	2	1	3
3	93900000	197847500	3	2	1	3
4	27500	48199999	2	1	1	3
4	48200000	52699999	2	1	1	3
4	52700000	190987500	2	1	1	3
5	14676	946820	3	2	1	2
5	946821	946975	3	2	1	2
5	946976	947004	3	2	1	2
5	947005	947112	3	2	1	2
5	947113	947867	2	1	1	2
5	947868	1307524	3	2	1	2
5	1307525	2355364	1	1	0	3
5	2355365	46099999	3	2	1	3
5	46100000	50699999	3	2	1	3
5	50700000	180689978	3	2	1	3
6	39681	253037	4	2	2	2
6	253038	391835	3	2	1	1
6	391836	58699999	4	2	2	2
6	58700000	64029619	4	2	2	3
6	64029620	64029784	4	2	2	3
6	64029785	64253230	4	2	2	2
6	64253231	64253283	4	2	2	2
6	64253284	64282661	2	2	0	3
6	64282662	64282767	2	2	0	2
6	64282768	64282863	2	2	0	2
6	64282864	64282928	2	2	0	2
6	64282929	64283297	2	2	0	2
6	64283298	170899934	2	2	0	3
7	40386	5533265	5	3	2	2
7	5533266	5534734	3	2	1	2
7	5534735	30682165	5	3	2	2
7	30682166	30684295	5	3	2	2
7	30684296	31115461	7	5	2	2
7	31115462	31115826	7	5	2	2
7	31115827	57999999	3	2	1	3
7	58000000	61699999	3	2	1	2
7	61700000	158817500	3	2	1	3
8	10001	170011	3	2	1	2
8	170012	18905924	3	2	1	2
8	18905925	41384105	1	1	0	2
8	41384106	43099999	3	2	1	2
8	43100000	48099999	3	2	1	2
8	48100000	145920574	3	2	1	2
9	10001	200100	2	1	1	2
9	200101	47190255	2	1	1	2
9	47190256	50699999	2	1	1	2
9	50700000	140267500	2	1	1	2
10	102500	37999999	2	1	1	3
10	38000000	42299999	2	1	1	2
10	42300000	131328960	2	1	1	3
10	131328961	131384329	1	1	0	2
10	131384330	135389924	2	1	1	3
11	20721	190009	2	1	1	2
11	190010	50095582	2	1	1	3
11	50095583	50297214	2	1	1	3
11	50297215	50299827	2	1	1	1
11	50299828	50301413	2	1	1	2
11	50301414	51599999	2	1	1	3
11	51600000	55699999	2	1	1	3
11	55700000	134442500	2	1	1	3
12	110107	180022	2	1	1	2
12	180023	33299999	2	1	1	2
12	33300000	38199999	2	1	1	2
12	38200000	46124737	2	1	1	2
12	46124738	46270355	1	1	0	2
12	46270356	132342500	2	1	1	2
12	132342501	133851894	2	1	1	3
13	1	16299999	2	1	1	1
13	16300000	19499999	2	1	1	3
13	19500000	114137500	2	1	1	3
13	114137501	115169877	2	1	1	3
14	1	16099999	2	1	1	1
14	16100000	19099999	2	1	1	2
14	19100000	64751566	2	1	1	3
14	64751567	64752873	2	1	1	2
14	64752874	65116956	2	1	1	3
14	65116957	65406312	3	2	1	2
14	65406313	106368400	2	1	1	3
15	1	15799999	2	1	1	1
15	15800000	20699999	2	1	1	2
15	20700000	73115992	2	1	1	3
15	73115993	73116655	2	1	1	3
15	73116656	100338800	2	1	1	3
15	100338801	102531391	2	1	1	3
16	100010	34599999	2	1	1	3
16	34600000	38599999	2	1	1	3
16	38600000	48034431	2	1	1	3
16	48034432	48034737	2	1	1	2
16	48034738	48034976	2	1	1	1
16	48034977	48548037	2	1	1	1
16	48548038	48551844	2	1	1	2
16	48551845	88827200	2	1	1	2
16	88827201	90354752	2	1	1	3
17	20080	22199999	2	1	1	2
17	22200000	25799999	2	1	1	3
17	25800000	78774600	2	1	1	3
17	78774601	81195209	2	1	1	3
18	27500	130030	2	1	1	2
18	130031	15399999	2	1	1	2
18	15400000	18999999	2	1	1	2
18	19000000	76117000	2	1	1	2
18	76117001	78077247	2	1	1	3
19	102500	4118038	3	2	1	2
19	4118039	4137263	5	4	1	2
19	4137264	20599264	3	2	1	2
19	20599265	24399999	3	2	1	2
19	24400000	28599999	3	2	1	3
19	28600000	51157621	3	2	1	3
19	51157622	53904991	3	2	1	3
19	53904992	53952498	3	2	1	3
19	53952499	59128982	3	2	1	3
20	17500	25599999	3	2	1	2
20	25600000	29399999	3	2	1	2
20	29400000	62432500	3	2	1	2
21	1	10899999	NA	NA	NA	NA
21	10900000	14299999	2	1	1	1
21	14300000	46937500	2	1	1	2
21	46937501	48129894	2	1	1	2
22	1	12199999	2	1	1	1
22	12200000	17899999	2	1	1	2
22	17900000	48876746	2	1	1	2
22	48876747	49687500	2	1	1	2
22	49687501	51304565	2	1	1	3
X	1	2700026	1	1	0	2
X	2700027	58099999	1	1	0	3
X	58100000	62999999	1	1	0	3
X	63000000	155270559	1	1	0	3
Y	1	11599999	2	2	0	2
Y	11600000	13399999	2	2	0	1
Y	13400000	59373565	2	2	0	2
