chromosome	start	end	total_cn	major_cn	minor_cn	star
1	10001	12946248	4	2	2	2
1	12946249	67264649	4	2	2	2
1	67264650	73818017	4	2	2	2
1	73818018	105904465	4	2	2	2
1	105904466	121499999	4	2	2	2
1	121500000	128899999	4	2	2	1
1	128900000	143384938	4	2	2	1
1	143384939	222724791	4	2	2	2
1	222724792	222726832	NA	NA	NA	NA
1	222726833	226354404	5	3	2	2
1	226354405	228841527	4	2	2	2
1	228841528	228859057	4	2	2	2
1	228859058	247247500	4	2	2	2
1	247247501	249250620	5	3	2	1
2	42991	90499999	4	2	2	2
2	90500000	96799999	4	2	2	1
2	96800000	138474656	4	2	2	2
2	138474657	164107715	3	2	1	2
2	164107716	185485417	4	2	2	2
2	185485418	185486780	4	2	2	1
2	185486781	212697003	4	2	2	2
2	212697004	212715587	2	2	0	1
2	212715588	242955889	4	2	2	2
3	24270	71296	1	1	0	1
3	71297	117973	1	1	0	1
3	117974	565933	4	2	2	2
3	565934	638079	2	2	0	2
3	638080	82652746	4	2	2	2
3	82652747	87899999	4	2	2	2
3	87900000	93899999	4	2	2	1
3	93900000	122134986	4	2	2	2
3	122134987	125745766	4	2	2	2
3	125745767	198022429	6	3	3	2
4	9997	60645	4	2	2	1
4	60646	48199999	4	2	2	2
4	48200000	52699999	4	2	2	1
4	52700000	112882674	4	2	2	2
4	112882675	112884141	4	2	2	1
4	112884142	126272954	4	2	2	2
4	126272955	126290952	2	2	0	2
4	126290953	126521096	4	2	2	2
4	126521097	126528421	4	2	2	2
4	126528422	142361111	4	2	2	2
4	142361112	142431721	4	2	2	2
4	142431722	191154275	4	2	2	2
5	22500	18919895	4	2	2	2
5	18919896	18921357	4	2	2	2
5	18921358	46099999	4	2	2	2
5	46100000	50699999	4	2	2	1
5	50700000	180689978	4	2	2	2
6	39681	219473	4	2	2	1
6	219474	58014242	4	2	2	2
6	58014243	63299999	4	2	2	2
6	63300000	78329677	4	2	2	2
6	78329678	78467007	4	2	2	2
6	78467008	81032019	4	2	2	2
6	81032020	83147497	2	2	0	2
6	83147498	83149433	2	2	0	1
6	83149434	118935617	2	2	0	2
6	118935618	143795470	4	2	2	2
6	143795471	143797160	4	2	2	1
6	143797161	170944634	4	2	2	2
7	40386	39803267	5	3	2	2
7	39803268	39812273	4	2	2	2
7	39812274	57999999	4	2	2	2
7	58000000	61699999	4	2	2	1
7	61700000	158789994	4	2	2	2
8	10001	176817	2	1	1	1
8	176818	1139308	2	1	1	2
8	1139309	12414431	3	2	1	2
8	12414432	26297841	3	2	1	2
8	26297842	43099999	4	2	2	2
8	43100000	48099999	4	2	2	1
8	48100000	68209967	4	2	2	2
8	68209968	80712499	4	2	2	2
8	80712500	83293085	6	3	3	1
8	83293086	101969434	5	3	2	2
8	101969435	101991378	2	2	0	1
8	101991379	109079401	6	4	2	1
8	109079402	109079426	6	4	2	2
8	109079427	113989449	6	4	2	2
8	113989450	114294206	6	4	2	2
8	114294207	137067500	6	4	2	2
8	137067501	146364021	4	2	2	2
9	47500	153638	4	2	2	1
9	153639	47299999	4	2	2	2
9	47300000	50699999	4	2	2	1
9	50700000	66849971	4	2	2	1
9	66849972	81498433	4	2	2	2
9	81498434	140223200	4	2	2	2
10	90127	37999999	4	2	2	2
10	38000000	42299999	4	2	2	2
10	42300000	135389924	4	2	2	2
11	20721	197336	4	2	2	1
11	197337	48899376	4	2	2	2
11	48899377	51599999	4	2	2	2
11	51600000	55699999	4	2	2	2
11	55700000	134442500	4	2	2	2
12	110107	4230437	4	2	2	2
12	4230438	4233728	4	2	2	1
12	4233729	33299999	4	2	2	2
12	33300000	38199999	4	2	2	1
12	38200000	114439316	4	2	2	2
12	114439317	132342500	4	2	2	2
12	132342501	133851894	3	2	1	1
13	1	16299999	NA	NA	NA	NA
13	16300000	19499999	4	2	2	2
13	19500000	28518800	4	2	2	2
13	28518801	31704347	4	2	2	2
13	31704348	32930022	2	2	0	2
13	32930023	33332406	0	0	0	2
13	33332407	58530264	2	2	0	2
13	58530265	114137500	4	2	2	2
13	114137501	115169877	3	2	1	1
14	1	16099999	NA	NA	NA	NA
14	16100000	19099999	4	3	1	1
14	19100000	20433515	4	3	1	1
14	20433516	31145535	4	2	2	2
14	31145536	31149494	4	2	2	1
14	31149495	37389359	4	2	2	2
14	37389360	37956156	4	2	2	2
14	37956157	38060023	4	2	2	1
14	38060024	106362500	4	2	2	2
15	1	15799999	NA	NA	NA	NA
15	15800000	20699999	4	2	2	2
15	20700000	32441243	4	2	2	2
15	32441244	45207986	4	2	2	2
15	45207987	92970966	4	2	2	2
15	92970967	92971631	4	2	2	2
15	92971632	100362680	4	2	2	2
15	100362681	102431166	4	2	2	1
16	98678	32367620	4	2	2	2
16	32367621	34599999	4	2	2	2
16	34600000	38599999	4	2	2	2
16	38600000	74654200	4	2	2	2
16	74654201	85959956	2	1	1	2
16	85959957	88822500	3	2	1	2
16	88822501	90354752	3	2	1	1
17	12500	22199999	4	2	2	2
17	22200000	25799999	4	2	2	1
17	25800000	57363991	4	2	2	2
17	57363992	57365706	4	2	2	2
17	57365707	78772500	4	2	2	2
17	78772501	81195209	5	3	2	1
18	27500	138600	4	2	2	2
18	138601	15399999	4	2	2	2
18	15400000	18999999	4	2	2	2
18	19000000	76134012	4	2	2	2
18	76134013	78077247	3	2	1	1
19	102500	285560	4	2	2	1
19	285561	24399999	4	2	2	2
19	24400000	28599999	4	2	2	1
19	28600000	59128982	4	2	2	2
20	17500	25599999	4	2	2	2
20	25600000	29463408	4	2	2	1
20	29463409	62432500	4	2	2	2
21	1	9417499	NA	NA	NA	NA
21	9417500	9856607	NA	NA	NA	NA
21	9856608	10899999	NA	NA	NA	NA
21	10900000	14299999	4	2	2	1
21	14300000	15373628	4	2	2	2
21	15373629	45202500	4	2	2	2
21	45202501	46937500	4	2	2	2
21	46937501	48129894	4	2	2	1
22	1	12199999	NA	NA	NA	NA
22	12200000	17899999	4	2	2	2
22	17900000	25539630	4	2	2	2
22	25539631	26005262	7	5	2	1
22	26005263	49670019	4	2	2	2
22	49670020	51304565	4	2	2	2
X	1	46049153	1	1	0	1
X	46049154	46049753	1	1	0	1
X	46049754	58099999	1	1	0	1
X	58100000	62999999	1	1	0	1
X	63000000	155270559	1	1	0	1
Y	1	11599999	NA	NA	NA	NA
Y	11600000	13399999	NA	NA	NA	NA
Y	13400000	59373565	NA	NA	NA	NA
