chromosome	start	end	total_cn	major_cn	minor_cn	star
1	1	790008	2	1	1	3
1	790009	31716803	2	1	1	2
1	31716804	49697341	3	2	1	2
1	49697342	49707921	3	2	1	2
1	49707922	49707999	3	2	1	2
1	49708000	50044316	3	2	1	2
1	50044317	50107313	3	2	1	2
1	50107314	107323078	3	2	1	2
1	107323079	115816370	3	2	1	2
1	115816371	121499999	4	2	2	2
1	121500000	128899999	4	2	2	2
1	128900000	142616801	4	2	2	2
1	142616802	143352801	4	2	2	2
1	143352802	247249600	4	2	2	2
1	247249601	249250620	4	2	2	2
2	11320	90499999	3	2	1	2
2	90500000	96799999	3	2	1	3
2	96800000	242984903	3	2	1	2
3	100074	87899999	3	2	1	2
3	87900000	93899999	NA	NA	NA	NA
3	93900000	140973925	4	2	2	3
3	140973926	141251589	5	3	2	2
3	141251590	198022429	4	2	2	3
4	27500	27442000	2	1	1	3
4	27442001	32359431	3	2	1	2
4	32359432	39324870	3	2	1	2
4	39324871	39990907	4	3	1	2
4	39990908	46504888	3	2	1	3
4	46504889	46941357	2	1	1	2
4	46941358	48199999	3	2	1	2
4	48200000	52699999	3	2	1	2
4	52700000	61662244	3	2	1	3
4	61662245	67313675	2	1	1	2
4	67313676	67537634	3	2	1	2
4	67537635	67601365	2	1	1	2
4	67601366	70843152	3	2	1	2
4	70843153	106591267	2	1	1	2
4	106591268	106748269	1	1	0	2
4	106748270	160689806	2	1	1	2
4	160689807	161001397	3	2	1	2
4	161001398	191154275	2	1	1	2
5	22500	263758	5	3	2	2
5	263759	17333818	4	2	2	2
5	17333819	17421578	5	3	2	2
5	17421579	46099999	4	2	2	3
5	46100000	50699999	NA	NA	NA	NA
5	50700000	167649083	3	2	1	2
5	167649084	167834908	4	3	1	2
5	167834909	180662500	3	2	1	2
6	39681	242500	4	2	2	2
6	242501	3277131	4	2	2	3
6	3277132	58699999	4	2	2	3
6	58700000	63299999	4	2	2	2
6	63300000	65825032	4	2	2	3
6	65825033	170869470	3	2	1	3
7	40386	2398211	3	2	1	2
7	2398212	7143254	4	2	2	3
7	7143255	7169129	3	2	1	2
7	7169130	7171472	3	2	1	2
7	7171473	7172355	3	2	1	2
7	7172356	7189971	3	2	1	2
7	7189972	7190072	3	2	1	2
7	7190073	9926455	3	2	1	2
7	9926456	10055056	4	2	2	2
7	10055057	10055397	4	2	2	2
7	10055398	10055635	4	2	2	2
7	10055636	10097854	4	2	2	2
7	10097855	10098327	4	2	2	2
7	10098328	10098370	4	2	2	2
7	10098371	10098473	4	2	2	2
7	10098474	10098877	4	2	2	2
7	10098878	10099136	4	2	2	2
7	10099137	10099190	4	2	2	2
7	10099191	10100065	4	2	2	1
7	10100066	10100245	4	2	2	1
7	10100246	10100654	3	2	1	2
7	10100655	10101100	3	2	1	2
7	10101101	11459935	3	2	1	2
7	11459936	35950064	4	2	2	2
7	35950065	48649785	3	2	1	3
7	48649786	48790554	4	2	2	2
7	48790555	48790664	4	2	2	2
7	48790665	48791259	4	2	2	1
7	48791260	48791275	4	2	2	1
7	48791276	57999999	3	2	1	2
7	58000000	61699999	3	2	1	2
7	61700000	158821400	3	2	1	3
8	10001	170011	2	2	0	3
8	170012	43099999	2	2	0	3
8	43100000	48099999	2	2	0	2
8	48100000	66924513	2	2	0	3
8	66924514	122014509	4	2	2	3
8	122014510	122377990	5	3	2	2
8	122377991	130458966	4	2	2	3
8	130458967	130459135	4	2	2	2
8	130459136	130459241	4	2	2	2
8	130459242	130582803	4	2	2	3
8	130582804	130616633	4	2	2	2
8	130616634	135387973	3	2	1	2
8	135387974	135782901	4	2	2	3
8	135782902	135782913	4	2	2	3
8	135782914	135985674	4	2	2	2
8	135985675	135995961	4	2	2	2
8	135995962	136040120	4	2	2	2
8	136040121	136042239	4	2	2	2
8	136042240	138271079	4	2	2	3
8	138271080	138271759	4	2	2	3
8	138271760	146364021	4	2	2	3
9	47500	238817	3	3	0	1
9	238818	24123026	3	2	1	2
9	24123027	24327329	4	2	2	2
9	24327330	28262961	4	2	2	2
9	28262962	34620818	3	2	1	2
9	34620819	47299999	4	2	2	2
9	47300000	50699999	4	2	2	2
9	50700000	140273200	4	2	2	2
10	94426	37999999	3	2	1	3
10	38000000	42387499	3	2	1	2
10	42387500	64271787	3	2	1	2
10	64271788	64358025	13	11	2	2
10	64358026	64392314	16	14	2	1
10	64392315	64400999	23	21	2	1
10	64401000	64449855	23	21	2	1
10	64449856	64486413	23	21	2	1
10	64486414	64489902	3	2	1	1
10	64489903	64591430	3	2	1	2
10	64591431	64604164	14	11	3	1
10	64604165	64647683	13	11	2	2
10	64647684	64718407	9	7	2	2
10	64718408	64725194	3	2	1	1
10	64725195	64731540	3	2	1	1
10	64731541	64733286	3	2	1	2
10	64733287	71169926	3	2	1	3
10	71169927	73755744	4	2	2	2
10	73755745	74118263	5	3	2	2
10	74118264	77302350	4	2	2	3
10	77302351	78297368	5	3	2	2
10	78297369	78309284	4	2	2	2
10	78309285	78487132	12	10	2	2
10	78487133	115848656	3	2	1	3
10	115848657	115958534	3	2	1	1
10	115958535	133899385	3	2	1	2
10	133899386	135389924	4	2	2	2
11	20721	197336	4	2	2	2
11	197337	51599999	4	2	2	3
11	51600000	56229234	NA	NA	NA	NA
11	56229235	60534317	2	2	0	2
11	60534318	63188834	4	2	2	2
11	63188835	64829981	2	2	0	3
11	64829982	65145826	4	2	2	2
11	65145827	66905423	2	2	0	2
11	66905424	67677036	4	2	2	2
11	67677037	68538868	6	4	2	2
11	68538869	69283371	8	6	2	2
11	69283372	70730464	6	4	2	2
11	70730465	74366067	4	2	2	3
11	74366068	75123312	4	2	2	3
11	75123313	75647810	4	2	2	3
11	75647811	76935081	6	4	2	2
11	76935082	77426199	4	2	2	2
11	77426200	134452200	2	2	0	2
12	110107	19515775	3	2	1	2
12	19515776	22819289	3	2	1	2
12	22819290	33299999	4	2	2	3
12	33300000	38199999	NA	NA	NA	NA
12	38200000	87325268	3	2	1	2
12	87325269	88310670	2	1	1	2
12	88310671	132349400	3	2	1	2
12	132349401	133851894	3	2	1	2
13	1	16299999	2	2	0	1
13	16300000	19499999	2	2	0	2
13	19500000	69246786	2	2	0	2
13	69246787	114142800	2	2	0	2
13	114142801	115169877	2	2	0	3
14	1	16099999	4	2	2	1
14	16100000	19099999	4	2	2	2
14	19100000	19153802	4	2	2	2
14	19153803	20453721	4	2	2	2
14	20453722	106368400	4	2	2	2
15	1	15799999	3	3	0	1
15	15800000	20699999	NA	NA	NA	NA
15	20700000	21204401	2	2	0	1
15	21204402	22647601	1	1	0	1
15	22647602	32697868	4	2	2	2
15	32697869	72837741	2	2	0	2
15	72837742	72838277	2	2	0	2
15	72838278	76334426	2	2	0	2
15	76334427	76978143	2	2	0	2
15	76978144	100338800	4	2	2	3
15	100338801	102391924	4	2	2	3
16	94080	2044475	2	1	1	2
16	2044476	7151420	3	2	1	2
16	7151421	7156181	2	1	1	2
16	7156182	7164242	3	2	1	2
16	7164243	21162857	3	2	1	2
16	21162858	21163590	3	2	1	2
16	21163591	21166048	3	2	1	2
16	21166049	21183027	2	1	1	2
16	21183028	21304973	2	1	1	2
16	21304974	28714202	2	1	1	3
16	28714203	30782621	3	2	1	2
16	30782622	30839766	4	2	2	2
16	30839767	34599999	2	1	1	2
16	34600000	38599999	2	1	1	2
16	38600000	53836588	2	1	1	2
16	53836589	53914022	3	2	1	2
16	53914023	54851668	2	1	1	2
16	54851669	55723291	3	2	1	3
16	55723292	56711223	2	1	1	2
16	56711224	56853190	3	2	1	2
16	56853191	67546633	2	1	1	2
16	67546634	68290087	3	2	1	2
16	68290088	69745035	2	1	1	2
16	69745036	88827200	2	1	1	3
16	88827201	90354752	2	1	1	3
17	12500	1947477	3	2	1	2
17	1947478	22199999	2	2	0	3
17	22200000	25799999	NA	NA	NA	NA
17	25800000	30124648	4	3	1	2
17	30124649	31324507	5	3	2	2
17	31324508	78774600	4	3	1	2
17	78774601	81195209	4	3	1	2
18	27500	80030	11	9	2	1
18	80031	714361	3	2	1	2
18	714362	980680	13	11	2	1
18	980681	4875159	8	7	1	2
18	4875160	14133492	8	7	1	2
18	14133493	15026919	9	7	2	1
18	15026920	18999999	NA	NA	NA	NA
18	19000000	19381561	11	9	2	2
18	19381562	19962201	11	9	2	2
18	19962202	20084386	3	2	1	2
18	20084387	20097764	6	4	2	1
18	20097765	20580125	5	4	1	2
18	20580126	20987215	5	4	1	2
18	20987216	21562520	6	5	1	3
18	21562521	21608030	6	5	1	2
18	21608031	22126880	13	11	2	1
18	22126881	22338631	14	12	2	1
18	22338632	22346008	13	11	2	2
18	22346009	22445023	13	11	2	1
18	22445024	22495022	13	11	2	1
18	22495023	22562203	10	9	1	2
18	22562204	26963450	2	1	1	2
18	26963451	27213969	3	2	1	2
18	27213970	76117000	1	1	0	2
18	76117001	78077247	1	1	0	3
19	102500	291500	8	7	1	2
19	291501	572855	8	7	1	2
19	572856	599379	8	7	1	2
19	599380	625330	8	7	1	2
19	625331	662441	11	9	2	1
19	662442	707141	10	8	2	1
19	707142	793018	3	2	1	2
19	793019	843202	4	3	1	2
19	843203	937582	4	3	1	2
19	937583	5802811	1	1	0	3
19	5802812	6838743	2	2	0	2
19	6838744	7167479	3	2	1	2
19	7167480	9280016	2	1	1	3
19	9280017	10938092	6	5	1	2
19	10938093	12415497	4	3	1	2
19	12415498	13341118	6	5	1	2
19	13341119	13376828	6	5	1	1
19	13376829	13377075	7	6	1	2
19	13377076	14512894	7	6	1	2
19	14512895	15284981	8	6	2	2
19	15284982	15624548	4	2	2	2
19	15624549	15625092	4	2	2	2
19	15625093	15675288	3	2	1	1
19	15675289	15932887	3	2	1	2
19	15932888	18226538	2	1	1	3
19	18226539	21838976	3	2	1	2
19	21838977	21879492	2	1	1	2
19	21879493	21879924	2	1	1	2
19	21879925	24130128	2	1	1	3
19	24130129	24399999	7	5	2	1
19	24400000	28599999	7	5	2	2
19	28600000	29971181	7	5	2	2
19	29971182	29979241	6	4	2	2
19	29979242	29992023	7	5	2	2
19	29992024	30347515	6	4	2	2
19	30347516	32343182	3	2	1	2
19	32343183	32811027	4	2	2	3
19	32811028	32831463	4	2	2	2
19	32831464	32901621	4	2	2	2
19	32901622	33422685	10	8	2	2
19	33422686	33426445	9	6	3	1
19	33426446	33894526	7	5	2	2
19	33894527	37687327	4	2	2	2
19	37687328	37689089	4	2	2	2
19	37689090	38797290	10	8	2	2
19	38797291	39582508	17	15	2	2
19	39582509	39794363	16	14	2	2
19	39794364	40097954	20	17	3	1
19	40097955	40187186	27	24	3	1
19	40187187	40351121	17	15	2	2
19	40351122	40353830	17	15	2	2
19	40353831	40604557	28	25	3	1
19	40604558	40693233	29	26	3	1
19	40693234	40712427	20	17	3	1
19	40712428	41404651	20	17	3	1
19	41404652	41405417	2	2	0	1
19	41405418	59089096	2	2	0	2
20	38465	11631346	2	2	0	2
20	11631347	11644136	4	2	2	2
20	11644137	12856530	4	2	2	2
20	12856531	22493154	2	2	0	2
20	22493155	25123799	3	2	1	3
20	25123800	25320249	4	2	2	2
20	25320250	25599999	3	2	1	3
20	25600000	29399999	NA	NA	NA	NA
20	29400000	35407491	4	2	2	3
20	35407492	49993306	3	2	1	2
20	49993307	52551822	4	2	2	3
20	52551823	53485504	3	2	1	2
20	53485505	57506666	4	2	2	3
20	57506667	57795075	3	2	1	2
20	57795076	58477707	3	2	1	2
20	58477708	58954380	4	2	2	3
20	58954381	59639368	3	2	1	3
20	59639369	62432500	4	2	2	2
21	1	9417499	NA	NA	NA	NA
21	9417500	10899999	NA	NA	NA	NA
21	10900000	14299999	2	2	0	1
21	14300000	16225802	4	2	2	3
21	16225803	19305956	3	2	1	2
21	19305957	21985210	4	2	2	2
21	21985211	21991576	5	3	2	2
21	21991577	22669243	6	4	2	2
21	22669244	23118351	5	3	2	2
21	23118352	23199823	9	7	2	1
21	23199824	23270539	14	11	3	1
21	23270540	23377722	14	12	2	2
21	23377723	23383001	12	10	2	1
21	23383002	23409711	12	10	2	1
21	23409712	24006095	12	10	2	2
21	24006096	24127571	12	10	2	2
21	24127572	26962001	8	6	2	2
21	26962002	27422544	8	6	2	2
21	27422545	46937500	3	2	1	3
21	46937501	48129894	3	2	1	2
22	1	12199999	3	2	1	1
22	12200000	17899999	3	2	1	3
22	17900000	18585231	3	2	1	2
22	18585232	19421585	4	2	2	3
22	19421586	20714001	3	2	1	3
22	20714002	22658160	4	2	2	3
22	22658161	29396673	6	4	2	3
22	29396674	31255746	4	2	2	3
22	31255747	31258645	4	2	2	1
22	31258646	31260812	2	2	0	1
22	31260813	32392437	2	2	0	3
22	32392438	34358129	4	2	2	2
22	34358130	49687500	2	2	0	3
22	49687501	51304565	2	2	0	3
X	1	2715601	2	2	0	1
X	2715602	58099999	2	2	0	2
X	58100000	62999999	NA	NA	NA	NA
X	63000000	122206999	1	1	0	2
X	122207000	155270559	2	2	0	2
Y	1	11599999	1	1	0	1
Y	11600000	13399999	1	1	0	1
Y	13400000	59373565	1	1	0	1
