chromosome	start	end	total_cn	major_cn	minor_cn	star
1	1	72932551	3	2	1	3
1	72932552	73207505	4	3	1	3
1	73207506	120206004	3	2	1	3
1	120206005	120217045	3	2	1	2
1	120217046	120398356	2	2	0	3
1	120398357	120581402	5	3	2	2
1	120581403	128899999	5	3	2	2
1	128900000	143536938	5	3	2	2
1	143536939	144815601	5	4	1	1
1	144815602	145399052	7	4	3	1
1	145399053	145684512	8	5	3	2
1	145684513	146466201	5	3	2	1
1	146466202	147422830	8	5	3	2
1	147422831	149267500	4	3	1	2
1	149267501	149708002	5	4	1	1
1	149708003	150205835	7	4	3	1
1	150205836	150290202	6	4	2	1
1	150290203	150291080	1	1	0	1
1	150291081	150292189	6	4	2	1
1	150292190	150346894	8	5	3	1
1	150346895	150379461	6	3	3	2
1	150379462	150849581	8	5	3	2
1	150849582	151380978	6	3	3	2
1	151380979	151666614	8	5	3	2
1	151666615	151849519	6	3	3	2
1	151849520	153643497	8	5	3	2
1	153643498	153946942	6	3	3	2
1	153946943	154173643	9	5	4	1
1	154173644	154400273	6	3	3	2
1	154400274	154943245	8	5	3	2
1	154943246	155128647	6	3	3	2
1	155128648	155213609	8	5	3	1
1	155213610	156107533	6	3	3	2
1	156107534	156272615	4	3	1	2
1	156272616	157981011	6	3	3	2
1	157981012	158420934	8	5	3	2
1	158420935	160006637	6	3	3	2
1	160006638	166442561	4	3	1	2
1	166442562	171089919	6	3	3	2
1	171089920	173515036	4	3	1	2
1	173515037	175000011	6	3	3	2
1	175000012	175129996	8	5	3	2
1	175129997	175385937	6	3	3	2
1	175385938	175695958	8	5	3	2
1	175695959	176726645	6	3	3	2
1	176726646	176729191	4	2	2	2
1	176729192	177196603	6	3	3	2
1	177196604	180490410	4	3	1	2
1	180490411	181960001	6	3	3	2
1	181960002	182975602	8	5	3	2
1	182975603	184351430	6	3	3	2
1	184351431	184668601	4	3	1	2
1	184668602	184668640	4	2	2	2
1	184668641	185075524	6	3	3	2
1	185075525	185076936	6	3	3	2
1	185076937	185637530	6	3	3	2
1	185637531	190971156	4	3	1	2
1	190971157	193305912	6	3	3	2
1	193305913	193777078	8	5	3	2
1	193777079	193777625	8	5	3	1
1	193777626	194634071	6	3	3	2
1	194634072	200000785	4	3	1	2
1	200000786	202315541	6	3	3	2
1	202315542	204187571	4	3	1	2
1	204187572	207487221	6	3	3	2
1	207487222	214518969	4	3	1	2
1	214518970	215278192	6	3	3	2
1	215278193	215281902	6	3	3	2
1	215281903	215725964	6	3	3	2
1	215725965	216819658	4	3	1	2
1	216819659	218598294	6	3	3	2
1	218598295	218598454	6	3	3	2
1	218598455	221471939	6	3	3	2
1	221471940	221906862	4	3	1	2
1	221906863	222711303	6	3	3	2
1	222711304	222712829	6	3	3	2
1	222712830	223841117	6	3	3	2
1	223841118	224469649	8	5	3	2
1	224469650	226535787	6	3	3	2
1	226535788	230496490	4	3	1	2
1	230496491	231200299	6	3	3	2
1	231200300	231204496	7	4	3	1
1	231204497	231634075	6	3	3	2
1	231634076	231968308	8	5	3	2
1	231968309	236830955	6	3	3	2
1	236830956	237995869	4	3	1	2
1	237995870	238780175	6	3	3	2
1	238780176	239265684	4	3	1	2
1	239265685	240399403	6	3	3	2
1	240399404	242156686	4	3	1	2
1	242156687	242239619	3	3	0	3
1	242239620	243056541	4	3	1	2
1	243056542	244283502	6	3	3	2
1	244283503	245161672	8	5	3	2
1	245161673	245165186	6	4	2	2
1	245165187	245938901	6	3	3	2
1	245938902	247388321	8	5	3	2
1	247388322	247391209	4	3	1	1
1	247391210	247510946	4	3	1	2
1	247510947	249250620	6	3	3	2
2	55926	80760358	3	2	1	3
2	80760359	80776801	3	2	1	2
2	80776802	89879401	3	2	1	3
2	89879402	90499999	3	2	1	3
2	90500000	96799999	3	2	1	2
2	96800000	237360100	3	2	1	3
2	237360101	237706565	2	1	1	2
2	237706566	238450411	3	2	1	3
2	238450412	238826098	2	1	1	3
2	238826099	242985493	3	2	1	2
3	60596	21980017	3	2	1	3
3	21980018	21993640	3	2	1	2
3	21993641	34154330	3	2	1	3
3	34154331	34180205	3	2	1	1
3	34180206	87899999	3	2	1	3
3	87900000	93899999	3	2	1	2
3	93900000	96236934	3	2	1	3
3	96236935	96281965	4	3	1	2
3	96281966	106709795	4	3	1	3
3	106709796	106715139	1	1	0	1
3	106715140	148648203	4	3	1	3
3	148648204	148649280	4	3	1	2
3	148649281	195400600	4	3	1	3
3	195400601	197847500	4	3	1	3
4	31303	48199999	3	2	1	3
4	48200000	52699999	3	2	1	2
4	52700000	93463421	3	2	1	3
4	93463422	93912069	2	1	1	2
4	93912070	131546740	3	2	1	3
4	131546741	131882136	4	3	1	3
4	131882137	138243121	3	2	1	3
4	138243122	138449940	5	4	1	2
4	138449941	177230612	3	2	1	3
4	177230613	177241254	2	2	0	1
4	177241255	191154275	3	2	1	3
5	22500	45922201	3	2	1	3
5	45922202	50699999	3	2	1	2
5	50700000	152439893	3	2	1	3
5	152439894	152918098	4	3	1	2
5	152918099	180570418	3	2	1	3
5	180570419	180673429	3	2	1	3
6	39681	204483	1	1	0	1
6	204484	387263	3	3	0	2
6	387264	46416362	4	4	0	3
6	46416363	49240984	3	3	0	2
6	49240985	49268680	2	2	0	2
6	49268681	58699999	3	3	0	2
6	58700000	63845082	NA	NA	NA	NA
6	63845083	170899800	2	2	0	3
7	40386	1058715	5	3	2	3
7	1058716	1125832	3	3	0	2
7	1125833	29494455	5	3	2	2
7	29494456	29501404	3	2	1	2
7	29501405	56028422	5	3	2	2
7	56028423	56033482	2	2	0	2
7	56033483	57977690	5	3	2	2
7	57977691	61699999	NA	NA	NA	NA
7	61700000	62085202	7	4	3	1
7	62085203	63020518	5	3	2	2
7	63020519	64740035	5	3	2	2
7	64740036	65669500	6	4	2	2
7	65669501	104376562	5	3	2	3
7	104376563	104380142	7	5	2	1
7	104380143	111178194	5	3	2	3
7	111178195	115310884	3	3	0	3
7	115310885	158821400	5	3	2	2
8	10001	155736	4	2	2	2
8	155737	24889610	4	2	2	3
8	24889611	24905474	3	2	1	2
8	24905475	43099999	4	2	2	2
8	43100000	48099999	4	2	2	2
8	48100000	63611468	4	2	2	2
8	63611469	63630841	3	2	1	2
8	63630842	146364021	4	2	2	2
9	58706	10567386	2	2	0	2
9	10567387	21990601	2	2	0	2
9	21990602	22470005	1	1	0	2
9	22470006	44058214	2	2	0	2
9	44058215	47299999	2	2	0	2
9	47300000	50699999	2	2	0	2
9	50700000	66519699	2	2	0	2
9	66519700	104758631	2	2	0	2
9	104758632	105346474	1	1	0	2
9	105346475	140273200	2	2	0	2
10	90127	2058525	2	1	1	2
10	2058526	2346027	1	1	0	2
10	2346028	37999999	2	1	1	2
10	38000000	42605601	2	1	1	2
10	42605602	59915606	2	1	1	2
10	59915607	59985964	2	1	1	1
10	59985965	123915108	2	1	1	3
10	123915109	123926552	1	1	0	2
10	123926553	130433860	2	1	1	3
10	130433861	135389924	1	1	0	2
11	20721	198509	2	2	0	2
11	198510	48680402	2	2	0	3
11	48680403	48921852	2	2	0	2
11	48921853	50294989	2	2	0	3
11	50294990	51556602	2	2	0	2
11	51556603	55699999	2	2	0	2
11	55700000	65200439	2	2	0	3
11	65200440	65203480	2	2	0	2
11	65203481	92304530	2	2	0	3
11	92304531	92672290	1	1	0	3
11	92672291	134452200	2	2	0	3
12	110107	188284	3	2	1	1
12	188285	33299999	4	3	1	2
12	33300000	38199999	4	3	1	2
12	38200000	54300024	4	3	1	2
12	54300025	54479993	4	3	1	2
12	54479994	74878107	4	3	1	2
12	74878108	74890682	1	1	0	1
12	74890683	124143578	4	3	1	2
12	124143579	126938114	3	3	0	3
12	126938115	132349400	5	3	2	2
12	132349401	133851894	5	3	2	2
13	1	16299999	3	2	1	1
13	16300000	19499999	3	2	1	2
13	19500000	103102578	3	2	1	2
13	103102579	103626989	2	1	1	2
13	103626990	108057499	3	2	1	2
13	108057500	114142800	3	2	1	2
13	114142801	115169877	3	2	1	2
14	1	16099999	2	1	1	1
14	16100000	19099999	NA	NA	NA	NA
14	19100000	20425050	4	4	0	1
14	20425051	82993275	2	1	1	3
14	82993276	83011776	1	1	0	2
14	83011777	106368400	2	1	1	3
15	1	15799999	4	2	2	1
15	15800000	20699999	4	2	2	2
15	20700000	45003570	4	2	2	3
15	45003571	45043729	5	5	0	1
15	45043730	45052549	5	3	2	2
15	45052550	45402471	5	3	2	2
15	45402472	45458317	2	2	0	3
15	45458318	45467063	2	2	0	2
15	45467064	45927095	2	2	0	3
15	45927096	70797231	3	2	1	3
15	70797232	71147844	2	2	0	3
15	71147845	72218080	3	2	1	3
15	72218081	72370604	3	3	0	1
15	72370605	72370791	3	2	1	2
15	72370792	72477174	3	2	1	2
15	72477175	72648995	2	2	0	2
15	72648996	73022802	3	2	1	2
15	73022803	73473324	3	2	1	3
15	73473325	73479429	2	2	0	2
15	73479430	73944866	3	2	1	3
15	73944867	74466070	2	2	0	3
15	74466071	74502950	4	2	2	2
15	74502951	75294313	2	2	0	3
15	75294314	77229569	5	3	2	3
15	77229570	77234261	4	2	2	2
15	77234262	77292003	4	2	2	3
15	77292004	77292014	4	2	2	2
15	77292015	77294599	2	2	0	2
15	77294600	77368159	2	2	0	3
15	77368160	77593613	4	2	2	2
15	77593614	77683517	2	2	0	2
15	77683518	77838030	3	2	1	2
15	77838031	78568567	2	2	0	3
15	78568568	78590024	3	2	1	2
15	78590025	78866444	2	2	0	3
15	78866445	80497548	3	2	1	3
15	80497549	80529463	2	2	0	2
15	80529464	80579462	2	2	0	2
15	80579463	80584129	3	2	1	2
15	80584130	80612392	4	3	1	2
15	80612393	80946049	2	2	0	2
15	80946050	80946156	2	2	0	2
15	80946157	80955395	4	3	1	1
15	80955396	80955438	5	3	2	2
15	80955439	81005955	5	3	2	3
15	81005956	81010302	2	2	0	1
15	81010303	81011721	1	1	0	1
15	81011722	81014122	1	1	0	1
15	81014123	81017618	2	2	0	2
15	81017619	81017936	2	2	0	2
15	81017937	81120905	2	2	0	3
15	81120906	81123960	2	2	0	2
15	81123961	81689878	2	2	0	3
15	81689879	82379416	3	2	1	2
15	82379417	83215250	2	2	0	2
15	83215251	83525862	3	2	1	3
15	83525863	83550007	3	2	1	1
15	83550008	83657361	4	2	2	3
15	83657362	85141898	2	2	0	3
15	85141899	85142042	2	2	0	2
15	85142043	86112398	2	2	0	3
15	86112399	86135624	3	2	1	2
15	86135625	86135674	1	1	0	1
15	86135675	86137507	2	2	0	2
15	86137508	86201346	2	2	0	3
15	86201347	86222925	3	2	1	2
15	86222926	86222951	3	2	1	2
15	86222952	86233177	3	2	1	2
15	86233178	86243859	3	2	1	2
15	86243860	86247597	3	2	1	2
15	86247598	86263429	3	2	1	3
15	86263430	86265062	1	1	0	1
15	86265063	86265130	3	2	1	2
15	86265131	86267339	4	2	2	1
15	86267340	86279280	3	3	0	1
15	86279281	86494552	3	2	1	3
15	86494553	86565429	2	2	0	2
15	86565430	86686879	3	2	1	3
15	86686880	86758190	3	2	1	3
15	86758191	86782224	2	2	0	2
15	86782225	87126945	5	3	2	3
15	87126946	87142416	2	2	0	3
15	87142417	87617920	5	3	2	3
15	87617921	87684001	4	2	2	2
15	87684002	89023316	4	2	2	3
15	89023317	89262763	2	2	0	3
15	89262764	91043872	2	2	0	3
15	91043873	91186767	3	2	1	3
15	91186768	91191684	3	2	1	2
15	91191685	91194565	3	2	1	2
15	91194566	91206990	3	2	1	2
15	91206991	93371043	3	2	1	3
15	93371044	93445890	2	2	0	3
15	93445891	96499604	4	2	2	3
15	96499605	96502316	4	2	2	2
15	96502317	99306854	4	2	2	3
15	99306855	99349939	2	2	0	3
15	99349940	99791727	4	2	2	3
15	99791728	99874328	2	2	0	3
15	99874329	99883142	3	2	1	2
15	99883143	100060145	2	2	0	2
15	100060146	100120569	3	2	1	2
15	100120570	100386349	2	2	0	3
15	100386350	100389637	2	2	0	2
15	100389638	100508051	2	2	0	2
15	100508052	100509119	2	2	0	1
15	100509120	100511127	3	2	1	2
15	100511128	100517012	2	2	0	2
15	100517013	100530884	3	2	1	1
15	100530885	100530927	4	2	2	1
15	100530928	100606937	4	2	2	2
15	100606938	100623837	2	2	0	2
15	100623838	100819792	3	2	1	2
15	100819793	100819809	3	2	1	2
15	100819810	100890640	3	2	1	2
15	100890641	100890827	3	2	1	1
15	100890828	100933011	3	2	1	1
15	100933012	100940672	2	2	0	1
15	100940673	100940703	2	2	0	1
15	100940704	100973822	5	4	1	1
15	100973823	101240671	2	2	0	2
15	101240672	101240972	1	1	0	2
15	101240973	101242415	2	2	0	1
15	101242416	102531391	5	3	2	2
16	94080	33863201	3	2	1	3
16	33863202	34599999	3	2	1	2
16	34600000	38599999	3	2	1	2
16	38600000	46451801	3	2	1	2
16	46451802	88777200	3	2	1	3
16	88777201	90354752	3	2	1	3
17	12500	21337260	3	2	1	3
17	21337261	21340352	3	2	1	2
17	21340353	25799999	3	2	1	3
17	25800000	78774600	3	2	1	3
17	78774601	81195209	3	2	1	2
18	27500	15399999	4	2	2	3
18	15400000	18999999	4	2	2	3
18	19000000	38601844	4	2	2	3
18	38601845	38603083	3	2	1	1
18	38603084	50573226	4	2	2	3
18	50573227	50652012	3	2	1	3
18	50652013	51969019	4	2	2	2
18	51969020	52050996	3	2	1	2
18	52050997	76117000	4	2	2	3
18	76117001	78077247	4	2	2	2
19	102500	226775	3	2	1	2
19	226776	24344985	3	2	1	2
19	24344986	28599999	NA	NA	NA	NA
19	28600000	33903296	2	1	1	3
19	33903297	34326151	1	1	0	3
19	34326152	34332817	2	1	1	2
19	34332818	34604120	2	1	1	2
19	34604121	34604149	2	1	1	2
19	34604150	34616401	4	3	1	2
19	34616402	34702613	1	1	0	3
19	34702614	34732229	2	1	1	2
19	34732230	34732273	1	1	0	1
19	34732274	34820425	1	1	0	3
19	34820426	46345041	2	1	1	3
19	46345042	46445438	1	1	0	2
19	46445439	46466026	2	1	1	2
19	46466027	46470622	2	1	1	2
19	46470623	59128982	2	1	1	2
20	32701	13434312	4	2	2	2
20	13434313	14076573	3	2	1	2
20	14076574	25599999	4	2	2	2
20	25600000	29522499	4	2	2	3
20	29522500	29833401	4	2	2	3
20	29833402	53903569	4	2	2	2
20	53903570	53925104	4	2	2	2
20	53925105	62432500	4	2	2	2
21	1	10755031	NA	NA	NA	NA
21	10755032	14384512	3	2	1	2
21	14384513	18812498	3	2	1	2
21	18812499	18813297	3	2	1	2
21	18813298	46937500	3	2	1	2
21	46937501	48129894	3	2	1	2
22	1	12199999	4	3	1	1
22	12200000	17899999	4	3	1	3
22	17900000	24293601	4	3	1	3
22	24293602	24347400	4	3	1	2
22	24347401	49687500	4	3	1	3
22	49687501	51304565	4	3	1	2
X	1	4254550	3	2	1	2
X	4254551	4603441	2	1	1	2
X	4603442	35188292	3	2	1	2
X	35188293	35483974	4	3	1	2
X	35483975	58099999	3	2	1	2
X	58100000	62999999	3	2	1	2
X	63000000	92816570	3	2	1	2
X	92816571	92817556	3	2	1	2
X	92817557	93135055	3	2	1	2
X	93135056	93142924	2	2	0	2
X	93142925	93143345	1	1	0	1
X	93143346	93144576	1	1	0	1
X	93144577	93151988	4	4	0	1
X	93151989	93154079	2	2	0	1
X	93154080	93154735	NA	NA	NA	NA
X	93154736	93233707	3	2	1	2
X	93233708	93269955	2	1	1	2
X	93269956	93270340	2	1	1	2
X	93270341	93276546	2	1	1	2
X	93276547	93355009	2	2	0	2
X	93355010	93363246	3	2	1	2
X	93363247	93363437	3	2	1	2
X	93363438	93377305	2	1	1	2
X	93377306	93377488	2	1	1	2
X	93377489	93381918	2	1	1	2
X	93381919	93383813	2	1	1	2
X	93383814	93388727	3	2	1	2
X	93388728	93389674	2	1	1	2
X	93389675	93492911	3	2	1	2
X	93492912	93494648	2	1	1	2
X	93494649	93496269	2	1	1	2
X	93496270	93500248	3	2	1	2
X	93500249	93501513	2	1	1	2
X	93501514	93502766	2	1	1	2
X	93502767	93504755	2	1	1	2
X	93504756	93506564	2	1	1	2
X	93506565	93517986	2	1	1	2
X	93517987	93532343	2	2	0	2
X	93532344	93533757	2	1	1	2
X	93533758	93534556	2	1	1	2
X	93534557	93545333	2	1	1	2
X	93545334	93551671	2	1	1	2
X	93551672	93552292	2	1	1	2
X	93552293	93568392	2	1	1	2
X	93568393	93568924	2	1	1	2
X	93568925	93571109	2	1	1	2
X	93571110	93571561	2	1	1	2
X	93571562	93630818	3	2	1	2
X	93630819	93631474	2	1	1	2
X	93631475	93633921	2	1	1	2
X	93633922	93637117	2	1	1	2
X	93637118	93640713	2	1	1	2
X	93640714	93641102	2	1	1	2
X	93641103	93641654	2	1	1	2
X	93641655	93647579	2	1	1	2
X	93647580	93647845	2	1	1	2
X	93647846	93649111	2	1	1	2
X	93649112	93649588	2	1	1	2
X	93649589	133065527	3	2	1	2
X	133065528	133080913	2	1	1	2
X	133080914	138341726	3	2	1	2
X	138341727	138342507	3	2	1	2
X	138342508	154913600	3	2	1	2
