chromosome	start	end	total_cn	major_cn	minor_cn	star
1	1	796766	1	1	0	2
1	796767	91997030	1	1	0	3
1	91997031	92010034	1	1	0	1
1	92010035	121480938	1	1	0	2
1	121480939	128899999	NA	NA	NA	NA
1	128900000	143122938	1	1	0	1
1	143122939	143389938	2	1	1	2
1	143389939	144920086	2	1	1	2
1	144920087	147363701	3	2	1	2
1	147363702	188774540	3	2	1	2
1	188774541	190244881	3	2	1	2
1	190244882	194071999	3	2	1	2
1	194072000	211129349	3	2	1	2
1	211129350	211129557	3	2	1	2
1	211129558	211253028	3	2	1	2
1	211253029	211253216	3	2	1	2
1	211253217	242218471	3	2	1	2
1	242218472	242218653	3	2	1	2
1	242218654	247247500	3	2	1	2
1	247247501	249250620	3	2	1	3
2	20016	2656814	2	1	1	3
2	2656815	42278201	2	1	1	3
2	42278202	42360021	1	1	0	2
2	42360022	57631919	2	1	1	3
2	57631920	64091068	2	1	1	2
2	64091069	64092786	3	2	1	2
2	64092787	64322051	3	2	1	2
2	64322052	64512776	3	2	1	2
2	64512777	81299429	2	1	1	3
2	81299430	81303149	2	1	1	2
2	81303150	81820001	2	1	1	2
2	81820002	82434283	2	1	1	2
2	82434284	82540010	3	2	1	2
2	82540011	90499999	2	1	1	3
2	90500000	96799999	2	1	1	3
2	96800000	242990807	2	1	1	3
3	100074	12015117	1	1	0	3
3	12015118	12734144	1	1	0	2
3	12734145	86459326	1	1	0	3
3	86459327	86459762	1	1	0	2
3	86459763	87899999	1	1	0	2
3	87900000	93899999	1	1	0	2
3	93900000	102997352	1	1	0	2
3	102997353	105206714	2	1	1	2
3	105206715	105207307	2	1	1	2
3	105207308	105207434	1	1	0	2
3	105207435	114018966	1	1	0	2
3	114018967	114027714	1	1	0	2
3	114027715	114028222	1	1	0	2
3	114028223	114028251	2	1	1	2
3	114028252	114037513	2	1	1	2
3	114037514	117904498	1	1	0	2
3	117904499	117910014	1	1	0	2
3	117910015	117911309	2	1	1	1
3	117911310	118841523	2	1	1	2
3	118841524	118843660	2	1	1	2
3	118843661	118849808	1	1	0	1
3	118849809	118968187	1	1	0	2
3	118968188	118969964	2	1	1	2
3	118969965	118973328	2	1	1	2
3	118973329	147532428	2	1	1	2
3	147532429	147533467	2	1	1	2
3	147533468	149073629	4	3	1	2
3	149073630	152103161	4	3	1	2
3	152103162	152106792	1	1	0	1
3	152106793	152107387	4	3	1	2
3	152107388	152122157	4	3	1	2
3	152122158	160665052	3	2	1	2
3	160665053	160665353	3	2	1	2
3	160665354	160665399	3	2	1	2
3	160665400	160665708	3	2	1	2
3	160665709	161158365	3	2	1	2
3	161158366	163522447	4	2	2	2
3	163522448	164217500	5	3	2	2
3	164217501	165138966	5	3	2	2
3	165138967	165140053	4	2	2	2
3	165140054	166074140	4	2	2	2
3	166074141	166092126	6	4	2	1
3	166092127	166153832	4	2	2	2
3	166153833	166596876	6	4	2	2
3	166596877	166597646	6	4	2	2
3	166597647	166894643	5	3	2	2
3	166894644	170264396	4	2	2	2
3	170264397	170266481	4	2	2	2
3	170266482	170317399	21	19	2	1
3	170317400	170319086	5	3	2	2
3	170319087	170492067	10	8	2	2
3	170492068	170493386	22	20	2	2
3	170493387	170547754	13	11	2	1
3	170547755	170555400	13	11	2	1
3	170555401	172174142	12	10	2	2
3	172174143	172175478	12	10	2	2
3	172175479	172433758	4	2	2	2
3	172433759	172936691	8	7	1	1
3	172936692	172943580	22	20	2	2
3	172943581	173249300	12	10	2	2
3	173249301	173250296	12	10	2	2
3	173250297	173885087	12	10	2	2
3	173885088	173897168	22	20	2	2
3	173897169	174842267	12	10	2	2
3	174842268	174843077	12	10	2	2
3	174843078	174936136	14	12	2	2
3	174936137	174942677	24	22	2	2
3	174942678	175682707	13	11	2	1
3	175682708	177007958	13	11	2	1
3	177007959	177008838	12	10	2	1
3	177008839	177009693	13	11	2	1
3	177009694	177882499	13	11	2	1
3	177882500	178041317	25	23	2	2
3	178041318	178073356	25	23	2	2
3	178073357	178083663	25	23	2	2
3	178083664	178092110	25	23	2	2
3	178092111	178092279	12	11	1	1
3	178092280	178498238	3	2	1	2
3	178498239	179057511	4	3	1	2
3	179057512	179341392	2	1	1	2
3	179341393	179344217	1	1	0	2
3	179344218	179344889	1	1	0	2
3	179344890	179346899	3	2	1	2
3	179346900	179362444	3	2	1	2
3	179362445	179364250	3	2	1	2
3	179364251	179370354	3	2	1	2
3	179370355	179371587	3	2	1	2
3	179371588	179390817	3	2	1	2
3	179390818	179415241	3	2	1	2
3	179415242	179854929	3	2	1	2
3	179854930	179854963	3	2	1	2
3	179854964	179859665	3	2	1	2
3	179859666	180213132	2	1	1	2
3	180213133	180214608	2	1	1	2
3	180214609	180215563	1	1	0	1
3	180215564	180215585	3	2	1	1
3	180215586	180221736	3	2	1	2
3	180221737	180221770	3	2	1	2
3	180221771	181129884	3	2	1	2
3	181129885	182368381	8	7	1	1
3	182368382	182368409	1	1	0	1
3	182368410	182369451	18	16	2	1
3	182369452	185188771	16	14	2	2
3	185188772	186935937	3	2	1	2
3	186935938	186936107	3	2	1	2
3	186936108	190737043	2	2	0	2
3	190737044	190737067	2	2	0	2
3	190737068	190743026	2	2	0	2
3	190743027	190743120	1	1	0	2
3	190743121	190745005	1	1	0	2
3	190745006	190745479	1	1	0	2
3	190745480	191228522	1	1	0	2
3	191228523	191229197	1	1	0	2
3	191229198	191237865	1	1	0	2
3	191237866	191238303	1	1	0	2
3	191238304	191239609	1	1	0	2
3	191239610	191247575	2	2	0	2
3	191247576	191304139	2	2	0	2
3	191304140	191594387	2	2	0	2
3	191594388	191650290	2	2	0	2
3	191650291	191655438	1	1	0	2
3	191655439	191656691	1	1	0	1
3	191656692	191656722	1	1	0	2
3	191656723	191656994	1	1	0	2
3	191656995	193790851	1	1	0	2
3	193790852	193791153	1	1	0	2
3	193791154	194416209	1	1	0	2
3	194416210	195347566	2	2	0	2
3	195347567	195449002	2	2	0	2
3	195449003	197638364	2	2	0	2
3	197638365	197639659	2	2	0	2
4	24473	48199999	2	1	1	2
4	48200000	52699999	2	1	1	2
4	52700000	191154275	2	1	1	3
5	22500	46099999	2	1	1	3
5	46100000	50699999	NA	NA	NA	NA
5	50700000	180380001	1	1	0	2
5	180380002	180689978	1	1	0	2
6	180248	29920412	2	1	1	2
6	29920413	29920480	2	1	1	2
6	29920481	29920643	2	1	1	2
6	29920644	29920657	2	1	1	2
6	29920658	58699999	2	1	1	2
6	58700000	63299999	2	1	1	2
6	63300000	102878696	2	1	1	2
6	102878697	123850494	2	1	1	2
6	123850495	123853489	2	1	1	2
6	123853490	160105843	2	1	1	2
6	160105844	170869470	2	1	1	2
7	40386	3259033	2	1	1	2
7	3259034	3259867	2	1	1	2
7	3259868	54713862	2	1	1	2
7	54713863	54730827	2	1	1	2
7	54730828	54731637	1	1	0	1
7	54731638	54731665	1	1	0	1
7	54731666	54731912	17	16	1	1
7	54731913	54747404	8	8	0	1
7	54747405	54756304	43	42	1	1
7	54756305	54813523	30	29	1	2
7	54813524	54813535	28	27	1	1
7	54813536	56034303	3	2	1	2
7	56034304	56039377	11	10	1	1
7	56039378	56435583	6	5	1	2
7	56435584	57999999	4	3	1	2
7	58000000	61699999	NA	NA	NA	NA
7	61700000	71357858	2	1	1	2
7	71357859	71360190	3	2	1	2
7	71360191	79810020	3	2	1	3
7	79810021	80383778	3	2	1	2
7	80383779	97464281	2	1	1	2
7	97464282	120160502	2	1	1	2
7	120160503	120160783	2	1	1	2
7	120160784	158821400	2	1	1	2
8	10001	159285	2	1	1	2
8	159286	43099999	2	1	1	3
8	43100000	48099999	2	1	1	3
8	48100000	62825224	2	1	1	2
8	62825225	112976561	2	1	1	2
8	112976562	146364021	2	1	1	2
9	47500	203936	2	1	1	2
9	203937	21966328	2	1	1	3
9	21966329	21971076	2	1	1	2
9	21971077	47299999	2	1	1	3
9	47300000	50699999	2	1	1	2
9	50700000	140273200	2	1	1	3
10	102500	37999999	2	1	1	2
10	38000000	42299999	2	1	1	2
10	42300000	123265306	2	1	1	3
10	123265307	123265471	2	1	1	3
10	123265472	131909402	2	1	1	3
10	131909403	131909648	2	1	1	3
10	131909649	135389924	2	1	1	3
11	20721	197336	1	1	0	2
11	197337	5973011	1	1	0	3
11	5973012	5974561	1	1	0	1
11	5974562	6870012	3	2	1	2
11	6870013	51599999	2	1	1	3
11	51600000	55699999	2	1	1	2
11	55700000	134452200	2	1	1	2
12	110107	188284	2	1	1	2
12	188285	1572219	2	1	1	3
12	1572220	1572354	2	1	1	3
12	1572355	3608004	2	1	1	3
12	3608005	33299999	2	1	1	3
12	33300000	38199999	2	1	1	3
12	38200000	39146865	2	1	1	2
12	39146866	49512225	2	1	1	2
12	49512226	63759329	2	1	1	3
12	63759330	63759497	2	1	1	2
12	63759498	109843084	2	1	1	2
12	109843085	109863714	2	1	1	2
12	109863715	132349400	2	1	1	2
12	132349401	133851894	2	1	1	2
13	1	16299999	2	1	1	1
13	16300000	19499999	2	1	1	2
13	19500000	114142800	2	1	1	2
13	114142801	115169877	2	1	1	3
14	1	16099999	2	1	1	1
14	16100000	19099999	2	1	1	1
14	19100000	20378591	2	1	1	2
14	20378592	43610574	2	1	1	2
14	43610575	43639256	2	1	1	2
14	43639257	106368400	2	1	1	2
15	1	15799999	1	1	0	1
15	15800000	20699999	NA	NA	NA	NA
15	20700000	22692499	1	1	0	2
15	22692500	71219991	1	1	0	1
15	71219992	100338800	2	1	1	3
15	100338801	102531391	2	1	1	3
16	83807	761642	3	2	1	2
16	761643	785900	4	3	1	2
16	785901	808999	3	2	1	2
16	809000	34599999	2	1	1	3
16	34600000	38599999	2	1	1	3
16	38600000	46447499	2	1	1	2
16	46447500	88827200	2	1	1	3
16	88827201	90354752	2	1	1	3
17	12500	15342499	2	2	0	3
17	15342500	22199999	2	1	1	3
17	22200000	25799999	2	1	1	3
17	25800000	78774600	2	1	1	3
17	78774601	81195209	2	1	1	3
18	27500	1616230	2	1	1	3
18	1616231	15399999	2	1	1	3
18	15400000	18999999	2	1	1	3
18	19000000	34650767	2	1	1	3
18	34650768	34799438	2	1	1	3
18	34799439	76117000	2	1	1	3
18	76117001	78077247	2	1	1	3
19	102500	226775	2	1	1	2
19	226776	24399999	2	1	1	3
19	24400000	28599999	2	1	1	3
19	28600000	59128982	2	1	1	3
20	29234	21546508	2	1	1	2
20	21546509	25599999	2	1	1	2
20	25600000	29399999	2	1	1	2
20	29400000	62432500	2	1	1	2
21	1	9417499	NA	NA	NA	NA
21	9417500	10402499	NA	NA	NA	NA
21	10402500	10899999	NA	NA	NA	NA
21	10900000	14299999	2	1	1	2
21	14300000	42654227	2	1	1	2
21	42654228	42684626	0	0	0	2
21	42684627	46937500	2	1	1	2
21	46937501	48129894	2	1	1	2
22	1	12199999	3	2	1	1
22	12200000	17899999	3	2	1	2
22	17900000	29065876	3	2	1	2
22	29065877	29066173	4	3	1	1
22	29066174	49687500	3	2	1	2
22	49687501	51304565	3	2	1	2
X	1	58099999	1	1	0	2
X	58100000	62999999	1	1	0	2
X	63000000	95404148	1	1	0	2
X	95404149	95408488	1	1	0	1
X	95408489	103498057	1	1	0	2
X	103498058	103505346	2	2	0	2
X	103505347	111737189	2	2	0	2
X	111737190	111738720	2	2	0	2
X	111738721	111740271	2	2	0	1
X	111740272	124828031	2	2	0	2
X	124828032	154913600	2	2	0	2
