chromosome	start	end	total_cn	major_cn	minor_cn	star
1	10001	31453027	4	2	2	2
1	31453028	31455960	4	2	2	2
1	31455961	36617186	4	2	2	2
1	36617187	36733272	4	2	2	2
1	36733273	72313627	3	2	1	2
1	72313628	72318449	3	2	1	1
1	72318450	74714720	3	2	1	2
1	74714721	108133331	3	2	1	2
1	108133332	112206175	3	2	1	2
1	112206176	112209532	3	2	1	1
1	112209533	113891568	3	2	1	2
1	113891569	119338101	3	2	1	2
1	119338102	119339763	3	2	1	1
1	119339764	121345754	3	2	1	2
1	121345755	128899999	NA	NA	NA	NA
1	128900000	158099717	5	3	2	2
1	158099718	171602146	5	3	2	2
1	171602147	188836335	5	3	2	2
1	188836336	220244402	5	3	2	2
1	220244403	220348038	5	3	2	2
1	220348039	247249600	5	3	2	2
1	247249601	249250620	5	3	2	2
2	20016	17739973	5	3	2	2
2	17739974	31840926	5	3	2	2
2	31840927	31842949	5	3	2	2
2	31842950	56047750	5	3	2	2
2	56047751	65705187	5	3	2	2
2	65705188	68630810	5	3	2	2
2	68630811	68632339	5	3	2	2
2	68632340	76390338	5	3	2	2
2	76390339	89840101	5	3	2	2
2	89840102	96799999	NA	NA	NA	NA
2	96800000	104339622	4	3	1	2
2	104339623	104341971	4	3	1	2
2	104341972	117782401	4	3	1	2
2	117782402	143582802	4	3	1	2
2	143582803	144027749	4	2	2	1
2	144027750	145431001	4	3	1	2
2	145431002	149654031	4	3	1	2
2	149654032	151167456	4	3	1	2
2	151167457	152423787	4	3	1	2
2	152423788	157987475	4	3	1	2
2	157987476	157996679	4	3	1	2
2	157996680	160720253	4	3	1	2
2	160720254	160724004	4	3	1	2
2	160724005	168533703	4	3	1	2
2	168533704	169239985	4	3	1	2
2	169239986	170610094	4	3	1	2
2	170610095	181531053	4	3	1	2
2	181531054	181536652	4	3	1	2
2	181536653	181880844	4	3	1	2
2	181880845	181903655	4	3	1	2
2	181903656	196831567	4	3	1	2
2	196831568	196832565	4	3	1	2
2	196832566	196832945	4	3	1	2
2	196832946	196840654	4	3	1	2
2	196840655	196842510	4	3	1	2
2	196842511	196843656	4	3	1	2
2	196843657	203716789	4	3	1	2
2	203716790	203718350	3	3	0	1
2	203718351	213937476	4	3	1	2
2	213937477	213999792	4	3	1	2
2	213999793	230768801	4	3	1	2
2	230768802	230772084	4	3	1	2
2	230772085	239126603	4	3	1	2
2	239126604	239145272	2	1	1	2
2	239145273	242999968	4	3	1	2
3	62614	2608786	2	2	0	2
3	2608787	2789070	2	2	0	2
3	2789071	42482342	2	2	0	2
3	42482343	43886884	2	2	0	2
3	43886885	43890020	2	2	0	1
3	43890021	54152017	2	2	0	2
3	54152018	54159226	2	2	0	2
3	54159227	55951638	2	2	0	2
3	55951639	56056320	4	4	0	2
3	56056321	56059431	1	1	0	2
3	56059432	56060246	1	1	0	1
3	56060247	56499825	2	2	0	2
3	56499826	56500328	2	2	0	2
3	56500329	61101957	2	2	0	2
3	61101958	61151757	2	2	0	1
3	61151758	65492013	2	2	0	2
3	65492014	69918781	2	2	0	2
3	69918782	69922979	2	2	0	2
3	69922980	76352492	2	2	0	2
3	76352493	84808292	2	2	0	2
3	84808293	87089035	4	2	2	1
3	87089036	87899999	3	2	1	2
3	87900000	93899999	NA	NA	NA	NA
3	93900000	94149507	2	1	1	1
3	94149508	94149548	2	2	0	1
3	94149549	99225160	2	2	0	2
3	99225161	99700143	4	4	0	2
3	99700144	102694174	2	2	0	2
3	102694175	106382239	6	4	2	2
3	106382240	107018557	8	4	4	2
3	107018558	107041787	7	4	3	1
3	107041788	107042298	7	4	3	1
3	107042299	108257278	7	4	3	1
3	108257279	108294471	7	4	3	2
3	108294472	110200496	6	4	2	2
3	110200497	114145677	6	4	2	2
3	114145678	114443594	4	2	2	2
3	114443595	131095001	5	3	2	2
3	131095002	132020703	5	3	2	2
3	132020704	132023072	6	3	3	1
3	132023073	138889962	5	3	2	2
3	138889963	138925923	4	2	2	2
3	138925924	142425088	5	3	2	2
3	142425089	145026907	5	3	2	2
3	145026908	145026965	4	2	2	2
3	145026966	148790439	4	2	2	2
3	148790440	152854627	6	4	2	2
3	152854628	154947432	6	4	2	2
3	154947433	157066020	4	2	2	2
3	157066021	157068735	4	2	2	2
3	157068736	158898995	4	2	2	2
3	158898996	161377445	6	4	2	2
3	161377446	161377881	6	4	2	1
3	161377882	161379901	6	4	2	1
3	161379902	161380416	6	4	2	1
3	161380417	167136602	8	4	4	2
3	167136603	172958946	8	4	4	2
3	172958947	176115202	8	4	4	2
3	176115203	181485223	8	4	4	2
3	181485224	181936756	4	4	0	2
3	181936757	182166462	8	4	4	2
3	182166463	182166583	8	4	4	2
3	182166584	184125147	8	4	4	2
3	184125148	184394758	4	4	0	2
3	184394759	185239826	8	4	4	2
3	185239827	185675622	4	4	0	2
3	185675623	186363949	8	4	4	2
3	186363950	186676937	4	4	0	2
3	186676938	189960726	8	4	4	2
3	189960727	189965912	8	4	4	1
3	189965913	190933942	8	4	4	1
3	190933943	190939706	8	4	4	2
3	190939707	198022429	8	4	4	2
4	53409	11871856	4	2	2	2
4	11871857	36894802	4	2	2	2
4	36894803	43012366	4	2	2	2
4	43012367	48199999	4	2	2	2
4	48200000	52699999	4	2	2	2
4	52700000	68013801	4	2	2	2
4	68013802	68285964	4	2	2	2
4	68285965	68286103	4	2	2	2
4	68286104	71221133	4	2	2	2
4	71221134	103032074	4	2	2	1
4	103032075	103040278	4	2	2	1
4	103040279	112891585	4	2	2	1
4	112891586	112893197	4	2	2	1
4	112893198	132521178	4	2	2	1
4	132521179	132522356	4	4	0	1
4	132522357	134637800	3	2	1	2
4	134637801	145079120	4	2	2	2
4	145079121	145080863	2	1	1	1
4	145080864	161985615	3	2	1	2
4	161985616	167243599	3	2	1	2
4	167243600	171864025	3	2	1	2
4	171864026	172189004	2	2	0	2
4	172189005	184559610	2	2	0	2
4	184559611	188726089	2	2	0	2
4	188726090	188740133	2	2	0	2
4	188740134	189088703	2	2	0	2
4	189088704	191154275	2	2	0	2
5	22500	14734279	6	4	2	2
5	14734280	14847393	10	5	5	1
5	14847394	16144958	6	4	2	2
5	16144959	16145044	6	4	2	1
5	16145045	16518447	6	4	2	2
5	16518448	29787358	6	4	2	2
5	29787359	29790917	7	5	2	1
5	29790918	36629521	6	4	2	2
5	36629522	45925174	6	4	2	2
5	45925175	50699999	NA	NA	NA	NA
5	50700000	58266719	4	2	2	1
5	58266720	86690907	4	2	2	2
5	86690908	89338802	4	2	2	2
5	89338803	98471061	4	2	2	2
5	98471062	98558700	4	2	2	2
5	98558701	111372408	4	2	2	2
5	111372409	111374389	4	2	2	2
5	111374390	120066173	4	2	2	2
5	120066174	121604378	4	2	2	2
5	121604379	121620867	4	2	2	2
5	121620868	145793772	4	2	2	2
5	145793773	163481375	4	2	2	2
5	163481376	180717906	4	2	2	2
6	39681	203877	NA	NA	NA	NA
6	203878	4826056	4	2	2	2
6	4826057	47781002	4	2	2	2
6	47781003	50386977	5	3	2	2
6	50386978	50413930	4	2	2	2
6	50413931	50415170	4	2	2	2
6	50415171	50464278	4	2	2	2
6	50464279	50660474	4	2	2	2
6	50660475	50727331	5	3	2	2
6	50727332	56069200	4	2	2	1
6	56069201	58699999	4	2	2	2
6	58700000	63299999	NA	NA	NA	NA
6	63300000	63599981	2	2	0	2
6	63599982	70594658	2	2	0	2
6	70594659	70619738	2	2	0	1
6	70619739	81617143	2	2	0	2
6	81617144	103703204	2	2	0	2
6	103703205	107407348	2	2	0	2
6	107407349	126677833	2	2	0	2
6	126677834	126734321	2	2	0	2
6	126734322	142092002	2	2	0	2
6	142092003	142111721	2	2	0	2
6	142111722	149505613	2	2	0	2
6	149505614	150221066	1	1	0	2
6	150221067	150224851	2	2	0	1
6	150224852	161118705	2	2	0	2
6	161118706	170913177	2	2	0	2
7	40386	2915627	3	3	0	1
7	2915628	9935482	7	4	3	2
7	9935483	9947114	7	4	3	1
7	9947115	10253799	6	4	2	1
7	10253800	10379563	8	4	4	1
7	10379564	13983845	6	4	2	2
7	13983846	13984074	4	2	2	1
7	13984075	14666676	4	2	2	2
7	14666677	14666698	4	2	2	2
7	14666699	16336801	4	2	2	2
7	16336802	32973357	4	2	2	2
7	32973358	32981658	4	2	2	2
7	32981659	32983992	4	2	2	2
7	32983993	32984696	4	2	2	2
7	32984697	57955131	4	2	2	2
7	57955132	61699999	4	2	2	1
7	61700000	62407801	4	2	2	1
7	62407802	62421801	4	2	2	2
7	62421802	73734606	4	2	2	2
7	73734607	76701599	4	2	2	2
7	76701600	96396679	4	2	2	2
7	96396680	100132486	4	2	2	2
7	100132487	100149115	4	2	2	2
7	100149116	107171034	4	2	2	2
7	107171035	107172455	4	2	2	2
7	107172456	109963606	4	2	2	2
7	109963607	115777938	4	2	2	2
7	115777939	117803508	4	2	2	2
7	117803509	126674402	4	2	2	2
7	126674403	136073071	4	2	2	2
7	136073072	156344622	4	2	2	2
7	156344623	156632023	2	1	1	1
7	156632024	158821400	4	2	2	2
8	10001	170011	4	2	2	1
8	170012	2133337	4	2	2	2
8	2133338	2402499	10	5	5	1
8	2402500	6601988	4	2	2	2
8	6601989	6602361	4	2	2	2
8	6602362	6821710	4	2	2	2
8	6821711	28533999	2	2	0	2
8	28534000	28534011	2	2	0	2
8	28534012	32911830	2	2	0	2
8	32911831	32915482	2	2	0	2
8	32915483	37243576	2	2	0	2
8	37243577	40901279	4	2	2	2
8	40901280	40907567	4	2	2	2
8	40907568	41952380	4	2	2	2
8	41952381	43099999	4	2	2	2
8	43100000	48099999	NA	NA	NA	NA
8	48100000	51038703	2	2	0	2
8	51038704	55357475	2	2	0	2
8	55357476	56336924	2	2	0	2
8	56336925	56348467	2	2	0	1
8	56348468	56905541	2	2	0	1
8	56905542	63140762	4	2	2	1
8	63140763	63151406	4	2	2	2
8	63151407	70220275	4	2	2	2
8	70220276	78960090	4	2	2	2
8	78960091	79179739	4	2	2	2
8	79179740	79182470	4	2	2	2
8	79182471	88378088	4	2	2	2
8	88378089	91749571	4	2	2	2
8	91749572	91752408	4	2	2	2
8	91752409	100157919	4	2	2	2
8	100157920	100588414	2	2	0	2
8	100588415	101003380	4	2	2	2
8	101003381	127869944	4	2	2	2
8	127869945	128620430	19	18	1	1
8	128620431	129769531	8	6	2	2
8	129769532	132940405	4	2	2	2
8	132940406	134905726	7	5	2	2
8	134905727	135068688	7	5	2	2
8	135068689	135875040	7	5	2	2
8	135875041	135879182	2	1	1	1
8	135879183	138050893	4	2	2	2
8	138050894	138138935	9	7	2	1
8	138138936	138139230	9	7	2	1
8	138139231	138149393	9	7	2	1
8	138149394	138286349	16	15	1	1
8	138286350	139000094	9	7	2	2
8	139000095	139634346	5	3	2	2
8	139634347	139764254	7	5	2	2
8	139764255	139769234	5	3	2	2
8	139769235	141382563	5	3	2	2
8	141382564	141529944	7	6	1	1
8	141529945	146364021	4	2	2	1
9	10001	203801	2	1	1	1
9	203802	3427668	2	2	0	2
9	3427669	3474713	41	41	0	1
9	3474714	3475191	18	17	1	1
9	3475192	4267116	20	18	2	1
9	4267117	4538555	9	7	2	2
9	4538556	4538724	10	7	3	1
9	4538725	4539496	10	7	3	1
9	4539497	4539602	1	1	0	1
9	4539603	4545487	2	2	0	1
9	4545488	4546135	2	2	0	1
9	4546136	4546303	2	2	0	1
9	4546304	4546459	2	2	0	1
9	4546460	4546502	2	2	0	1
9	4546503	4912890	2	2	0	2
9	4912891	6432545	20	18	2	1
9	6432546	6771661	23	19	4	1
9	6771662	6794486	3	3	0	2
9	6794487	6795393	3	3	0	1
9	6795394	6796255	3	3	0	1
9	6796256	6799029	3	3	0	1
9	6799030	6804543	27	23	4	1
9	6804544	6893855	5	5	0	1
9	6893856	7341558	2	1	1	1
9	7341559	7393936	37	34	3	1
9	7393937	8208586	21	19	2	1
9	8208587	8292003	14	12	2	2
9	8292004	9168735	11	9	2	2
9	9168736	13188499	16	14	2	1
9	13188500	14319445	22	20	2	1
9	14319446	14719989	9	7	2	1
9	14719990	17280140	2	2	0	2
9	17280141	18577876	4	2	2	2
9	18577877	20887601	9	7	2	2
9	20887602	22380424	2	2	0	2
9	22380425	23384662	2	2	0	2
9	23384663	25284153	2	2	0	2
9	25284154	25303850	4	2	2	2
9	25303851	26279996	2	2	0	2
9	26279997	28671845	4	2	2	2
9	28671846	34056145	2	2	0	2
9	34056146	36010343	4	2	2	2
9	36010344	36011301	4	2	2	2
9	36011302	43313699	4	2	2	2
9	43313700	47299999	4	2	2	1
9	47300000	50699999	NA	NA	NA	NA
9	50700000	66799971	4	2	2	2
9	66799972	84778376	4	2	2	2
9	84778377	84780752	4	2	2	2
9	84780753	93896217	4	2	2	2
9	93896218	93898651	4	2	2	2
9	93898652	109306872	4	2	2	2
9	109306873	109409481	3	2	1	2
9	109409482	115996760	3	2	1	2
9	115996761	140273200	4	2	2	2
10	97815	24963424	3	3	0	2
10	24963425	35487409	3	3	0	2
10	35487410	37999999	3	3	0	2
10	38000000	42299999	NA	NA	NA	NA
10	42300000	57724243	4	2	2	2
10	57724244	57727070	3	3	0	1
10	57727071	58445013	2	2	0	2
10	58445014	58692082	19	17	2	1
10	58692083	58915747	23	22	1	1
10	58915748	59068701	19	17	2	1
10	59068702	59090978	19	17	2	1
10	59090979	59418564	19	17	2	1
10	59418565	59672201	19	17	2	1
10	59672202	59783587	8	6	2	2
10	59783588	59817305	8	6	2	2
10	59817306	60099357	6	4	2	2
10	60099358	60304861	8	4	4	2
10	60304862	60441477	6	3	3	1
10	60441478	60647059	8	6	2	2
10	60647060	60740396	6	3	3	1
10	60740397	60965779	8	6	2	1
10	60965780	61322887	6	3	3	1
10	61322888	61414447	4	2	2	2
10	61414448	61552756	6	3	3	2
10	61552757	61770197	4	2	2	1
10	61770198	62016625	6	3	3	1
10	62016626	62834201	4	2	2	2
10	62834202	63458402	4	2	2	1
10	63458403	64234674	2	2	0	2
10	64234675	66527023	4	2	2	1
10	66527024	67759351	2	2	0	2
10	67759352	70484816	4	2	2	2
10	70484817	70901885	6	4	2	2
10	70901886	71528933	4	2	2	2
10	71528934	74933868	6	4	2	2
10	74933869	75105675	6	4	2	1
10	75105676	75150774	6	4	2	1
10	75150775	76013608	4	2	2	2
10	76013609	76567446	4	2	2	2
10	76567447	76573453	4	2	2	1
10	76573454	76758694	8	6	2	2
10	76758695	77214186	8	6	2	2
10	77214187	77434326	6	3	3	2
10	77434327	77958044	8	6	2	2
10	77958045	80155882	6	4	2	2
10	80155883	83012499	7	5	2	2
10	83012500	83567507	4	2	2	2
10	83567508	87668147	2	2	0	2
10	87668148	88940399	4	2	2	2
10	88940400	90900932	4	2	2	2
10	90900933	91082249	2	1	1	1
10	91082250	92552142	4	2	2	2
10	92552143	94195888	4	2	2	2
10	94195889	95213992	2	2	0	2
10	95213993	98168372	4	2	2	2
10	98168373	98707444	2	2	0	2
10	98707445	101745607	4	2	2	2
10	101745608	101871956	2	1	1	1
10	101871957	104457211	4	2	2	2
10	104457212	104808582	4	2	2	1
10	104808583	104893224	6	3	3	1
10	104893225	105789940	6	3	3	1
10	105789941	106303892	4	2	2	2
10	106303893	107771235	6	4	2	2
10	107771236	108012682	8	6	2	1
10	108012683	108725346	6	3	3	2
10	108725347	108725741	6	3	3	2
10	108725742	108873829	6	4	2	2
10	108873830	109068077	6	4	2	2
10	109068078	109070146	5	3	2	1
10	109070147	109729066	4	2	2	2
10	109729067	110717475	6	4	2	2
10	110717476	110818662	4	2	2	2
10	110818663	110908835	2	2	0	2
10	110908836	111357172	4	2	2	2
10	111357173	111897439	6	4	2	2
10	111897440	112702501	8	6	2	2
10	112702502	112758503	19	19	0	1
10	112758504	113721894	8	6	2	2
10	113721895	114019726	6	3	3	2
10	114019727	114088520	8	6	2	2
10	114088521	114283084	8	6	2	1
10	114283085	114890480	8	6	2	2
10	114890481	115305067	8	6	2	2
10	115305068	116948288	6	3	3	2
10	116948289	117340106	4	2	2	2
10	117340107	117415133	6	3	3	2
10	117415134	117484792	10	5	5	2
10	117484793	118393155	10	5	5	1
10	118393156	118424613	8	4	4	2
10	118424614	119047838	9	6	3	2
10	119047839	119137217	7	5	2	1
10	119137218	119160097	4	2	2	1
10	119160098	119289427	6	4	2	2
10	119289428	119553781	8	6	2	2
10	119553782	119716220	6	4	2	2
10	119716221	119755615	6	4	2	1
10	119755616	119901439	6	4	2	1
10	119901440	120045276	8	4	4	2
10	120045277	120249814	6	4	2	2
10	120249815	120297381	6	3	3	1
10	120297382	121771182	6	4	2	2
10	121771183	122392299	8	4	4	2
10	122392300	122397672	8	4	4	2
10	122397673	122404695	6	6	0	1
10	122404696	122513994	6	6	0	2
10	122513995	122755639	4	4	0	1
10	122755640	123718646	2	2	0	2
10	123718647	124966122	4	4	0	2
10	124966123	127090272	6	6	0	2
10	127090273	127829886	4	4	0	2
10	127829887	128119181	6	6	0	2
10	128119182	128123450	2	2	0	1
10	128123451	129278345	2	2	0	2
10	129278346	129705143	4	4	0	2
10	129705144	129859350	2	1	1	1
10	129859351	130296082	4	4	0	2
10	130296083	130684427	2	2	0	2
10	130684428	133800851	0	0	0	2
10	133800852	135389924	2	2	0	2
11	199813	24007500	5	3	2	2
11	24007501	48224126	4	2	2	2
11	48224127	48226684	4	2	2	2
11	48226685	48970914	4	2	2	2
11	48970915	50327269	4	2	2	2
11	50327270	51599999	7	4	3	2
11	51600000	55699999	NA	NA	NA	NA
11	55700000	56223013	4	2	2	2
11	56223014	56226116	4	2	2	2
11	56226117	57960560	4	2	2	2
11	57960561	57961098	4	2	2	2
11	57961099	58565240	4	2	2	2
11	58565241	58580576	4	2	2	2
11	58580577	72596311	4	2	2	2
11	72596312	72685732	4	2	2	2
11	72685733	78296082	4	2	2	2
11	78296083	80336776	3	2	1	2
11	80336777	81165653	5	4	1	1
11	81165654	81174136	5	4	1	2
11	81174137	87623670	5	4	1	2
11	87623671	90005933	5	4	1	1
11	90005934	91001689	7	6	1	1
11	91001690	91599975	18	17	1	1
11	91599976	95251394	7	6	1	2
11	95251395	95252024	7	6	1	2
11	95252025	95252038	7	6	1	2
11	95252039	95252142	7	6	1	2
11	95252143	95252362	7	6	1	2
11	95252363	95253158	7	6	1	2
11	95253159	95254084	7	6	1	2
11	95254085	95254446	7	6	1	2
11	95254447	95254499	7	6	1	2
11	95254500	95254515	7	6	1	2
11	95254516	95650033	7	6	1	2
11	95650034	95871111	3	2	1	2
11	95871112	95872239	3	2	1	2
11	95872240	95967874	3	2	1	2
11	95967875	95968271	7	6	1	1
11	95968272	95968284	7	6	1	1
11	95968285	97042944	9	7	2	2
11	97042945	97300767	14	12	2	2
11	97300768	97916949	11	9	2	2
11	97916950	97917011	17	16	1	1
11	97917012	97921344	17	16	1	1
11	97921345	97923624	4	2	2	2
11	97923625	97923839	4	2	2	2
11	97923840	98404314	4	2	2	2
11	98404315	98433355	4	2	2	2
11	98433356	100034771	4	2	2	2
11	100034772	100063358	30	29	1	1
11	100063359	100212722	30	29	1	1
11	100212723	100470732	36	35	1	1
11	100470733	102758787	36	35	1	1
11	102758788	102987196	47	45	2	1
11	102987197	103296084	47	45	2	1
11	103296085	103444316	47	45	2	1
11	103444317	103953680	22	21	1	1
11	103953681	123825036	4	2	2	1
11	123825037	123828839	4	2	2	2
11	123828840	125263020	4	2	2	2
11	125263021	134452200	4	2	2	2
12	110107	28784400	4	2	2	2
12	28784401	33299999	4	2	2	2
12	33300000	38199999	4	2	2	1
12	38200000	38453348	4	2	2	1
12	38453349	41397511	4	2	2	1
12	41397512	41468005	4	2	2	2
12	41468006	53360335	4	2	2	2
12	53360336	53361424	4	2	2	2
12	53361425	53361866	4	2	2	2
12	53361867	53362363	4	2	2	2
12	53362364	56053435	4	2	2	2
12	56053436	56343638	4	2	2	2
12	56343639	56421286	8	6	2	1
12	56421287	61453390	4	2	2	1
12	61453391	63763168	2	2	0	2
12	63763169	63774106	2	2	0	2
12	63774107	80550701	2	2	0	2
12	80550702	80554287	2	2	0	2
12	80554288	87495001	2	2	0	2
12	87495002	128341442	2	2	0	2
12	128341443	128344940	2	2	0	2
12	128344941	128456610	2	2	0	2
12	128456611	128506673	0	0	0	2
12	128506674	133740424	2	2	0	2
13	1	16299999	NA	NA	NA	NA
13	16300000	19499999	3	2	1	2
13	19500000	48182500	3	2	1	2
13	48182501	48188582	3	2	1	2
13	48188583	61741233	3	2	1	2
13	61741234	67250476	3	2	1	2
13	67250477	69872571	3	2	1	2
13	69872572	73015670	3	2	1	2
13	73015671	74421060	3	2	1	2
13	74421061	81547538	3	2	1	2
13	81547539	81549340	3	2	1	2
13	81549341	90462923	3	2	1	2
13	90462924	114142800	3	2	1	2
13	114142801	115169877	4	2	2	2
14	1	16099999	NA	NA	NA	NA
14	16100000	19099999	4	4	0	1
14	19100000	20379295	4	4	0	1
14	20379296	20501120	4	2	2	2
14	20501121	20571844	4	2	2	2
14	20571845	25010328	4	2	2	2
14	25010329	25015153	3	2	1	2
14	25015154	28919253	3	2	1	2
14	28919254	35194397	4	2	2	1
14	35194398	35377390	2	1	1	1
14	35377391	37706675	4	2	2	2
14	37706676	37709407	4	2	2	2
14	37709408	46299523	4	2	2	2
14	46299524	46301244	3	2	1	1
14	46301245	46445915	3	2	1	1
14	46445916	48173987	3	2	1	2
14	48173988	48195351	4	3	1	1
14	48195352	80665489	4	2	2	2
14	80665490	80666885	4	2	2	2
14	80666886	92566983	4	2	2	2
14	92566984	94223243	4	2	2	2
14	94223244	106368400	1	1	0	2
15	1	15799999	NA	NA	NA	NA
15	15800000	20699999	3	2	1	2
15	20700000	71317883	3	2	1	2
15	71317884	71322133	3	2	1	1
15	71322134	76769168	3	2	1	2
15	76769169	77201293	2	1	1	2
15	77201294	100338800	4	2	2	2
15	100338801	102531391	3	2	1	2
16	89757	32554200	4	2	2	2
16	32554201	34599999	4	2	2	2
16	34600000	38599999	4	2	2	2
16	38600000	64497953	4	2	2	1
16	64497954	64601846	2	2	0	2
16	64601847	81591690	4	2	2	1
16	81591691	81596215	4	2	2	1
16	81596216	82746671	2	2	0	2
16	82746672	82751717	2	2	0	1
16	82751718	88827200	2	2	0	2
16	88827201	90354752	2	2	0	1
17	20080	4180500	2	2	0	2
17	4180501	4432001	5	5	0	1
17	4432002	22199999	2	2	0	2
17	22200000	25799999	NA	NA	NA	NA
17	25800000	27642362	4	2	2	2
17	27642363	30039523	5	3	2	2
17	30039524	31148216	5	3	2	1
17	31148217	40131362	5	3	2	2
17	40131363	40133516	5	3	2	2
17	40133517	49983615	5	3	2	2
17	49983616	52562738	5	3	2	2
17	52562739	53678291	5	3	2	2
17	53678292	59709435	5	3	2	2
17	59709436	59716629	5	3	2	2
17	59716630	67484422	5	3	2	2
17	67484423	67487777	5	3	2	2
17	67487778	78774600	5	3	2	2
17	78774601	81195209	5	3	2	2
18	27500	15393143	4	2	2	1
18	15393144	19874193	4	2	2	2
18	19874194	19883394	4	2	2	2
18	19883395	37807360	4	2	2	2
18	37807361	40123838	4	2	2	2
18	40123839	74168369	4	2	2	2
18	74168370	74174293	4	2	2	1
18	74174294	76782197	4	2	2	2
18	76782198	76837255	7	5	2	1
18	76837256	78077247	3	2	1	2
19	102500	256930	3	2	1	1
19	256931	23693889	3	2	1	2
19	23693890	23695724	4	2	2	2
19	23695725	24399999	4	2	2	2
19	24400000	28599999	4	2	2	1
19	28600000	29267669	4	2	2	2
19	29267670	29270022	4	2	2	2
19	29270023	50202822	4	2	2	2
19	50202823	58701214	5	3	2	2
19	58701215	58810794	2	1	1	2
19	58810795	58840759	4	2	2	1
19	58840760	58986955	4	2	2	1
19	58986956	58988939	3	2	1	1
20	32074	25599999	4	2	2	2
20	25600000	29453421	4	2	2	2
20	29453422	42189083	4	2	2	2
20	42189084	62432500	4	2	2	2
21	1	9417499	NA	NA	NA	NA
21	9417500	10899999	NA	NA	NA	NA
21	10900000	15274460	4	2	2	1
21	15274461	33004172	4	2	2	1
21	33004173	33084567	1	1	0	2
21	33084568	40240175	4	2	2	2
21	40240176	40242240	4	2	2	2
21	40242241	40676299	4	2	2	2
21	40676300	40771137	6	3	3	1
21	40771138	46937500	4	2	2	1
21	46937501	48129894	4	2	2	1
22	1	12199999	NA	NA	NA	NA
22	12200000	17899999	4	2	2	1
22	17900000	33797012	4	2	2	1
22	33797013	36573641	7	5	2	2
22	36573642	36578453	19	17	2	1
22	36578454	38525836	19	17	2	1
22	38525837	44316214	9	7	2	2
22	44316215	44317383	8	5	3	1
22	44317384	44322487	8	5	3	1
22	44322488	49687500	2	2	0	2
22	49687501	51304565	2	2	0	1
X	1	2700026	1	1	0	1
X	2700027	6699016	1	1	0	1
X	6699017	6711437	1	1	0	1
X	6711438	20748862	1	1	0	1
X	20748863	22708999	0	0	0	1
X	22709000	23141488	1	1	0	1
X	23141489	23694318	1	1	0	2
X	23694319	23983046	1	1	0	2
X	23983047	24402999	1	1	0	2
X	24403000	25278853	0	0	0	1
X	25278854	25427988	6	6	0	1
X	25427989	25630195	1	1	0	1
X	25630196	26356151	1	1	0	1
X	26356152	26457389	1	1	0	1
X	26457390	26779200	NA	NA	NA	NA
X	26779201	44319934	1	1	0	1
X	44319935	44320552	NA	NA	NA	NA
X	44320553	44320573	NA	NA	NA	NA
X	44320574	46034997	1	1	0	1
X	46034998	47406108	1	1	0	2
X	47406109	47413246	1	1	0	2
X	47413247	47413827	1	1	0	2
X	47413828	48193201	1	1	0	2
X	48193202	50218769	1	1	0	2
X	50218770	50223139	NA	NA	NA	NA
X	50223140	50477984	15	15	0	1
X	50477985	50478198	1	1	0	1
X	50478199	52075037	1	1	0	1
X	52075038	52077849	NA	NA	NA	NA
X	52077850	53847068	0	0	0	1
X	53847069	58099999	1	1	0	1
X	58100000	62999999	1	1	0	2
X	63000000	67772303	1	1	0	2
X	67772304	80714303	1	1	0	2
X	80714304	80716627	1	1	0	2
X	80716628	95234295	1	1	0	2
X	95234296	95238097	1	1	0	2
X	95238098	101914630	1	1	0	2
X	101914631	101938422	1	1	0	2
X	101938423	112286884	1	1	0	2
X	112286885	112296716	1	1	0	2
X	112296717	116068454	1	1	0	2
X	116068455	116071887	1	1	0	2
X	116071888	116206954	1	1	0	2
X	116206955	116216068	1	1	0	2
X	116216069	141113062	1	1	0	2
X	141113063	141115125	1	1	0	2
X	141115126	154944320	1	1	0	2
X	154944321	154950041	NA	NA	NA	NA
Y	1	11599999	NA	NA	NA	NA
Y	11600000	13399999	NA	NA	NA	NA
Y	13400000	59373565	NA	NA	NA	NA
