chromosome	start	end	total_cn	major_cn	minor_cn	star
1	1	790590	3	2	1	2
1	790591	31014505	3	2	1	3
1	31014506	31115664	4	3	1	2
1	31115665	31117440	3	2	1	2
1	31117441	31140080	4	3	1	2
1	31140081	53427771	3	2	1	2
1	53427772	57584826	4	2	2	2
1	57584827	57610417	4	2	2	2
1	57610418	59205836	3	2	1	2
1	59205837	59624421	4	2	2	3
1	59624422	60831433	5	3	2	2
1	60831434	61207730	4	2	2	2
1	61207731	61285308	4	2	2	2
1	61285309	63690800	4	2	2	2
1	63690801	66135468	3	2	1	2
1	66135469	69798714	4	2	2	2
1	69798715	69994725	5	3	2	2
1	69994726	70091663	4	2	2	3
1	70091664	70184477	5	3	2	2
1	70184478	70464571	4	2	2	3
1	70464572	71008131	3	2	1	2
1	71008132	72542654	4	2	2	2
1	72542655	72600124	4	2	2	2
1	72600125	72985426	5	3	2	2
1	72985427	73263615	4	2	2	2
1	73263616	74171154	4	2	2	2
1	74171155	74666202	3	2	1	2
1	74666203	75250319	4	2	2	3
1	75250320	76658952	3	2	1	2
1	76658953	79165152	4	2	2	2
1	79165153	89840643	3	2	1	2
1	89840644	89843620	3	2	1	2
1	89843621	111583699	3	2	1	2
1	111583700	111585937	2	2	0	2
1	111585938	119160310	3	2	1	2
1	119160311	121499999	4	2	2	3
1	121500000	128899999	4	2	2	2
1	128900000	179567134	4	2	2	2
1	179567135	179604149	4	2	2	2
1	179604150	206988928	4	2	2	2
1	206988929	207246075	5	3	2	2
1	207246076	247249600	4	2	2	2
1	247249601	249250620	4	2	2	2
2	23368	20668917	4	2	2	2
2	20668918	20669235	4	2	2	2
2	20669236	20785117	4	2	2	2
2	20785118	24415160	3	2	1	2
2	24415161	26513448	4	2	2	3
2	26513449	26560854	5	3	2	2
2	26560855	28066890	4	2	2	2
2	28066891	28265802	5	3	2	2
2	28265803	28274047	4	2	2	1
2	28274048	29990294	5	3	2	2
2	29990295	30102201	4	2	2	2
2	30102202	30329972	3	2	1	2
2	30329973	31168091	4	2	2	2
2	31168092	31240235	3	2	1	2
2	31240236	31473509	4	2	2	2
2	31473510	46760836	3	2	1	2
2	46760837	48461898	7	5	2	2
2	48461899	48510988	7	5	2	2
2	48510989	48516029	6	4	2	2
2	48516030	48516667	6	4	2	2
2	48516668	48516694	6	4	2	2
2	48516695	48517215	6	4	2	2
2	48517216	49891253	6	4	2	2
2	49891254	55957499	5	3	2	2
2	55957500	70366975	4	2	2	3
2	70366976	70367100	4	2	2	3
2	70367101	70476389	4	2	2	2
2	70476390	75969323	3	2	1	2
2	75969324	78372274	4	2	2	2
2	78372275	79633640	4	2	2	2
2	79633641	80953636	4	2	2	2
2	80953637	90499999	3	2	1	1
2	90500000	96799999	NA	NA	NA	NA
2	96800000	100387458	4	2	2	2
2	100387459	100414781	4	2	2	2
2	100414782	104592801	3	2	1	1
2	104592802	155784314	2	1	1	2
2	155784315	155872118	3	2	1	2
2	155872119	157427227	2	1	1	2
2	157427228	157427438	2	1	1	2
2	157427439	157902024	2	1	1	2
2	157902025	158114268	4	2	2	2
2	158114269	158114579	4	2	2	2
2	158114580	158514924	3	2	1	2
2	158514925	160313402	4	2	2	2
2	160313403	164967458	5	3	2	2
2	164967459	164967530	4	3	1	1
2	164967531	164967950	3	2	1	2
2	164967951	164968775	3	2	1	2
2	164968776	164969103	3	2	1	2
2	164969104	169489219	2	1	1	2
2	169489220	171077547	5	3	2	2
2	171077548	171811345	8	6	2	2
2	171811346	171852499	8	7	1	1
2	171852500	171953443	8	7	1	2
2	171953444	172133877	9	8	1	1
2	172133878	172186214	8	7	1	2
2	172186215	174287623	7	5	2	2
2	174287624	174287825	7	5	2	2
2	174287826	174311639	7	5	2	2
2	174311640	174344524	7	6	1	1
2	174344525	174347524	8	6	2	2
2	174347525	175503516	7	5	2	2
2	175503517	175736050	6	4	2	2
2	175736051	176561155	7	6	1	1
2	176561156	177249755	8	7	1	1
2	177249756	177492296	8	6	2	2
2	177492297	177492903	8	6	2	2
2	177492904	178603514	8	7	1	1
2	178603515	179481380	7	5	2	2
2	179481381	242986605	2	1	1	2
3	61495	4577907	2	1	1	2
3	4577908	4578464	2	1	1	2
3	4578465	4682627	24	24	0	1
3	4682628	4979330	14	13	1	2
3	4979331	5069892	15	14	1	2
3	5069893	8412949	3	2	1	2
3	8412950	8695880	4	3	1	2
3	8695881	10417135	3	2	1	2
3	10417136	11022106	3	2	1	2
3	11022107	11154336	4	3	1	2
3	11154337	12088845	3	2	1	2
3	12088846	12757925	15	15	0	1
3	12757926	13062631	16	15	1	2
3	13062632	13088544	17	16	1	2
3	13088545	13098292	17	17	0	1
3	13098293	13217515	16	16	0	1
3	13217516	13479497	15	15	0	1
3	13479498	15111775	13	13	0	1
3	15111776	15511565	15	15	0	1
3	15511566	15541869	15	15	0	1
3	15541870	15558024	18	17	1	1
3	15558025	15605486	18	17	1	1
3	15605487	15605503	18	17	1	1
3	15605504	15644361	18	17	1	1
3	15644362	16999974	17	17	0	1
3	16999975	17000461	17	17	0	1
3	17000462	17589709	4	3	1	2
3	17589710	18448309	5	4	1	2
3	18448310	20251064	4	3	1	2
3	20251065	20253431	4	3	1	2
3	20253432	48982777	2	1	1	2
3	48982778	48989536	2	1	1	2
3	48989537	79821754	2	1	1	2
3	79821755	79965148	6	5	1	2
3	79965149	82811499	4	3	1	2
3	82811500	82813226	4	3	1	2
3	82813227	84382243	2	1	1	2
3	84382244	84393624	24	24	0	1
3	84393625	84395602	24	24	0	1
3	84395603	84412357	24	24	0	1
3	84412358	84412764	24	24	0	1
3	84412765	84578414	24	24	0	1
3	84578415	84578529	24	24	0	1
3	84578530	84956134	51	51	0	1
3	84956135	85407022	50	50	0	1
3	85407023	85407251	50	50	0	1
3	85407252	85413043	48	48	0	1
3	85413044	85413306	50	50	0	1
3	85413307	85426488	46	46	0	1
3	85426489	85426650	47	47	0	1
3	85426651	85442296	47	47	0	1
3	85442297	85442636	48	48	0	1
3	85442637	85464241	48	48	0	1
3	85464242	85464516	48	48	0	1
3	85464517	85867528	47	47	0	1
3	85867529	85867779	47	47	0	1
3	85867780	86213892	47	47	0	1
3	86213893	86626207	49	48	1	2
3	86626208	86628799	53	52	1	1
3	86628800	87053733	46	46	0	1
3	87053734	87082263	45	44	1	1
3	87082264	87083770	4	3	1	2
3	87083771	87899999	4	3	1	2
3	87900000	93899999	NA	NA	NA	NA
3	93900000	109904901	3	2	1	2
3	109904902	110005635	4	2	2	2
3	110005636	118345802	3	2	1	2
3	118345803	126872096	4	3	1	2
3	126872097	127804143	9	6	3	2
3	127804144	131770010	6	3	3	2
3	131770011	158052048	4	3	1	2
3	158052049	158225808	5	3	2	2
3	158225809	191312286	4	3	1	2
3	191312287	198022429	4	3	1	2
4	27501	22577949	4	2	2	2
4	22577950	39957448	3	2	1	2
4	39957449	40657159	4	2	2	3
4	40657160	48199999	3	2	1	2
4	48200000	52699999	3	2	1	2
4	52700000	89216481	3	2	1	2
4	89216482	89224643	2	1	1	2
4	89224644	103653527	2	1	1	2
4	103653528	105301229	6	5	1	2
4	105301230	105448213	6	5	1	2
4	105448214	106201266	8	7	1	1
4	106201267	106712718	8	7	1	2
4	106712719	107313422	8	7	1	2
4	107313423	107699340	12	12	0	1
4	107699341	108088171	8	7	1	2
4	108088172	108116310	7	7	0	1
4	108116311	108117311	7	7	0	1
4	108117312	108146295	7	6	1	1
4	108146296	108171943	7	6	1	2
4	108171944	108583786	7	6	1	2
4	108583787	108584815	7	6	1	2
4	108584816	108595016	2	1	1	1
4	108595017	109236779	2	1	1	2
4	109236780	111896690	3	2	1	2
4	111896691	163579975	2	1	1	2
4	163579976	163913723	3	2	1	2
4	163913724	168599368	2	1	1	2
4	168599369	168605926	4	2	2	2
4	168605927	168605965	4	2	2	2
4	168605966	168608031	4	2	2	2
4	168608032	168608057	4	2	2	2
4	168608058	174422802	2	1	1	2
4	174422803	191154275	3	2	1	2
5	22500	1077499	3	2	1	2
5	1077500	21403276	4	2	2	3
5	21403277	21444460	3	2	1	2
5	21444461	46099999	4	2	2	3
5	46100000	50699999	NA	NA	NA	NA
5	50700000	180675558	2	2	0	2
6	39681	233749	4	2	2	2
6	233750	58699999	4	2	2	2
6	58700000	63299999	4	2	2	2
6	63300000	66019047	4	2	2	2
6	66019048	66019355	4	2	2	2
6	66019356	66048526	4	2	2	2
6	66048527	66057423	5	3	2	2
6	66057424	66115113	4	2	2	2
6	66115114	66919482	5	3	2	3
6	66919483	73967336	4	3	1	3
6	73967337	73971861	4	3	1	2
6	73971862	74004662	4	3	1	2
6	74004663	74051475	4	3	1	3
6	74051476	74065061	4	3	1	2
6	74065062	74154283	4	3	1	2
6	74154284	74175776	3	2	1	2
6	74175777	74208662	4	3	1	2
6	74208663	74273234	3	2	1	2
6	74273235	74490395	4	3	1	2
6	74490396	74491141	4	3	1	2
6	74491142	74522244	4	3	1	2
6	74522245	75360909	3	2	1	3
6	75360910	75417333	13	13	0	1
6	75417334	77492896	14	13	1	2
6	77492897	79715866	35	33	2	2
6	79715867	79718607	31	31	0	1
6	79718608	79744146	36	36	0	1
6	79744147	79746845	19	19	0	1
6	79746846	105244135	2	1	1	2
6	105244136	105263074	27	27	0	1
6	105263075	105265661	27	27	0	1
6	105265662	105475941	67	67	0	1
6	105475942	105509390	53	53	0	1
6	105509391	105511326	53	53	0	1
6	105511327	105522607	53	53	0	1
6	105522608	105522839	53	53	0	1
6	105522840	105535085	52	52	0	1
6	105535086	105574928	54	54	0	1
6	105574929	105821745	63	63	0	1
6	105821746	106286246	49	48	1	2
6	106286247	106293984	49	48	1	2
6	106293985	106313404	59	59	0	1
6	106313405	106315379	80	80	0	1
6	106315380	106315770	80	80	0	1
6	106315771	106477091	80	80	0	1
6	106477092	106810188	102	102	0	1
6	106810189	106823964	102	102	0	1
6	106823965	106824674	102	102	0	1
6	106824675	107133731	94	94	0	1
6	107133732	107133952	94	94	0	1
6	107133953	107140866	90	90	0	1
6	107140867	107141463	94	94	0	1
6	107141464	107160962	98	98	0	1
6	107160963	107348565	99	99	0	1
6	107348566	107348866	99	99	0	1
6	107348867	107348888	99	99	0	1
6	107348889	107350763	96	96	0	1
6	107350764	107351255	96	96	0	1
6	107351256	107409481	88	88	0	1
6	107409482	107409658	73	73	0	1
6	107409659	107449160	73	73	0	1
6	107449161	107449180	92	92	0	1
6	107449181	107449279	92	92	0	1
6	107449280	107565894	92	92	0	1
6	107565895	107599700	92	92	0	1
6	107599701	107792360	148	146	2	2
6	107792361	107795648	148	146	2	2
6	107795649	108083511	148	146	2	2
6	108083512	108107196	148	146	2	2
6	108107197	108137478	148	146	2	2
6	108137479	130497328	2	1	1	2
6	130497329	130704648	81	81	0	1
6	130704649	130824055	82	82	0	1
6	130824056	130948163	82	82	0	1
6	130948164	130958739	82	82	0	1
6	130958740	131077805	82	82	0	1
6	131077806	131433625	81	81	0	1
6	131433626	131693054	88	88	0	1
6	131693055	131695266	88	88	0	1
6	131695267	131942387	82	82	0	1
6	131942388	132088102	83	83	0	1
6	132088103	132757258	97	97	0	1
6	132757259	132758187	97	97	0	1
6	132758188	132808530	97	97	0	1
6	132808531	133007882	51	50	1	1
6	133007883	133899575	52	52	0	1
6	133899576	133936926	21	21	0	1
6	133936927	133939960	18	18	0	1
6	133939961	133949809	15	15	0	1
6	133949810	134344904	19	19	0	1
6	134344905	134353522	19	19	0	1
6	134353523	134358244	19	18	1	1
6	134358245	134371896	19	18	1	1
6	134371897	134855823	19	19	0	1
6	134855824	135018478	18	18	0	1
6	135018479	135026225	25	25	0	1
6	135026226	135032642	26	26	0	1
6	135032643	135036289	25	25	0	1
6	135036290	135278031	26	26	0	1
6	135278032	135279724	47	47	0	1
6	135279725	135313617	25	24	1	1
6	135313618	135345393	14	13	1	2
6	135345394	135496212	13	13	0	1
6	135496213	135506632	14	12	2	1
6	135506633	136005966	12	11	1	1
6	136005967	136113212	28	26	2	1
6	136113213	137924343	3	2	1	2
6	137924344	138472115	2	1	1	2
6	138472116	138792685	3	2	1	3
6	138792686	141033599	2	1	1	2
6	141033600	142070037	3	2	1	2
6	142070038	152311325	8	4	4	2
6	152311326	152453649	7	4	3	2
6	152453650	153994393	4	3	1	2
6	153994394	158802717	5	4	1	2
6	158802718	159138942	7	5	2	2
6	159138943	159563162	8	5	3	2
6	159563163	159565106	8	5	3	2
6	159565107	159599546	6	3	3	2
6	159599547	159602244	4	2	2	2
6	159602245	170919735	7	4	3	2
7	60749	954196	4	3	1	2
7	954197	21892223	3	2	1	2
7	21892224	22067960	4	2	2	2
7	22067961	27123823	3	2	1	2
7	27123824	31713401	4	3	1	2
7	31713402	32418389	5	4	1	2
7	32418390	33533594	3	2	1	2
7	33533595	35735442	4	2	2	3
7	35735443	37186551	5	3	2	2
7	37186552	38305690	5	3	2	2
7	38305691	38339912	4	2	2	2
7	38339913	39005784	4	2	2	2
7	39005785	40690159	5	3	2	2
7	40690160	41578546	4	2	2	2
7	41578547	41706988	4	2	2	3
7	41706989	42039743	4	2	2	2
7	42039744	42877984	4	2	2	2
7	42877985	43173834	3	2	1	2
7	43173835	43876937	4	2	2	2
7	43876938	45256079	5	3	2	2
7	45256080	45364849	4	2	2	2
7	45364850	46142238	5	3	2	2
7	46142239	46151390	5	3	2	2
7	46151391	46661680	5	3	2	2
7	46661681	46949322	4	2	2	3
7	46949323	47409001	3	2	1	2
7	47409002	48559750	4	2	2	3
7	48559751	49018251	5	3	2	2
7	49018252	49531644	4	2	2	3
7	49531645	49958460	5	3	2	2
7	49958461	50166422	3	2	1	2
7	50166423	50957888	4	2	2	3
7	50957889	54458084	3	2	1	2
7	54458085	56144159	4	2	2	3
7	56144160	57999999	5	3	2	2
7	58000000	61699999	5	3	2	2
7	61700000	68208241	5	3	2	2
7	68208242	68217123	4	2	2	2
7	68217124	68239614	5	3	2	2
7	68239615	81146539	4	2	2	3
7	81146540	123127649	3	2	1	3
7	123127650	127621446	4	3	1	2
7	127621447	127686773	4	3	1	2
7	127686774	128240247	7	4	3	2
7	128240248	129789993	5	3	2	2
7	129789994	158821400	4	3	1	2
8	10001	155756	3	3	0	2
8	155757	4933817	3	3	0	2
8	4933818	43099999	2	2	0	2
8	43100000	48099999	NA	NA	NA	NA
8	48100000	51985748	7	5	2	2
8	51985749	52000526	7	5	2	2
8	52000527	55510770	7	5	2	2
8	55510771	55515639	8	6	2	1
8	55515640	55613587	7	5	2	2
8	55613588	57590749	8	6	2	2
8	57590750	59985183	11	9	2	2
8	59985184	60590926	12	10	2	2
8	60590927	60599832	11	10	1	1
8	60599833	61090213	10	8	2	2
8	61090214	61181017	14	12	2	2
8	61181018	61520144	16	15	1	1
8	61520145	61853481	14	13	1	1
8	61853482	62694310	13	11	2	1
8	62694311	63524579	12	10	2	2
8	63524580	63699786	11	9	2	2
8	63699787	63726598	12	10	2	2
8	63726599	63726796	12	10	2	2
8	63726797	65715709	12	10	2	2
8	65715710	66707785	13	11	2	2
8	66707786	66712705	13	11	2	2
8	66712706	66712780	13	11	2	2
8	66712781	66719480	13	11	2	2
8	66719481	67683175	13	11	2	2
8	67683176	67838396	12	10	2	1
8	67838397	68323133	17	15	2	2
8	68323134	70689935	23	21	2	2
8	70689936	71678284	19	16	3	1
8	71678285	71678374	23	21	2	2
8	71678375	71680416	23	21	2	2
8	71680417	71814046	23	21	2	2
8	71814047	71871416	19	16	3	1
8	71871417	72015379	19	14	5	1
8	72015380	72465146	20	14	6	2
8	72465147	72533581	21	16	5	1
8	72533582	72533594	21	16	5	1
8	72533595	72533777	23	16	7	1
8	72533778	72569518	21	15	6	1
8	72569519	72582729	21	15	6	1
8	72582730	72583116	21	15	6	1
8	72583117	72599537	21	16	5	1
8	72599538	72605432	20	15	5	1
8	72605433	72605494	20	15	5	1
8	72605495	72606438	20	15	5	1
8	72606439	72613359	19	14	5	1
8	72613360	72638117	19	14	5	1
8	72638118	72702992	19	14	5	1
8	72702993	72703092	19	14	5	1
8	72703093	72784708	19	14	5	1
8	72784709	72786131	16	13	3	1
8	72786132	72823950	18	12	6	2
8	72823951	72824237	18	12	6	2
8	72824238	72983278	18	12	6	2
8	72983279	73028824	17	11	6	2
8	73028825	73087124	17	11	6	2
8	73087125	73340791	14	12	2	2
8	73340792	73382357	17	11	6	2
8	73382358	73382394	9	6	3	1
8	73382395	73386032	9	6	3	2
8	73386033	73386236	6	4	2	2
8	73386237	77687386	10	6	4	2
8	77687387	83633982	6	4	2	2
8	83633983	83763250	7	4	3	2
8	83763251	89888210	6	4	2	2
8	89888211	90247975	5	4	1	2
8	90247976	94478914	6	4	2	2
8	94478915	95323098	4	4	0	2
8	95323099	96040945	8	4	4	2
8	96040946	100944961	7	5	2	1
8	100944962	103753345	7	5	2	2
8	103753346	108265094	7	5	2	2
8	108265095	109595827	7	5	2	2
8	109595828	112287716	4	4	0	2
8	112287717	113719989	6	4	2	1
8	113719990	114271896	7	4	3	1
8	114271897	114667440	10	5	5	2
8	114667441	116409945	8	5	3	2
8	116409946	116783046	9	6	3	2
8	116783047	116783312	9	6	3	2
8	116783313	116783344	6	4	2	2
8	116783345	116787299	6	4	2	2
8	116787300	117056391	6	4	2	2
8	117056392	117505553	9	6	3	2
8	117505554	119690758	8	5	3	2
8	119690759	122699952	6	4	2	2
8	122699953	123058219	7	4	3	2
8	123058220	123532000	8	4	4	2
8	123532001	124801055	7	4	3	2
8	124801056	125451714	15	14	1	1
8	125451715	125457140	15	14	1	1
8	125457141	125614563	18	16	2	2
8	125614564	126106973	18	17	1	1
8	126106974	126641266	19	18	1	1
8	126641267	126642631	19	18	1	1
8	126642632	126678238	19	17	2	2
8	126678239	126678322	19	18	1	1
8	126678323	126726996	19	18	1	1
8	126726997	126943130	16	14	2	2
8	126943131	127067639	18	17	1	1
8	127067640	127069044	18	17	1	1
8	127069045	127093271	19	17	2	1
8	127093272	127093390	19	17	2	1
8	127093391	127291832	18	17	1	1
8	127291833	127726904	19	18	1	1
8	127726905	127922991	17	16	1	1
8	127922992	127923254	18	17	1	1
8	127923255	127940090	18	17	1	1
8	127940091	127963263	18	17	1	1
8	127963264	128008146	17	15	2	1
8	128008147	128697325	16	14	2	2
8	128697326	128944358	18	16	2	2
8	128944359	129853812	15	13	2	2
8	129853813	129855464	15	14	1	1
8	129855465	129857627	17	15	2	1
8	129857628	129860096	17	15	2	1
8	129860097	129963055	17	15	2	2
8	129963056	129963089	16	15	1	1
8	129963090	129985520	16	15	1	1
8	129985521	130822233	16	15	1	1
8	130822234	131021196	15	14	1	1
8	131021197	136089942	4	2	2	2
8	136089943	146364021	2	2	0	2
9	47500	153760	1	1	0	2
9	153761	8381850	1	1	0	2
9	8381851	44245051	2	2	0	2
9	44245052	44845822	1	1	0	2
9	44845823	47299999	2	2	0	2
9	47300000	50699999	2	2	0	2
9	50700000	65607499	2	2	0	2
9	65607500	117892135	2	2	0	2
9	117892136	119970309	3	3	0	2
9	119970310	119979207	6	6	0	1
9	119979208	119979270	6	6	0	2
9	119979271	122036293	5	5	0	2
9	122036294	122198083	5	5	0	2
9	122198084	123715559	5	5	0	2
9	123715560	123809235	9	9	0	2
9	123809236	123902372	11	11	0	2
9	123902373	125485274	9	9	0	2
9	125485275	125497530	8	8	0	2
9	125497531	126283530	8	8	0	2
9	126283531	126298996	9	9	0	1
9	126298997	126354620	28	28	0	1
9	126354621	126448981	28	28	0	1
9	126448982	126450936	28	28	0	2
9	126450937	126552982	28	28	0	1
9	126552983	127074986	26	26	0	2
9	127074987	127138075	30	30	0	1
9	127138076	127507142	25	25	0	1
9	127507143	127716531	19	19	0	2
9	127716532	127932228	21	21	0	2
9	127932229	127940260	26	26	0	1
9	127940261	127943190	26	26	0	1
9	127943191	128126115	12	12	0	1
9	128126116	128363073	12	12	0	2
9	128363074	130389785	10	10	0	2
9	130389786	130389822	10	10	0	2
9	130389823	130431284	10	10	0	2
9	130431285	130837490	3	3	0	2
9	130837491	131809923	2	2	0	2
9	131809924	135145516	1	1	0	2
9	135145517	139610589	2	2	0	2
9	139610590	140270246	3	3	0	2
10	95662	19577060	3	2	1	2
10	19577061	20475003	5	3	2	2
10	20475004	27263949	4	3	1	2
10	27263950	27276273	6	3	3	2
10	27276274	27291459	4	3	1	2
10	27291460	27327136	6	3	3	2
10	27327137	32783130	3	2	1	2
10	32783131	32783467	3	2	1	2
10	32783468	32801758	4	3	1	2
10	32801759	32803032	2	2	0	2
10	32803033	32816727	4	3	1	2
10	32816728	32826574	4	3	1	2
10	32826575	32843270	5	4	1	2
10	32843271	37398210	3	2	1	2
10	37398211	37444665	2	1	1	2
10	37444666	37502484	4	3	1	1
10	37502485	37520672	4	3	1	1
10	37520673	37534435	4	3	1	1
10	37534436	37585804	5	3	2	1
10	37585805	42397125	NA	NA	NA	NA
10	42397126	59890769	5	3	2	2
10	59890770	60093722	4	2	2	2
10	60093723	61222500	5	3	2	2
10	61222501	61898137	4	2	2	2
10	61898138	94241639	5	3	2	2
10	94241640	103458088	4	2	2	2
10	103458089	103685613	4	2	2	2
10	103685614	116249331	4	2	2	2
10	116249332	135389924	5	3	2	2
11	198986	5343110	1	1	0	2
11	5343111	5344290	3	2	1	1
11	5344291	5348719	1	1	0	1
11	5348720	5715108	3	2	1	2
11	5715109	6379990	1	1	0	2
11	6379991	9296941	3	2	1	2
11	9296942	10990102	2	2	0	2
11	10990103	11229709	0	0	0	2
11	11229710	12809313	1	1	0	2
11	12809314	13381080	0	0	0	2
11	13381081	13446829	3	3	0	2
11	13446830	16665005	3	3	0	2
11	16665006	21635002	2	2	0	2
11	21635003	21635550	1	1	0	2
11	21635551	21889260	4	2	2	2
11	21889261	34725524	3	2	1	2
11	34725525	34942915	4	3	1	2
11	34942916	50120091	3	2	1	2
11	50120092	50294885	2	2	0	2
11	50294886	50777725	2	2	0	2
11	50777726	51191701	4	2	2	1
11	51191702	55699999	NA	NA	NA	NA
11	55700000	60387665	5	3	2	2
11	60387666	61681401	4	3	1	2
11	61681402	67005131	5	3	2	2
11	67005132	67014185	5	3	2	1
11	67014186	67014351	6	3	3	1
11	67014352	69250462	6	3	3	2
11	69250463	70874310	7	4	3	2
11	70874311	72323398	8	5	3	2
11	72323399	72663118	4	3	1	2
11	72663119	72758778	5	4	1	1
11	72758779	72761940	5	4	1	1
11	72761941	74367951	3	3	0	2
11	74367952	75059646	6	3	3	2
11	75059647	75233905	4	2	2	2
11	75233906	95225101	3	3	0	2
11	95225102	97607946	3	3	0	2
11	97607947	99891762	4	3	1	2
11	99891763	103530957	3	3	0	2
11	103530958	114443449	1	1	0	2
11	114443450	119570021	3	2	1	2
11	119570022	119915735	4	3	1	2
11	119915736	120644612	3	2	1	2
11	120644613	120653069	3	2	1	2
11	120653070	120656105	4	3	1	2
11	120656106	120660465	7	6	1	2
11	120660466	122193869	3	2	1	2
11	122193870	122193994	3	2	1	2
11	122193995	122197721	2	1	1	2
11	122197722	122513869	2	1	1	2
11	122513870	134452200	1	1	0	2
12	22500	188284	8	5	3	2
12	188285	1588486	8	5	3	2
12	1588487	1604112	9	5	4	2
12	1604113	1604435	10	6	4	1
12	1604436	1609107	9	6	3	1
12	1609108	2361788	7	5	2	2
12	2361789	2370289	7	5	2	2
12	2370290	2385982	9	5	4	1
12	2385983	2943202	9	5	4	2
12	2943203	3047021	8	4	4	2
12	3047022	3199979	6	4	2	3
12	3199980	7154776	4	4	0	2
12	7154777	9628894	3	3	0	2
12	9628895	11309001	3	3	0	2
12	11309002	15798314	4	4	0	2
12	15798315	16208476	3	3	0	2
12	16208477	20380249	4	4	0	2
12	20380250	21688767	3	3	0	2
12	21688768	33299999	4	4	0	2
12	33300000	38199999	4	4	0	2
12	38200000	43961002	4	4	0	2
12	43961003	44810333	5	5	0	2
12	44810334	46315122	5	5	0	2
12	46315123	46315978	5	5	0	2
12	46315979	46345731	5	5	0	2
12	46345732	46699951	6	6	0	2
12	46699952	46756756	9	9	0	2
12	46756757	46768509	6	6	0	2
12	46768510	47292807	4	4	0	2
12	47292808	51918848	3	3	0	2
12	51918849	58892551	2	2	0	2
12	58892552	58892656	2	2	0	2
12	58892657	61379745	2	2	0	2
12	61379746	62677727	2	2	0	2
12	62677728	62724809	4	3	1	2
12	62724810	63680703	2	2	0	2
12	63680704	63741682	3	3	0	2
12	63741683	63746143	2	2	0	2
12	63746144	63749470	3	3	0	1
12	63749471	63753874	2	2	0	2
12	63753875	63757126	3	3	0	1
12	63757127	63771086	2	2	0	2
12	63771087	64999586	3	3	0	2
12	64999587	65001217	3	3	0	2
12	65001218	65001267	2	2	0	1
12	65001268	66560050	5	3	2	2
12	66560051	67792456	3	3	0	2
12	67792457	70747507	7	7	0	2
12	70747508	74250795	6	6	0	2
12	74250796	74256096	6	6	0	2
12	74256097	74268804	4	4	0	1
12	74268805	74317800	3	3	0	2
12	74317801	74364381	6	6	0	2
12	74364382	79752184	3	3	0	2
12	79752185	80356088	4	4	0	2
12	80356089	80699767	5	5	0	2
12	80699768	80788008	5	5	0	3
12	80788009	80798351	7	7	0	2
12	80798352	81220144	5	5	0	3
12	81220145	82882679	7	7	0	1
12	82882680	83339321	8	8	0	2
12	83339322	83679383	6	6	0	2
12	83679384	83684259	8	8	0	1
12	83684260	83688380	8	8	0	1
12	83688381	83692376	5	5	0	1
12	83692377	85901159	10	10	0	2
12	85901160	86290471	11	11	0	1
12	86290472	86339061	27	27	0	1
12	86339062	86342869	27	27	0	1
12	86342870	86385517	19	19	0	1
12	86385518	86525597	18	18	0	1
12	86525598	86555068	20	20	0	1
12	86555069	87590618	20	20	0	2
12	87590619	88041603	19	19	0	1
12	88041604	88457789	17	17	0	1
12	88457790	88458159	17	17	0	1
12	88458160	88458791	19	19	0	1
12	88458792	88536343	19	19	0	1
12	88536344	88694215	20	20	0	1
12	88694216	89282366	20	20	0	2
12	89282367	89471459	22	22	0	1
12	89471460	89472361	22	22	0	1
12	89472362	89507884	23	23	0	1
12	89507885	89508671	23	23	0	1
12	89508672	89509798	24	24	0	1
12	89509799	89537758	22	22	0	1
12	89537759	89540877	22	22	0	1
12	89540878	89592979	28	28	0	1
12	89592980	89655518	20	20	0	1
12	89655519	89888211	22	22	0	2
12	89888212	90114132	23	23	0	1
12	90114133	90181855	25	25	0	1
12	90181856	90445432	27	27	0	1
12	90445433	90450830	33	33	0	1
12	90450831	90461346	26	26	0	1
12	90461347	90463576	19	19	0	1
12	90463577	90465918	19	19	0	1
12	90465919	90472045	19	19	0	1
12	90472046	91044936	13	13	0	2
12	91044937	92954979	15	15	0	1
12	92954980	92962085	15	15	0	1
12	92962086	92969353	15	15	0	1
12	92969354	93116563	14	14	0	2
12	93116564	93117606	11	11	0	1
12	93117607	93118534	13	13	0	2
12	93118535	94409718	13	13	0	2
12	94409719	94818741	11	11	0	2
12	94818742	94829212	2	2	0	2
12	94829213	94829808	10	10	0	2
12	94829809	94906081	10	10	0	1
12	94906082	94909109	8	8	0	2
12	94909110	94914114	5	5	0	2
12	94914115	95775969	6	6	0	2
12	95775970	95837345	9	9	0	2
12	95837346	95841781	9	9	0	2
12	95841782	95884090	10	10	0	1
12	95884091	95902642	9	9	0	1
12	95902643	95914571	10	10	0	1
12	95914572	95916351	10	10	0	1
12	95916352	95929241	9	9	0	1
12	95929242	95929899	9	9	0	1
12	95929900	95950384	9	9	0	1
12	95950385	95968054	8	8	0	2
12	95968055	96156574	11	11	0	2
12	96156575	96500519	32	32	0	2
12	96500520	96584583	33	33	0	2
12	96584584	96943876	32	32	0	2
12	96943877	97679746	33	33	0	2
12	97679747	105336368	2	2	0	2
12	105336369	107731486	3	3	0	2
12	107731487	108249820	4	4	0	2
12	108249821	109977069	3	3	0	2
12	109977070	110398888	4	4	0	2
12	110398889	110553435	4	4	0	2
12	110553436	111978501	4	4	0	2
12	111978502	113703056	3	3	0	2
12	113703057	132349400	3	3	0	2
12	132349401	133851894	3	3	0	2
13	1	16299999	2	1	1	1
13	16300000	19499999	2	1	1	2
13	19500000	22850040	2	1	1	2
13	22850041	22884522	1	1	0	2
13	22884523	22890480	3	2	1	2
13	22890481	22890582	3	2	1	2
13	22890583	23919842	3	2	1	3
13	23919843	30527292	4	2	2	3
13	30527293	30528791	4	2	2	2
13	30528792	30940743	11	9	2	2
13	30940744	31071591	10	8	2	1
13	31071592	31427712	15	14	1	1
13	31427713	36370244	3	2	1	3
13	36370245	39396335	3	2	1	3
13	39396336	39824358	1	1	0	2
13	39824359	40145048	3	2	1	3
13	40145049	40149117	1	1	0	1
13	40149118	40174766	1	1	0	1
13	40174767	40205463	1	1	0	1
13	40205464	40211820	1	1	0	1
13	40211821	40216930	2	1	1	1
13	40216931	40230905	2	1	1	1
13	40230906	40237622	2	1	1	2
13	40237623	41820050	2	1	1	3
13	41820051	54675261	3	2	1	3
13	54675262	84789346	2	1	1	2
13	84789347	84789532	2	1	1	2
13	84789533	85015783	2	1	1	2
13	85015784	85016317	2	1	1	2
13	85016318	85115267	4	3	1	3
13	85115268	85119602	3	2	1	1
13	85119603	97276276	2	1	1	2
13	97276277	98035982	3	2	1	3
13	98035983	98838113	4	3	1	2
13	98838114	98838788	3	2	1	1
13	98838789	98938086	4	3	1	2
13	98938087	99795161	3	2	1	3
13	99795162	105164537	2	1	1	3
13	105164538	105961759	4	3	1	2
13	105961760	105963876	4	3	1	2
13	105963877	105964338	4	3	1	2
13	105964339	108165539	4	3	1	2
13	108165540	114185287	3	2	1	3
14	1	16099999	4	2	2	1
14	16100000	19099999	4	2	2	2
14	19100000	20375050	4	2	2	2
14	20375051	68556168	4	2	2	2
14	68556169	68674375	5	3	2	2
14	68674376	106126760	4	2	2	2
14	106126761	106149564	4	2	2	2
14	106149565	106368400	4	2	2	2
15	1	15799999	1	1	0	1
15	15800000	20699999	1	1	0	2
15	20700000	30528601	1	1	0	2
15	30528602	32410180	3	2	1	3
15	32410181	33374570	4	2	2	3
15	33374571	35070639	3	2	1	2
15	35070640	35076661	5	3	2	2
15	35076662	35077906	3	2	1	2
15	35077907	35088710	5	3	2	1
15	35088711	35088909	5	3	2	1
15	35088910	35089555	4	2	2	1
15	35089556	35090801	4	2	2	1
15	35090802	35100588	1	1	0	1
15	35100589	35107775	4	2	2	2
15	35107776	36684615	2	2	0	2
15	36684616	37123671	3	2	1	2
15	37123672	37123688	3	2	1	2
15	37123689	37275258	4	2	2	3
15	37275259	37484419	2	2	0	2
15	37484420	37987580	3	2	1	3
15	37987581	39266614	2	2	0	2
15	39266615	39272840	2	2	0	2
15	39272841	39276723	4	2	2	2
15	39276724	39300416	4	2	2	2
15	39300417	39303674	4	2	2	2
15	39303675	39304170	4	2	2	2
15	39304171	39666442	4	2	2	3
15	39666443	39686947	2	2	0	2
15	39686948	46482772	2	2	0	2
15	46482773	46483007	2	2	0	2
15	46483008	46483067	2	2	0	1
15	46483068	47223008	4	2	2	3
15	47223009	49153043	2	2	0	2
15	49153044	50117541	3	2	1	3
15	50117542	50160631	4	2	2	3
15	50160632	50160993	4	2	2	2
15	50160994	51190104	5	3	2	2
15	51190105	53771624	4	2	2	3
15	53771625	53772189	3	2	1	2
15	53772190	54257722	3	2	1	3
15	54257723	56700429	2	2	0	2
15	56700430	57655678	3	2	1	2
15	57655679	67114117	2	2	0	2
15	67114118	68595330	4	2	2	2
15	68595331	69492265	2	2	0	2
15	69492266	70290464	4	2	2	3
15	70290465	70747386	3	2	1	2
15	70747387	71261479	2	2	0	2
15	71261480	71270419	3	2	1	2
15	71270420	71954090	2	2	0	2
15	71954091	71959860	4	2	2	2
15	71959861	71959917	4	3	1	1
15	71959918	71966292	4	2	2	2
15	71966293	71966339	4	2	2	1
15	71966340	72212096	2	2	0	2
15	72212097	72562812	3	2	1	1
15	72562813	72569742	3	2	1	1
15	72569743	92437127	4	2	2	3
15	92437128	93623678	5	3	2	2
15	93623679	100338800	4	2	2	3
15	100338801	102446047	4	2	2	2
16	34870	117499	5	3	2	2
16	117500	6327726	5	3	2	2
16	6327727	6731229	7	4	3	2
16	6731230	11697674	5	3	2	2
16	11697675	34044994	4	2	2	3
16	34044995	34472499	4	2	2	1
16	34472500	34599999	2	2	0	2
16	34600000	38599999	2	2	0	2
16	38600000	85918834	2	2	0	2
16	85918835	88827200	3	3	0	2
16	88827201	90354752	3	3	0	2
17	30316	20405602	3	3	0	2
17	20405603	21476201	2	2	0	2
17	21476202	25799999	NA	NA	NA	NA
17	25800000	34998710	4	2	2	2
17	34998711	35000187	4	2	2	2
17	35000188	38215947	6	4	2	2
17	38215948	38359119	6	4	2	2
17	38359120	55080348	5	3	2	2
17	55080349	55090905	3	2	1	1
17	55090906	58228559	5	3	2	3
17	58228560	58229437	5	3	2	2
17	58229438	78774600	4	2	2	2
17	78774601	81195209	4	2	2	2
18	27500	10778118	3	2	1	2
18	10778119	10952499	4	2	2	3
18	10952500	11893533	5	3	2	2
18	11893534	13094350	3	2	1	3
18	13094351	13101797	3	2	1	2
18	13101798	13101907	3	2	1	2
18	13101908	15399999	3	2	1	2
18	15400000	18999999	3	2	1	2
18	19000000	24411016	3	2	1	2
18	24411017	24418393	9	9	0	1
18	24418394	24880838	15	15	0	1
18	24880839	24930826	19	18	1	1
18	24930827	25529810	14	14	0	1
18	25529811	25541681	9	9	0	1
18	25541682	25573739	4	3	1	2
18	25573740	44560299	2	1	1	2
18	44560300	57469679	3	2	1	2
18	57469680	61881415	4	3	1	2
18	61881416	61881631	4	3	1	2
18	61881632	63105430	4	3	1	2
18	63105431	63113061	3	2	1	2
18	63113062	63141983	3	2	1	2
18	63141984	64407675	3	2	1	2
18	64407676	64677240	7	6	1	2
18	64677241	64829074	4	3	1	2
18	64829075	65287484	7	6	1	2
18	65287485	65506002	4	3	1	2
18	65506003	66038514	3	2	1	2
18	66038515	66758565	5	4	1	2
18	66758566	67553919	4	3	1	2
18	67553920	67772808	18	18	0	1
18	67772809	68300200	17	16	1	1
18	68300201	68584777	5	4	1	2
18	68584778	68713115	16	16	0	1
18	68713116	68716996	16	16	0	1
18	68716997	69011825	18	17	1	1
18	69011826	69365782	15	15	0	1
18	69365783	69457720	9	9	0	1
18	69457721	69885840	9	8	1	2
18	69885841	70037557	4	3	1	2
18	70037558	70357033	3	2	1	2
18	70357034	71054960	2	1	1	2
18	71054961	71149401	3	2	1	2
18	71149402	71893176	4	3	1	2
18	71893177	76117000	2	1	1	2
18	76117001	78077247	2	1	1	2
19	102500	304491	2	2	0	2
19	304492	3215019	2	2	0	2
19	3215020	5671582	4	2	2	2
19	5671583	5671634	4	2	2	2
19	5671635	5705901	4	3	1	1
19	5705902	5850114	2	2	0	2
19	5850115	10837295	4	2	2	2
19	10837296	10900253	5	3	2	2
19	10900254	11193493	4	2	2	2
19	11193494	15691530	6	4	2	2
19	15691531	15882255	4	2	2	2
19	15882256	15886083	6	4	2	2
19	15886084	17573776	6	4	2	2
19	17573777	17827311	5	3	2	2
19	17827312	23009982	6	4	2	2
19	23009983	24399999	4	2	2	3
19	24400000	28599999	4	2	2	2
19	28600000	54388537	4	2	2	2
19	54388538	59128982	6	4	2	2
20	65900	6303730	4	2	2	2
20	6303731	11131845	4	2	2	2
20	11131846	11152547	4	2	2	2
20	11152548	11184602	8	6	2	2
20	11184603	11999959	2	2	0	2
20	11999960	12085074	8	6	2	2
20	12085075	12088784	8	6	2	2
20	12088785	12089701	8	6	2	2
20	12089702	12747343	8	6	2	2
20	12747344	14301379	9	7	2	2
20	14301380	14471999	9	7	2	2
20	14472000	14940846	9	7	2	2
20	14940847	14958141	9	7	2	2
20	14958142	15621705	9	7	2	2
20	15621706	15980001	7	5	2	2
20	15980002	16491302	8	6	2	2
20	16491303	16640078	4	2	2	2
20	16640079	20181171	8	6	2	2
20	20181172	20183396	8	6	2	2
20	20183397	20193887	7	5	2	2
20	20193888	20895318	4	2	2	3
20	20895319	21089216	2	2	0	2
20	21089217	21089402	2	2	0	2
20	21089403	21610364	4	2	2	2
20	21610365	25599999	2	2	0	2
20	25600000	29512499	2	2	0	2
20	29512500	30853610	2	2	0	2
20	30853611	30858261	2	2	0	2
20	30858262	32092740	2	2	0	2
20	32092741	32430330	4	2	2	2
20	32430331	33271725	2	2	0	2
20	33271726	41424560	4	2	2	2
20	41424561	41595281	2	2	0	2
20	41595282	47323066	4	2	2	2
20	47323067	47616078	5	3	2	2
20	47616079	53947735	4	2	2	2
20	53947736	55978142	3	2	1	2
20	55978143	56013142	6	5	1	2
20	56013143	56013388	6	5	1	2
20	56013389	56065606	6	5	1	2
20	56065607	56066517	7	6	1	1
20	56066518	56071616	1	1	0	1
20	56071617	56379770	1	1	0	2
20	56379771	56385223	1	1	0	2
20	56385224	56406112	1	1	0	2
20	56406113	56451267	1	1	0	2
20	56451268	58742103	1	1	0	2
20	58742104	59105487	2	1	1	2
20	59105488	59287634	4	3	1	2
20	59287635	59577545	3	2	1	2
20	59577546	59934832	9	8	1	2
20	59934833	59973884	9	8	1	2
20	59973885	60081557	9	8	1	2
20	60081558	62166931	8	7	1	2
20	62166932	62342161	16	16	0	1
20	62342162	62393224	16	15	1	2
20	62393225	62394234	16	16	0	1
20	62394235	62399307	17	16	1	1
20	62399308	62429354	14	14	0	1
21	1	9862917	NA	NA	NA	NA
21	9862918	10899999	NA	NA	NA	NA
21	10900000	14340001	1	1	0	1
21	14340002	29884828	1	1	0	2
21	29884829	34101354	2	2	0	2
21	34101355	35999818	4	4	0	2
21	35999819	36101048	2	2	0	2
21	36101049	36174558	3	3	0	2
21	36174559	36533702	4	4	0	2
21	36533703	36669253	6	6	0	2
21	36669254	37886631	4	4	0	2
21	37886632	37895620	7	7	0	1
21	37895621	37933237	4	4	0	2
21	37933238	37943695	4	4	0	2
21	37943696	37947234	4	4	0	2
21	37947235	37988051	4	4	0	2
21	37988052	38400337	4	4	0	2
21	38400338	38436998	14	14	0	1
21	38436999	38489252	14	14	0	2
21	38489253	38632970	13	13	0	2
21	38632971	38635778	14	14	0	2
21	38635779	38636029	13	13	0	1
21	38636030	38780019	14	14	0	2
21	38780020	38839989	11	11	0	1
21	38839990	38848061	11	11	0	1
21	38848062	38877072	3	3	0	1
21	38877073	39943710	3	3	0	2
21	39943711	39946153	4	4	0	1
21	39946154	40089994	7	7	0	2
21	40089995	40288198	5	5	0	2
21	40288199	40306305	5	5	0	2
21	40306306	40306498	8	8	0	1
21	40306499	40307869	7	7	0	1
21	40307870	40360676	11	11	0	2
21	40360677	40464765	13	13	0	2
21	40464766	40577027	15	15	0	2
21	40577028	40590926	8	8	0	1
21	40590927	40607189	13	13	0	1
21	40607190	40695517	12	12	0	2
21	40695518	40709406	13	13	0	2
21	40709407	40724442	15	15	0	1
21	40724443	40787475	12	12	0	1
21	40787476	40848993	11	11	0	1
21	40848994	40957500	10	10	0	1
21	40957501	40963858	2	2	0	2
21	40963859	42097985	2	2	0	2
21	42097986	42603819	6	6	0	2
21	42603820	42604562	6	6	0	2
21	42604563	42606006	10	10	0	1
21	42606007	42838699	10	10	0	2
21	42838700	43104880	13	13	0	2
21	43104881	43203170	16	16	0	2
21	43203171	43204062	16	16	0	2
21	43204063	43232503	18	18	0	1
21	43232504	43240409	19	19	0	1
21	43240410	43243978	19	19	0	1
21	43243979	43351020	17	17	0	2
21	43351021	43351032	16	16	0	1
21	43351033	43351405	17	17	0	1
21	43351406	43352771	17	17	0	1
21	43352772	43380836	17	17	0	1
21	43380837	43383466	17	17	0	1
21	43383467	43387098	17	17	0	1
21	43387099	43420646	17	17	0	1
21	43420647	43515659	2	2	0	2
21	43515660	43690655	14	14	0	1
21	43690656	43948408	5	5	0	2
21	43948409	44038718	9	9	0	1
21	44038719	44082336	5	5	0	2
21	44082337	44086229	5	5	0	2
21	44086230	44099563	5	5	0	2
21	44099564	44101222	5	5	0	2
21	44101223	44107375	5	5	0	2
21	44107376	44110091	5	5	0	2
21	44110092	44363893	5	5	0	2
21	44363894	44765606	4	4	0	2
21	44765607	45016858	3	3	0	2
21	45016859	45033194	4	4	0	2
21	45033195	45040343	6	6	0	1
21	45040344	45040406	3	3	0	2
21	45040407	45584088	3	3	0	2
21	45584089	45769171	1	1	0	2
21	45769172	45809038	1	1	0	2
21	45809039	47339532	2	2	0	2
21	47339533	47786446	6	6	0	2
21	47786447	48051919	7	7	0	2
22	1	12199999	3	2	1	1
22	12200000	17899999	3	2	1	3
22	17900000	22288244	3	2	1	2
22	22288245	24742696	3	2	1	3
22	24742697	24876199	3	2	1	3
22	24876200	29065856	3	2	1	3
22	29065857	33643779	3	2	1	3
22	33643780	33652873	3	2	1	2
22	33652874	49691400	3	2	1	3
22	49691401	51304565	3	2	1	2
X	1	58099999	4	2	2	2
X	58100000	62999999	NA	NA	NA	NA
X	63000000	68054929	4	2	2	2
X	68054930	69022225	5	3	2	2
X	69022226	70546943	4	2	2	2
X	70546944	154913600	3	2	1	2
