chromosome	start	end	total_cn	major_cn	minor_cn	star
1	1	13049810	1	1	0	2
1	13049811	72894940	1	1	0	2
1	72894941	73466808	3	2	1	2
1	73466809	73507135	5	4	1	2
1	73507136	73507334	5	4	1	2
1	73507335	73525951	5	4	1	2
1	73525952	73526138	5	4	1	2
1	73526139	73526195	5	4	1	2
1	73526196	73856865	5	4	1	3
1	73856866	74155616	3	2	1	2
1	74155617	76456734	5	4	1	2
1	76456735	77817218	1	1	0	3
1	77817219	78391940	5	4	1	2
1	78391941	78517046	1	1	0	1
1	78517047	81228192	1	1	0	3
1	81228193	81552691	5	4	1	2
1	81552692	107270580	1	1	0	3
1	107270581	108524373	3	2	1	2
1	108524374	108697132	5	4	1	2
1	108697133	108739300	9	8	1	1
1	108739301	108913788	9	8	1	1
1	108913789	110178657	1	1	0	3
1	110178658	110441539	11	10	1	1
1	110441540	111297594	1	1	0	3
1	111297595	111922499	3	2	1	2
1	111922500	112067981	4	3	1	2
1	112067982	119457528	1	1	0	3
1	119457529	119768282	3	2	1	2
1	119768283	121499999	1	1	0	3
1	121500000	128899999	1	1	0	2
1	128900000	143502499	1	1	0	1
1	143502500	147919197	5	4	1	2
1	147919198	223800803	5	4	1	2
1	223800804	223805427	5	4	1	2
1	223805428	223805479	5	4	1	2
1	223805480	223844442	5	4	1	2
1	223844443	225117770	3	2	1	2
1	225117771	225174707	4	3	1	2
1	225174708	225616693	3	2	1	2
1	225616694	227795605	3	2	1	2
1	227795606	230063071	5	4	1	2
1	230063072	230073481	5	4	1	2
1	230073482	230091632	4	3	1	2
1	230091633	230529303	3	2	1	2
1	230529304	230542012	3	2	1	2
1	230542013	231782375	3	2	1	2
1	231782376	231782968	3	2	1	2
1	231782969	231791287	2	1	1	2
1	231791288	232267249	5	4	1	2
1	232267250	238072467	3	2	1	2
1	238072468	238270852	2	1	1	2
1	238270853	242216181	3	2	1	2
1	242216182	242386879	2	1	1	2
1	242386880	242666493	3	2	1	2
1	242666494	242698964	2	1	1	2
1	242698965	242707789	3	2	1	2
1	242707790	242856694	2	1	1	2
1	242856695	242946563	3	2	1	2
1	242946564	242950147	2	1	1	2
1	242950148	245091448	3	2	1	2
1	245091449	245593564	2	1	1	2
1	245593565	245654624	3	2	1	2
1	245654625	245698843	2	1	1	2
1	245698844	245999459	3	2	1	2
1	245999460	248493893	2	1	1	2
2	50814	90499999	2	1	1	3
2	90500000	96799999	2	1	1	3
2	96800000	242962666	2	1	1	3
3	100074	35655608	2	1	1	3
3	35655609	52547892	1	1	0	2
3	52547893	52634889	1	1	0	2
3	52634890	74830914	1	1	0	2
3	74830915	87899999	2	1	1	3
3	87900000	93899999	2	1	1	3
3	93900000	174489505	2	1	1	3
3	174489506	174898393	2	1	1	3
3	174898394	198022429	2	1	1	3
4	27500	8475073	2	1	1	3
4	8475074	8478538	2	1	1	3
4	8478539	48199999	2	1	1	3
4	48200000	52699999	2	1	1	3
4	52700000	68463125	2	1	1	3
4	68463126	68472267	2	1	1	3
4	68472268	72432655	2	1	1	3
4	72432656	72446083	1	1	0	2
4	72446084	75658190	2	1	1	3
4	75658191	75658732	2	1	1	3
4	75658733	127487500	2	1	1	3
4	127487501	136195758	2	1	1	3
4	136195759	136210743	2	1	1	2
4	136210744	142647411	2	1	1	3
4	142647412	142654987	2	1	1	3
4	142654988	190799943	2	1	1	3
5	22500	11001549	2	2	0	2
5	11001550	11194425	2	2	0	2
5	11194426	46099999	2	2	0	3
5	46100000	50699999	2	2	0	2
5	50700000	51129292	2	2	0	2
5	51129293	107295818	2	2	0	2
5	107295819	107295924	2	2	0	2
5	107295925	132639281	2	2	0	2
5	132639282	180689978	2	2	0	2
6	201976	27895846	2	1	1	3
6	27895847	27920790	2	1	1	2
6	27920791	58699999	2	1	1	3
6	58700000	63299999	2	1	1	3
6	63300000	116927649	2	1	1	3
6	116927650	116931431	1	1	0	1
6	116931432	116942020	2	1	1	2
6	116942021	116972064	1	1	0	2
6	116972065	117147933	3	2	1	2
6	117147934	117148667	3	2	1	1
6	117148668	117300670	2	1	1	3
6	117300671	117302145	2	1	1	2
6	117302146	117646987	2	1	1	3
6	117646988	117647159	2	1	1	2
6	117647160	139690846	2	1	1	3
6	139690847	140759914	1	1	0	3
6	140759915	170899934	2	1	1	3
7	40386	57999999	2	1	1	3
7	58000000	61699999	2	1	1	2
7	61700000	101669811	2	1	1	2
7	101669812	101884973	2	1	1	2
7	101884974	159138662	2	1	1	2
8	170012	32194246	2	1	1	2
8	32194247	32574474	3	2	1	2
8	32574475	32574530	3	2	1	1
8	32574531	32574632	3	2	1	1
8	32574633	32575270	3	2	1	1
8	32575271	43099999	2	1	1	2
8	43100000	48099999	2	1	1	2
8	48100000	79172459	2	1	1	2
8	79172460	79175481	2	1	1	2
8	79175482	102490386	2	1	1	2
8	102490387	102821913	1	1	0	3
8	102821914	146364021	2	1	1	2
9	47500	153760	1	1	0	2
9	153761	21039031	1	1	0	2
9	21039032	22656054	1	1	0	2
9	22656055	22656334	1	1	0	2
9	22656335	22656542	1	1	0	2
9	22656543	22657275	1	1	0	2
9	22657276	22657883	1	1	0	2
9	22657884	22833168	1	1	0	2
9	22833169	22833360	1	1	0	2
9	22833361	22841836	1	1	0	2
9	22841837	24163490	1	1	0	2
9	24163491	24163741	1	1	0	2
9	24163742	24164236	1	1	0	2
9	24164237	24164248	1	1	0	2
9	24164249	24164409	1	1	0	2
9	24164410	25306528	1	1	0	2
9	25306529	25307585	1	1	0	2
9	25307586	25307796	1	1	0	2
9	25307797	25308247	1	1	0	2
9	25308248	25315785	1	1	0	2
9	25315786	47299999	1	1	0	2
9	47300000	50699999	1	1	0	2
9	50700000	140969790	1	1	0	2
10	95096	37999999	2	1	1	2
10	38000000	42299999	2	1	1	2
10	42300000	135534746	2	1	1	2
11	190010	51599999	2	1	1	2
11	51600000	55699999	2	1	1	2
11	55700000	135006515	2	1	1	3
12	110107	33299999	1	1	0	2
12	33300000	38199999	1	1	0	2
12	38200000	43763904	1	1	0	2
12	43763905	43766055	1	1	0	2
12	43766056	43766857	2	2	0	1
12	43766858	74670446	2	2	0	2
12	74670447	133851894	1	1	0	2
13	1	16299999	2	2	0	1
13	16300000	19499999	2	2	0	2
13	19500000	90406077	2	2	0	2
13	90406078	90413857	2	2	0	2
13	90413858	113468096	2	2	0	2
13	113468097	113544315	2	2	0	2
13	113544316	115169877	2	2	0	2
14	1	16099999	1	1	0	1
14	16100000	19099999	1	1	0	2
14	19100000	29794857	1	1	0	2
14	29794858	29798467	1	1	0	2
14	29798468	106362500	1	1	0	2
15	1	15799999	1	1	0	1
15	15800000	20699999	1	1	0	2
15	20700000	98562220	1	1	0	2
15	98562221	98583503	1	1	0	1
15	98583504	98584112	1	1	0	2
15	98584113	98589531	4	3	1	2
15	98589532	98590928	1	1	0	2
15	98590929	98592060	1	1	0	2
15	98592061	98592098	1	1	0	2
15	98592099	98592318	1	1	0	2
15	98592319	102399919	1	1	0	2
16	100010	15072500	2	1	1	2
16	15072501	33437499	2	1	1	2
16	33437500	34599999	2	1	1	2
16	34600000	38599999	2	1	1	2
16	38600000	90354752	2	1	1	2
17	3104	5694667	2	1	1	2
17	5694668	5702720	2	1	1	2
17	5702721	22199999	2	1	1	2
17	22200000	25799999	2	1	1	2
17	25800000	81195209	2	1	1	2
18	27500	80030	3	2	1	2
18	80031	15399999	3	2	1	3
18	15400000	18999999	3	2	1	3
18	19000000	78077247	3	2	1	3
19	102500	260136	2	1	1	2
19	260137	24399999	2	1	1	2
19	24400000	28599999	2	1	1	2
19	28600000	59128982	2	1	1	2
20	67500	25599999	2	1	1	3
20	25600000	29399999	2	1	1	3
20	29400000	57969292	2	1	1	3
20	57969293	58009790	2	1	1	2
20	58009791	63025519	2	1	1	3
21	1	9417499	NA	NA	NA	NA
21	9417500	10899999	NA	NA	NA	NA
21	10900000	14299999	2	1	1	2
21	14300000	17612660	2	1	1	3
21	17612661	17612940	2	1	1	2
21	17612941	17618447	2	1	1	2
21	17618448	17665253	3	2	1	2
21	17665254	17767834	2	1	1	3
21	17767835	17771447	2	1	1	1
21	17771448	48129894	2	1	1	2
22	1	12199999	1	1	0	2
22	12200000	17899999	1	1	0	2
22	17900000	51304565	1	1	0	2
X	1	39892201	1	1	0	3
X	39892202	39947954	1	1	0	3
X	39947955	44806632	1	1	0	3
X	44806633	44935740	1	1	0	3
X	44935741	58099999	1	1	0	3
X	58100000	62999999	1	1	0	3
X	63000000	155270559	1	1	0	3
Y	1	11599999	1	1	0	1
Y	11600000	13399999	1	1	0	1
Y	13400000	59373565	1	1	0	1
