chromosome	start	end	total_cn	major_cn	minor_cn	star
1	10001	817499	2	1	1	2
1	817500	24119841	2	1	1	2
1	24119842	24639508	3	2	1	3
1	24639509	67682717	2	1	1	2
1	67682718	68479605	3	2	1	2
1	68479606	83687134	2	1	1	3
1	83687135	83865863	2	1	1	2
1	83865864	83870902	2	1	1	2
1	83870903	103519135	2	1	1	3
1	103519136	103558674	2	1	1	2
1	103558675	121499999	2	1	1	3
1	121500000	128899999	2	1	1	2
1	128900000	143521001	2	1	1	2
1	143521002	150706946	5	4	1	2
1	150706947	150729020	5	4	1	2
1	150729021	173872000	5	4	1	2
1	173872001	174128557	4	3	1	2
1	174128558	201624339	5	4	1	2
1	201624340	202296168	8	7	1	2
1	202296169	224148655	5	4	1	2
1	224148656	224199655	5	4	1	2
1	224199656	224911991	6	5	1	2
1	224911992	224959463	4	3	1	2
1	224959464	225074761	5	4	1	2
1	225074762	234667744	6	5	1	2
1	234667745	235272671	7	5	2	2
1	235272672	238260577	6	5	1	2
1	238260578	238388788	3	2	1	2
1	238388789	241805942	6	5	1	2
1	241805943	241991729	5	4	1	2
1	241991730	247794706	6	5	1	2
1	247794707	247798806	2	1	1	2
1	247798807	247839788	6	5	1	2
1	247839789	248348488	2	1	1	2
1	248348489	248353317	6	5	1	1
1	248353318	248354944	6	5	1	1
2	20016	20726221	2	1	1	3
2	20726222	20777951	3	2	1	2
2	20777952	90499999	2	1	1	3
2	90500000	96799999	2	1	1	3
2	96800000	124760109	2	1	1	3
2	124760110	125345514	3	2	1	2
2	125345515	137789350	2	1	1	3
2	137789351	141010823	3	2	1	2
2	141010824	141488170	2	1	1	3
2	141488171	141763786	2	1	1	2
2	141763787	141840756	2	1	1	2
2	141840757	141900728	1	1	0	2
2	141900729	141917082	2	2	0	2
2	141917083	141954987	2	2	0	2
2	141954988	142003017	2	2	0	2
2	142003018	142015391	2	2	0	2
2	142015392	142039831	2	2	0	1
2	142039832	142120034	3	2	1	2
2	142120035	142451122	2	1	1	3
2	142451123	142849502	3	2	1	3
2	142849503	143477302	4	2	2	3
2	143477303	146124942	3	2	1	2
2	146124943	147562707	4	2	2	2
2	147562708	151674544	3	2	1	2
2	151674545	152431032	4	2	2	3
2	152431033	153205768	3	2	1	3
2	153205769	166150606	4	2	2	2
2	166150607	166178992	3	2	1	2
2	166178993	173577046	4	2	2	2
2	173577047	174296263	6	4	2	2
2	174296264	188573773	4	2	2	2
2	188573774	196320554	5	3	2	2
2	196320555	196323096	5	3	2	1
2	196323097	197563334	5	3	2	2
2	197563335	197587491	5	3	2	2
2	197587492	201395929	5	3	2	2
2	201395930	201586051	4	2	2	2
2	201586052	208847643	5	3	2	2
2	208847644	208848411	5	3	2	2
2	208848412	211375680	5	3	2	2
2	211375681	211474173	5	3	2	2
2	211474174	214987809	5	3	2	2
2	214987810	218679757	2	2	0	2
2	218679758	219356549	1	1	0	2
2	219356550	232642209	2	2	0	2
2	232642210	234612585	1	1	0	3
2	234612586	236019635	1	1	0	3
2	236019636	238844154	2	2	0	3
2	238844155	238908412	2	2	0	1
2	238908413	238951089	2	2	0	1
2	238951090	242988297	2	2	0	3
3	62309	87899999	2	1	1	3
3	87900000	93899999	2	1	1	2
3	93900000	149614973	2	1	1	3
3	149614974	150307863	3	2	1	3
3	150307864	174849327	2	1	1	3
3	174849328	174928558	1	1	0	2
3	174928559	182471361	2	1	1	3
3	182471362	182514323	2	1	1	1
3	182514324	197780096	2	1	1	3
4	39496	48199999	2	1	1	3
4	48200000	52699999	2	1	1	3
4	52700000	105139911	2	1	1	3
4	105139912	105174427	2	1	1	3
4	105174428	182424602	2	1	1	3
4	182424603	182620421	2	1	1	2
4	182620422	191154275	2	1	1	3
5	30494	12728180	3	2	1	2
5	12728181	12782662	2	1	1	2
5	12782663	14294219	4	3	1	2
5	14294220	14487691	3	2	1	2
5	14487692	36957923	4	3	1	2
5	36957924	37663893	5	4	1	2
5	37663894	46099999	4	3	1	2
5	46100000	50699999	4	3	1	2
5	50700000	62324581	4	3	1	2
5	62324582	62519777	4	3	1	2
5	62519778	115650589	4	3	1	2
5	115650590	115745663	3	2	1	2
5	115745664	116562104	4	3	1	2
5	116562105	116564406	4	3	1	1
5	116564407	169899086	4	3	1	2
5	169899087	169899349	4	3	1	2
5	169899350	173777020	4	3	1	2
5	173777021	173777926	4	3	1	2
5	173777927	173779193	5	3	2	1
5	173779194	173781374	5	3	2	1
5	173781375	174196166	5	3	2	2
5	174196167	174199833	4	3	1	2
5	174199834	174200133	5	3	2	2
5	174200134	174205205	5	3	2	2
5	174205206	180663035	4	3	1	2
6	39681	219980	3	3	0	2
6	219981	31048070	3	3	0	2
6	31048071	31230007	2	2	0	2
6	31230008	31326026	2	2	0	2
6	31326027	32089445	2	2	0	3
6	32089446	33115690	3	3	0	2
6	33115691	33950564	2	2	0	2
6	33950565	34858481	3	3	0	3
6	34858482	35455901	2	2	0	3
6	35455902	36020371	3	2	1	2
6	36020372	36246093	3	3	0	3
6	36246094	37546097	2	2	0	2
6	37546098	39154270	3	3	0	3
6	39154271	44392836	2	2	0	2
6	44392837	44393382	2	2	0	2
6	44393383	57269997	2	2	0	2
6	57269998	58087800	3	2	1	2
6	58087801	58699999	2	2	0	2
6	58700000	63299999	NA	NA	NA	NA
6	63300000	63448508	3	2	1	2
6	63448509	63449383	3	2	1	2
6	63449384	64724825	3	2	1	2
6	64724826	68100027	2	1	1	3
6	68100028	68108392	2	1	1	1
6	68108393	68149997	2	1	1	3
6	68149998	68601966	3	2	1	3
6	68601967	82928434	2	1	1	3
6	82928435	82988332	2	1	1	2
6	82988333	82989381	2	1	1	2
6	82989382	82989422	2	1	1	2
6	82989423	83505983	2	1	1	2
6	83505984	84164489	2	1	1	3
6	84164490	97620036	2	1	1	2
6	97620037	97653587	2	1	1	2
6	97653588	97744895	2	1	1	2
6	97744896	97961086	2	1	1	2
6	97961087	97962084	2	1	1	2
6	97962085	97962206	2	1	1	2
6	97962207	97963298	2	1	1	2
6	97963299	97963331	2	1	1	2
6	97963332	98338050	2	1	1	2
6	98338051	98408417	2	1	1	3
6	98408418	98664112	2	1	1	2
6	98664113	98664197	2	1	1	2
6	98664198	98665401	2	1	1	2
6	98665402	98666322	2	1	1	2
6	98666323	99124715	2	1	1	3
6	99124716	99126616	2	1	1	2
6	99126617	99126712	2	1	1	2
6	99126713	100262172	2	1	1	2
6	100262173	106173229	2	1	1	3
6	106173230	107419507	2	1	1	2
6	107419508	111648084	2	1	1	3
6	111648085	112361443	2	1	1	2
6	112361444	112361459	2	1	1	2
6	112361460	118852349	2	1	1	3
6	118852350	118867353	2	1	1	1
6	118867354	149868274	2	1	1	3
6	149868275	149877967	2	1	1	2
6	149877968	165320925	2	1	1	3
6	165320926	165321358	2	1	1	2
6	165321359	165716381	1	1	0	3
6	165716382	170915076	2	1	1	2
7	54023	6917500	4	3	1	2
7	6917501	38005304	4	3	1	2
7	38005305	38097042	4	3	1	2
7	38097043	39971483	4	3	1	2
7	39971484	40077281	4	3	1	2
7	40077282	44175655	4	3	1	2
7	44175656	57999999	4	3	1	2
7	58000000	61955348	4	3	1	2
7	61955349	62009661	4	3	1	2
7	62009662	62032578	2	1	1	2
7	62032579	87984949	2	1	1	2
7	87984950	92715830	4	3	1	2
7	92715831	94904171	2	1	1	3
7	94904172	98114871	4	3	1	3
7	98114872	109895170	2	1	1	3
7	109895171	110289052	3	2	1	2
7	110289053	133740076	2	1	1	3
7	133740077	134016268	2	1	1	2
7	134016269	153947109	2	1	1	3
7	153947110	153970572	2	1	1	1
7	153970573	158821400	2	1	1	2
8	10001	161423	1	1	0	2
8	161424	42003323	1	1	0	2
8	42003324	42004828	3	2	1	1
8	42004829	42111792	3	2	1	3
8	42111793	48099999	NA	NA	NA	NA
8	48100000	95783748	2	1	1	2
8	95783749	96349148	6	5	1	2
8	96349149	103718162	5	4	1	2
8	103718163	103899126	6	5	1	2
8	103899127	116132689	5	4	1	2
8	116132690	116652470	5	4	1	2
8	116652471	126128481	5	4	1	2
8	126128482	126870624	6	4	2	2
8	126870625	146364021	5	4	1	2
9	47500	223261	3	3	0	2
9	223262	4062011	3	3	0	2
9	4062012	4605303	5	5	0	2
9	4605304	4781367	6	6	0	2
9	4781368	4908049	4	4	0	2
9	4908050	6634080	3	3	0	2
9	6634081	7043262	2	2	0	2
9	7043263	28638943	3	3	0	2
9	28638944	33400659	2	2	0	2
9	33400660	33401357	2	2	0	2
9	33401358	33907499	2	2	0	2
9	33907500	47299999	2	1	1	3
9	47300000	50699999	2	1	1	2
9	50700000	140273200	2	1	1	3
9	140273201	140972327	2	1	1	2
10	95096	5099202	3	2	1	2
10	5099203	5147603	2	1	1	2
10	5147604	5149158	2	1	1	2
10	5149159	5233837	2	1	1	2
10	5233838	37999999	2	1	1	2
10	38000000	42299999	2	1	1	2
10	42300000	52613936	2	1	1	2
10	52613937	52616727	2	1	1	2
10	52616728	75603848	2	1	1	2
10	75603849	75709882	3	2	1	3
10	75709883	83631191	2	1	1	2
10	83631192	83693852	3	2	1	2
10	83693853	92890101	2	1	1	2
10	92890102	93255991	1	1	0	3
10	93255992	135389924	2	1	1	2
11	20721	196943	2	1	1	2
11	196944	31002707	2	1	1	2
11	31002708	31021963	1	1	0	2
11	31021964	46630488	2	1	1	2
11	46630489	46846725	3	2	1	3
11	46846726	46965709	2	1	1	2
11	46965710	47489164	3	2	1	2
11	47489165	51599999	2	1	1	2
11	51600000	55699999	2	1	1	2
11	55700000	99552683	2	1	1	3
11	99552684	99604203	2	1	1	2
11	99604204	134452200	2	1	1	3
12	110107	33299999	1	1	0	3
12	33300000	38199999	NA	NA	NA	NA
12	38200000	38449601	4	3	1	2
12	38449602	89885350	4	3	1	2
12	89885351	89942649	1	1	0	2
12	89942650	99764586	4	3	1	2
12	99764587	100091135	4	3	1	2
12	100091136	104493432	4	3	1	2
12	104493433	106704400	3	2	1	3
12	106704401	110932382	4	3	1	2
12	110932383	111117439	5	3	2	2
12	111117440	132358430	4	3	1	3
12	132358431	133851894	4	3	1	3
13	1	16299999	3	2	1	1
13	16300000	19499999	3	2	1	2
13	19500000	64650014	3	2	1	2
13	64650015	64658886	3	2	1	2
13	64658887	100116689	3	2	1	2
13	100116690	100185715	4	2	2	2
13	100185716	114142800	3	2	1	2
13	114142801	115169877	3	2	1	2
14	1	16099999	3	2	1	1
14	16100000	19099999	3	2	1	2
14	19100000	55795942	3	2	1	3
14	55795943	55805006	3	2	1	1
14	55805007	66355811	3	2	1	3
14	66355812	94753140	1	1	0	3
14	94753141	94973355	2	2	0	3
14	94973356	99720611	1	1	0	3
14	99720612	99757615	2	2	0	3
14	99757616	99758543	2	2	0	1
14	99758544	100327449	2	2	0	3
14	100327450	106368400	1	1	0	3
15	1	15799999	2	1	1	1
15	15800000	20699999	2	1	1	2
15	20700000	45141420	2	1	1	3
15	45141421	100338800	2	1	1	3
15	100338801	102399213	2	1	1	3
16	87321	4276371	2	1	1	2
16	4276372	4388034	3	2	1	2
16	4388035	34599999	2	1	1	2
16	34600000	38599999	2	1	1	2
16	38600000	55856054	2	1	1	2
16	55856055	55856180	2	1	1	2
16	55856181	55858172	1	1	0	2
16	55858173	56355773	1	1	0	2
16	56355774	88827200	2	1	1	2
16	88827201	90354752	2	1	1	3
17	2041	17548526	1	1	0	2
17	17548527	18007574	5	5	0	2
17	18007575	18008039	5	5	0	2
17	18008040	18011034	4	4	0	2
17	18011035	22199999	4	4	0	3
17	22200000	25799999	4	4	0	2
17	25800000	36300628	4	4	0	3
17	36300629	43614601	4	4	0	3
17	43614602	44229981	4	4	0	2
17	44229982	44695001	3	3	0	1
17	44695002	78774600	4	4	0	2
17	78774601	81195209	4	4	0	2
18	45205	15399999	2	1	1	2
18	15400000	18999999	2	1	1	2
18	19000000	38120856	2	1	1	2
18	38120857	38158967	1	1	0	2
18	38158968	67697778	2	1	1	2
18	67697779	68134230	2	1	1	2
18	68134231	75776692	2	1	1	2
18	75776693	75801076	2	1	1	2
18	75801077	75801118	2	1	1	2
18	75801119	75805829	2	1	1	2
18	75805830	76117000	2	1	1	2
18	76117001	78077247	2	1	1	3
19	102500	256010	3	2	1	2
19	256011	539955	3	2	1	2
19	539956	639718	4	3	1	2
19	639719	1433001	3	2	1	2
19	1433002	1553832	4	3	1	2
19	1553833	18277205	3	2	1	2
19	18277206	18847472	4	3	1	2
19	18847473	24399999	3	2	1	2
19	24400000	28599999	3	2	1	2
19	28600000	32338472	3	2	1	3
19	32338473	34935600	4	2	2	2
19	34935601	34937600	4	2	2	2
19	34937601	35590370	6	4	2	3
19	35590371	35595083	6	4	2	2
19	35595084	35620678	10	8	2	1
19	35620679	36318903	6	4	2	2
19	36318904	36320665	6	4	2	2
19	36320666	37207369	2	2	0	2
19	37207370	37238557	1	1	0	2
19	37238558	48553793	2	2	0	2
19	48553794	49101990	3	3	0	2
19	49101991	59128982	2	2	0	2
20	24347	14272701	2	1	1	2
20	14272702	14536173	1	1	0	2
20	14536174	25599999	2	1	1	2
20	25600000	29825897	NA	NA	NA	NA
20	29825898	31949177	3	2	1	2
20	31949178	32112394	5	4	1	2
20	32112395	41285257	3	2	1	2
20	41285258	42132175	3	2	1	2
20	42132176	48668901	3	2	1	2
20	48668902	49192891	4	2	2	2
20	49192892	50919510	3	2	1	2
20	50919511	51759060	2	2	0	2
20	51759061	62432500	3	2	1	2
21	1	10899999	NA	NA	NA	NA
21	10900000	14408921	1	1	0	1
21	14408922	46937500	1	1	0	2
21	46937501	48129894	1	1	0	2
22	1	12199999	2	1	1	1
22	12200000	17899999	2	1	1	2
22	17900000	18596521	2	1	1	2
22	18596522	18597283	2	1	1	2
22	18597284	18614377	3	2	1	2
22	18614378	20103748	2	1	1	2
22	20103749	20103942	2	1	1	2
22	20103943	20104775	2	1	1	2
22	20104776	21926518	2	1	1	2
22	21926519	21933003	2	1	1	2
22	21933004	22009358	2	1	1	3
22	22009359	22011202	2	1	1	2
22	22011203	22368981	2	1	1	2
22	22368982	24686960	1	1	0	2
22	24686961	26236207	2	1	1	2
22	26236208	26958069	2	1	1	2
22	26958070	26959253	2	1	1	2
22	26959254	29357385	2	1	1	2
22	29357386	29558040	2	1	1	2
22	29558041	29568172	2	1	1	2
22	29568173	30316094	2	1	1	2
22	30316095	30918286	2	1	1	2
22	30918287	30919190	2	1	1	2
22	30919191	31003290	2	1	1	2
22	31003291	32175428	2	1	1	2
22	32175429	32177842	2	1	1	2
22	32177843	33233633	2	1	1	2
22	33233634	33554587	2	1	1	2
22	33554588	33985272	2	1	1	2
22	33985273	34005830	2	1	1	2
22	34005831	35335772	1	1	0	2
22	35335773	36379327	2	1	1	2
22	36379328	36400177	2	1	1	2
22	36400178	38128624	2	1	1	2
22	38128625	38128674	2	1	1	2
22	38128675	38128738	2	1	1	2
22	38128739	38137147	2	1	1	2
22	38137148	39259919	2	1	1	2
22	39259920	40574112	1	1	0	2
22	40574113	40742672	2	1	1	2
22	40742673	41068761	3	2	1	2
22	41068762	41069045	3	2	1	2
22	41069046	41236316	3	2	1	2
22	41236317	41236998	3	2	1	2
22	41236999	41255472	3	2	1	2
22	41255473	42624180	2	1	1	2
22	42624181	42627297	3	2	1	2
22	42627298	42628446	2	1	1	2
22	42628447	44213340	2	1	1	2
22	44213341	44215999	2	1	1	2
22	44216000	45918031	2	1	1	2
22	45918032	45920384	2	1	1	2
22	45920385	45920527	2	1	1	2
22	45920528	46422745	2	1	1	2
22	46422746	46439244	2	1	1	2
22	46439245	46454310	3	2	1	2
22	46454311	46635638	2	1	1	2
22	46635639	46643371	2	1	1	2
22	46643372	46691605	2	1	1	2
22	46691606	46692286	2	1	1	2
22	46692287	46789774	2	1	1	2
22	46789775	46807651	2	1	1	2
22	46807652	46897492	2	1	1	2
22	46897493	47197980	3	2	1	2
22	47197981	47688789	2	1	1	2
22	47688790	48998062	1	1	0	2
22	48998063	48999962	1	1	0	2
22	48999963	49691400	1	1	0	2
22	49691401	51304565	1	1	0	3
X	1	2700026	1	1	0	2
X	2700027	58099999	1	1	0	3
X	58100000	62999999	1	1	0	2
X	63000000	155270559	1	1	0	3
Y	1	11599999	0	0	0	1
Y	11600000	13399999	0	0	0	1
Y	13400000	59373565	0	0	0	1
