chromosome	start	end	total_cn	major_cn	minor_cn	star
1	1	60295904	2	1	1	2
1	60295905	105349996	2	1	1	2
1	105349997	105420008	2	1	1	2
1	105420009	121499999	2	1	1	2
1	121500000	128899999	2	1	1	1
1	128900000	143495787	2	1	1	2
1	143495788	152297373	2	1	1	2
1	152297374	158880076	2	1	1	2
1	158880077	190385136	2	1	1	2
1	190385137	220880142	2	1	1	2
1	220880143	220884382	2	1	1	2
1	220884383	244049995	2	1	1	2
1	244049996	249250620	2	1	1	2
2	20016	52290041	2	1	1	2
2	52290042	52339997	2	1	1	2
2	52339998	89510277	2	1	1	2
2	89510278	96799999	2	1	1	2
2	96800000	114043951	2	1	1	2
2	114043952	114047103	2	1	1	2
2	114047104	122635117	2	1	1	2
2	122635118	124678122	2	1	1	2
2	124678123	242985493	2	1	1	2
3	100074	36357540	1	1	0	2
3	36357541	37901068	3	2	1	2
3	37901069	38304897	3	2	1	2
3	38304898	65376075	3	2	1	2
3	65376076	65538707	3	2	1	2
3	65538708	65648830	3	2	1	2
3	65648831	65654567	3	2	1	2
3	65654568	65654596	3	2	1	2
3	65654597	66996190	3	2	1	2
3	66996191	72925435	2	2	0	2
3	72925436	78818229	3	2	1	2
3	78818230	78960664	3	2	1	1
3	78960665	87899999	3	2	1	2
3	87900000	93899999	3	2	1	2
3	93900000	104201691	3	2	1	2
3	104201692	105799988	3	2	1	2
3	105799989	113123304	3	2	1	2
3	113123305	175877942	3	2	1	2
3	175877943	175878136	3	2	1	2
3	175878137	175879531	3	2	1	2
3	175879532	178160766	3	2	1	2
3	178160767	178230984	2	1	1	2
3	178230985	179278641	2	1	1	2
3	179278642	180932815	3	2	1	2
3	180932816	184098269	3	2	1	2
3	184098270	184098805	2	2	0	1
3	184098806	184910631	3	2	1	2
3	184910632	184917260	3	2	1	1
3	184917261	186877628	3	2	1	2
3	186877629	186880164	2	2	0	1
3	186880165	186881164	3	2	1	1
3	186881165	186881335	3	2	1	1
3	186881336	192126771	3	2	1	2
3	192126772	197853360	3	2	1	2
4	50084	14384636	2	1	1	2
4	14384637	14385368	2	1	1	2
4	14385369	48199999	2	1	1	2
4	48200000	52706688	2	1	1	2
4	52706689	88294062	2	1	1	2
4	88294063	88294172	2	1	1	2
4	88294173	92880024	2	1	1	2
4	92880025	108149945	2	1	1	2
4	108149946	191154275	2	1	1	2
5	22500	870374	2	1	1	2
5	870375	29868268	2	1	1	2
5	29868269	46099999	2	1	1	2
5	46100000	50699999	2	1	1	2
5	50700000	72014322	2	1	1	2
5	72014323	72673236	1	1	0	2
5	72673237	84609609	2	1	1	2
5	84609610	84635151	2	2	0	1
5	84635152	85636076	2	1	1	2
5	85636077	92252500	2	1	1	2
5	92252501	100347207	2	1	1	2
5	100347208	104176467	2	1	1	2
5	104176468	116433733	2	1	1	2
5	116433734	120583230	1	1	0	2
5	120583231	124091902	2	1	1	2
5	124091903	124091938	2	1	1	2
5	124091939	125622863	2	1	1	2
5	125622864	125627712	2	1	1	2
5	125627713	125630069	2	1	1	2
5	125630070	125630096	2	1	1	2
5	125630097	140179526	2	1	1	2
5	140179527	140281965	2	1	1	2
5	140281966	158560855	2	1	1	2
5	158560856	170779404	2	1	1	2
5	170779405	170779426	2	1	1	2
5	170779427	170795748	2	1	1	2
5	170795749	170796697	2	1	1	2
5	170796698	173027939	2	1	1	2
5	173027940	173027953	2	1	1	2
5	173027954	176895582	2	1	1	2
5	176895583	176896539	2	1	1	2
5	176896540	180710431	2	1	1	2
6	206092	2959665	2	1	1	2
6	2959666	2972529	2	1	1	2
6	2972530	32403392	2	1	1	2
6	32403393	57603336	2	1	1	2
6	57603337	58025517	1	1	0	1
6	58025518	63299999	NA	NA	NA	NA
6	63300000	94154703	2	1	1	2
6	94154704	114828217	2	1	1	2
6	114828218	114835991	2	1	1	2
6	114835992	114862938	2	1	1	2
6	114862939	114874304	2	1	1	2
6	114874305	115700476	2	1	1	2
6	115700477	115708992	2	1	1	2
6	115708993	170915126	2	1	1	2
7	40386	28942713	2	1	1	2
7	28942714	28945202	2	1	1	2
7	28945203	28950848	2	1	1	2
7	28950849	30588078	2	1	1	2
7	30588079	30639664	2	1	1	2
7	30639665	57999999	2	1	1	2
7	58000000	61699999	2	1	1	2
7	61700000	88546893	2	1	1	2
7	88546894	96367798	2	1	1	2
7	96367799	96398191	2	1	1	2
7	96398192	96398618	2	1	1	2
7	96398619	96398695	2	1	1	2
7	96398696	96400363	2	1	1	2
7	96400364	96400654	2	1	1	2
7	96400655	97782688	2	1	1	2
7	97782689	97785333	2	1	1	2
7	97785334	97790959	2	1	1	2
7	97790960	105338920	2	1	1	2
7	105338921	105340299	2	1	1	1
7	105340300	107704854	2	1	1	2
7	107704855	128075308	2	1	1	2
7	128075309	128075433	2	1	1	1
7	128075434	131879401	2	1	1	1
7	131879402	131886603	2	1	1	2
7	131886604	159138662	2	1	1	2
8	155737	6367301	2	1	1	2
8	6367302	8121978	2	1	1	2
8	8121979	17991933	2	1	1	2
8	17991934	20330952	2	1	1	2
8	20330953	24403065	2	1	1	2
8	24403066	28660934	1	1	0	2
8	28660935	28663972	0	0	0	1
8	28663973	28666111	0	0	0	1
8	28666112	29917173	0	0	0	2
8	29917174	29918867	0	0	0	1
8	29918868	30018912	1	1	0	2
8	30018913	31105083	1	1	0	2
8	31105084	37687891	1	1	0	2
8	37687892	43099999	2	1	1	2
8	43100000	48099999	2	1	1	2
8	48100000	108588344	2	1	1	2
8	108588345	111499985	2	1	1	2
8	111499986	115885375	2	1	1	2
8	115885376	128868366	2	1	1	2
8	128868367	146364021	2	1	1	2
9	10001	224337	1	1	0	2
9	224338	44239586	1	1	0	2
9	44239587	47212399	1	1	0	2
9	47212400	50699999	1	1	0	2
9	50700000	79351136	1	1	0	2
9	79351137	104645441	3	2	1	2
9	104645442	104838177	2	2	0	2
9	104838178	104864069	3	2	1	2
9	104864070	104864120	3	2	1	2
9	104864121	105510859	3	2	1	2
9	105510860	111548216	3	2	1	2
9	111548217	111596194	3	2	1	2
9	111596195	111598215	3	2	1	2
9	111598216	111600831	3	2	1	2
9	111600832	111678261	3	2	1	2
9	111678262	111679593	3	2	1	2
9	111679594	111679671	3	2	1	2
9	111679672	111680286	3	2	1	2
9	111680287	111680618	3	2	1	2
9	111680619	111686471	3	2	1	2
9	111686472	111686500	3	2	1	1
9	111686501	111686521	3	2	1	1
9	111686522	141213430	3	2	1	2
10	104759	16799256	2	1	1	2
10	16799257	27224751	2	1	1	2
10	27224752	31605172	2	1	1	2
10	31605173	31814724	2	1	1	2
10	31814725	37999999	2	1	1	2
10	38000000	42403709	2	1	1	2
10	42403710	42464955	2	1	1	2
10	42464956	52863040	2	1	1	2
10	52863041	53097869	1	1	0	2
10	53097870	98994672	2	1	1	2
10	98994673	98994879	2	1	1	2
10	98994880	117228438	2	1	1	2
10	117228439	117297912	2	1	1	2
10	117297913	121124753	2	1	1	2
10	121124754	121132284	2	1	1	2
10	121132285	128929530	2	1	1	2
10	128929531	130010208	2	1	1	2
10	130010209	135534746	2	1	1	2
11	196944	25452526	2	1	1	2
11	25452527	35627419	2	1	1	2
11	35627420	35658623	2	1	1	2
11	35658624	35688709	2	1	1	2
11	35688710	44078458	2	1	1	2
11	44078459	44087832	2	1	1	2
11	44087833	44974393	2	1	1	2
11	44974394	44979967	2	1	1	2
11	44979968	45001930	2	1	1	2
11	45001931	45001998	2	1	1	2
11	45001999	48926593	2	1	1	2
11	48926594	51599999	2	1	1	2
11	51600000	55699999	2	1	1	2
11	55700000	76299403	2	1	1	2
11	76299404	76299855	2	1	1	2
11	76299856	76337720	2	1	1	2
11	76337721	76337890	2	1	1	2
11	76337891	76788044	2	1	1	2
11	76788045	76788768	2	1	1	2
11	76788769	76821369	2	1	1	2
11	76821370	89606319	2	1	1	2
11	89606320	125806338	2	1	1	2
11	125806339	125814088	2	1	1	2
11	125814089	125814099	2	1	1	2
11	125814100	125827231	2	1	1	2
11	125827232	125837576	2	1	1	2
11	125837577	125837660	2	1	1	2
11	125837661	125846428	2	1	1	2
11	125846429	126277982	2	1	1	2
11	126277983	126342281	2	1	1	2
11	126342282	126342319	2	1	1	1
11	126342320	126351407	2	1	1	1
11	126351408	135006515	2	1	1	2
12	110107	6040382	2	1	1	2
12	6040383	6044430	2	1	1	2
12	6044431	12506543	2	1	1	2
12	12506544	12893344	2	1	1	2
12	12893345	12894312	0	0	0	1
12	12894313	12897739	2	1	1	2
12	12897740	31875994	2	1	1	2
12	31875995	31877921	2	1	1	2
12	31877922	31879945	2	1	1	2
12	31879946	32888725	2	1	1	2
12	32888726	33299999	2	1	1	2
12	33300000	38199999	2	1	1	2
12	38200000	59949999	2	1	1	2
12	59950000	67613442	2	1	1	2
12	67613443	68541207	2	1	1	2
12	68541208	85573140	2	1	1	2
12	85573141	88074857	2	1	1	2
12	88074858	88074887	2	1	1	2
12	88074888	133851894	2	1	1	2
13	1	16299999	NA	NA	NA	NA
13	16300000	19499999	2	1	1	2
13	19500000	19539834	3	3	0	1
13	19539835	20499199	2	1	1	2
13	20499200	20499219	2	1	1	1
13	20499220	20499412	2	1	1	1
13	20499413	20499479	2	1	1	1
13	20499480	20503314	3	2	1	1
13	20503315	20828894	3	2	1	2
13	20828895	20980454	3	2	1	2
13	20980455	21347765	2	1	1	2
13	21347766	21348219	1	1	0	1
13	21348220	21399023	1	1	0	2
13	21399024	21399157	1	1	0	2
13	21399158	21401382	1	1	0	2
13	21401383	21403711	1	1	0	2
13	21403712	21410370	1	1	0	2
13	21410371	21424417	1	1	0	2
13	21424418	21459496	1	1	0	2
13	21459497	21459762	1	1	0	1
13	21459763	21460014	1	1	0	1
13	21460015	21461641	1	1	0	1
13	21461642	21573574	1	1	0	2
13	21573575	30043939	2	1	1	2
13	30043940	32944922	2	1	1	2
13	32944923	44719222	1	1	0	2
13	44719223	44783576	1	1	0	1
13	44783577	48646323	1	1	0	2
13	48646324	48907628	1	1	0	2
13	48907629	51832075	1	1	0	2
13	51832076	70529990	2	1	1	2
13	70529991	79983922	2	1	1	2
13	79983923	83643849	2	1	1	2
13	83643850	88275165	2	1	1	2
13	88275166	114153139	2	1	1	2
13	114153140	115169877	2	1	1	1
14	1	16099999	NA	NA	NA	NA
14	16100000	19099999	2	1	1	1
14	19100000	42399900	2	1	1	2
14	42399901	53010382	2	1	1	2
14	53010383	63768866	2	1	1	2
14	63768867	63769066	2	1	1	2
14	63769067	106399989	2	1	1	2
15	1	15799999	NA	NA	NA	NA
15	15800000	20699999	2	1	1	1
15	20700000	44428296	2	1	1	2
15	44428297	44428706	2	1	1	1
15	44428707	44432780	2	1	1	2
15	44432781	44601113	2	1	1	2
15	44601114	44601677	1	1	0	1
15	44601678	45879695	2	1	1	2
15	45879696	45879904	2	1	1	2
15	45879905	45884245	2	1	1	2
15	45884246	51844479	2	1	1	2
15	51844480	51845091	2	1	1	2
15	51845092	51853013	2	1	1	2
15	51853014	51853051	2	1	1	2
15	51853052	57142442	2	1	1	2
15	57142443	57151789	2	1	1	1
15	57151790	58627138	2	1	1	2
15	58627139	62564646	2	1	1	2
15	62564647	62574156	2	1	1	2
15	62574157	73609567	2	1	1	2
15	73609568	73617388	2	1	1	2
15	73617389	102399429	2	1	1	2
16	84870	10820134	2	1	1	2
16	10820135	31719160	2	1	1	2
16	31719161	31719239	2	1	1	2
16	31719240	34599999	2	1	1	2
16	34600000	38599999	2	1	1	2
16	38600000	46450013	2	1	1	1
16	46450014	55759440	2	1	1	2
16	55759441	55759629	2	1	1	2
16	55759630	66729215	2	1	1	2
16	66729216	66787579	1	1	0	2
16	66787580	90354752	2	1	1	2
17	828	7588318	1	1	0	2
17	7588319	7589956	1	1	0	2
17	7589957	10777498	1	1	0	2
17	10777499	10777517	1	1	0	2
17	10777518	18082931	1	1	0	2
17	18082932	18567338	2	1	1	2
17	18567339	21539973	1	1	0	2
17	21539974	25799999	NA	NA	NA	NA
17	25800000	34989264	2	1	1	2
17	34989265	34989449	2	1	1	2
17	34989450	41610093	2	1	1	2
17	41610094	42788634	1	1	0	2
17	42788635	46970805	2	1	1	2
17	46970806	46970958	2	1	1	2
17	46970959	81089099	2	1	1	2
18	52050	125370	1	1	0	2
18	125371	14162125	1	1	0	2
18	14162126	14865817	1	1	0	2
18	14865818	15016052	1	1	0	2
18	15016053	18999999	1	1	0	2
18	19000000	55109030	1	1	0	2
18	55109031	55114565	1	1	0	2
18	55114566	76085522	1	1	0	2
18	76085523	78077247	1	1	0	2
19	102500	226775	2	1	1	2
19	226776	11487446	2	1	1	2
19	11487447	11542074	1	1	0	1
19	11542075	11545358	1	1	0	1
19	11545359	11554002	1	1	0	1
19	11554003	13059113	1	1	0	2
19	13059114	13255311	2	1	1	2
19	13255312	13255325	2	1	1	2
19	13255326	18664086	2	1	1	2
19	18664087	19418957	1	1	0	2
19	19418958	19424210	1	1	0	1
19	19424211	19425196	2	1	1	1
19	19425197	22904933	2	1	1	2
19	22904934	24399999	2	1	1	2
19	24400000	28599999	2	1	1	2
19	28600000	30015490	2	1	1	2
19	30015491	30018137	2	1	1	1
19	30018138	32961336	1	1	0	2
19	32961337	32963218	2	1	1	2
19	32963219	32970779	2	1	1	2
19	32970780	34617596	2	1	1	2
19	34617597	34617755	2	1	1	1
19	34617756	34620087	2	1	1	1
19	34620088	34620359	1	1	0	1
19	34620360	34620840	1	1	0	1
19	34620841	34668761	1	1	0	2
19	34668762	34671797	2	1	1	1
19	34671798	34672163	2	1	1	1
19	34672164	41307252	2	1	1	2
19	41307253	41311371	1	1	0	1
19	41311372	41312760	1	1	0	2
19	41312761	42959014	1	1	0	2
19	42959015	47579229	2	1	1	2
19	47579230	48397966	1	1	0	2
19	48397967	48912055	2	1	1	2
19	48912056	49431158	1	1	0	2
19	49431159	56356206	2	1	1	2
19	56356207	56525050	1	1	0	2
19	56525051	57076536	2	1	1	2
19	57076537	57077645	2	1	1	2
19	57077646	59128982	2	1	1	2
20	60479	20991676	2	1	1	2
20	20991677	21351639	1	1	0	2
20	21351640	25599999	2	1	1	2
20	25600000	29399999	2	1	1	2
20	29400000	48600556	2	1	1	2
20	48600557	63025519	2	1	1	2
21	1	9417499	NA	NA	NA	NA
21	9417500	10899999	NA	NA	NA	NA
21	10900000	14299999	2	1	1	2
21	14300000	31700814	2	1	1	2
21	31700815	32975170	2	1	1	2
21	32975171	39902579	2	1	1	2
21	39902580	39902914	2	1	1	2
21	39902915	42835346	2	1	1	2
21	42835347	42835755	2	1	1	2
21	42835756	42838519	2	1	1	2
21	42838520	42838835	2	1	1	2
21	42838836	42864930	2	1	1	2
21	42864931	42865133	2	1	1	2
21	42865134	48129894	2	1	1	2
22	1	12199999	NA	NA	NA	NA
22	12200000	17899999	2	1	1	2
22	17900000	51304565	2	1	1	2
X	1	58099999	1	1	0	1
X	58100000	62999999	1	1	0	1
X	63000000	155270559	1	1	0	1
Y	1	11599999	NA	NA	NA	NA
Y	11600000	13399999	NA	NA	NA	NA
Y	13400000	19544492	NA	NA	NA	NA
Y	19544493	59373565	NA	NA	NA	NA
