chromosome	start	end	total_cn	major_cn	minor_cn	star
1	1	11066895	1	1	0	3
1	11066896	11097919	1	1	0	3
1	11097920	16014278	1	1	0	3
1	16014279	16062889	1	1	0	2
1	16062890	35861991	1	1	0	3
1	35861992	35869032	1	1	0	2
1	35869033	43341481	1	1	0	3
1	43341482	43345271	1	1	0	2
1	43345272	48166995	1	1	0	3
1	48166996	48188782	1	1	0	2
1	48188783	85122396	1	1	0	2
1	85122397	121499999	2	1	1	3
1	121500000	128899999	2	1	1	3
1	128900000	205083625	2	1	1	3
1	205083626	229665531	1	1	0	3
1	229665532	229666830	1	1	0	3
1	229666831	230004407	1	1	0	3
1	230004408	247249600	2	1	1	3
1	247249601	249250620	2	1	1	2
2	20016	20195329	1	1	0	2
2	20195330	21921763	2	2	0	2
2	21921764	31820013	1	1	0	3
2	31820014	42916599	2	2	0	2
2	42916600	47320173	3	3	0	2
2	47320174	47369482	3	3	0	2
2	47369483	47948472	4	4	0	2
2	47948473	55254374	3	3	0	2
2	55254375	60192602	2	2	0	2
2	60192603	62316816	2	2	0	2
2	62316817	64576532	1	1	0	3
2	64576533	68629792	2	1	1	2
2	68629793	68630591	2	1	1	2
2	68630592	74274493	2	1	1	3
2	74274494	74301844	2	1	1	2
2	74301845	74700234	2	1	1	2
2	74700235	74700932	2	1	1	2
2	74700933	86386975	2	1	1	2
2	86386976	86387785	2	1	1	2
2	86387786	90499999	2	1	1	2
2	90500000	96887714	2	1	1	2
2	96887715	96921160	2	1	1	2
2	96921161	100080709	2	1	1	2
2	100080710	100085355	2	1	1	2
2	100085356	118052546	2	1	1	2
2	118052547	119135084	3	2	1	2
2	119135085	129707610	2	1	1	2
2	129707611	129707624	2	1	1	2
2	129707625	165215147	2	1	1	2
2	165215148	165217461	2	1	1	2
2	165217462	169961909	2	1	1	2
2	169961910	169967248	2	1	1	2
2	169967249	174225331	2	1	1	3
2	174225332	174230028	2	1	1	2
2	174230029	176379183	2	1	1	3
2	176379184	176384361	2	1	1	3
2	176384362	193857938	2	1	1	3
2	193857939	193860262	2	1	1	3
2	193860263	202538065	2	1	1	3
2	202538066	202561227	2	1	1	1
2	202561228	211478209	2	1	1	3
2	211478210	212200095	3	2	1	2
2	212200096	212200109	3	2	1	2
2	212200110	212382262	4	2	2	3
2	212382263	212961129	3	2	1	2
2	212961130	214877190	2	1	1	3
2	214877191	215070263	1	1	0	2
2	215070264	216335828	2	1	1	2
2	216335829	216348528	3	2	1	2
2	216348529	217661447	2	1	1	3
2	217661448	225937741	3	2	1	2
2	225937742	225937828	3	2	1	2
2	225937829	226169322	3	2	1	2
2	226169323	226179439	3	2	1	2
2	226179440	232487859	3	2	1	2
2	232487860	232489618	2	1	1	2
2	232489619	234805476	3	2	1	2
2	234805477	234807592	2	1	1	2
2	234807593	234822708	3	2	1	2
2	234822709	234888473	4	2	2	2
2	234888474	238305714	3	2	1	2
2	238305715	241225136	2	1	1	2
2	241225137	242999968	1	1	0	2
3	64451	10923131	1	1	0	2
3	10923132	11241901	2	2	0	2
3	11241902	40400191	1	1	0	2
3	40400192	55556141	2	1	1	3
3	55556142	55560623	2	1	1	1
3	55560624	63543456	2	1	1	2
3	63543457	63591902	3	2	1	2
3	63591903	67137401	2	1	1	2
3	67137402	76192849	2	1	1	2
3	76192850	76199779	2	1	1	2
3	76199780	87899999	2	1	1	2
3	87900000	93899999	2	1	1	2
3	93900000	112389988	2	1	1	2
3	112389989	113990666	3	2	1	2
3	113990667	117440695	2	1	1	2
3	117440696	118189468	3	2	1	2
3	118189469	137054466	2	1	1	2
3	137054467	137055401	2	1	1	2
3	137055402	138909431	2	1	1	2
3	138909432	138917121	2	1	1	2
3	138917122	152043912	2	1	1	2
3	152043913	152052399	2	1	1	2
3	152052400	156004922	2	1	1	2
3	156004923	156074709	3	2	1	2
3	156074710	157060907	2	1	1	2
3	157060908	157066547	2	1	1	2
3	157066548	172738355	2	1	1	2
3	172738356	180540185	2	1	1	2
3	180540186	180545660	2	1	1	2
3	180545661	190572083	2	1	1	2
3	190572084	191475490	3	2	1	2
3	191475491	194524551	3	2	1	2
3	194524552	194525456	3	2	1	1
3	194525457	197847500	3	2	1	2
4	27500	17186538	2	1	1	2
4	17186539	17186570	2	1	1	2
4	17186571	17190048	2	1	1	2
4	17190049	18064109	2	1	1	2
4	18064110	18066681	2	1	1	2
4	18066682	28396760	2	1	1	2
4	28396761	28398797	2	1	1	2
4	28398798	30752694	2	1	1	2
4	30752695	30818933	2	1	1	2
4	30818934	40004073	1	1	0	2
4	40004074	40031656	2	2	0	2
4	40031657	44552259	1	1	0	2
4	44552260	47111895	2	1	1	2
4	47111896	47131575	3	2	1	2
4	47131576	48199999	2	1	1	2
4	48200000	52699999	2	1	1	2
4	52700000	72987406	2	1	1	2
4	72987407	114134149	1	1	0	2
4	114134150	114134186	1	1	0	2
4	114134187	115342266	1	1	0	2
4	115342267	115345519	1	1	0	2
4	115345520	130817908	1	1	0	2
4	130817909	130818869	1	1	0	2
4	130818870	133444271	1	1	0	2
4	133444272	133450589	1	1	0	2
4	133450590	142868714	1	1	0	2
4	142868715	142869786	1	1	0	2
4	142869787	148141305	1	1	0	2
4	148141306	148972520	2	2	0	2
4	148972521	164512856	1	1	0	2
4	164512857	164514641	1	1	0	2
4	164514642	187781679	1	1	0	2
4	187781680	187784462	2	2	0	2
4	187784463	191154275	1	1	0	2
5	22500	24813	4	3	1	2
5	24814	31146	4	3	1	2
5	31147	7762709	4	3	1	2
5	7762710	17399984	3	2	1	2
5	17399985	25692803	2	1	1	2
5	25692804	25694182	2	1	1	2
5	25694183	27540565	2	1	1	2
5	27540566	32734720	3	2	1	2
5	32734721	35197732	3	2	1	2
5	35197733	40043241	2	1	1	3
5	40043242	43569745	3	2	1	3
5	43569746	45915512	2	1	1	2
5	45915513	50699999	2	1	1	2
5	50700000	62070082	2	1	1	3
5	62070083	72723551	1	1	0	2
5	72723552	72727543	1	1	0	2
5	72727544	73925297	1	1	0	2
5	73925298	80215184	1	1	0	2
5	80215185	80243452	1	1	0	2
5	80243453	90504934	1	1	0	2
5	90504935	90679844	2	2	0	3
5	90679845	112374348	1	1	0	2
5	112374349	112384976	1	1	0	2
5	112384977	125200949	1	1	0	2
5	125200950	138039749	2	1	1	2
5	138039750	138048986	3	2	1	2
5	138048987	139005386	2	1	1	2
5	139005387	139034161	2	1	1	2
5	139034162	165486746	2	1	1	2
5	165486747	165714744	3	2	1	2
5	165714745	180715810	2	1	1	2
6	39681	202467	2	2	0	1
6	202468	3312884	2	2	0	2
6	3312885	15839967	1	1	0	3
6	15839968	17240793	2	1	1	2
6	17240794	17242846	2	1	1	2
6	17242847	18127379	2	1	1	2
6	18127380	18130550	4	3	1	2
6	18130551	18130978	2	1	1	1
6	18130979	18131015	2	1	1	2
6	18131016	18131043	2	1	1	2
6	18131044	18131151	2	1	1	2
6	18131152	20692098	2	1	1	3
6	20692099	31577659	1	1	0	3
6	31577660	31577681	1	1	0	3
6	31577682	33111278	1	1	0	3
6	33111279	35658025	2	1	1	2
6	35658026	35662526	2	1	1	2
6	35662527	41153810	2	1	1	2
6	41153811	41154937	2	1	1	2
6	41154938	43854399	2	1	1	2
6	43854400	49061167	3	2	1	2
6	49061168	49086515	3	2	1	1
6	49086516	50218081	3	2	1	2
6	50218082	52279673	2	1	1	2
6	52279674	52281196	2	1	1	2
6	52281197	58699999	2	1	1	2
6	58700000	63299999	2	1	1	2
6	63300000	65840277	2	1	1	2
6	65840278	65841105	2	1	1	2
6	65841106	77704885	2	1	1	2
6	77704886	77705131	2	1	1	2
6	77705132	83698928	2	1	1	2
6	83698929	83700935	2	1	1	2
6	83700936	103230934	2	1	1	2
6	103230935	111048369	2	1	1	2
6	111048370	135200656	1	1	0	2
6	135200657	135206633	1	1	0	2
6	135206634	144697502	1	1	0	2
6	144697503	144705488	1	1	0	2
6	144705489	146580972	1	1	0	2
6	146580973	146581954	1	1	0	2
6	146581955	149972070	1	1	0	2
6	149972071	149976119	1	1	0	2
6	149976120	170907734	1	1	0	2
7	40386	399961	1	1	0	2
7	399962	3480108	2	1	1	2
7	3480109	3578050	2	1	1	1
7	3578051	5475384	2	1	1	2
7	5475385	5579643	3	2	1	2
7	5579644	7302801	2	1	1	2
7	7302802	7313280	2	1	1	1
7	7313281	7457590	2	1	1	2
7	7457591	7466377	3	2	1	2
7	7466378	15674708	2	1	1	3
7	15674709	15779823	3	2	1	2
7	15779824	18087727	2	1	1	2
7	18087728	18091268	2	1	1	2
7	18091269	19988183	2	1	1	3
7	19988184	28420181	1	1	0	3
7	28420182	28450039	2	2	0	2
7	28450040	57999999	1	1	0	3
7	58000000	61707500	NA	NA	NA	NA
7	61707501	61859712	1	1	0	2
7	61859713	62029986	3	2	1	2
7	62029987	62466933	3	2	1	2
7	62466934	65504672	2	1	1	2
7	65504673	65513419	2	1	1	2
7	65513420	72483513	2	1	1	3
7	72483514	75484759	3	2	1	3
7	75484760	75501666	3	2	1	3
7	75501667	82172328	3	2	1	2
7	82172329	82197047	4	3	1	2
7	82197048	82822500	4	3	1	2
7	82822501	82865989	4	3	1	3
7	82865990	83061181	5	4	1	2
7	83061182	83718346	4	3	1	2
7	83718347	89663589	3	2	1	2
7	89663590	89685747	3	2	1	2
7	89685748	101019316	3	2	1	3
7	101019317	117347032	3	2	1	3
7	117347033	117348395	3	2	1	3
7	117348396	120803382	3	2	1	3
7	120803383	122215825	5	4	1	2
7	122215826	128462452	3	2	1	3
7	128462453	128500591	3	2	1	2
7	128500592	137244518	3	2	1	3
7	137244519	137247756	3	2	1	2
7	137247757	137251591	3	2	1	2
7	137251592	137251826	3	2	1	2
7	137251827	148877296	3	2	1	2
7	148877297	148877803	3	2	1	2
7	148877804	150539834	3	2	1	2
7	150539835	150543871	3	2	1	2
7	150543872	158821400	3	2	1	2
7	158821401	159069807	3	2	1	2
8	171858	12514292	1	1	0	2
8	12514293	23038720	1	1	0	2
8	23038721	23044326	1	1	0	2
8	23044327	28742336	1	1	0	2
8	28742337	35411927	2	1	1	2
8	35411928	35412736	2	1	1	2
8	35412737	43099999	2	1	1	2
8	43100000	48099999	2	1	1	2
8	48100000	53613766	2	1	1	2
8	53613767	53619281	2	1	1	2
8	53619282	57373349	2	1	1	2
8	57373350	57381252	1	1	0	2
8	57381253	57428706	2	1	1	2
8	57428707	57428908	2	1	1	2
8	57428909	90354416	2	1	1	2
8	90354417	92349475	4	3	1	2
8	92349476	92370656	3	2	1	2
8	92370657	98539878	3	2	1	2
8	98539879	106765388	3	2	1	2
8	106765389	108011799	4	3	1	2
8	108011800	118392997	3	2	1	2
8	118392998	118968511	4	2	2	2
8	118968512	124227603	3	2	1	2
8	124227604	125897409	4	3	1	2
8	125897410	125926124	5	4	1	2
8	125926125	130379330	4	3	1	2
8	130379331	130384269	5	3	2	2
8	130384270	137624831	4	3	1	2
8	137624832	137670042	4	3	1	2
8	137670043	140589958	5	4	1	2
8	140589959	141117681	5	4	1	2
8	141117682	141126931	4	3	1	2
8	141126932	141895073	5	4	1	2
8	141895074	141900856	5	4	1	1
8	141900857	142905464	5	4	1	2
8	142905465	146364021	3	2	1	2
9	59859	5337855	2	1	1	2
9	5337856	5346490	2	1	1	2
9	5346491	5637687	2	1	1	2
9	5637688	7019990	3	2	1	2
9	7019991	9178690	3	2	1	2
9	9178691	10470066	3	2	1	2
9	10470067	10703166	3	2	1	2
9	10703167	10930028	3	2	1	2
9	10930029	47299999	2	1	1	2
9	47300000	50699999	2	1	1	2
9	50700000	71030092	2	1	1	2
9	71030093	71684169	3	2	1	2
9	71684170	122975477	2	1	1	3
9	122975478	122983830	2	1	1	1
9	122983831	140273200	2	1	1	3
10	94426	15218813	2	1	1	2
10	15218814	15239609	3	2	1	2
10	15239610	25275640	2	1	1	2
10	25275641	25276213	2	1	1	2
10	25276214	26167497	2	1	1	2
10	26167498	28797070	2	1	1	2
10	28797071	28824809	2	1	1	2
10	28824810	37999999	2	1	1	2
10	38000000	42619784	2	1	1	2
10	42619785	45794997	2	1	1	3
10	45794998	46290802	3	2	1	2
10	46290803	59574770	2	1	1	2
10	59574771	82234479	2	1	1	2
10	82234480	82656082	1	1	0	2
10	82656083	82658945	1	1	0	2
10	82658946	89709161	1	1	0	2
10	89709162	89734756	1	1	0	2
10	89734757	100027025	1	1	0	2
10	100027026	100038239	2	2	0	2
10	100038240	106249338	1	1	0	2
10	106249339	106898991	2	1	1	2
10	106898992	106899564	2	1	1	2
10	106899565	114605563	2	1	1	3
10	114605564	114607587	2	1	1	2
10	114607588	123179710	2	1	1	3
10	123179711	123179865	2	1	1	2
10	123179866	129898908	3	2	1	2
10	129898909	129918535	3	2	1	2
10	129918536	131493027	3	2	1	2
10	131493028	131501984	2	1	1	2
10	131501985	135399604	2	1	1	3
11	20721	189657	1	1	0	2
11	189658	13176309	1	1	0	3
11	13176310	30640008	2	1	1	2
11	30640009	30641182	2	1	1	2
11	30641183	34676394	2	1	1	2
11	34676395	34718402	3	2	1	2
11	34718403	48921601	2	1	1	2
11	48921602	50301401	2	1	1	2
11	50301402	51599999	2	1	1	2
11	51600000	55699999	2	1	1	2
11	55700000	57978735	2	1	1	2
11	57978736	58216286	2	1	1	2
11	58216287	87020110	3	2	1	2
11	87020111	90880407	3	2	1	2
11	90880408	90883387	3	2	1	1
11	90883388	95098542	3	2	1	2
11	95098543	95103423	3	2	1	2
11	95103424	95277374	3	2	1	2
11	95277375	95444135	3	2	1	2
11	95444136	99881861	3	2	1	2
11	99881862	111257709	3	2	1	2
11	111257710	111261345	3	2	1	2
11	111261346	112214333	3	2	1	2
11	112214334	112237406	3	2	1	1
11	112237407	112277279	3	2	1	2
11	112277280	119831354	3	2	1	2
11	119831355	119832639	3	2	1	2
11	119832640	119833017	5	4	1	1
11	119833018	120878879	5	4	1	2
11	120878880	120926051	6	5	1	2
11	120926052	121551658	6	5	1	2
11	121551659	121965824	5	4	1	2
11	121965825	125763220	3	2	1	2
11	125763221	128334401	4	3	1	2
11	128334402	128918341	4	3	1	2
11	128918342	128921031	4	3	1	2
11	128921032	131538277	4	3	1	2
11	131538278	131538314	4	3	1	2
11	131538315	131538394	4	3	1	2
11	131538395	131539709	4	3	1	2
11	131539710	134452200	4	3	1	2
12	22500	188196	2	1	1	2
12	188197	3791136	2	1	1	3
12	3791137	3793452	2	1	1	3
12	3793453	6065479	2	1	1	3
12	6065480	6523972	3	2	1	3
12	6523973	6561367	3	2	1	1
12	6561368	6821101	3	2	1	2
12	6821102	10170616	2	1	1	3
12	10170617	10170830	2	1	1	2
12	10170831	27309907	2	1	1	3
12	27309908	27334604	2	1	1	1
12	27334605	33299999	2	1	1	3
12	33300000	38439994	2	1	1	2
12	38439995	95914168	2	1	1	2
12	95914169	95917284	2	1	1	1
12	95917285	114091373	2	1	1	3
12	114091374	114113089	3	2	1	2
12	114113090	121175906	2	1	1	2
12	121175907	121176145	2	1	1	2
12	121176146	124315966	2	1	1	2
12	124315967	132349400	3	2	1	2
12	132349401	133851894	3	2	1	2
13	1	16299999	2	1	1	1
13	16300000	19653674	2	1	1	3
13	19653675	19660644	2	1	1	2
13	19660645	24586218	2	1	1	2
13	24586219	52359738	1	1	0	2
13	52359739	52360489	1	1	0	2
13	52360490	71986034	1	1	0	2
13	71986035	71997593	1	1	0	2
13	71997594	77808483	1	1	0	2
13	77808484	114142800	1	1	0	2
13	114142801	115169877	1	1	0	3
14	1	16099999	1	1	0	1
14	16100000	19099999	1	1	0	1
14	19100000	20376219	1	1	0	1
14	20376220	21951042	1	1	0	2
14	21951043	21953590	1	1	0	2
14	21953591	25088263	1	1	0	2
14	25088264	62004947	2	2	0	2
14	62004948	68151737	3	2	1	2
14	68151738	68157101	4	3	1	2
14	68157102	72548521	3	2	1	2
14	72548522	72557692	3	2	1	1
14	72557693	72690015	3	2	1	2
14	72690016	76202581	3	2	1	2
14	76202582	76217492	3	2	1	2
14	76217493	91862823	3	2	1	2
14	91862824	91875277	4	3	1	2
14	91875278	105143986	3	2	1	2
14	105143987	105154672	4	3	1	2
14	105154673	106368400	3	2	1	2
15	1	15799999	1	1	0	1
15	15800000	20699999	1	1	0	2
15	20700000	48845747	1	1	0	3
15	48845748	48877795	1	1	0	1
15	48877796	61926892	1	1	0	3
15	61926893	61926947	1	1	0	2
15	61926948	72964052	2	1	1	3
15	72964053	76993909	2	1	1	2
15	76993910	84176471	3	2	1	2
15	84176472	84207107	5	4	1	2
15	84207108	99145581	3	2	1	2
15	99145582	99147117	2	2	0	2
15	99147118	101528624	3	2	1	2
15	101528625	101736523	3	2	1	2
15	101736524	101753946	3	2	1	2
15	101753947	101848206	3	2	1	2
15	101848207	102398994	3	2	1	2
16	85149	13569739	2	1	1	2
16	13569740	17748522	3	2	1	2
16	17748523	17754414	4	3	1	2
16	17754415	22710853	3	2	1	2
16	22710854	28496651	2	1	1	3
16	28496652	28520792	2	1	1	1
16	28520793	34599999	2	1	1	3
16	34600000	38599999	2	1	1	3
16	38600000	53895492	2	1	1	3
16	53895493	53899870	2	1	1	3
16	53899871	60924744	2	1	1	3
16	60924745	60925595	2	1	1	3
16	60925596	61846135	2	1	1	3
16	61846136	66372234	1	1	0	3
16	66372235	66379348	1	1	0	3
16	66379349	84619904	1	1	0	3
16	84619905	84620381	2	2	0	2
16	84620382	84620592	2	2	0	2
16	84620593	88827200	2	2	0	3
16	88827201	90354752	2	2	0	2
17	828	16908838	1	1	0	3
17	16908839	16917728	1	1	0	3
17	16917729	22199999	1	1	0	3
17	22200000	25799999	1	1	0	2
17	25800000	26117165	1	1	0	3
17	26117166	26122983	1	1	0	3
17	26122984	29511007	1	1	0	3
17	29511008	34042400	1	1	0	3
17	34042401	47456004	2	2	0	3
17	47456005	47466120	2	2	0	2
17	47466121	63835577	2	2	0	3
17	63835578	63837293	2	2	0	2
17	63837294	64281338	2	2	0	2
17	64281339	64669956	3	3	0	3
17	64669957	66377460	4	4	0	2
17	66377461	74036771	3	3	0	3
17	74036772	77757693	2	2	0	3
17	77757694	77795858	2	2	0	2
17	77795859	77985356	2	2	0	3
17	77985357	77987393	2	2	0	2
17	77987394	78774600	2	2	0	2
17	78774601	81195209	2	2	0	3
18	27500	11726623	2	1	1	2
18	11726624	11729725	2	1	1	2
18	11729726	15399999	2	1	1	2
18	15400000	18999999	2	1	1	2
18	19000000	31476787	2	1	1	2
18	31476788	56759105	1	1	0	2
18	56759106	58938759	2	1	1	2
18	58938760	58938790	2	1	1	2
18	58938791	64115090	2	1	1	2
18	64115091	64117461	2	1	1	2
18	64117462	66796735	2	1	1	2
18	66796736	66815652	3	2	1	2
18	66815653	69277126	2	1	1	2
18	69277127	69285985	2	1	1	2
18	69285986	76117000	2	1	1	2
18	76117001	78077247	2	1	1	2
19	102500	255095	1	1	0	2
19	255096	4725281	1	1	0	3
19	4725282	4725317	1	1	0	3
19	4725318	4726025	1	1	0	2
19	4726026	4726302	1	1	0	3
19	4726303	5853007	1	1	0	3
19	5853008	17108268	2	1	1	2
19	17108269	17113144	2	1	1	2
19	17113145	18902694	2	1	1	3
19	18902695	18917451	2	1	1	2
19	18917452	20186848	2	1	1	3
19	20186849	20197828	2	1	1	2
19	20197829	24399999	2	1	1	2
19	24400000	28599999	2	1	1	2
19	28600000	33561442	2	1	1	3
19	33561443	33567224	2	1	1	2
19	33567225	34727199	2	1	1	3
19	34727200	34734422	2	1	1	2
19	34734423	47354836	2	1	1	2
19	47354837	47354897	2	1	1	2
19	47354898	52417491	2	1	1	3
19	52417492	52418506	2	1	1	3
19	52418507	53386085	2	1	1	2
19	53386086	53477189	3	2	1	2
19	53477190	59128982	2	1	1	2
20	20785	7972868	2	1	1	2
20	7972869	8028736	3	2	1	2
20	8028737	10110678	2	1	1	2
20	10110679	10112713	2	1	1	2
20	10112714	25599999	2	1	1	2
20	25600000	29428348	2	1	1	2
20	29428349	29433393	2	1	1	2
20	29433394	31848699	2	1	1	2
20	31848700	37790060	3	2	1	2
20	37790061	39240017	3	2	1	2
20	39240018	48999166	3	2	1	2
20	48999167	48999198	3	2	1	2
20	48999199	50870987	3	2	1	2
20	50870988	51508529	3	2	1	2
20	51508530	51584912	3	2	1	2
20	51584913	51632452	3	2	1	2
20	51632453	54900014	3	2	1	2
20	54900015	59767852	3	2	1	2
20	59767853	59771870	3	2	1	2
20	59771871	60798383	3	2	1	2
20	60798384	62470050	2	1	1	2
21	1	10899999	NA	NA	NA	NA
21	10900000	14407270	1	1	0	1
21	14407271	40675653	1	1	0	2
21	40675654	45180876	2	2	0	3
21	45180877	46937500	3	3	0	2
21	46937501	48129894	3	3	0	2
22	1	12199999	2	1	1	1
22	12200000	17899999	2	1	1	3
22	17900000	19801094	2	1	1	2
22	19801095	19879077	3	2	1	2
22	19879078	28395266	2	1	1	3
22	28395267	28429753	2	1	1	3
22	28429754	36550125	2	1	1	3
22	36550126	49687500	1	1	0	3
22	49687501	51304565	1	1	0	3
X	60369	3507594	2	1	1	2
X	3507595	3510143	2	1	1	2
X	3510144	5597170	2	1	1	2
X	5597171	5597295	2	1	1	2
X	5597296	58099999	2	1	1	2
X	58100000	62999999	2	1	1	2
X	63000000	67784498	2	1	1	2
X	67784499	67786188	1	1	0	2
X	67786189	70716955	2	1	1	2
X	70716956	84271792	2	1	1	2
X	84271793	84289376	2	1	1	2
X	84289377	87251767	2	1	1	2
X	87251768	87543853	2	1	1	2
X	87543854	137733176	2	1	1	2
X	137733177	137734816	2	1	1	1
X	137734817	154913600	2	1	1	2
