chromosome	start	end	total_cn	major_cn	minor_cn	star
1	1	834753	4	2	2	2
1	834754	9343064	4	2	2	2
1	9343065	12948252	2	2	0	2
1	12948253	17053420	2	2	0	2
1	17053421	17289001	2	2	0	2
1	17289002	31983161	2	2	0	2
1	31983162	53562242	4	2	2	2
1	53562243	121445601	4	2	2	3
1	121445602	128899999	4	2	2	2
1	128900000	144540889	4	2	2	2
1	144540890	247249600	4	2	2	2
1	247249601	249250620	4	2	2	2
2	35828	971656	3	2	1	2
2	971657	1187844	1	1	0	3
2	1187845	35940220	3	2	1	3
2	35940221	36331710	1	1	0	2
2	36331711	45844364	3	2	1	3
2	45844365	46191971	1	1	0	3
2	46191972	90499999	3	2	1	3
2	90500000	96799999	3	2	1	2
2	96800000	160265908	3	2	1	3
2	160265909	160736905	2	2	0	2
2	160736906	160760676	3	2	1	2
2	160760677	160764767	3	2	1	2
2	160764768	186312869	3	2	1	3
2	186312870	186791258	2	2	0	2
2	186791259	232726602	3	2	1	3
2	232726603	233590806	3	2	1	2
2	233590807	233608521	3	2	1	2
2	233608522	233649312	3	2	1	2
2	233649313	233991266	1	1	0	3
2	233991267	234178503	3	2	1	2
2	234178504	234188249	3	2	1	2
2	234188250	242960945	3	2	1	2
3	62746	9121388	3	2	1	3
3	9121389	9127818	3	2	1	2
3	9127819	42873470	3	2	1	3
3	42873471	55211307	1	1	0	3
3	55211308	73213437	3	2	1	3
3	73213438	73216396	3	2	1	2
3	73216397	82959211	3	2	1	3
3	82959212	82961122	3	2	1	2
3	82961123	83514002	5	3	2	2
3	83514003	87899999	4	2	2	2
3	87900000	94290351	4	2	2	3
3	94290352	94309809	4	2	2	2
3	94309810	125405851	4	2	2	3
3	125405852	174415769	4	2	2	3
3	174415770	174426382	3	2	1	1
3	174426383	175334163	4	2	2	2
3	175334164	175511335	2	2	0	2
3	175511336	195195218	4	2	2	3
3	195195219	198022429	4	2	2	2
4	1	44365	3	2	1	2
4	44366	260230	3	2	1	3
4	260231	4118723	2	2	0	2
4	4118724	4123797	2	2	0	2
4	4123798	4213152	2	2	0	2
4	4213153	4263151	2	2	0	3
4	4263152	4365685	2	2	0	2
4	4365686	5558976	3	2	1	2
4	5558977	7159326	2	2	0	2
4	7159327	7196246	3	2	1	2
4	7196247	8120012	2	2	0	2
4	8120013	8265372	3	2	1	2
4	8265373	8269056	1	1	0	1
4	8269057	9953098	3	2	1	2
4	9953099	9966595	3	2	1	2
4	9966596	19787030	2	2	0	2
4	19787031	19815795	3	3	0	2
4	19815796	48199999	2	2	0	2
4	48200000	52699999	NA	NA	NA	NA
4	52700000	91202429	4	2	2	3
4	91202430	91250403	3	2	1	2
4	91250404	120957515	4	2	2	3
4	120957516	121033995	2	2	0	3
4	121033996	121068400	4	2	2	2
4	121068401	135804075	2	2	0	2
4	135804076	170975171	2	2	0	2
4	170975172	173573537	1	1	0	2
4	173573538	184957553	2	2	0	2
4	184957554	186144664	0	0	0	2
4	186144665	186487627	2	2	0	2
4	186487628	187183537	1	1	0	3
4	187183538	187344789	2	2	0	2
4	187344790	189474279	1	1	0	3
4	189474280	190904944	2	2	0	2
5	22500	46099999	3	2	1	2
5	46100000	50699999	3	2	1	2
5	50700000	98527455	3	2	1	3
5	98527456	98570061	2	1	1	2
5	98570062	135086203	3	2	1	3
5	135086204	135179801	3	2	1	2
5	135179802	180735741	3	2	1	3
6	203397	382211	1	1	0	2
6	382212	6437984	1	1	0	3
6	6437985	6484054	0	0	0	2
6	6484055	6534765	4	4	0	3
6	6534766	6557744	5	4	1	2
6	6557745	6559268	3	2	1	1
6	6559269	7389994	1	1	0	3
6	7389995	8650149	5	4	1	3
6	8650150	40212499	3	2	1	3
6	40212500	47714002	3	2	1	2
6	47714003	58657499	4	2	2	2
6	58657500	63299999	NA	NA	NA	NA
6	63300000	63593201	3	2	1	1
6	63593202	108196658	3	2	1	2
6	108196659	108199135	4	3	1	2
6	108199136	108420092	4	3	1	2
6	108420093	116855505	1	1	0	2
6	116855506	116858635	3	2	1	2
6	116858636	116862202	2	2	0	2
6	116862203	120574872	3	2	1	2
6	120574873	120670653	4	3	1	2
6	120670654	146326149	3	2	1	2
6	146326150	146328098	3	2	1	2
6	146328099	170201865	3	2	1	2
6	170201866	170915316	2	1	1	2
7	40386	7118394	4	2	2	2
7	7118395	51711998	4	2	2	2
7	51711999	57876800	3	2	1	2
7	57876801	61699999	NA	NA	NA	NA
7	61700000	76280401	3	2	1	2
7	76280402	89704995	4	2	2	2
7	89704996	158821400	3	2	1	2
8	155318	2304033	1	1	0	2
8	2304034	12521875	1	1	0	2
8	12521876	32232500	1	1	0	2
8	32232501	43099999	1	1	0	2
8	43100000	48099999	NA	NA	NA	NA
8	48100000	138729196	3	2	1	3
8	138729197	138978015	3	2	1	2
8	138978016	145826275	3	2	1	2
9	47500	21297353	2	2	0	2
9	21297354	22132067	0	0	0	3
9	22132068	44426201	2	2	0	2
9	44426202	45509128	1	1	0	2
9	45509129	47299999	2	2	0	2
9	47300000	50699999	2	2	0	2
9	50700000	140313045	2	2	0	3
9	140313046	141068960	2	2	0	2
10	10001	143252	3	2	1	2
10	143253	22955751	3	2	1	3
10	22955752	24938388	1	1	0	3
10	24938389	37999999	3	2	1	3
10	38000000	42477286	3	2	1	2
10	42477287	49412660	3	2	1	3
10	49412661	74356116	3	2	1	3
10	74356117	74476430	4	3	1	1
10	74476431	83944401	3	2	1	3
10	83944402	83976443	4	2	2	3
10	83976444	131925911	3	2	1	3
10	131925912	132664978	1	1	0	3
10	132664979	135389924	3	2	1	2
11	20721	234257	4	2	2	1
11	234258	4949487	5	3	2	2
11	4949488	10001728	4	2	2	3
11	10001729	18054377	3	2	1	3
11	18054378	18068968	3	2	1	2
11	18068969	19272415	3	2	1	3
11	19272416	19280693	4	2	2	2
11	19280694	19282182	3	2	1	1
11	19282183	26584633	4	2	2	3
11	26584634	27846988	5	3	2	3
11	27846989	32483994	4	2	2	3
11	32483995	34450089	5	3	2	3
11	34450090	47407439	4	2	2	3
11	47407440	51599999	3	2	1	3
11	51600000	55699999	3	2	1	2
11	55700000	134452200	3	2	1	2
12	22500	189092	2	2	0	2
12	189093	7367602	2	2	0	2
12	7367603	12976201	3	3	0	2
12	12976202	31003459	3	3	0	2
12	31003460	33299999	2	2	0	2
12	33300000	38199999	NA	NA	NA	NA
12	38200000	59920949	3	3	0	2
12	59920950	72737049	4	4	0	2
12	72737050	132349400	3	3	0	2
12	132349401	133851894	3	3	0	2
13	1	16299999	4	3	1	1
13	16300000	19499999	4	3	1	2
13	19500000	98916704	4	3	1	2
13	98916705	114142800	4	3	1	2
13	114142801	115169877	4	3	1	1
14	1	16099999	3	2	1	1
14	16100000	19099999	3	2	1	1
14	19100000	20467500	3	2	1	2
14	20467501	106368999	3	2	1	3
15	1	15799999	2	2	0	1
15	15800000	20699999	2	2	0	2
15	20700000	26991364	2	2	0	2
15	26991365	27036843	1	1	0	3
15	27036844	100338800	2	2	0	3
15	100338801	102431166	2	2	0	2
16	9999	139085	4	2	2	2
16	139086	8603779	4	2	2	2
16	8603780	18576982	4	2	2	2
16	18576983	32861802	4	2	2	2
16	32861803	33474392	4	2	2	2
16	33474393	34599999	4	2	2	2
16	34600000	38599999	4	2	2	3
16	38600000	78112526	4	2	2	3
16	78112527	78485527	3	2	1	1
16	78485528	78539205	2	2	0	2
16	78539206	78601383	3	2	1	3
16	78601384	78701774	4	2	2	3
16	78701775	78727314	5	3	2	2
16	78727315	79060931	4	2	2	3
16	79060932	79197808	3	2	1	3
16	79197809	80509544	4	2	2	3
16	80509545	82540374	2	2	0	3
16	82540375	83942437	4	2	2	3
16	83942438	88827200	4	2	2	2
16	88827201	90354752	3	2	1	1
17	1869	22199999	2	2	0	3
17	22200000	25799999	NA	NA	NA	NA
17	25800000	44207499	4	2	2	2
17	44207500	54378241	4	2	2	3
17	54378242	54534525	2	2	0	3
17	54534526	54538758	3	2	1	1
17	54538759	78774600	4	2	2	2
17	78774601	81088744	4	2	2	2
18	27500	125440	4	3	1	2
18	125441	1120906	4	3	1	3
18	1120907	3860803	6	5	1	3
18	3860804	3883506	6	5	1	2
18	3883507	3889461	7	6	1	2
18	3889462	3891003	6	5	1	1
18	3891004	3894478	6	5	1	1
18	3894479	3898766	6	5	1	1
18	3898767	3918818	7	6	1	2
18	3918819	4817327	6	5	1	3
18	4817328	5339851	6	5	1	3
18	5339852	5655467	7	6	1	2
18	5655468	5669559	7	6	1	2
18	5669560	5683745	6	6	0	1
18	5683746	5695576	6	6	0	1
18	5695577	5695876	6	6	0	1
18	5695877	5701107	6	5	1	1
18	5701108	5703965	5	4	1	2
18	5703966	5742512	6	5	1	1
18	5742513	8319005	6	5	1	3
18	8319006	9672333	7	6	1	1
18	9672334	9952974	9	9	0	1
18	9952975	9963652	9	9	0	1
18	9963653	10118910	9	9	0	1
18	10118911	10162524	10	9	1	2
18	10162525	10304059	9	9	0	1
18	10304060	11392499	9	9	0	1
18	11392500	11886713	9	9	0	1
18	11886714	11887316	10	10	0	1
18	11887317	11888324	10	10	0	1
18	11888325	12006633	10	10	0	1
18	12006634	12006682	10	10	0	1
18	12006683	12007605	10	10	0	1
18	12007606	12079946	7	6	1	1
18	12079947	12080257	7	6	1	1
18	12080258	12095321	7	6	1	1
18	12095322	12095438	7	6	1	1
18	12095439	12095554	7	6	1	1
18	12095555	12100080	7	6	1	1
18	12100081	12313413	8	7	1	1
18	12313414	12374375	7	7	0	1
18	12374376	12600303	5	4	1	2
18	12600304	12614884	6	5	1	2
18	12614885	14133823	5	4	1	1
18	14133824	15017124	6	5	1	2
18	15017125	18999999	6	5	1	3
18	19000000	21737141	6	5	1	2
18	21737142	21739406	6	5	1	2
18	21739407	22490399	4	3	1	3
18	22490400	22519008	3	2	1	2
18	22519009	22519030	3	2	1	2
18	22519031	22524812	3	2	1	2
18	22524813	24042939	3	2	1	3
18	24042940	24089305	4	3	1	2
18	24089306	24976413	3	2	1	2
18	24976414	24985391	3	2	1	2
18	24985392	29453216	3	2	1	3
18	29453217	30415710	3	2	1	3
18	30415711	37432123	4	3	1	3
18	37432124	37436167	4	3	1	2
18	37436168	38424240	4	3	1	3
18	38424241	38947903	4	3	1	3
18	38947904	63505423	1	1	0	2
18	63505424	64440602	4	3	1	3
18	64440603	64443551	4	3	1	2
18	64443552	76117000	1	1	0	2
18	76117001	78077247	1	1	0	2
19	102500	286505	3	2	1	2
19	286506	24399999	3	2	1	2
19	24400000	28599999	NA	NA	NA	NA
19	28600000	43209995	4	2	2	2
19	43209996	59128982	4	2	2	2
20	17500	18981875	3	2	1	2
20	18981876	20000785	5	3	2	2
20	20000786	25599999	5	3	2	2
20	25600000	29532800	NA	NA	NA	NA
20	29532801	62432500	5	3	2	2
21	1	10899999	NA	NA	NA	NA
21	10900000	14450336	2	2	0	1
21	14450337	15650375	2	2	0	2
21	15650376	33629198	3	2	1	2
21	33629199	33659555	3	2	1	2
21	33659556	46937500	3	2	1	2
21	46937501	48129894	3	2	1	2
22	1	12199999	3	2	1	1
22	12200000	17899999	NA	NA	NA	NA
22	17900000	49691400	4	2	2	2
22	49691401	51304565	3	2	1	1
X	1	2700026	2	2	0	1
X	2700027	44882469	2	2	0	1
X	44882470	44970013	2	2	0	1
X	44970014	58099999	2	2	0	1
X	58100000	62999999	2	2	0	1
X	63000000	155270559	2	2	0	1
Y	1	2913602	NA	NA	NA	NA
Y	2913603	10038202	NA	NA	NA	NA
Y	10038203	11599999	NA	NA	NA	NA
Y	11600000	13399999	NA	NA	NA	NA
Y	13400000	59373565	NA	NA	NA	NA
