chromosome	start	end	total_cn	major_cn	minor_cn	star
1	1	26550009	2	1	1	3
1	26550010	28570010	1	1	0	2
1	28570011	63477999	2	1	1	3
1	63478000	65285436	1	1	0	2
1	65285437	65310766	0	0	0	2
1	65310767	73136320	1	1	0	2
1	73136321	73173249	0	0	0	2
1	73173250	93638572	1	1	0	2
1	93638573	121499999	2	1	1	3
1	121500000	128899999	2	1	1	2
1	128900000	148015321	2	1	1	3
1	148015322	247247500	2	1	1	3
1	247247501	249250620	2	1	1	3
2	20016	32697657	2	1	1	3
2	32697658	32706168	2	1	1	1
2	32706169	32750787	2	1	1	2
2	32750788	33322325	1	1	0	2
2	33322326	33458306	2	1	1	3
2	33458307	33640047	1	1	0	2
2	33640048	37004333	2	1	1	3
2	37004334	37263339	1	1	0	2
2	37263340	39552199	2	1	1	3
2	39552200	42754120	1	1	0	2
2	42754121	49532601	2	1	1	3
2	49532602	49683103	1	1	0	2
2	49683104	90499999	2	1	1	3
2	90500000	96799999	2	1	1	3
2	96800000	137832953	2	1	1	3
2	137832954	137923110	1	1	0	2
2	137923111	138503705	2	1	1	3
2	138503706	138593291	1	1	0	2
2	138593292	141330060	2	1	1	3
2	141330061	141494632	1	1	0	2
2	141494633	242985695	2	1	1	3
3	100074	87899999	2	1	1	3
3	87900000	93899999	2	1	1	3
3	93900000	109973373	2	1	1	3
3	109973374	110987454	1	1	0	2
3	110987455	197792892	2	1	1	3
4	51261	48199999	2	1	1	3
4	48200000	52699999	2	1	1	3
4	52700000	191154275	2	1	1	3
5	22500	46099999	2	1	1	3
5	46100000	50699999	2	1	1	3
5	50700000	78415936	2	1	1	3
5	78415937	78416077	2	1	1	3
5	78416078	78776748	2	1	1	3
5	78776749	78799821	2	1	1	3
5	78799822	78800048	2	1	1	2
5	78800049	79453541	2	1	1	3
5	79453542	79536746	2	1	1	3
5	79536747	79537833	2	1	1	2
5	79537834	79600999	2	1	1	2
5	79601000	79605340	4	3	1	2
5	79605341	81902107	2	1	1	3
5	81902108	81903111	2	1	1	2
5	81903112	85745125	2	1	1	2
5	85745126	85748291	2	1	1	2
5	85748292	86681332	2	1	1	2
5	86681333	86681825	2	1	1	2
5	86681826	87067588	2	1	1	2
5	87067589	87068170	2	1	1	2
5	87068171	87573229	2	1	1	2
5	87573230	87588536	2	1	1	2
5	87588537	87945758	2	1	1	2
5	87945759	88010970	2	1	1	2
5	88010971	88351663	2	1	1	2
5	88351664	88351971	2	1	1	2
5	88351972	89734001	2	1	1	2
5	89734002	89734023	2	1	1	2
5	89734024	90714210	2	1	1	3
5	90714211	90714259	2	1	1	3
5	90714260	91072990	2	1	1	3
5	91072991	91074891	2	1	1	3
5	91074892	91077907	2	1	1	2
5	91077908	92102246	2	1	1	3
5	92102247	92168118	2	1	1	3
5	92168119	92169131	2	1	1	2
5	92169132	92175204	2	1	1	2
5	92175205	92180149	2	1	1	2
5	92180150	93356248	2	1	1	3
5	93356249	93359092	2	1	1	3
5	93359093	107350078	2	1	1	3
5	107350079	107350132	2	1	1	3
5	107350133	108623623	2	1	1	3
5	108623624	152070570	2	1	1	3
5	152070571	152089321	2	1	1	2
5	152089322	152103019	2	1	1	2
5	152103020	153049907	2	1	1	3
5	153049908	153049988	2	1	1	2
5	153049989	180689978	2	1	1	3
6	39681	230571	2	1	1	2
6	230572	58699999	2	1	1	3
6	58700000	63299999	2	1	1	3
6	63300000	73871719	2	1	1	3
6	73871720	76306267	1	1	0	2
6	76306268	76312991	2	1	1	2
6	76312992	78986601	1	1	0	2
6	78986602	89369360	1	1	0	2
6	89369361	89418824	1	1	0	2
6	89418825	104706978	1	1	0	2
6	104706979	170921585	2	1	1	2
7	40386	13831167	2	1	1	3
7	13831168	13831238	2	1	1	3
7	13831239	13852461	2	1	1	3
7	13852462	13852504	2	1	1	2
7	13852505	13858448	2	1	1	3
7	13858449	13858566	2	1	1	2
7	13858567	13862130	2	1	1	2
7	13862131	13862148	2	1	1	2
7	13862149	13985496	2	1	1	3
7	13985497	13985678	2	1	1	3
7	13985679	23803448	2	1	1	2
7	23803449	24840235	1	1	0	2
7	24840236	31369247	2	1	1	2
7	31369248	31730049	1	1	0	2
7	31730050	57999999	2	1	1	2
7	58000000	61699999	2	1	1	2
7	61700000	151907452	2	1	1	2
7	151907453	151948339	2	1	1	2
7	151948340	158821400	2	1	1	2
8	10001	143206	2	1	1	2
8	143207	6330036	2	1	1	2
8	6330037	21942273	2	1	1	2
8	21942274	21977063	2	1	1	2
8	21977064	21977459	2	1	1	2
8	21977460	22086909	2	1	1	2
8	22086910	22152543	2	1	1	2
8	22152544	22179764	1	1	0	2
8	22179765	22181552	1	1	0	2
8	22181553	24260659	1	1	0	2
8	24260660	43099999	2	1	1	2
8	43100000	48099999	2	1	1	3
8	48100000	146364021	2	1	1	3
9	47500	203936	2	1	1	2
9	203937	8780073	2	1	1	3
9	8780074	9033968	1	1	0	2
9	9033969	9488148	2	1	1	3
9	9488149	9499495	2	1	1	1
9	9499496	9511962	2	1	1	2
9	9511963	9523011	2	1	1	2
9	9523012	43857499	2	1	1	3
9	43857500	47299999	2	1	1	3
9	47300000	50699999	2	1	1	2
9	50700000	66849971	2	1	1	2
9	66849972	117314782	2	1	1	3
9	117314783	117316443	2	1	1	3
9	117316444	126270080	2	1	1	3
9	126270081	129152754	1	1	0	2
9	129152755	140273200	2	1	1	3
9	140273201	141031439	2	1	1	3
10	10001	124520	2	1	1	2
10	124521	37999999	2	1	1	3
10	38000000	42299999	2	1	1	3
10	42300000	44415505	2	1	1	2
10	44415506	45693868	1	1	0	2
10	45693869	48310176	2	1	1	2
10	48310177	82386205	2	1	1	3
10	82386206	89609226	1	1	0	2
10	89609227	89647325	0	0	0	2
10	89647326	90199130	1	1	0	2
10	90199131	118912349	2	1	1	3
10	118912350	120294714	1	1	0	2
10	120294715	135193249	2	1	1	3
10	135193250	135389924	2	1	1	2
11	20721	199961	2	1	1	2
11	199962	26918703	2	1	1	3
11	26918704	27065602	1	1	0	2
11	27065603	46400669	2	1	1	3
11	46400670	47535474	1	1	0	2
11	47535475	51599999	2	1	1	2
11	51600000	55699999	2	1	1	3
11	55700000	108538495	2	1	1	3
11	108538496	108543080	2	1	1	3
11	108543081	134452200	2	1	1	3
12	110107	10405854	2	1	1	3
12	10405855	11847657	1	1	0	2
12	11847658	11961352	0	0	0	2
12	11961353	12547018	1	1	0	2
12	12547019	12853706	0	0	0	2
12	12853707	16058178	1	1	0	2
12	16058179	33299999	2	1	1	3
12	33300000	38199999	2	1	1	3
12	38200000	54708304	2	1	1	3
12	54708305	54718814	2	1	1	3
12	54718815	70148032	2	1	1	3
12	70148033	72150152	2	1	1	3
12	72150153	72150247	2	1	1	3
12	72150248	132349400	2	1	1	3
12	132349401	133851894	2	1	1	3
13	1	16299999	2	1	1	1
13	16300000	19499999	2	1	1	2
13	19500000	114142800	2	1	1	3
13	114142801	115169877	2	1	1	2
14	1	16099999	2	1	1	1
14	16100000	19099999	NA	NA	NA	NA
14	19100000	20433515	3	2	1	2
14	20433516	23420585	2	1	1	2
14	23420586	23424590	2	1	1	2
14	23424591	37178371	2	1	1	3
14	37178372	38080385	3	2	1	2
14	38080386	106368400	2	1	1	3
15	1	15799999	2	1	1	1
15	15800000	20699999	2	1	1	2
15	20700000	57214823	2	1	1	3
15	57214824	57215151	2	1	1	3
15	57215152	58636888	2	1	1	3
15	58636889	58636936	2	1	1	2
15	58636937	62270556	2	1	1	2
15	62270557	62949065	2	1	1	2
15	62949066	62957846	2	1	1	2
15	62957847	62970551	2	1	1	2
15	62970552	100338800	2	1	1	2
15	100338801	102531391	2	1	1	2
16	85629	34599999	2	1	1	3
16	34600000	38599999	2	1	1	3
16	38600000	68635626	2	1	1	3
16	68635627	69185021	1	1	0	3
16	69185022	74949047	2	1	1	3
16	74949048	88827200	1	1	0	2
16	88827201	90354752	1	1	0	2
17	7	16699048	2	1	1	3
17	16699049	22199999	2	1	1	3
17	22200000	25799999	2	1	1	3
17	25800000	78774600	2	1	1	3
17	78774601	81195209	2	1	1	3
18	27500	146184	2	1	1	2
18	146185	15399999	2	1	1	3
18	15400000	19330037	NA	NA	NA	NA
18	19330038	20169964	1	1	0	2
18	20169965	20317499	4	3	1	2
18	20317500	76117000	1	1	0	2
18	76117001	78077247	1	1	0	2
19	102500	260136	2	1	1	2
19	260137	4977379	2	1	1	3
19	4977380	5006802	2	1	1	2
19	5006803	19810615	2	1	1	3
19	19810616	19931466	1	1	0	2
19	19931467	20154690	2	1	1	2
19	20154691	21099939	1	1	0	2
19	21099940	24399999	2	1	1	3
19	24400000	28599999	2	1	1	2
19	28600000	59128982	2	1	1	3
20	17500	25599999	2	1	1	2
20	25600000	29399999	2	1	1	2
20	29400000	62432500	2	1	1	3
21	1	9417499	NA	NA	NA	NA
21	9417500	10899999	NA	NA	NA	NA
21	10900000	15282151	2	1	1	2
21	15282152	46937500	2	1	1	3
21	46937501	48129894	2	1	1	2
22	1	12199999	2	1	1	1
22	12200000	17899999	2	1	1	3
22	17900000	29309029	2	1	1	3
22	29309030	29442194	2	1	1	3
22	29442195	49687500	2	1	1	3
22	49687501	51304565	2	1	1	3
X	1	58099999	1	1	0	3
X	58100000	62999999	1	1	0	3
X	63000000	155270559	1	1	0	3
Y	1	11599999	1	1	0	1
Y	11600000	13399999	1	1	0	1
Y	13400000	59373565	1	1	0	1
