chromosome	start	end	total_cn	major_cn	minor_cn	star
1	10001	13047810	4	2	2	3
1	13047811	121499999	4	2	2	3
1	121500000	128899999	4	2	2	2
1	128900000	143117801	4	2	2	2
1	143117802	143752499	4	2	2	2
1	143752500	149715801	6	4	2	2
1	149715802	247247500	6	4	2	2
1	247247501	249250620	6	4	2	2
2	20016	90461070	4	2	2	3
2	90461071	90499999	4	2	2	3
2	90500000	96799999	4	2	2	3
2	96800000	233203666	4	2	2	3
2	233203667	233314440	4	2	2	3
2	233314441	242951000	4	2	2	3
3	100074	87899999	4	2	2	3
3	87900000	93899999	4	2	2	2
3	93900000	197851291	4	2	2	3
4	71232	4118723	4	3	1	2
4	4118724	4130018	4	3	1	2
4	4130019	8971338	4	3	1	2
4	8971339	9002594	4	3	1	2
4	9002595	48199999	4	3	1	2
4	48200000	52699999	4	3	1	2
4	52700000	69381273	4	3	1	2
4	69381274	190799943	4	3	1	2
5	14676	46099999	4	2	2	3
5	46100000	50699999	4	2	2	3
5	50700000	180689978	4	2	2	3
6	39681	180247	4	2	2	1
6	180248	58699999	4	2	2	3
6	58700000	63299999	4	2	2	3
6	63300000	170899934	4	2	2	3
7	40386	57999999	5	3	2	2
7	58000000	61699999	5	3	2	2
7	61700000	158817500	5	3	2	2
8	10001	170011	5	3	2	2
8	170012	43099999	5	3	2	2
8	43100000	48099999	5	3	2	2
8	48100000	86402499	5	3	2	2
8	86402500	146364021	5	3	2	2
9	52702	38757649	4	2	2	2
9	38757650	47299999	4	2	2	2
9	47300000	50699999	NA	NA	NA	NA
9	50700000	70970441	4	4	0	1
9	70970442	140267500	4	2	2	3
10	102500	37999999	5	3	2	2
10	38000000	42299999	5	3	2	1
10	42300000	135397466	5	3	2	2
11	199153	51599999	4	2	2	3
11	51600000	55699999	4	2	2	3
11	55700000	134442500	4	2	2	3
12	110107	201241	4	2	2	2
12	201242	33299999	4	2	2	3
12	33300000	38199999	4	2	2	2
12	38200000	132342500	4	2	2	3
12	132342501	133851894	4	2	2	2
13	1	16299999	4	2	2	1
13	16300000	19499999	4	2	2	2
13	19500000	114137500	4	2	2	3
13	114137501	115169877	4	2	2	2
14	1	16099999	4	2	2	1
14	16100000	19099999	4	2	2	2
14	19100000	74007048	4	2	2	3
14	74007049	74039011	4	2	2	3
14	74039012	106362500	4	2	2	3
15	1	15799999	4	2	2	1
15	15800000	20699999	4	2	2	2
15	20700000	24729652	4	2	2	2
15	24729653	100332500	4	2	2	3
15	100332501	102531391	4	2	2	2
16	100010	34599999	5	3	2	2
16	34600000	38599999	5	3	2	1
16	38600000	46447499	5	3	2	1
16	46447500	88822500	2	2	0	2
16	88822501	90354752	4	3	1	2
17	1389	22199999	4	2	2	3
17	22200000	25799999	4	2	2	3
17	25800000	78772500	4	2	2	3
17	78772501	81195209	4	2	2	2
18	10001	93754	5	3	2	2
18	93755	14279704	5	3	2	2
18	14279705	15399999	5	3	2	2
18	15400000	18999999	5	3	2	2
18	19000000	76112500	5	3	2	2
18	76112501	78077247	5	3	2	2
19	102500	260136	4	2	2	2
19	260137	24399999	4	2	2	3
19	24400000	28599999	4	2	2	3
19	28600000	59128982	4	2	2	3
20	17500	25599999	4	2	2	3
20	25600000	29399999	4	2	2	3
20	29400000	62432500	4	2	2	3
21	1	9411193	NA	NA	NA	NA
21	9411194	10899999	NA	NA	NA	NA
21	10900000	14299999	4	3	1	1
21	14300000	46937500	4	2	2	2
21	46937501	48129894	4	2	2	2
22	1	12199999	4	2	2	1
22	12200000	17899999	4	2	2	2
22	17900000	49687500	4	2	2	2
22	49687501	51304565	4	2	2	2
X	1	58099999	4	2	2	2
X	58100000	62999999	4	2	2	2
X	63000000	154907500	4	2	2	2
