chromosome	start	end	total_cn	major_cn	minor_cn	star
1	1	121499999	2	1	1	3
1	121500000	128899999	NA	NA	NA	NA
1	128900000	142728692	1	1	0	2
1	142728693	144884363	2	1	1	2
1	144884364	147864645	3	2	1	2
1	147864646	149709601	2	1	1	2
1	149709602	247247500	3	2	1	2
1	247247501	249250620	3	2	1	3
2	20016	90499999	2	1	1	3
2	90500000	96799999	2	1	1	3
2	96800000	242985493	2	1	1	3
3	100074	87899999	2	1	1	3
3	87900000	93899999	2	1	1	3
3	93900000	194954894	2	1	1	3
3	194954895	195017990	1	1	0	3
3	195017991	197780227	2	1	1	3
4	9997	70006	1	1	0	2
4	70007	48199999	1	1	0	2
4	48200000	52699999	1	1	0	2
4	52700000	60892144	1	1	0	2
4	60892145	60899520	1	1	0	2
4	60899521	70126784	1	1	0	2
4	70126785	172726287	1	1	0	2
4	172726288	172754279	0	0	0	2
4	172754280	190987500	1	1	0	2
5	14676	46099999	2	1	1	3
5	46100000	50699999	2	1	1	3
5	50700000	119848349	2	1	1	3
5	119848350	119854604	2	1	1	3
5	119854605	180709904	2	1	1	3
6	39681	201975	2	1	1	1
6	201976	13191188	2	1	1	3
6	13191189	58699999	2	1	1	3
6	58700000	63299999	2	1	1	2
6	63300000	170861835	2	1	1	2
7	40386	57999999	2	1	1	3
7	58000000	61699999	2	1	1	3
7	61700000	158817500	2	1	1	3
8	10001	165404	2	1	1	2
8	165405	43099999	2	1	1	2
8	43100000	48099999	2	1	1	2
8	48100000	146364021	2	1	1	2
9	58249	44809215	1	1	0	2
9	44809216	45509128	1	1	0	3
9	45509129	47299999	1	1	0	2
9	47300000	50699999	1	1	0	2
9	50700000	140267500	1	1	0	2
9	140267501	141028027	1	1	0	3
10	96595	37999999	2	1	1	2
10	38000000	42299999	2	1	1	3
10	42300000	48310176	2	1	1	3
10	48310177	135389924	2	1	1	3
11	20721	200804	2	1	1	2
11	200805	25687395	2	1	1	3
11	25687396	51599999	2	1	1	3
11	51600000	55699999	2	1	1	3
11	55700000	134442500	2	1	1	3
12	110107	33299999	1	1	0	3
12	33300000	38199999	1	1	0	2
12	38200000	132349400	2	1	1	3
12	132349401	133851894	2	1	1	3
13	1	16299999	2	1	1	1
13	16300000	19499999	2	1	1	2
13	19500000	97145225	2	1	1	3
13	97145226	97145242	2	1	1	3
13	97145243	97145854	2	1	1	2
13	97145855	97149151	2	1	1	2
13	97149152	97208849	2	1	1	2
13	97208850	97217088	3	2	1	2
13	97217089	97217424	3	2	1	2
13	97217425	114137500	3	2	1	3
13	114137501	115169877	3	2	1	3
14	1	16099999	2	1	1	1
14	16100000	19099999	2	1	1	2
14	19100000	20471059	2	1	1	2
14	20471060	105631090	2	1	1	3
14	105631091	106362500	1	1	0	3
14	106362501	106664975	1	1	0	2
15	1	15799999	1	1	0	1
15	15800000	20699999	1	1	0	2
15	20700000	24669567	1	1	0	3
15	24669568	24739943	1	1	0	2
15	24739944	68711620	1	1	0	3
15	68711621	68713371	1	1	0	1
15	68713372	68713929	1	1	0	2
15	68713930	68714584	1	1	0	1
15	68714585	100338800	2	1	1	3
15	100338801	102531391	2	1	1	3
16	100010	34599999	2	1	1	3
16	34600000	38599999	2	1	1	3
16	38600000	88827200	2	1	1	3
16	88827201	90354752	2	1	1	3
17	10358	18360123	1	1	0	3
17	18360124	22199999	1	1	0	3
17	22200000	25799999	2	1	1	2
17	25800000	36853907	2	1	1	2
17	36853908	36855845	2	1	1	2
17	36855846	37755373	10	9	1	2
17	37755374	37755407	10	9	1	1
17	37755408	37764672	6	5	1	1
17	37764673	37965400	6	5	1	2
17	37965401	38441305	7	6	1	2
17	38441306	38792880	12	11	1	2
17	38792881	38842241	6	4	2	1
17	38842242	38843577	5	4	1	2
17	38843578	39099751	5	4	1	2
17	39099752	39845424	4	3	1	2
17	39845425	39856791	4	3	1	2
17	39856792	39857220	8	7	1	1
17	39857221	39866015	8	7	1	1
17	39866016	39866079	8	7	1	1
17	39866080	39952815	8	7	1	2
17	39952816	39994016	7	6	1	2
17	39994017	39994152	7	6	1	2
17	39994153	43847914	3	2	1	2
17	43847915	45406832	2	1	1	3
17	45406833	53351831	3	2	1	3
17	53351832	53353324	1	1	0	2
17	53353325	57841694	1	1	0	3
17	57841695	78774600	2	1	1	3
17	78774601	81195209	2	1	1	3
18	27500	130030	1	1	0	2
18	130031	13554094	1	1	0	2
18	13554095	14902901	2	1	1	2
18	14902902	18999999	2	1	1	2
18	19000000	23369995	2	1	1	2
18	23369996	47979760	1	1	0	2
18	47979761	48687646	0	0	0	2
18	48687647	76117000	1	1	0	2
18	76117001	78077247	1	1	0	3
19	102500	255405	1	1	0	2
19	255406	2232298	1	1	0	3
19	2232299	2232451	1	1	0	3
19	2232452	5176607	1	1	0	3
19	5176608	24399999	2	1	1	3
19	24400000	28599999	2	1	1	3
19	28600000	39273960	2	1	1	3
19	39273961	39305145	6	5	1	1
19	39305146	39355529	5	4	1	2
19	39355530	39427592	6	5	1	2
19	39427593	39428003	4	3	1	2
19	39428004	39946337	4	3	1	2
19	39946338	40675511	3	2	1	3
19	40675512	42804788	2	1	1	2
19	42804789	44077938	1	1	0	3
19	44077939	44079169	1	1	0	2
19	44079170	44151783	5	4	1	3
19	44151784	44254129	6	5	1	2
19	44254130	44255015	6	5	1	2
19	44255016	45515481	6	5	1	2
19	45515482	45516232	6	5	1	2
19	45516233	46456085	8	6	2	2
19	46456086	46473423	8	6	2	2
19	46473424	46474853	6	4	2	1
19	46474854	46482755	6	4	2	1
19	46482756	47457085	6	4	2	2
19	47457086	47458360	6	4	2	2
19	47458361	59128982	2	2	0	3
20	17500	25599999	2	1	1	2
20	25600000	29522176	2	1	1	2
20	29522177	62432500	2	1	1	2
21	1	10899999	NA	NA	NA	NA
21	10900000	14878433	2	1	1	2
21	14878434	46937500	2	1	1	3
21	46937501	48129894	2	1	1	2
22	1	12199999	2	1	1	1
22	12200000	17899999	2	1	1	3
22	17900000	49687500	2	1	1	3
22	49687501	51304565	2	1	1	3
X	1	58099999	1	1	0	3
X	58100000	62999999	1	1	0	2
X	63000000	155270559	1	1	0	3
Y	1	11599999	1	1	0	1
Y	11600000	13399999	1	1	0	1
Y	13400000	59373565	1	1	0	1
