chromosome	start	end	total_cn	major_cn	minor_cn	star
1	10001	49697365	3	2	1	2
1	49697366	49699257	2	1	1	2
1	49699258	121499999	3	2	1	2
1	121500000	128899999	3	2	1	1
1	128900000	142658938	3	2	1	1
1	142658939	156090510	3	2	1	2
1	156090511	156114928	2	2	0	1
1	156114929	174201166	3	2	1	2
1	174201167	174219023	2	2	0	1
1	174219024	246094341	3	2	1	2
1	246094342	246186820	2	2	0	1
1	246186821	247247500	3	2	1	2
1	247247501	249250620	3	2	1	2
2	11320	983107	4	4	0	2
2	983108	78117183	4	4	0	2
2	78117184	78122414	4	4	0	2
2	78122415	78332310	4	4	0	2
2	78332311	78388186	2	1	1	1
2	78388187	90499999	4	4	0	2
2	90500000	96799999	NA	NA	NA	NA
2	96800000	141394839	3	3	0	2
2	141394840	141396294	3	3	0	1
2	141396295	179666424	3	3	0	2
2	179666425	203898943	4	4	0	2
2	203898944	203920223	4	4	0	2
2	203920224	242985695	4	4	0	2
3	100074	4859508	2	1	1	2
3	4859509	6514135	3	2	1	2
3	6514136	60039989	2	1	1	2
3	60039990	60203857	5	4	1	2
3	60203858	60207140	5	3	2	1
3	60207141	60481255	0	0	0	2
3	60481256	60486863	0	0	0	2
3	60486864	60585806	0	0	0	2
3	60585807	60951853	3	2	1	2
3	60951854	60980158	2	1	1	2
3	60980159	61107120	2	1	1	2
3	61107121	61175970	1	1	0	1
3	61175971	65724631	4	2	2	2
3	65724632	66847274	4	2	2	2
3	66847275	87899999	3	2	1	1
3	87900000	93899999	NA	NA	NA	NA
3	93900000	119493627	3	2	1	1
3	119493628	119569841	2	1	1	2
3	119569842	121459946	3	2	1	1
3	121459947	121461921	3	2	1	1
3	121461922	122187898	5	3	2	2
3	122187899	122191500	4	2	2	2
3	122191501	132892499	5	3	2	2
3	132892500	133253038	5	5	0	1
3	133253039	135171984	5	3	2	2
3	135171985	155450026	6	4	2	2
3	155450027	164210971	6	4	2	2
3	164210972	167380419	8	6	2	2
3	167380420	173099936	8	6	2	2
3	173099937	173100675	8	6	2	2
3	173100676	173280581	8	6	2	2
3	173280582	173308461	6	4	2	1
3	173308462	173415862	9	5	4	1
3	173415863	173417919	6	4	2	2
3	173417920	197729891	5	4	1	2
4	27500	45368193	3	2	1	2
4	45368194	45370119	3	2	1	2
4	45370120	48199999	3	2	1	2
4	48200000	52699999	3	2	1	2
4	52700000	91929096	3	2	1	2
4	91929097	92004848	1	1	0	1
4	92004849	191154275	3	2	1	2
5	22500	46099999	4	4	0	2
5	46100000	50699999	NA	NA	NA	NA
5	50700000	58493970	4	4	0	2
5	58493971	82443257	4	4	0	2
5	82443258	82577682	4	4	0	2
5	82577683	131263273	4	4	0	2
5	131263274	131263487	4	4	0	2
5	131263488	144288516	4	4	0	2
5	144288517	144290920	4	3	1	1
5	144290921	144300635	5	4	1	2
5	144300636	152111120	5	5	0	2
5	152111121	152164626	2	2	0	1
5	152164627	163893214	4	4	0	1
5	163893215	174254556	3	3	0	2
5	174254557	180715810	5	5	0	2
6	39681	242500	4	4	0	1
6	242501	1698286	3	2	1	2
6	1698287	1778674	2	1	1	2
6	1778675	1859148	2	1	1	2
6	1859149	1922605	2	1	1	2
6	1922606	2035656	0	0	0	2
6	2035657	2043538	2	1	1	2
6	2043539	58699999	4	2	2	2
6	58700000	63299999	NA	NA	NA	NA
6	63300000	70407380	3	2	1	1
6	70407381	72671537	2	1	1	2
6	72671538	72678467	2	1	1	2
6	72678468	73008163	2	1	1	2
6	73008164	148612224	2	1	1	1
6	148612225	148617518	2	1	1	2
6	148617519	162447810	2	1	1	2
6	162447811	162449763	2	1	1	2
6	162449764	170912653	2	1	1	2
7	40386	18183014	6	3	3	2
7	18183015	18210864	2	2	0	1
7	18210865	56294949	6	4	2	1
7	56294950	56314746	4	2	2	1
7	56314747	57999999	4	3	1	1
7	58000000	61699999	NA	NA	NA	NA
7	61700000	86187025	4	2	2	2
7	86187026	86190954	18	15	3	1
7	86190955	86227579	31	27	4	1
7	86227580	86239956	14	10	4	1
7	86239957	87140538	15	12	3	1
7	87140539	87142137	23	16	7	1
7	87142138	87354215	8	5	3	2
7	87354216	87362375	4	3	1	1
7	87362376	97835939	8	6	2	2
7	97835940	97836886	8	5	3	1
7	97836887	99282012	7	6	1	1
7	99282013	99706589	8	7	1	2
7	99706590	99706607	8	6	2	1
7	99706608	100235535	8	5	3	1
7	100235536	105122635	11	10	1	1
7	105122636	105123435	11	9	2	1
7	105123436	110872956	4	2	2	1
7	110872957	111065206	1	1	0	1
7	111065207	137045897	4	2	2	2
7	137045898	158817500	2	1	1	2
8	10001	156503	2	1	1	1
8	156504	5618574	2	1	1	2
8	5618575	14160312	3	2	1	2
8	14160313	15024125	3	2	1	2
8	15024126	15214794	3	2	1	2
8	15214795	15295906	5	4	1	1
8	15295907	16862858	3	2	1	2
8	16862859	33782196	2	1	1	2
8	33782197	34060359	4	2	2	2
8	34060360	43099999	3	2	1	2
8	43100000	48099999	NA	NA	NA	NA
8	48100000	76969951	3	2	1	2
8	76969952	80179028	4	3	1	2
8	80179029	80182042	5	3	2	1
8	80182043	80358995	8	5	3	1
8	80358996	90307249	6	5	1	2
8	90307250	90369311	6	5	1	2
8	90369312	90384891	6	5	1	2
8	90384892	90474787	6	5	1	2
8	90474788	99545922	6	5	1	2
8	99545923	119764506	6	4	2	2
8	119764507	120017827	11	9	2	1
8	120017828	127312185	7	5	2	1
8	127312186	129910581	7	5	2	1
8	129910582	139078261	2	1	1	2
8	139078262	139345920	1	1	0	2
8	139345921	139400659	2	2	0	1
8	139400660	146364021	3	2	1	2
9	10001	212146	2	2	0	2
9	212147	30879017	2	2	0	2
9	30879018	30936641	4	3	1	1
9	30936642	31185868	5	4	1	2
9	31185869	32076186	3	3	0	1
9	32076187	32078139	2	2	0	2
9	32078140	47299999	2	2	0	1
9	47300000	50699999	NA	NA	NA	NA
9	50700000	140273200	3	3	0	2
10	102500	37999999	3	2	1	2
10	38000000	42299999	NA	NA	NA	NA
10	42300000	65134993	4	3	1	2
10	65134994	75342499	5	4	1	2
10	75342500	105862203	5	4	1	2
10	105862204	124149132	5	4	1	2
10	124149133	135389304	4	3	1	2
11	20721	195426	5	3	2	1
11	195427	39485650	4	2	2	2
11	39485651	39485762	4	2	2	2
11	39485763	51599999	4	2	2	2
11	51600000	55699999	4	2	2	2
11	55700000	87005509	4	2	2	2
11	87005510	130107151	4	2	2	2
11	130107152	131952030	2	2	0	1
11	131952031	134452200	4	2	2	2
12	110107	24601332	3	3	0	2
12	24601333	24648012	2	2	0	1
12	24648013	33034748	3	3	0	2
12	33034749	33119348	3	3	0	2
12	33119349	38199999	NA	NA	NA	NA
12	38200000	59603667	4	4	0	2
12	59603668	132349400	4	4	0	2
12	132349401	133851894	4	4	0	1
13	1	16299999	NA	NA	NA	NA
13	16300000	19499999	28	28	0	1
13	19500000	49339832	3	2	1	2
13	49339833	49456112	2	2	0	2
13	49456113	69152874	3	2	1	2
13	69152875	69155428	3	2	1	2
13	69155429	108691435	3	2	1	2
13	108691436	108693624	2	1	1	2
13	108693625	114142800	3	2	1	2
13	114142801	115169877	3	2	1	2
14	1	16099999	NA	NA	NA	NA
14	16100000	19099999	2	2	0	1
14	19100000	20378591	3	3	0	1
14	20378592	45197626	3	2	1	2
14	45197627	45414634	1	1	0	2
14	45414635	106368400	3	2	1	2
15	1	15799999	NA	NA	NA	NA
15	15800000	20699999	2	2	0	2
15	20700000	90529639	2	2	0	2
15	90529640	100338800	4	2	2	2
15	100338801	102378132	4	2	2	2
16	83802	34599999	4	3	1	2
16	34600000	38599999	NA	NA	NA	NA
16	38600000	46459931	3	2	1	1
16	46459932	73102981	3	3	0	2
16	73102982	73160028	4	3	1	1
16	73160029	78205827	3	3	0	2
16	78205828	78255976	0	0	0	2
16	78255977	78615785	3	3	0	2
16	78615786	78629224	3	3	0	2
16	78629225	78681537	3	3	0	2
16	78681538	78751082	1	1	0	1
16	78751083	78765390	5	4	1	1
16	78765391	78770748	2	2	0	1
16	78770749	78813401	2	1	1	1
16	78813402	78832726	2	1	1	1
16	78832727	88827200	4	4	0	2
16	88827201	90354752	4	4	0	1
17	12500	14085649	3	3	0	2
17	14085650	22199999	2	2	0	2
17	22200000	25799999	NA	NA	NA	NA
17	25800000	34964922	3	3	0	2
17	34964923	36103215	8	4	4	2
17	36103216	37785549	3	3	0	1
17	37785550	37800649	8	4	4	2
17	37800650	37805778	8	4	4	2
17	37805779	38450293	8	4	4	2
17	38450294	44319325	3	3	0	2
17	44319326	44902977	3	3	0	2
17	44902978	45001411	9	5	4	1
17	45001412	47281774	3	3	0	2
17	47281775	48137526	8	4	4	2
17	48137527	48138812	8	4	4	2
17	48138813	50325267	8	4	4	2
17	50325268	56611098	5	3	2	2
17	56611099	61510141	7	4	3	2
17	61510142	61520899	4	3	1	1
17	61520900	61553746	9	5	4	1
17	61553747	61553764	4	3	1	1
17	61553765	61554293	4	3	1	1
17	61554294	63712803	4	4	0	2
17	63712804	72640188	8	4	4	2
17	72640189	72641664	8	4	4	2
17	72641665	72773919	8	4	4	2
17	72773920	73000507	13	9	4	1
17	73000508	73004083	13	9	4	1
17	73004084	73034258	13	9	4	1
17	73034259	73037350	7	6	1	1
17	73037351	73041044	12	10	2	1
17	73041045	73048568	6	4	2	1
17	73048569	73297434	13	9	4	1
17	73297435	73303643	3	3	0	1
17	73303644	73510872	13	10	3	1
17	73510873	73538048	7	4	3	1
17	73538049	73655917	7	4	3	2
17	73655918	78800931	4	4	0	2
17	78800932	81195209	4	4	0	1
18	10001	14138497	3	2	1	2
18	14138498	15399999	2	1	1	2
18	15400000	18999999	NA	NA	NA	NA
18	19000000	76117000	3	2	1	2
18	76117001	78077247	3	2	1	2
19	102500	246498	2	2	0	1
19	246499	14910661	3	3	0	2
19	14910662	14918004	3	2	1	1
19	14918005	24399999	3	3	0	2
19	24400000	28599999	NA	NA	NA	NA
19	28600000	59128982	2	2	0	2
20	24347	15014366	2	1	1	2
20	15014367	15453280	1	1	0	1
20	15453281	25599999	3	2	1	2
20	25600000	29399999	NA	NA	NA	NA
20	29400000	62432500	3	2	1	1
20	62432501	62859988	4	3	1	1
21	1	9417499	NA	NA	NA	NA
21	9417500	10899999	NA	NA	NA	NA
21	10900000	15278774	2	2	0	2
21	15278775	46937500	2	2	0	2
21	46937501	48129894	2	2	0	1
22	1	12199999	NA	NA	NA	NA
22	12200000	17899999	3	3	0	2
22	17900000	29065586	2	2	0	2
22	29065587	29065937	2	2	0	2
22	29065938	49687500	2	2	0	2
22	49687501	51304565	2	2	0	1
X	1	11490704	1	1	0	1
X	11490705	11602967	1	1	0	1
X	11602968	47075529	1	1	0	1
X	47075530	47174805	1	1	0	1
X	47174806	58099999	1	1	0	1
X	58100000	63826927	1	1	0	1
X	63826928	63911227	1	1	0	1
X	63911228	147533818	1	1	0	1
X	147533819	147537630	1	1	0	1
X	147537631	152881450	1	1	0	1
X	152881451	153008127	1	1	0	1
X	153008128	155270559	1	1	0	1
Y	1	11599999	NA	NA	NA	NA
Y	11600000	13399999	NA	NA	NA	NA
Y	13400000	59373565	NA	NA	NA	NA
