chromosome	start	end	total_cn	major_cn	minor_cn	star
1	1	2320025	2	1	1	2
1	2320026	7899202	2	1	1	2
1	7899203	12902499	2	1	1	2
1	12902500	64739802	2	1	1	3
1	64739803	64859949	1	1	0	2
1	64859950	78099978	2	1	1	3
1	78099979	121499999	2	1	1	3
1	121500000	128899999	2	1	1	2
1	128900000	149847202	2	1	1	2
1	149847203	229738602	2	1	1	2
1	229738603	236704295	2	1	1	2
1	236704296	242045202	2	1	1	2
1	242045203	242209601	1	1	0	2
1	242209602	247199600	2	1	1	2
1	247199601	249250620	2	1	1	2
2	30762	24060601	2	1	1	2
2	24060602	29258402	2	1	1	2
2	29258403	48024350	2	1	1	3
2	48024351	48279253	1	1	0	3
2	48279254	48280623	1	1	0	2
2	48280624	48288648	2	1	1	1
2	48288649	60891016	2	1	1	3
2	60891017	62377827	2	1	1	2
2	62377828	65468429	3	2	1	3
2	65468430	65830461	3	2	1	2
2	65830462	66367690	3	2	1	2
2	66367691	88307499	2	1	1	3
2	88307500	88846201	2	1	1	2
2	88846202	90499999	2	1	1	3
2	90500000	96799999	2	1	1	2
2	96800000	114670035	2	1	1	3
2	114670036	122249967	2	1	1	3
2	122249968	128985001	2	1	1	3
2	128985002	213282443	2	1	1	3
2	213282444	213286260	2	1	1	2
2	213286261	216977036	2	1	1	3
2	216977037	242951000	1	1	0	2
3	62746	23150867	2	1	1	3
3	23150868	23193256	3	2	1	2
3	23193257	47063282	2	1	1	3
3	47063283	51385851	2	1	1	2
3	51385852	51689917	2	1	1	2
3	51689918	80586196	2	1	1	3
3	80586197	80586911	2	1	1	2
3	80586912	87899999	2	1	1	3
3	87900000	93899999	2	1	1	2
3	93900000	119781921	2	1	1	2
3	119781922	119783965	2	1	1	2
3	119783966	128273201	2	1	1	2
3	128273202	141345801	2	1	1	2
3	141345802	194203801	2	1	1	3
3	194203802	197847500	2	1	1	2
4	45344	25470052	2	1	1	2
4	25470053	48199999	2	1	1	3
4	48200000	52699999	2	1	1	2
4	52700000	65087174	2	1	1	3
4	65087175	67281839	1	1	0	3
4	67281840	191154275	2	1	1	3
5	14676	1027170	1	1	0	2
5	1027171	1033315	1	1	0	2
5	1033316	1033359	1	1	0	2
5	1033360	1033377	1	1	0	2
5	1033378	1033400	7	6	1	1
5	1033401	1033514	7	6	1	1
5	1033515	1083977	7	6	1	1
5	1083978	1185664	7	6	1	2
5	1185665	1273903	4	3	1	2
5	1273904	1279700	5	4	1	2
5	1279701	1279774	5	5	0	1
5	1279775	1318524	5	5	0	1
5	1318525	2325161	1	1	0	2
5	2325162	2797355	6	5	1	2
5	2797356	5562482	1	1	0	2
5	5562483	5562605	1	1	0	2
5	5562606	5562659	1	1	0	3
5	5562660	7976411	1	1	0	2
5	7976412	8002674	6	5	1	2
5	8002675	8154402	1	1	0	2
5	8154403	8463810	3	2	1	2
5	8463811	8486278	6	5	1	2
5	8486279	8704420	3	2	1	2
5	8704421	16879286	1	1	0	2
5	16879287	16900036	1	1	0	1
5	16900037	16900888	1	1	0	2
5	16900889	16977175	1	1	0	2
5	16977176	17125162	1	1	0	1
5	17125163	17128665	1	1	0	2
5	17128666	17132885	1	1	0	1
5	17132886	17143286	1	1	0	2
5	17143287	17370276	4	3	1	2
5	17370277	18905996	1	1	0	3
5	18905997	19032148	6	5	1	2
5	19032149	19034698	7	6	1	1
5	19034699	19241583	5	4	1	2
5	19241584	19252426	8	7	1	1
5	19252427	19253715	7	6	1	2
5	19253716	19267302	8	7	1	2
5	19267303	19273676	8	7	1	1
5	19273677	19293551	8	7	1	2
5	19293552	19293577	8	7	1	2
5	19293578	19335865	4	3	1	2
5	19335866	19474189	5	4	1	2
5	19474190	19705105	3	2	1	2
5	19705106	30608484	1	1	0	3
5	30608485	30936371	3	2	1	2
5	30936372	30937326	3	2	1	2
5	30937327	30937429	1	1	0	2
5	30937430	30937590	1	1	0	2
5	30937591	30937638	1	1	0	2
5	30937639	30937809	1	1	0	2
5	30937810	30938908	1	1	0	2
5	30938909	30942828	3	2	1	2
5	30942829	30963481	1	1	0	2
5	30963482	31970416	1	1	0	3
5	31970417	32212774	4	3	1	2
5	32212775	32220515	3	3	0	2
5	32220516	32329765	3	3	0	1
5	32329766	32568059	3	2	1	2
5	32568060	32615711	3	2	1	2
5	32615712	32695809	4	3	1	3
5	32695810	33268224	5	4	1	3
5	33268225	33273947	5	4	1	2
5	33273948	33374334	5	4	1	2
5	33374335	33385187	5	4	1	2
5	33385188	33988473	5	4	1	2
5	33988474	33999816	6	5	1	2
5	33999817	33999861	6	5	1	2
5	33999862	34412950	6	5	1	2
5	34412951	34582450	4	3	1	2
5	34582451	34621714	3	2	1	2
5	34621715	39633603	1	1	0	3
5	39633604	40176103	3	2	1	3
5	40176104	41667247	4	3	1	2
5	41667248	41875166	1	1	0	1
5	41875167	41965094	1	1	0	2
5	41965095	42368291	3	2	1	3
5	42368292	46099999	1	1	0	2
5	46100000	50699999	NA	NA	NA	NA
5	50700000	50700114	1	1	0	1
5	50700115	53450431	2	1	1	3
5	53450432	56369857	3	2	1	2
5	56369858	56642317	2	1	1	2
5	56642318	75549977	2	1	1	2
5	75549978	90670014	2	1	1	3
5	90670015	132160100	2	1	1	2
5	132160101	140160021	2	1	1	3
5	140160022	165711007	2	1	1	3
5	165711008	165783055	1	1	0	2
5	165783056	171373833	2	1	1	2
5	171373834	171853870	2	1	1	2
5	171853871	171995896	1	1	0	2
5	171995897	172339911	2	1	1	2
5	172339912	172343948	2	1	1	2
5	172343949	175630044	2	1	1	2
5	175630045	180715486	2	1	1	2
6	39681	212547	2	1	1	2
6	212548	8393692	2	1	1	2
6	8393693	8393732	2	1	1	2
6	8393733	8465048	5	4	1	2
6	8465049	9771027	3	2	1	2
6	9771028	9862891	5	4	1	2
6	9862892	10085119	3	2	1	3
6	10085120	10129955	5	4	1	2
6	10129956	10175304	3	2	1	2
6	10175305	11321027	3	2	1	1
6	11321028	11341555	1	1	0	2
6	11341556	11485909	2	1	1	2
6	11485910	11485958	3	2	1	1
6	11485959	12116836	5	4	1	2
6	12116837	12127949	3	2	1	1
6	12127950	12318674	3	2	1	2
6	12318675	14715162	7	6	1	2
6	14715163	15000742	4	3	1	2
6	15000743	15272600	4	4	0	2
6	15272601	16729131	7	6	1	1
6	16729132	16893587	4	3	1	2
6	16893588	17059993	7	6	1	2
6	17059994	17377420	6	5	1	2
6	17377421	17843500	3	2	1	2
6	17843501	18295308	6	5	1	1
6	18295309	18321948	2	2	0	2
6	18321949	18419525	6	5	1	2
6	18419526	19325964	6	5	1	2
6	19325965	19326506	6	5	1	2
6	19326507	19335753	4	3	1	1
6	19335754	19336981	4	3	1	1
6	19336982	19358869	6	5	1	2
6	19358870	21642169	4	3	1	2
6	21642170	30885173	3	2	1	2
6	30885174	36443637	2	1	1	2
6	36443638	36481004	1	1	0	2
6	36481005	57272499	2	1	1	2
6	57272500	57348148	5	4	1	2
6	57348149	57490009	8	7	1	1
6	57490010	57631033	7	6	1	2
6	57631034	57739224	3	2	1	2
6	57739225	57760381	4	3	1	2
6	57760382	58076313	7	6	1	2
6	58076314	63299999	NA	NA	NA	NA
6	63300000	64047056	4	3	1	2
6	64047057	64329505	8	7	1	1
6	64329506	64367012	7	6	1	2
6	64367013	64430998	1	1	0	2
6	64430999	64437680	1	1	0	2
6	64437681	64473031	1	1	0	2
6	64473032	64615502	8	7	1	2
6	64615503	64674778	7	6	1	2
6	64674779	101842082	1	1	0	3
6	101842083	101884201	29	28	1	1
6	101884202	101955875	23	22	1	2
6	101955876	102694357	1	1	0	2
6	102694358	102712044	3	2	1	2
6	102712045	103257934	3	2	1	3
6	103257935	105481107	1	1	0	3
6	105481108	107619939	2	1	1	3
6	107619940	110492157	2	1	1	3
6	110492158	110879528	1	1	0	2
6	110879529	110988649	21	20	1	2
6	110988650	111116242	16	15	1	2
6	111116243	111117653	16	15	1	1
6	111117654	111434011	3	2	1	2
6	111434012	111434187	16	15	1	2
6	111434188	111789389	2	1	1	3
6	111789390	170920196	1	1	0	3
7	41146	3345307	2	1	1	2
7	3345308	7030024	2	1	1	2
7	7030025	26396197	2	1	1	2
7	26396198	55720000	2	1	1	2
7	55720001	57999999	2	1	1	2
7	58000000	61699999	NA	NA	NA	NA
7	61700000	69059402	2	1	1	2
7	69059403	76275802	2	1	1	2
7	76275803	97536202	2	1	1	3
7	97536203	99174402	2	1	1	2
7	99174403	99579976	2	1	1	3
7	99579977	102100044	2	1	1	2
7	102100045	102717941	2	1	1	2
7	102717942	104485202	3	2	1	3
7	104485203	105590324	3	2	1	2
7	105590325	105656725	2	1	1	2
7	105656726	106653986	3	2	1	2
7	106653987	131199980	2	1	1	3
7	131199981	135122401	2	1	1	2
7	135122402	158771400	2	1	1	3
8	10001	166040	2	1	1	2
8	166041	30660029	2	1	1	2
8	30660030	43099999	2	1	1	2
8	43100000	48099999	2	1	1	2
8	48100000	66430002	2	1	1	2
8	66430003	77734605	2	1	1	2
8	77734606	77734697	2	1	1	2
8	77734698	77743438	2	1	1	2
8	77743439	77743454	2	1	1	2
8	77743455	83166824	3	2	1	2
8	83166825	83192765	3	2	1	2
8	83192766	89913470	2	1	1	2
8	89913471	90316847	6	5	1	2
8	90316848	90318091	6	5	1	2
8	90318092	90318340	6	5	1	2
8	90318341	90321365	6	5	1	2
8	90321366	90910201	6	5	1	2
8	90910202	96249002	6	5	1	2
8	96249003	103203726	6	5	1	2
8	103203727	106649038	6	5	1	2
8	106649039	106964630	3	2	1	2
8	106964631	112343464	6	5	1	2
8	112343465	112344453	6	5	1	2
8	112344454	116271318	7	6	1	2
8	116271319	116271383	6	5	1	2
8	116271384	144723488	6	5	1	2
8	144723489	146364021	4	3	1	2
9	88207	3407817	1	1	0	2
9	3407818	3942812	7	6	1	2
9	3942813	3944676	7	6	1	1
9	3944677	3960600	9	8	1	2
9	3960601	4109851	5	4	1	2
9	4109852	4109901	5	4	1	1
9	4109902	4109994	1	1	0	2
9	4109995	9237235	1	1	0	2
9	9237236	9238228	1	1	0	2
9	9238229	10794312	1	1	0	2
9	10794313	10948990	3	2	1	2
9	10948991	10964002	1	1	0	2
9	10964003	11026504	6	5	1	2
9	11026505	11050954	1	1	0	2
9	11050955	11189848	6	5	1	2
9	11189849	11204454	5	4	1	1
9	11204455	11222287	5	4	1	2
9	11222288	16419027	1	1	0	2
9	16419028	16933874	0	0	0	2
9	16933875	21807713	1	1	0	2
9	21807714	22069767	0	0	0	2
9	22069768	30186861	1	1	0	2
9	30186862	30316374	1	1	0	1
9	30316375	31907905	1	1	0	2
9	31907906	31908257	1	1	0	2
9	31908258	31909380	1	1	0	2
9	31909381	31909602	1	1	0	2
9	31909603	47299999	1	1	0	2
9	47300000	50699999	1	1	0	2
9	50700000	140273200	1	1	0	3
9	140273201	140972327	1	1	0	2
10	90164	15960067	1	1	0	2
10	15960068	19040110	2	1	1	2
10	19040111	19631283	2	1	1	2
10	19631284	37999999	1	1	0	2
10	38000000	42299999	1	1	0	2
10	42300000	135276922	1	1	0	2
10	135276923	135389924	1	1	0	2
11	20721	199255	2	1	1	2
11	199256	46440680	2	1	1	3
11	46440681	48669785	2	1	1	2
11	48669786	48913000	1	1	0	1
11	48913001	49461401	2	1	1	2
11	49461402	49781215	1	1	0	2
11	49781216	51207201	2	1	1	2
11	51207202	55699999	2	1	1	2
11	55700000	56019140	2	1	1	2
11	56019141	56986756	1	1	0	3
11	56986757	57029162	2	1	1	2
11	57029163	57193013	2	1	1	2
11	57193014	58931390	2	1	1	3
11	58931391	58974071	8	7	1	2
11	58974072	59446968	4	3	1	2
11	59446969	59456786	9	9	0	2
11	59456787	59465068	9	9	0	2
11	59465069	59508477	3	2	1	2
11	59508478	59531218	3	2	1	2
11	59531219	59548399	4	3	1	2
11	59548400	59555366	4	3	1	2
11	59555367	59575132	8	7	1	2
11	59575133	59775220	9	8	1	1
11	59775221	59795431	8	7	1	2
11	59795432	65915966	1	1	0	3
11	65915967	66014157	3	2	1	2
11	66014158	66053501	3	2	1	2
11	66053502	66118526	4	3	1	2
11	66118527	66481741	3	2	1	2
11	66481742	66860141	3	2	1	2
11	66860142	66861499	8	7	1	1
11	66861500	66861674	NA	NA	NA	NA
11	66861675	66885472	2	2	0	2
11	66885473	66889821	2	2	0	1
11	66889822	67120774	5	4	1	1
11	67120775	67394035	3	2	1	2
11	67394036	67489994	16	15	1	1
11	67489995	67490044	16	15	1	1
11	67490045	68049248	3	2	1	2
11	68049249	68218234	17	16	1	2
11	68218235	68225220	16	15	1	1
11	68225221	68225297	16	15	1	1
11	68225298	68277882	16	15	1	1
11	68277883	68334533	16	15	1	1
11	68334534	68337960	16	15	1	1
11	68337961	68345230	16	15	1	1
11	68345231	68373015	16	15	1	1
11	68373016	68569870	16	15	1	1
11	68569871	68754287	16	15	1	2
11	68754288	68792654	3	2	1	2
11	68792655	68833816	3	2	1	2
11	68833817	68960948	15	14	1	2
11	68960949	68975292	3	2	1	2
11	68975293	68977730	20	19	1	1
11	68977731	69307221	19	18	1	2
11	69307222	69327175	21	20	1	1
11	69327176	69492500	17	16	1	1
11	69492501	69567636	3	2	1	2
11	69567637	69579727	16	15	1	1
11	69579728	69602521	16	15	1	1
11	69602522	69791183	20	19	1	1
11	69791184	69962128	14	13	1	2
11	69962129	70009567	3	2	1	2
11	70009568	70067768	3	2	1	2
11	70067769	70069525	11	11	0	2
11	70069526	70808053	3	2	1	2
11	70808054	71693249	1	1	0	3
11	71693250	71693478	1	1	0	2
11	71693479	71696208	1	1	0	1
11	71696209	71989158	3	2	1	2
11	71989159	72002324	6	5	1	1
11	72002325	72028013	6	5	1	1
11	72028014	72805450	5	4	1	2
11	72805451	73243559	6	5	1	2
11	73243560	73339919	5	4	1	2
11	73339920	73687082	5	4	1	2
11	73687083	73697526	5	4	1	2
11	73697527	73717216	5	4	1	2
11	73717217	73936829	3	2	1	2
11	73936830	74200088	4	3	1	2
11	74200089	74442604	6	5	1	2
11	74442605	75622500	6	5	1	2
11	75622501	75639595	8	7	1	1
11	75639596	76030841	8	7	1	1
11	76030842	76107904	6	5	1	2
11	76107905	76201059	6	5	1	2
11	76201060	76215486	4	3	1	2
11	76215487	76301531	5	4	1	2
11	76301532	76588732	4	3	1	2
11	76588733	77076743	10	9	1	1
11	77076744	77161453	10	9	1	1
11	77161454	77169542	18	17	1	1
11	77169543	77319167	8	8	0	2
11	77319168	77530935	12	11	1	1
11	77530936	77560360	10	10	0	2
11	77560361	77859781	12	11	1	1
11	77859782	77879943	16	15	1	1
11	77879944	78619622	16	15	1	1
11	78619623	80822041	1	1	0	2
11	80822042	82597909	7	6	1	2
11	82597910	82958849	5	4	1	2
11	82958850	83189050	6	5	1	2
11	83189051	84299919	2	1	1	2
11	84299920	86331939	1	1	0	3
11	86331940	87373547	2	1	1	2
11	87373548	87410019	12	11	1	2
11	87410020	87786509	13	12	1	1
11	87786510	87795274	43	42	1	2
11	87795275	87861411	30	29	1	1
11	87861412	87868891	43	42	1	2
11	87868892	87917500	29	28	1	1
11	87917501	87950552	13	12	1	1
11	87950553	88159389	11	10	1	2
11	88159390	88313557	8	7	1	2
11	88313558	88321692	8	7	1	2
11	88321693	88588709	8	7	1	2
11	88588710	89908941	7	6	1	2
11	89908942	89972886	8	7	1	1
11	89972887	90681167	8	7	1	2
11	90681168	92410411	8	7	1	2
11	92410412	94064300	6	5	1	2
11	94064301	95744996	1	1	0	2
11	95744997	95853774	2	1	1	2
11	95853775	95856716	2	1	1	2
11	95856717	95970178	2	1	1	2
11	95970179	96087093	4	3	1	2
11	96087094	96115249	8	7	1	2
11	96115250	96131357	8	7	1	2
11	96131358	96499199	2	1	1	2
11	96499200	96523957	2	1	1	2
11	96523958	96623374	2	1	1	2
11	96623375	97122801	1	1	0	2
11	97122802	97468062	1	1	0	2
11	97468063	97485613	1	1	0	1
11	97485614	97820574	4	3	1	2
11	97820575	97843397	4	3	1	2
11	97843398	97853197	3	2	1	2
11	97853198	97886129	7	6	1	1
11	97886130	97892499	13	12	1	1
11	97892500	97936554	13	12	1	1
11	97936555	97950794	15	14	1	1
11	97950795	97993754	13	12	1	1
11	97993755	98005893	3	2	1	2
11	98005894	98137152	13	12	1	1
11	98137153	98174035	23	22	1	2
11	98174036	98561226	4	3	1	2
11	98561227	98783296	12	11	1	1
11	98783297	99403914	14	13	1	1
11	99403915	99448338	8	7	1	2
11	99448339	100259913	8	7	1	2
11	100259914	100271593	8	7	1	2
11	100271594	100315589	7	6	1	2
11	100315590	100388575	19	18	1	1
11	100388576	100393835	19	18	1	1
11	100393836	100409660	7	6	1	2
11	100409661	100498622	19	18	1	1
11	100498623	100532128	3	2	1	2
11	100532129	100836542	17	16	1	2
11	100836543	100869966	3	2	1	2
11	100869967	101869994	12	11	1	1
11	101869995	102415118	10	9	1	2
11	102415119	102907104	18	17	1	1
11	102907105	102907399	29	28	1	2
11	102907400	102909038	29	28	1	2
11	102909039	103028313	19	18	1	1
11	103028314	103038707	13	12	1	1
11	103038708	103087450	4	3	1	2
11	103087451	103158828	16	15	1	2
11	103158829	103237663	17	16	1	1
11	103237664	104113904	8	7	1	2
11	104113905	104143974	9	8	1	1
11	104143975	104227377	4	3	1	2
11	104227378	104237499	21	20	1	1
11	104237500	104308703	31	30	1	2
11	104308704	104782803	22	21	1	1
11	104782804	105433986	22	21	1	1
11	105433987	106987980	25	24	1	1
11	106987981	107514335	44	43	1	2
11	107514336	107515096	44	43	1	2
11	107515097	107552682	44	43	1	2
11	107552683	108165250	19	19	0	2
11	108165251	108788980	22	21	1	2
11	108788981	134452200	1	1	0	2
12	110107	205194	2	1	1	2
12	205195	433810	2	1	1	2
12	433811	9199973	2	1	1	3
12	9199974	31389601	2	1	1	3
12	31389602	33299999	2	1	1	2
12	33300000	38199999	NA	NA	NA	NA
12	38200000	38548273	1	1	0	2
12	38548274	75537683	2	1	1	2
12	75537684	76208876	1	1	0	2
12	76208877	76415381	0	0	0	2
12	76415382	76482515	1	1	0	2
12	76482516	103069801	2	1	1	2
12	103069802	103073192	2	1	1	2
12	103073193	109140005	2	1	1	2
12	109140006	116759998	2	1	1	2
12	116759999	120284439	2	1	1	2
12	120284440	121117928	1	1	0	2
12	121117929	121247155	1	1	0	2
12	121247156	124368674	1	1	0	2
12	124368675	125260269	2	1	1	2
12	125260270	125260280	2	1	1	2
12	125260281	125590034	1	1	0	2
12	125590035	132349400	2	1	1	2
12	132349401	133851894	2	1	1	2
13	1	16299999	2	1	1	1
13	16300000	19499999	2	1	1	3
13	19500000	20625806	2	1	1	2
13	20625807	28759993	2	1	1	3
13	28759994	78564418	2	1	1	3
13	78564419	78564437	2	1	1	3
13	78564438	90731667	2	1	1	3
13	90731668	90839967	1	1	0	3
13	90839968	100046201	2	1	1	3
13	100046202	110688994	2	1	1	2
13	110688995	110690923	2	1	1	2
13	110690924	114142800	2	1	1	2
13	114142801	115025317	2	1	1	2
14	1	16099999	2	1	1	1
14	16100000	19099999	2	1	1	2
14	19100000	22109856	2	1	1	2
14	22109857	31449447	2	1	1	2
14	31449448	34513406	2	1	1	2
14	34513407	34536768	1	1	0	3
14	34536769	34539550	1	1	0	2
14	34539551	34789895	2	1	1	2
14	34789896	35761977	2	1	1	2
14	35761978	36092001	4	3	1	2
14	36092002	36389970	2	1	1	2
14	36389971	49980000	2	1	1	3
14	49980001	50486247	2	1	1	2
14	50486248	50520770	1	1	0	2
14	50520771	50828400	2	1	1	2
14	50828401	53611890	2	1	1	3
14	53611891	58333363	2	1	1	2
14	58333364	61454517	3	2	1	3
14	61454518	63950561	2	1	1	2
14	63950562	78482693	2	1	1	2
14	78482694	82025047	1	1	0	2
14	82025048	103076774	2	1	1	3
14	103076775	103141616	2	1	1	1
14	103141617	103566844	2	1	1	2
14	103566845	103694358	1	1	0	3
14	103694359	104539971	2	1	1	2
14	104539972	106368400	2	1	1	2
15	1	15799999	2	1	1	1
15	15800000	20699999	2	1	1	2
15	20700000	23706002	2	1	1	2
15	23706003	40677570	2	1	1	3
15	40677571	40677775	2	1	1	2
15	40677776	63395256	2	1	1	2
15	63395257	66172761	1	1	0	2
15	66172762	80389976	2	1	1	2
15	80389977	83260028	2	1	1	2
15	83260029	91186165	2	1	1	2
15	91186166	91186321	2	1	1	2
15	91186322	93445782	2	1	1	2
15	93445783	100338800	2	1	1	2
15	100338801	102531391	2	1	1	2
16	90538	3387099	1	1	0	2
16	3387100	3473883	1	1	0	2
16	3473884	14376242	2	1	1	2
16	14376243	16866132	2	1	1	2
16	16866133	22729982	2	1	1	2
16	22729983	32337720	2	1	1	2
16	32337721	32853997	1	1	0	2
16	32853998	34472499	1	1	0	2
16	34472500	34599999	1	1	0	2
16	34600000	38599999	1	1	0	2
16	38600000	46486171	1	1	0	2
16	46486172	46892913	1	1	0	2
16	46892914	47278602	2	1	1	2
16	47278603	47355050	1	1	0	2
16	47355051	48370025	2	1	1	2
16	48370026	53009754	2	1	1	2
16	53009755	53561801	2	1	1	2
16	53561802	69704738	2	1	1	2
16	69704739	69749066	1	1	0	2
16	69749067	69926724	2	1	1	2
16	69926725	74538227	1	1	0	2
16	74538228	74543379	1	1	0	2
16	74543380	74543853	1	1	0	2
16	74543854	75717742	1	1	0	2
16	75717743	88777200	1	1	0	2
16	88777201	90354752	1	1	0	2
17	7	22199999	1	1	0	2
17	22200000	25799999	NA	NA	NA	NA
17	25800000	59934862	2	1	1	2
17	59934863	60235753	1	1	0	2
17	60235754	60236968	2	1	1	1
17	60236969	62195463	3	2	1	2
17	62195464	62382898	3	2	1	2
17	62382899	73082784	3	2	1	2
17	73082785	74805000	3	2	1	2
17	74805001	76648018	5	3	2	1
17	76648019	78774600	4	2	2	2
17	78774601	81195209	4	2	2	2
18	45971	151878	2	1	1	2
18	151879	12975337	2	1	1	3
18	12975338	15334401	2	1	1	3
18	15334402	18999999	2	1	1	2
18	19000000	20589489	2	1	1	2
18	20589490	40257518	2	1	1	2
18	40257519	40280022	2	1	1	2
18	40280023	55220000	2	1	1	2
18	55220001	55560036	2	1	1	2
18	55560037	76117000	1	1	0	3
18	76117001	78077247	1	1	0	2
19	102500	249356	2	1	1	1
19	249357	24399999	2	1	1	2
19	24400000	28599999	NA	NA	NA	NA
19	28600000	59128982	1	1	0	2
20	17500	25599999	2	1	1	2
20	25600000	29452500	NA	NA	NA	NA
20	29452501	36326401	1	1	0	2
20	36326402	62432500	2	1	1	2
21	1	9417499	NA	NA	NA	NA
21	9417500	10720000	NA	NA	NA	NA
21	10720001	14299999	1	1	0	1
21	14300000	33945000	2	1	1	3
21	33945001	46937500	2	1	1	3
21	46937501	48129894	2	1	1	2
22	1	12199999	1	1	0	1
22	12200000	17899999	NA	NA	NA	NA
22	17900000	36399970	2	1	1	2
22	36399971	41900749	2	1	1	2
22	41900750	45025352	3	2	1	2
22	45025353	49691400	2	1	1	2
22	49691401	51304565	2	1	1	2
X	1	58099999	2	1	1	2
X	58100000	62999999	2	1	1	2
X	63000000	78936325	2	1	1	2
X	78936326	79804680	1	1	0	2
X	79804681	79807169	1	1	0	2
X	79807170	79859337	2	1	1	2
X	79859338	154913600	1	1	0	2
