chromosome	start	end	total_cn	major_cn	minor_cn	star
1	10001	12849401	7	5	2	2
1	12849402	12971837	7	5	2	1
1	12971838	15782235	3	2	1	2
1	15782236	15801689	3	2	1	2
1	15801690	30288711	3	2	1	2
1	30288712	31003541	7	5	2	2
1	31003542	32261739	9	7	2	1
1	32261740	46817159	7	5	2	2
1	46817160	47633674	5	3	2	2
1	47633675	86013602	4	2	2	2
1	86013603	93634682	4	2	2	2
1	93634683	93835056	2	2	0	2
1	93835057	96387926	4	2	2	2
1	96387927	96387944	4	2	2	2
1	96387945	104076639	4	2	2	2
1	104076640	104107500	7	5	2	1
1	104107501	121396401	7	5	2	2
1	121396402	128899999	NA	NA	NA	NA
1	128900000	142543401	5	3	2	1
1	142543402	142760600	5	3	2	1
1	142760601	143384602	4	3	1	1
1	143384603	143490938	4	3	1	1
1	143490939	149653742	6	4	2	2
1	149653743	154976566	8	5	3	2
1	154976567	155093297	9	6	3	1
1	155093298	156506706	8	5	3	2
1	156506707	208684911	6	5	1	2
1	208684912	208691317	6	5	1	2
1	208691318	214009606	6	5	1	2
1	214009607	220719439	5	5	0	2
1	220719440	245375535	8	5	3	2
1	245375536	245388706	8	5	3	2
1	245388707	246576340	8	5	3	2
1	246576341	246587909	6	4	2	1
1	246587910	246645888	9	6	3	1
1	246645889	246921640	11	6	5	2
1	246921641	248420570	8	5	3	2
1	248420571	248451177	500	446	54	1
2	17162	34390898	4	2	2	2
2	34390899	34394212	7	5	2	2
2	34394213	41917991	7	5	2	2
2	41917992	44160301	7	5	2	2
2	44160302	44272769	8	6	2	1
2	44272770	48008002	7	5	2	2
2	48008003	51774273	6	4	2	1
2	51774274	51949738	5	3	2	2
2	51949739	51949887	5	3	2	2
2	51949888	51950373	3	3	0	1
2	51950374	51952403	3	3	0	1
2	51952404	52040978	8	4	4	2
2	52040979	52041392	7	4	3	1
2	52041393	52513370	5	3	2	2
2	52513371	60720174	4	3	1	2
2	60720175	71602152	4	3	1	2
2	71602153	83628278	4	3	1	2
2	83628279	83916801	4	3	1	2
2	83916802	83917046	4	3	1	2
2	83917047	83918506	8	4	4	2
2	83918507	84924534	8	4	4	2
2	84924535	84924581	7	4	3	1
2	84924582	90499999	6	4	2	2
2	90500000	96799999	NA	NA	NA	NA
2	96800000	107259997	5	3	2	2
2	107259998	111415962	4	2	2	2
2	111415963	112883252	5	3	2	2
2	112883253	140775092	4	2	2	2
2	140775093	140775107	4	2	2	2
2	140775108	141005486	4	2	2	2
2	141005487	141034902	4	2	2	2
2	141034903	163864834	4	2	2	2
2	163864835	163864845	4	2	2	2
2	163864846	200774371	4	2	2	2
2	200774372	205713451	5	3	2	2
2	205713452	242999968	5	3	2	2
3	10001	111354	4	2	2	2
3	111355	2074894	4	2	2	2
3	2074895	9496767	3	2	1	2
3	9496768	9496895	3	2	1	2
3	9496896	16310307	3	2	1	2
3	16310308	56078232	2	2	0	2
3	56078233	59833375	3	3	0	2
3	59833376	59971069	1	1	0	2
3	59971070	60446915	3	3	0	2
3	60446916	60606002	2	2	0	2
3	60606003	87899999	3	3	0	2
3	87900000	93899999	NA	NA	NA	NA
3	93900000	97353061	5	3	2	2
3	97353062	129264259	6	3	3	2
3	129264260	166598359	6	3	3	2
3	166598360	168882250	6	3	3	2
3	168882251	169126560	7	5	2	2
3	169126561	175200177	6	3	3	2
3	175200178	175539596	6	3	3	2
3	175539597	175553036	6	3	3	2
3	175553037	177395216	6	3	3	2
3	177395217	177395228	6	3	3	2
3	177395229	183919571	6	3	3	2
3	183919572	184494582	7	4	3	2
3	184494583	184495679	5	4	1	1
3	184495680	195050848	6	3	3	2
3	195050849	197847500	5	3	2	2
4	27500	94435	7	4	3	1
4	94436	18581608	6	3	3	2
4	18581609	21168490	6	3	3	2
4	21168491	21169720	6	3	3	2
4	21169721	25038202	6	3	3	2
4	25038203	35275007	5	3	2	2
4	35275008	48199999	4	2	2	2
4	48200000	52699999	4	2	2	2
4	52700000	62445707	4	2	2	2
4	62445708	62447231	4	2	2	2
4	62447232	76743339	4	2	2	2
4	76743340	76743478	4	2	2	2
4	76743479	91181459	4	2	2	2
4	91181460	91220862	4	2	2	2
4	91220863	91614205	4	2	2	2
4	91614206	91635366	6	4	2	1
4	91635367	98208516	4	2	2	2
4	98208517	128111174	3	2	1	1
4	128111175	136408549	3	2	1	1
4	136408550	136408607	3	2	1	1
4	136408608	136417951	3	2	1	1
4	136417952	136419759	3	2	1	1
4	136419760	136437971	1	1	0	1
4	136437972	151375601	2	1	1	2
4	151375602	151496412	3	2	1	1
4	151496413	190987500	2	1	1	2
5	22500	564884	5	5	0	1
5	564885	850202	7	5	2	2
5	850203	15074506	8	5	3	2
5	15074507	18390527	7	5	2	2
5	18390528	18577499	6	5	1	1
5	18577500	24429040	5	5	0	2
5	24429041	24429294	2	2	0	2
5	24429295	25903907	5	5	0	2
5	25903908	26644281	5	5	0	2
5	26644282	26644453	5	5	0	2
5	26644454	31341747	5	5	0	2
5	31341748	32578046	6	5	1	2
5	32578047	32897801	8	7	1	2
5	32897802	33252671	6	5	1	2
5	33252672	35613692	8	7	1	1
5	35613693	35655974	9	7	2	2
5	35655975	35675203	5	3	2	2
5	35675204	35700088	4	3	1	2
5	35700089	45651626	5	3	2	2
5	45651627	50699999	5	3	2	2
5	50700000	53293001	5	3	2	2
5	53293002	53656802	3	2	1	2
5	53656803	59201785	4	3	1	2
5	59201786	59401048	1	1	0	2
5	59401049	66403385	5	3	2	2
5	66403386	67041030	3	3	0	2
5	67041031	116696871	5	3	2	2
5	116696872	137013496	5	3	2	2
5	137013497	137013613	5	3	2	2
5	137013614	137014447	5	3	2	2
5	137014448	137014591	5	3	2	2
5	137014592	137014789	5	3	2	2
5	137014790	180715810	5	3	2	2
6	39681	242500	3	2	1	1
6	242501	15897254	5	3	2	2
6	15897255	15902699	6	4	2	2
6	15902700	15918576	7	5	2	1
6	15918577	24810719	5	3	2	2
6	24810720	24811289	7	7	0	1
6	24811290	24811584	7	7	0	1
6	24811585	24812023	5	3	2	2
6	24812024	28691585	5	3	2	2
6	28691586	33142635	9	7	2	2
6	33142636	34672797	5	3	2	2
6	34672798	34814528	6	4	2	2
6	34814529	38820065	5	3	2	3
6	38820066	39233043	7	5	2	2
6	39233044	40375348	5	3	2	2
6	40375349	42746201	7	5	2	2
6	42746202	42770947	11	9	2	2
6	42770948	46535850	7	5	2	2
6	46535851	57340008	3	2	1	2
6	57340009	57750229	5	3	2	2
6	57750230	58167500	3	3	0	2
6	58167501	58699999	3	3	0	1
6	58700000	63299999	3	3	0	2
6	63300000	67009652	3	3	0	2
6	67009653	75733632	3	3	0	2
6	75733633	79498129	5	3	2	2
6	79498130	103734635	3	3	0	2
6	103734636	135529230	3	3	0	2
6	135529231	135625240	3	3	0	2
6	135625241	140513512	3	3	0	2
6	140513513	140516642	3	3	0	2
6	140516643	162250683	3	3	0	2
6	162250684	162332811	2	2	0	2
6	162332812	162777973	3	3	0	2
6	162777974	162881644	1	1	0	2
6	162881645	170899800	3	3	0	2
7	40386	11770874	5	3	2	2
7	11770875	22681426	8	6	2	2
7	22681427	31162500	6	4	2	2
7	31162501	38338600	5	3	2	2
7	38338601	38395817	6	4	2	1
7	38395818	39137234	7	4	3	2
7	39137235	39154987	7	4	3	2
7	39154988	40482335	5	3	2	2
7	40482336	57999999	5	3	2	2
7	58000000	61972401	NA	NA	NA	NA
7	61972402	63062618	8	5	3	2
7	63062619	63232077	8	5	3	2
7	63232078	65066899	8	4	4	2
7	65066900	66257381	10	6	4	2
7	66257382	66485374	12	8	4	2
7	66485375	66487329	12	8	4	1
7	66487330	67436229	6	4	2	1
7	67436230	67439999	7	5	2	2
7	67440000	103727532	7	5	2	2
7	103727533	112981136	7	5	2	2
7	112981137	120242728	4	2	2	2
7	120242729	158821400	4	2	2	2
8	10001	156863	3	3	0	2
8	156864	4146562	3	3	0	2
8	4146563	7203992	2	2	0	2
8	7203993	7249649	2	2	0	1
8	7249650	7917759	2	2	0	1
8	7917760	8087601	2	2	0	1
8	8087602	8610896	2	2	0	2
8	8610897	8614180	2	2	0	1
8	8614181	10521978	15	13	2	2
8	10521979	10523016	15	14	1	1
8	10523017	10756916	27	26	1	1
8	10756917	10757398	27	26	1	1
8	10757399	11292276	21	19	2	2
8	11292277	11293907	21	21	0	1
8	11293908	11621472	35	35	0	1
8	11621473	11625773	34	33	1	1
8	11625774	11627982	14	13	1	1
8	11627983	11696989	34	34	0	1
8	11696990	11700067	28	28	0	1
8	11700068	11951312	34	34	0	1
8	11951313	12008802	26	26	0	1
8	12008803	12416800	26	26	0	1
8	12416801	13342296	26	24	2	2
8	13342297	13342368	26	26	0	1
8	13342369	13451605	26	26	0	1
8	13451606	13453442	35	35	0	1
8	13453443	13554519	44	44	0	1
8	13554520	13554593	46	46	0	1
8	13554594	13634181	46	43	3	2
8	13634182	13748107	44	44	0	1
8	13748108	13750349	44	44	0	1
8	13750350	14470612	20	20	0	1
8	14470613	14471028	20	20	0	1
8	14471029	15225801	14	13	1	1
8	15225802	15225851	14	13	1	1
8	15225852	15540887	21	21	0	1
8	15540888	15541540	21	21	0	1
8	15541541	17501570	5	3	2	2
8	17501571	18387013	5	3	2	2
8	18387014	18726068	6	6	0	2
8	18726069	18767078	5	5	0	2
8	18767079	21431822	8	6	2	2
8	21431823	23473718	8	6	2	2
8	23473719	39230024	5	3	2	2
8	39230025	42330121	5	3	2	2
8	42330122	48099999	NA	NA	NA	NA
8	48100000	50094893	8	6	2	2
8	50094894	50479807	9	7	2	1
8	50479808	50480454	9	7	2	1
8	50480455	62925426	2	2	0	2
8	62925427	65965045	2	2	0	2
8	65965046	65968092	2	2	0	2
8	65968093	67267600	2	2	0	2
8	67267601	67683612	2	2	0	2
8	67683613	67690541	2	2	0	2
8	67690542	71932822	2	2	0	2
8	71932823	80008411	5	5	0	2
8	80008412	80377257	11	6	5	1
8	80377258	80513141	17	11	6	2
8	80513142	81201228	17	11	6	2
8	81201229	81201969	16	11	5	1
8	81201970	82550425	11	6	5	1
8	82550426	82632906	16	12	4	1
8	82632907	82633176	16	12	4	1
8	82633177	84090343	17	12	5	2
8	84090344	84099135	18	13	5	1
8	84099136	84106915	NA	NA	NA	NA
8	84106916	84150444	5	5	0	2
8	84150445	84159906	5	5	0	2
8	84159907	94547922	5	5	0	2
8	94547923	94879408	11	6	5	1
8	94879409	95225669	12	7	5	2
8	95225670	96224988	11	6	5	1
8	96224989	96225796	10	5	5	2
8	96225797	97233911	11	6	5	1
8	97233912	99529220	5	5	0	2
8	99529221	99560994	4	4	0	1
8	99560995	99916067	5	5	0	1
8	99916068	100053401	7	7	0	2
8	100053402	100300030	7	7	0	2
8	100300031	101476157	6	6	0	2
8	101476158	101542727	6	6	0	2
8	101542728	102852651	6	6	0	2
8	102852652	103369652	10	5	5	2
8	103369653	108579772	6	6	0	2
8	108579773	108580361	6	6	0	2
8	108580362	112286863	6	6	0	2
8	112286864	112289814	6	6	0	2
8	112289815	112293331	4	4	0	1
8	112293332	112297845	4	4	0	1
8	112297846	112307594	6	6	0	2
8	112307595	112313212	17	11	6	1
8	112313213	115531567	6	6	0	2
8	115531568	125415187	6	6	0	2
8	125415188	128219929	19	12	7	2
8	128219930	128219974	19	13	6	1
8	128219975	128869220	12	7	5	2
8	128869221	138114401	6	6	0	2
8	138114402	146364021	6	6	0	2
9	10001	203936	5	3	2	1
9	203937	4611953	5	3	2	2
9	4611954	14015716	3	3	0	2
9	14015717	14346375	5	3	2	2
9	14346376	17499371	5	3	2	2
9	17499372	21098885	3	3	0	1
9	21098886	23037521	2	2	0	2
9	23037522	43428087	3	3	0	2
9	43428088	43855163	3	3	0	2
9	43855164	45768458	4	4	0	2
9	45768459	47299999	4	4	0	1
9	47300000	50699999	NA	NA	NA	NA
9	50700000	67926002	3	3	0	2
9	67926003	115556323	3	3	0	2
9	115556324	115557174	3	3	0	2
9	115557175	115559856	3	3	0	2
9	115559857	115559915	3	3	0	2
9	115559916	115559936	3	3	0	2
9	115559937	115560005	3	3	0	2
9	115560006	115560459	3	3	0	2
9	115560460	140273200	3	3	0	2
9	140273201	141069765	2	2	0	2
10	106126	3999427	4	4	0	2
10	3999428	5921550	5	4	1	1
10	5921551	21474598	4	4	0	2
10	21474599	30877039	5	4	1	2
10	30877040	32439916	7	4	3	2
10	32439917	34615322	5	4	1	2
10	34615323	35109936	7	4	3	2
10	35109937	35325747	5	4	1	2
10	35325748	36139166	4	4	0	2
10	36139167	37999999	2	2	0	2
10	38000000	42422500	2	2	0	2
10	42422501	42526834	2	2	0	2
10	42526835	43395106	3	2	1	2
10	43395107	43402736	4	3	1	1
10	43402737	46960083	2	2	0	2
10	46960084	47098717	3	3	0	2
10	47098718	47964695	5	3	2	2
10	47964696	51499473	3	2	1	2
10	51499474	54603636	3	2	1	2
10	54603637	55166539	2	2	0	2
10	55166540	55489186	3	2	1	2
10	55489187	57498052	2	2	0	2
10	57498053	59642204	3	2	1	2
10	59642205	63357169	2	2	0	2
10	63357170	80160053	3	2	1	2
10	80160054	81301740	2	2	0	2
10	81301741	81904015	3	2	1	2
10	81904016	83938040	3	2	1	2
10	83938041	109894110	2	2	0	2
10	109894111	109894121	2	2	0	2
10	109894122	111224469	2	2	0	2
10	111224470	118093464	2	2	0	2
10	118093465	135389924	3	2	1	2
11	20721	197336	3	2	1	1
11	197337	51599999	3	2	1	2
11	51600000	55910082	3	2	1	2
11	55910083	62580300	3	2	1	2
11	62580301	62586468	4	2	2	2
11	62586469	65181801	5	3	2	2
11	65181802	65228801	2	1	1	2
11	65228802	65843860	5	3	2	2
11	65843861	65845999	2	1	1	2
11	65846000	66075468	21	19	2	2
11	66075469	66076769	16	15	1	1
11	66076770	66077652	16	15	1	1
11	66077653	66081806	16	15	1	1
11	66081807	67045187	12	10	2	2
11	67045188	67047022	12	11	1	1
11	67047023	68734071	17	15	2	2
11	68734072	68734992	30	29	1	1
11	68734993	69812058	43	43	0	1
11	69812059	69851401	43	43	0	1
11	69851402	70088375	36	36	0	1
11	70088376	70298297	36	36	0	1
11	70298298	70320536	49	49	0	1
11	70320537	70532018	133	131	2	2
11	70532019	70534570	133	131	2	2
11	70534571	70661242	133	131	2	2
11	70661243	70828679	60	60	0	1
11	70828680	70830020	31	31	0	1
11	70830021	70830492	31	31	0	1
11	70830493	112315457	3	2	1	2
11	112315458	112317374	3	2	1	2
11	112317375	134452200	4	2	2	3
12	110107	188284	5	3	2	2
12	188285	21880383	5	3	2	2
12	21880384	21882472	5	3	2	2
12	21882473	33299999	5	3	2	2
12	33300000	38199999	5	3	2	2
12	38200000	51784441	5	3	2	2
12	51784442	51832038	4	2	2	2
12	51832039	72292774	5	3	2	2
12	72292775	72403894	6	4	2	1
12	72403895	74598001	5	3	2	2
12	74598002	80113620	4	2	2	2
12	80113621	132349400	4	2	2	2
12	132349401	133851894	4	2	2	2
13	1	16299999	3	3	0	1
13	16300000	19499999	3	3	0	2
13	19500000	50708416	3	3	0	2
13	50708417	57598773	3	3	0	2
13	57598774	57749225	3	3	0	2
13	57749226	59136964	3	3	0	2
13	59136965	61407702	3	3	0	2
13	61407703	61410179	3	3	0	2
13	61410180	114142800	3	3	0	2
13	114142801	115169877	3	3	0	2
14	1	16099999	4	3	1	1
14	16100000	19099999	NA	NA	NA	NA
14	19100000	41670351	4	3	1	2
14	41670352	54014973	4	3	1	2
14	54014974	54015020	4	3	1	2
14	54015021	59220453	4	3	1	2
14	59220454	59220490	4	3	1	2
14	59220491	59220703	4	3	1	2
14	59220704	59220728	4	3	1	2
14	59220729	59220753	4	3	1	2
14	59220754	59220778	4	3	1	2
14	59220779	59220832	4	3	1	2
14	59220833	59220850	4	3	1	2
14	59220851	59220873	4	3	1	2
14	59220874	59220899	4	3	1	2
14	59220900	59220931	4	3	1	2
14	59220932	59220956	4	3	1	2
14	59220957	59220971	4	3	1	2
14	59220972	59221072	4	3	1	2
14	59221073	59221095	4	3	1	2
14	59221096	59221114	4	3	1	2
14	59221115	83801506	4	3	1	2
14	83801507	93685621	4	3	1	2
14	93685622	103399422	4	3	1	2
14	103399423	103987025	4	3	1	2
14	103987026	106368400	3	2	1	2
15	1	15799999	3	3	0	1
15	15800000	20699999	3	3	0	2
15	20700000	27202807	3	3	0	2
15	27202808	77906510	3	3	0	2
15	77906511	80547421	4	4	0	2
15	80547422	82119566	3	3	0	2
15	82119567	91625251	3	3	0	2
15	91625252	91625267	3	3	0	2
15	91625268	100338800	3	3	0	2
15	100338801	102531391	3	3	0	2
16	84870	3550980	3	2	1	2
16	3550981	3554719	4	2	2	2
16	3554720	3554880	4	2	2	2
16	3554881	3558286	4	2	2	2
16	3558287	3570085	4	2	2	2
16	3570086	3573348	3	3	0	1
16	3573349	3580567	3	2	1	2
16	3580568	3580724	3	3	0	1
16	3580725	3582782	3	2	1	2
16	3582783	3586121	3	2	1	2
16	3586122	3589048	3	2	1	2
16	3589049	17922113	3	2	1	2
16	17922114	27317172	4	2	2	2
16	27317173	32237001	5	3	2	2
16	32237002	32602211	4	2	2	2
16	32602212	34599999	4	2	2	2
16	34600000	38599999	4	2	2	2
16	38600000	46415802	4	2	2	1
16	46415803	50888187	4	2	2	2
16	50888188	50959602	4	2	2	2
16	50959603	51874603	4	2	2	2
16	51874604	51887964	4	2	2	2
16	51887965	53157624	5	3	2	2
16	53157625	53741115	4	2	2	2
16	53741116	53952586	3	2	1	2
16	53952587	56064484	4	2	2	2
16	56064485	58519474	5	3	2	2
16	58519475	65552014	4	2	2	2
16	65552015	69387287	5	3	2	2
16	69387288	69390844	6	4	2	2
16	69390845	70034696	6	4	2	2
16	70034697	70793224	5	3	2	2
16	70793225	70800658	5	3	2	1
16	70800659	74445300	3	2	1	2
16	74445301	78108239	3	2	1	2
16	78108240	78190500	3	2	1	2
16	78190501	78635725	4	2	2	2
16	78635726	78639725	2	1	1	2
16	78639726	78653171	3	2	1	2
16	78653172	78655518	3	2	1	2
16	78655519	78701830	3	2	1	2
16	78701831	78707301	3	2	1	2
16	78707302	88827200	3	2	1	2
16	88827201	90354752	3	2	1	2
17	7	16662499	3	3	0	2
17	16662500	16740001	4	3	1	2
17	16740002	18353675	3	3	0	2
17	18353676	22199999	3	3	0	2
17	22200000	25799999	NA	NA	NA	NA
17	25800000	28626959	5	3	2	2
17	28626960	28627256	6	4	2	1
17	28627257	29552335	6	3	3	2
17	29552336	29553445	6	3	3	2
17	29553446	29554560	4	2	2	2
17	29554561	29554750	4	2	2	2
17	29554751	33334338	4	2	2	2
17	33334339	34931246	5	3	2	2
17	34931247	78774600	4	2	2	2
17	78774601	81195209	4	2	2	2
18	27500	125323	11	7	4	1
18	125324	454658	11	7	4	2
18	454659	1010419	11	6	5	2
18	1010420	1359464	11	6	5	2
18	1359465	1360595	13	10	3	1
18	1360596	1555105	17	13	4	2
18	1555106	1611210	19	15	4	2
18	1611211	2105470	20	16	4	2
18	2105471	2106117	19	17	2	1
18	2106118	2445827	16	13	3	1
18	2445828	2446618	16	13	3	1
18	2446619	5692312	8	5	3	2
18	5692313	5862079	7	4	3	1
18	5862080	6069325	10	6	4	2
18	6069326	6085967	6	3	3	1
18	6085968	9966092	8	5	3	1
18	9966093	10396020	7	4	3	2
18	10396021	10401259	5	3	2	1
18	10401260	14879887	7	4	3	2
18	14879888	18999999	NA	NA	NA	NA
18	19000000	22545573	6	4	2	2
18	22545574	22566986	5	4	1	1
18	22566987	25414926	6	4	2	2
18	25414927	26482795	6	4	2	2
18	26482796	36730577	3	3	0	2
18	36730578	39002780	6	4	2	2
18	39002781	39074170	7	4	3	2
18	39074171	51141862	5	4	1	2
18	51141863	51523378	3	3	0	2
18	51523379	54755713	5	3	2	1
18	54755714	57336337	6	3	3	2
18	57336338	62245513	4	3	1	2
18	62245514	66257804	5	3	2	2
18	66257805	76140590	4	3	1	2
18	76140591	76142011	0	0	0	1
18	76142012	78077247	3	3	0	1
19	102500	226775	5	3	2	2
19	226776	14121911	5	3	2	2
19	14121912	16084346	4	2	2	3
19	16084347	16085462	6	4	2	1
19	16085463	16086508	4	2	2	2
19	16086509	16086737	4	2	2	1
19	16086738	17296961	8	6	2	2
19	17296962	24399999	6	4	2	2
19	24400000	28599999	6	4	2	2
19	28600000	30651904	6	4	2	2
19	30651905	34814973	4	2	2	3
19	34814974	34958518	2	2	0	2
19	34958519	59128982	4	2	2	3
20	32139	7649660	3	2	1	2
20	7649661	14710667	5	4	1	2
20	14710668	14854064	4	3	1	2
20	14854065	15614381	5	4	1	2
20	15614382	15685385	4	3	1	2
20	15685386	15744607	2	1	1	2
20	15744608	17163851	3	2	1	2
20	17163852	22888647	7	5	2	2
20	22888648	24088078	7	5	2	2
20	24088079	25599999	3	2	1	2
20	25600000	29480277	NA	NA	NA	NA
20	29480278	29804001	4	3	1	1
20	29804002	38264255	7	5	2	2
20	38264256	38268771	7	5	2	2
20	38268772	38494897	7	5	2	2
20	38494898	39132963	9	5	4	1
20	39132964	40769784	13	9	4	1
20	40769785	46396724	8	4	4	2
20	46396725	46810599	13	9	4	1
20	46810600	46964179	8	4	4	2
20	46964180	47968666	13	9	4	1
20	47968667	51294893	14	9	5	1
20	51294894	51551961	10	6	4	1
20	51551962	52919954	13	8	5	2
20	52919955	53066470	6	5	1	1
20	53066471	55419961	10	5	5	2
20	55419962	57161561	14	9	5	1
20	57161562	58436648	13	9	4	1
20	58436649	58471201	9	5	4	1
20	58471202	62432500	8	4	4	2
20	62432501	62904871	9	5	4	1
21	1	9417499	NA	NA	NA	NA
21	9417500	9784601	NA	NA	NA	NA
21	9784602	10201401	NA	NA	NA	NA
21	10201402	10720000	NA	NA	NA	NA
21	10720001	10899999	1	1	0	1
21	10900000	14299999	NA	NA	NA	NA
21	14300000	37424972	4	4	0	2
21	37424973	46937500	5	5	0	2
21	46937501	48129894	5	5	0	2
22	1	12199999	4	4	0	1
22	12200000	17899999	4	4	0	2
22	17900000	24347201	4	4	0	2
22	24347202	26293484	4	4	0	2
22	26293485	29065728	4	4	0	2
22	29065729	29065812	4	4	0	2
22	29065813	29065957	4	4	0	2
22	29065958	29066120	4	4	0	2
22	29066121	37140257	4	4	0	2
22	37140258	37162616	4	4	0	2
22	37162617	46434582	4	4	0	2
22	46434583	46458574	5	5	0	2
22	46458575	46537470	4	4	0	1
22	46537471	46864695	4	4	0	2
22	46864696	46922192	5	5	0	2
22	46922193	47204182	4	4	0	2
22	47204183	47220008	5	5	0	2
22	47220009	47485785	4	4	0	2
22	47485786	47512447	4	4	0	2
22	47512448	47804666	4	4	0	2
22	47804667	47825652	3	3	0	2
22	47825653	48772861	4	4	0	1
22	48772862	48886923	5	5	0	2
22	48886924	49786388	4	4	0	1
22	49786389	49796899	5	5	0	1
22	49796900	50432214	4	4	0	2
22	50432215	50640437	4	4	0	2
22	50640438	50672142	4	4	0	1
22	50672143	50833667	4	4	0	2
22	50833668	50871215	4	4	0	2
22	50871216	50905240	4	4	0	1
22	50905241	50972241	5	5	0	2
22	50972242	50972473	5	5	0	2
22	50972474	50985110	5	5	0	1
X	1	31767044	2	2	0	1
X	31767045	31769889	1	1	0	2
X	31769890	58099999	1	1	0	2
X	58100000	62999999	NA	NA	NA	NA
X	63000000	69162629	3	3	0	1
X	69162630	69162715	3	3	0	1
X	69162716	74812810	3	3	0	1
X	74812811	80744933	3	3	0	1
X	80744934	80746086	3	3	0	1
X	80746087	96675561	3	3	0	1
X	96675562	96803520	3	3	0	1
X	96803521	112338292	3	3	0	1
X	112338293	112339023	3	3	0	1
X	112339024	155270559	3	3	0	1
Y	1	11599999	0	0	0	1
Y	11600000	13399999	0	0	0	1
Y	13400000	59373565	0	0	0	1
