chromosome	start	end	total_cn	major_cn	minor_cn	star
1	10001	6138264	2	1	1	2
1	6138265	6294475	3	2	1	2
1	6294476	6379615	3	2	1	2
1	6379616	6392682	3	2	1	3
1	6392683	6675528	3	2	1	2
1	6675529	7742002	3	2	1	2
1	7742003	8096737	5	4	1	2
1	8096738	8228469	6	5	1	2
1	8228470	9528931	4	3	1	2
1	9528932	9626588	4	2	2	1
1	9626589	10115227	4	2	2	2
1	10115228	11489892	3	2	1	2
1	11489893	11729962	2	1	1	2
1	11729963	12999602	3	2	1	2
1	12999603	22652545	2	1	1	2
1	22652546	23213646	3	2	1	2
1	23213647	28895442	2	1	1	2
1	28895443	29005775	2	1	1	2
1	29005776	31275975	2	1	1	2
1	31275976	31401909	3	2	1	2
1	31401910	44348781	2	1	1	2
1	44348782	44787366	3	2	1	2
1	44787367	44852297	2	1	1	2
1	44852298	45507059	3	2	1	2
1	45507060	45522955	3	2	1	2
1	45522956	46120059	3	2	1	2
1	46120060	47153219	3	2	1	2
1	47153220	54536824	2	1	1	2
1	54536825	54697099	2	1	1	2
1	54697100	66105705	2	1	1	2
1	66105706	67469365	3	2	1	2
1	67469366	86549576	2	1	1	2
1	86549577	86550277	2	1	1	2
1	86550278	87212251	3	2	1	2
1	87212252	87411462	4	3	1	2
1	87411463	87412045	4	3	1	2
1	87412046	87554735	3	2	1	2
1	87554736	92469619	2	1	1	2
1	92469620	93561537	2	1	1	3
1	93561538	96603811	2	1	1	3
1	96603812	99879250	3	2	1	2
1	99879251	104804665	2	1	1	2
1	104804666	104966499	3	2	1	2
1	104966500	121499999	2	1	1	3
1	121500000	128899999	2	1	1	2
1	128900000	143499938	2	1	1	2
1	143499939	146379802	2	1	1	2
1	146379803	147426800	2	1	1	2
1	147426801	148977500	2	1	1	2
1	148977501	149705742	2	1	1	1
1	149705743	149860509	3	2	1	2
1	149860510	151130202	4	3	1	2
1	151130203	152513902	3	2	1	2
1	152513903	152628444	3	2	1	2
1	152628445	155404638	3	2	1	2
1	155404639	155953297	4	2	2	2
1	155953298	156190512	3	2	1	2
1	156190513	156199473	3	2	1	2
1	156199474	166255504	3	2	1	2
1	166255505	166273259	4	3	1	2
1	166273260	166601754	5	4	1	2
1	166601755	167497423	3	2	1	2
1	167497424	167727895	4	3	1	2
1	167727896	167930513	5	3	2	2
1	167930514	167979436	4	2	2	2
1	167979437	172627373	3	2	1	2
1	172627374	172788855	4	2	2	2
1	172788856	176686011	3	2	1	2
1	176686012	176702346	3	2	1	1
1	176702347	177363591	5	4	1	2
1	177363592	180030033	5	4	1	2
1	180030034	180914466	5	4	1	2
1	180914467	186143151	5	4	1	2
1	186143152	186503056	7	6	1	2
1	186503057	186548808	7	6	1	1
1	186548809	188605436	3	2	1	2
1	188605437	188794928	4	3	1	2
1	188794929	190330033	3	2	1	2
1	190330034	190699943	5	3	2	2
1	190699944	198949906	3	2	1	2
1	198949907	199113503	4	3	1	2
1	199113504	199738433	3	2	1	2
1	199738434	199855073	5	4	1	2
1	199855074	209085652	3	2	1	2
1	209085653	209308888	4	2	2	2
1	209308889	210784616	3	2	1	2
1	210784617	210784727	3	2	1	1
1	210784728	211366074	4	2	2	2
1	211366075	211366739	4	2	2	2
1	211366740	211368215	3	2	1	2
1	211368216	220783294	3	2	1	2
1	220783295	222352431	3	2	1	2
1	222352432	222735424	3	2	1	2
1	222735425	224893409	3	2	1	2
1	224893410	228409959	3	2	1	2
1	228409960	228747402	3	2	1	2
1	228747403	229379246	3	2	1	2
1	229379247	229593173	4	3	1	2
1	229593174	240394907	3	2	1	2
1	240394908	240456437	3	2	1	2
1	240456438	247249600	3	2	1	2
1	247249601	249250620	3	2	1	2
2	38832	2340259	1	1	0	3
2	2340260	2937540	2	2	0	3
2	2937541	15885489	1	1	0	2
2	15885490	16165215	2	2	0	3
2	16165216	28470090	1	1	0	2
2	28470091	28647871	2	1	1	3
2	28647872	28760179	3	2	1	2
2	28760180	30367689	3	2	1	2
2	30367690	33286012	2	1	1	2
2	33286013	34245482	3	2	1	2
2	34245483	34997663	2	1	1	2
2	34997664	35251704	3	2	1	2
2	35251705	38331557	2	1	1	2
2	38331558	38768058	3	2	1	2
2	38768059	43432937	2	1	1	2
2	43432938	43613267	3	2	1	2
2	43613268	45543739	2	1	1	2
2	45543740	45648373	3	2	1	2
2	45648374	45667280	2	1	1	2
2	45667281	45775786	3	2	1	2
2	45775787	46133439	4	2	2	2
2	46133440	46630222	3	2	1	2
2	46630223	46709243	4	3	1	2
2	46709244	47224791	3	2	1	2
2	47224792	47643199	4	2	2	3
2	47643200	47677500	3	2	1	2
2	47677501	52333679	3	2	1	3
2	52333680	52336742	3	2	1	2
2	52336743	55670173	3	2	1	3
2	55670174	78612665	2	1	1	2
2	78612666	83633589	3	2	1	2
2	83633590	90499999	2	1	1	2
2	90500000	96799999	2	1	1	2
2	96800000	101397386	2	1	1	3
2	101397387	102876226	3	2	1	2
2	102876227	112347339	2	1	1	3
2	112347340	114549988	3	2	1	3
2	114549989	115581184	2	1	1	3
2	115581185	115630209	3	2	1	2
2	115630210	136884952	2	1	1	3
2	136884953	137474688	3	2	1	2
2	137474689	139696524	2	1	1	2
2	139696525	140765977	2	1	1	2
2	140765978	140889114	4	3	1	2
2	140889115	141524090	2	1	1	2
2	141524091	186900254	2	1	1	2
2	186900255	186998660	2	1	1	2
2	186998661	188169235	2	1	1	2
2	188169236	188466527	2	1	1	2
2	188466528	194872576	2	1	1	2
2	194872577	199124436	3	2	1	2
2	199124437	204157829	2	1	1	2
2	204157830	204243612	4	3	1	2
2	204243613	227229448	2	1	1	3
2	227229449	227391402	3	2	1	3
2	227391403	233447979	2	1	1	3
2	233447980	235437082	3	2	1	2
2	235437083	239089966	2	1	1	3
2	239089967	239159177	3	2	1	2
2	239159178	243044243	2	1	1	3
2	243044244	243044519	2	1	1	2
3	60596	488479	2	1	1	2
3	488480	576327	3	2	1	2
3	576328	1323149	2	1	1	3
3	1323150	1327091	2	1	1	2
3	1327092	2263395	2	1	1	3
3	2263396	2263413	2	1	1	3
3	2263414	7859683	2	1	1	3
3	7859684	8078638	3	2	1	2
3	8078639	36594479	2	1	1	3
3	36594480	36683508	3	2	1	2
3	36683509	40662113	2	1	1	2
3	40662114	40792828	3	2	1	2
3	40792829	40938159	5	4	1	2
3	40938160	41230179	3	2	1	2
3	41230180	49917028	2	1	1	3
3	49917029	50098188	2	1	1	2
3	50098189	51747840	2	1	1	2
3	51747841	52391799	3	2	1	2
3	52391800	52691928	2	1	1	3
3	52691929	53289511	3	2	1	3
3	53289512	57369990	2	1	1	3
3	57369991	57464997	3	2	1	3
3	57464998	57732001	2	1	1	2
3	57732002	58078002	3	2	1	2
3	58078003	59438769	2	1	1	3
3	59438770	59568523	3	2	1	2
3	59568524	72656483	2	1	1	2
3	72656484	72866716	3	2	1	3
3	72866717	72917500	4	3	1	2
3	72917501	72970000	4	3	1	2
3	72970001	76234752	3	2	1	3
3	76234753	77441716	2	1	1	3
3	77441717	77442774	3	2	1	1
3	77442775	77442796	3	2	1	1
3	77442797	77443256	3	2	1	2
3	77443257	77535794	3	2	1	2
3	77535795	78663412	2	1	1	3
3	78663413	78993248	3	2	1	2
3	78993249	87899999	2	1	1	3
3	87900000	93899999	NA	NA	NA	NA
3	93900000	93904037	4	2	2	1
3	93904038	94031486	4	2	2	2
3	94031487	95163638	3	2	1	2
3	95163639	96923401	2	1	1	3
3	96923402	100699460	3	2	1	3
3	100699461	115863078	2	1	1	3
3	115863079	115987736	2	1	1	2
3	115987737	116204275	1	1	0	2
3	116204276	116267739	2	1	1	2
3	116267740	116416070	2	1	1	2
3	116416071	116560305	1	1	0	3
3	116560306	116662702	0	0	0	2
3	116662703	116922111	0	0	0	2
3	116922112	116966415	1	1	0	3
3	116966416	117024848	1	1	0	2
3	117024849	119961410	2	1	1	3
3	119961411	134982002	1	1	0	3
3	134982003	145550195	2	2	0	3
3	145550196	148121942	3	2	1	3
3	148121943	148170691	4	2	2	2
3	148170692	149210329	3	2	1	2
3	149210330	149549119	3	2	1	2
3	149549120	154298598	3	2	1	3
3	154298599	154398342	3	2	1	2
3	154398343	154506085	4	3	1	2
3	154506086	156181743	3	2	1	3
3	156181744	156316270	4	2	2	2
3	156316271	158202285	3	2	1	3
3	158202286	158373744	3	2	1	2
3	158373745	159766261	4	2	2	2
3	159766262	160837072	3	2	1	3
3	160837073	161111209	4	3	1	2
3	161111210	161119278	3	2	1	2
3	161119279	162346513	3	2	1	2
3	162346514	183730446	3	2	1	3
3	183730447	184015100	4	3	1	3
3	184015101	184352142	3	2	1	3
3	184352143	185285044	4	3	1	2
3	185285045	192178626	3	2	1	3
3	192178627	198022429	3	2	1	3
4	27500	535813	1	1	0	2
4	535814	799929	2	2	0	3
4	799930	22336816	1	1	0	2
4	22336817	22386272	2	2	0	2
4	22386273	29871568	1	1	0	2
4	29871569	29981234	2	2	0	2
4	29981235	39886219	1	1	0	2
4	39886220	41147295	2	2	0	2
4	41147296	41528494	3	3	0	2
4	41528495	42717195	2	2	0	2
4	42717196	46497131	1	1	0	2
4	46497132	46592246	1	1	0	2
4	46592247	48199999	1	1	0	2
4	48200000	52699999	1	1	0	2
4	52700000	66376429	1	1	0	2
4	66376430	66811005	2	2	0	2
4	66811006	70124801	1	1	0	2
4	70124802	71515334	1	1	0	2
4	71515335	71604794	1	1	0	1
4	71604795	95861578	1	1	0	2
4	95861579	96022216	2	2	0	3
4	96022217	104999758	1	1	0	2
4	104999759	107027050	2	1	1	2
4	107027051	107435100	3	2	1	2
4	107435101	108062906	2	1	1	2
4	108062907	108340506	3	2	1	2
4	108340507	108398144	4	2	2	3
4	108398145	108398370	4	2	2	2
4	108398371	108696898	3	2	1	2
4	108696899	118808785	2	1	1	2
4	118808786	118884073	2	1	1	2
4	118884074	132391990	2	1	1	2
4	132391991	136184272	3	2	1	2
4	136184273	146115401	2	1	1	2
4	146115402	146210002	3	2	1	2
4	146210003	150547801	2	1	1	2
4	150547802	151731628	1	1	0	2
4	151731629	152722766	2	1	1	3
4	152722767	153290573	1	1	0	2
4	153290574	153309048	1	1	0	2
4	153309049	153309065	1	1	0	1
4	153309066	153336682	2	2	0	2
4	153336683	153342362	3	3	0	2
4	153342363	153478456	1	1	0	1
4	153478457	173615942	1	1	0	2
4	173615943	174021070	2	2	0	2
4	174021071	175130454	1	1	0	2
4	175130455	175403712	2	2	0	2
4	175403713	190987500	1	1	0	2
5	39977	3827800	2	1	1	3
5	3827801	3966149	3	2	1	2
5	3966150	4508412	2	1	1	3
5	4508413	8341724	3	2	1	2
5	8341725	18495357	2	1	1	2
5	18495358	18542581	3	2	1	2
5	18542582	26922927	2	1	1	3
5	26922928	27125578	3	2	1	2
5	27125579	29079800	2	1	1	3
5	29079801	29229631	2	1	1	2
5	29229632	34284509	2	1	1	3
5	34284510	38184847	3	2	1	2
5	38184848	38677110	4	3	1	2
5	38677111	40073661	3	2	1	2
5	40073662	46099999	2	1	1	2
5	46100000	50699999	NA	NA	NA	NA
5	50700000	54856473	1	1	0	2
5	54856474	55242477	2	2	0	2
5	55242478	59312901	1	1	0	2
5	59312902	60241776	2	2	0	2
5	60241777	61425556	1	1	0	2
5	61425557	61968575	2	2	0	2
5	61968576	85278889	1	1	0	2
5	85278890	85349929	2	2	0	2
5	85349930	91051101	1	1	0	2
5	91051102	91331951	2	2	0	2
5	91331952	91837009	1	1	0	2
5	91837010	91987177	2	2	0	2
5	91987178	93529499	1	1	0	2
5	93529500	93724639	2	2	0	2
5	93724640	102716256	1	1	0	2
5	102716257	102858455	2	2	0	2
5	102858456	108748526	1	1	0	2
5	108748527	109011233	1	1	0	2
5	109011234	138668661	1	1	0	2
5	138668662	138763452	2	2	0	2
5	138763453	142725626	1	1	0	2
5	142725627	143002499	2	2	0	2
5	143002500	152277536	1	1	0	2
5	152277537	152452001	2	2	0	3
5	152452002	169898585	1	1	0	2
5	169898586	169994163	2	2	0	3
5	169994164	176449859	1	1	0	2
5	176449860	176614917	2	2	0	2
5	176614918	180372340	1	1	0	2
5	180372341	180729006	1	1	0	2
6	250041	4441650	3	2	1	2
6	4441651	4631624	4	2	2	2
6	4631625	7796555	3	2	1	2
6	7796556	9229378	3	2	1	2
6	9229379	9378145	4	3	1	2
6	9378146	9689714	3	2	1	2
6	9689715	17035725	3	2	1	2
6	17035726	21115114	2	1	1	2
6	21115115	21238038	3	2	1	2
6	21238039	31284138	2	1	1	2
6	31284139	31320003	3	2	1	2
6	31320004	35094869	3	2	1	2
6	35094870	36158845	6	5	1	2
6	36158846	36158895	6	5	1	2
6	36158896	36159115	6	5	1	1
6	36159116	41569172	3	2	1	2
6	41569173	43147820	2	1	1	2
6	43147821	43674705	3	2	1	2
6	43674706	48560755	2	1	1	2
6	48560756	48598428	2	1	1	2
6	48598429	51138157	2	1	1	2
6	51138158	51262813	3	2	1	3
6	51262814	54633265	2	1	1	2
6	54633266	54737230	2	1	1	2
6	54737231	57314601	2	1	1	2
6	57314602	58097500	3	2	1	2
6	58097501	63299999	3	2	1	2
6	63300000	65286875	3	2	1	3
6	65286876	72177092	2	1	1	3
6	72177093	72358533	3	2	1	2
6	72358534	82606123	2	1	1	3
6	82606124	82901440	3	2	1	3
6	82901441	102637746	2	1	1	3
6	102637747	102766542	3	2	1	2
6	102766543	104006896	2	1	1	3
6	104006897	104171025	3	2	1	3
6	104171026	107121526	2	1	1	3
6	107121527	121235436	2	1	1	3
6	121235437	121331126	3	2	1	2
6	121331127	124813858	2	1	1	3
6	124813859	125275453	3	2	1	3
6	125275454	127088513	2	1	1	3
6	127088514	127179441	3	2	1	2
6	127179442	127199532	2	1	1	2
6	127199533	129876348	3	2	1	2
6	129876349	130215732	5	4	1	2
6	130215733	130462843	4	3	1	2
6	130462844	153261447	2	1	1	3
6	153261448	154094637	3	2	1	2
6	154094638	157491326	2	1	1	3
6	157491327	157727880	3	2	1	2
6	157727881	161949224	2	1	1	3
6	161949225	162998229	2	1	1	2
6	162998230	164107399	2	1	1	3
6	164107400	164115246	2	1	1	2
6	164115247	164780013	2	1	1	3
6	164780014	164944202	3	2	1	2
6	164944203	165126443	2	1	1	3
6	165126444	165186295	1	1	0	2
6	165186296	170919565	2	1	1	3
7	40386	2265223	2	1	1	2
7	2265224	2265445	2	1	1	2
7	2265446	4287069	2	1	1	2
7	4287070	7953392	3	2	1	2
7	7953393	9030939	2	1	1	2
7	9030940	9185541	3	2	1	2
7	9185542	9664399	2	1	1	2
7	9664400	9800002	3	2	1	2
7	9800003	25357817	2	1	1	2
7	25357818	26487135	3	2	1	2
7	26487136	27443423	2	1	1	3
7	27443424	28797765	2	1	1	2
7	28797766	31974231	2	1	1	3
7	31974232	32880024	3	2	1	3
7	32880025	36273783	2	1	1	2
7	36273784	36693058	2	1	1	2
7	36693059	38380572	2	1	1	2
7	38380573	38522643	2	1	1	2
7	38522644	39400219	2	1	1	2
7	39400220	39748855	3	2	1	2
7	39748856	40592540	3	2	1	2
7	40592541	41539901	2	1	1	2
7	41539902	43670919	2	1	1	3
7	43670920	43891044	3	2	1	2
7	43891045	44825803	2	1	1	2
7	44825804	45102648	4	3	1	2
7	45102649	45466141	2	1	1	2
7	45466142	50634416	3	2	1	2
7	50634417	57999999	2	1	1	3
7	58000000	61699999	2	1	1	2
7	61700000	67128832	2	1	1	3
7	67128833	67291225	3	2	1	2
7	67291226	68661542	2	1	1	3
7	68661543	68662063	2	1	1	3
7	68662064	72779970	2	1	1	2
7	72779971	75557756	3	2	1	2
7	75557757	79472544	2	1	1	3
7	79472545	80018952	3	2	1	2
7	80018953	92263812	2	1	1	3
7	92263813	92509909	3	2	1	2
7	92509910	98644048	2	1	1	3
7	98644049	98946891	3	2	1	2
7	98946892	103526335	2	1	1	3
7	103526336	103574106	3	2	1	3
7	103574107	103654490	3	2	1	2
7	103654491	108719710	2	1	1	3
7	108719711	108790848	2	1	1	3
7	108790849	118550946	2	1	1	3
7	118550947	119983964	3	2	1	3
7	119983965	126371510	2	1	1	3
7	126371511	126515156	3	2	1	2
7	126515157	126558518	5	3	2	2
7	126558519	128186617	4	2	2	2
7	128186618	128378092	3	2	1	2
7	128378093	128560651	4	2	2	2
7	128560652	128561880	4	2	2	2
7	128561881	128573179	4	2	2	2
7	128573180	128586950	3	2	1	2
7	128586951	129032277	2	1	1	2
7	129032278	129473997	3	2	1	2
7	129473998	129716551	2	1	1	2
7	129716552	130257806	2	1	1	2
7	130257807	143073257	1	1	0	2
7	143073258	144011400	2	2	0	3
7	144011401	158821400	1	1	0	3
8	10001	152593	1	1	0	2
8	152594	3728758	1	1	0	2
8	3728759	3933135	0	0	0	2
8	3933136	12976027	1	1	0	2
8	12976028	13049226	2	2	0	3
8	13049227	43099999	1	1	0	2
8	43100000	48099999	NA	NA	NA	NA
8	48100000	53680638	3	2	1	2
8	53680639	53788429	4	3	1	2
8	53788430	55784511	3	2	1	2
8	55784512	57326149	4	3	1	2
8	57326150	58065267	4	3	1	2
8	58065268	69977399	4	3	1	2
8	69977400	70092974	5	4	1	2
8	70092975	71753584	4	3	1	2
8	71753585	72002907	4	3	1	2
8	72002908	72759339	4	3	1	2
8	72759340	72880397	5	4	1	2
8	72880398	79974470	4	3	1	2
8	79974471	80140813	5	3	2	2
8	80140814	82527862	4	3	1	2
8	82527863	84541679	5	4	1	2
8	84541680	85040145	4	3	1	2
8	85040146	85082636	4	3	1	2
8	85082637	89271966	4	3	1	2
8	89271967	90272444	3	2	1	2
8	90272445	90286596	3	2	1	2
8	90286597	90343159	4	3	1	2
8	90343160	92400465	3	2	1	2
8	92400466	92891530	4	2	2	2
8	92891531	93006727	5	3	2	2
8	93006728	93043299	4	2	2	2
8	93043300	99689418	3	2	1	2
8	99689419	104095760	4	3	1	2
8	104095761	105324229	3	2	1	2
8	105324230	105497107	5	4	1	2
8	105497108	105592381	4	3	1	2
8	105592382	105697111	5	4	1	2
8	105697112	110134040	3	2	1	2
8	110134041	110680247	5	4	1	2
8	110680248	110739265	6	5	1	2
8	110739266	111081459	4	3	1	2
8	111081460	121373060	3	2	1	2
8	121373061	121469201	3	2	1	2
8	121469202	124066674	3	2	1	2
8	124066675	124282640	5	4	1	2
8	124282641	124738937	3	2	1	2
8	124738938	124828728	4	2	2	2
8	124828729	125363384	3	2	1	2
8	125363385	128356590	4	3	1	2
8	128356591	129057463	5	4	1	2
8	129057464	131760641	4	3	1	2
8	131760642	135689780	3	2	1	2
8	135689781	135922699	4	3	1	2
8	135922700	137466247	3	2	1	2
8	137466248	137959407	4	3	1	2
8	137959408	144652280	3	2	1	2
8	144652281	145617229	3	2	1	2
9	10001	203998	1	1	0	2
9	203999	356175	1	1	0	2
9	356176	453134	2	2	0	3
9	453135	13828534	1	1	0	2
9	13828535	15073630	2	2	0	2
9	15073631	36940698	1	1	0	2
9	36940699	37467195	2	2	0	2
9	37467196	43627974	1	1	0	3
9	43627975	47299999	1	1	0	3
9	47300000	50699999	1	1	0	2
9	50700000	66454885	1	1	0	2
9	66454886	71132639	1	1	0	1
9	71132640	72951852	1	1	0	2
9	72951853	73108066	2	2	0	2
9	73108067	79100106	1	1	0	2
9	79100107	79133596	2	2	0	2
9	79133597	82129988	1	1	0	2
9	82129989	82470072	2	2	0	2
9	82470073	104735168	1	1	0	2
9	104735169	105927751	2	2	0	2
9	105927752	105927995	2	2	0	2
9	105927996	106011043	4	4	0	2
9	106011044	106011680	4	4	0	2
9	106011681	106062172	2	2	0	2
9	106062173	106098657	4	4	0	2
9	106098658	109800753	2	2	0	2
9	109800754	110368909	3	3	0	3
9	110368910	113272869	2	2	0	2
9	113272870	113409011	4	4	0	2
9	113409012	138993001	2	2	0	2
9	138993002	139942802	3	3	0	2
9	139942803	140273200	2	2	0	3
9	140273201	141042320	2	1	1	1
10	94426	337908	3	2	1	2
10	337909	5550683	2	1	1	2
10	5550684	6304669	5	4	1	3
10	6304670	8988060	4	3	1	2
10	8988061	12001542	5	4	1	2
10	12001543	20190183	2	1	1	2
10	20190184	20191613	2	1	1	2
10	20191614	24806690	2	1	1	2
10	24806691	26885013	3	2	1	2
10	26885014	35010025	2	1	1	2
10	35010026	35480269	4	3	1	2
10	35480270	37180889	2	1	1	2
10	37180890	37231232	4	2	2	2
10	37231233	42409999	NA	NA	NA	NA
10	42410000	51602801	2	1	1	2
10	51602802	56109916	2	1	1	2
10	56109917	56274462	3	2	1	2
10	56274463	58906993	2	1	1	2
10	58906994	58995599	3	2	1	2
10	58995600	62467389	2	1	1	2
10	62467390	62739853	3	2	1	2
10	62739854	65155777	2	1	1	2
10	65155778	65203073	3	2	1	1
10	65203074	65212791	3	2	1	2
10	65212792	65213047	2	1	1	2
10	65213048	70789546	2	1	1	2
10	70789547	71059172	4	3	1	2
10	71059173	73425350	2	1	1	2
10	73425351	74565124	4	3	1	2
10	74565125	81778567	2	1	1	2
10	81778568	82076719	3	2	1	2
10	82076720	84241996	2	1	1	2
10	84241997	97722710	1	1	0	2
10	97722711	99566853	2	2	0	2
10	99566854	104797823	1	1	0	2
10	104797824	104840029	2	2	0	2
10	104840030	114630056	1	1	0	2
10	114630057	119963812	2	1	1	2
10	119963813	121462591	2	1	1	2
10	121462592	121619133	5	3	2	2
10	121619134	123303130	4	3	1	2
10	123303131	125112000	2	1	1	2
10	125112001	125288964	3	2	1	2
10	125288965	135389924	2	1	1	2
11	20721	197336	2	2	0	1
11	197337	5232053	3	2	1	2
11	5232054	5410352	4	3	1	2
11	5410353	9877301	3	2	1	2
11	9877302	12738108	4	3	1	2
11	12738109	14771456	3	2	1	2
11	14771457	16298246	3	2	1	2
11	16298247	19202691	3	2	1	2
11	19202692	19277249	3	2	1	2
11	19277250	31670846	3	2	1	2
11	31670847	31673165	4	3	1	1
11	31673166	34123373	3	2	1	2
11	34123374	34298417	6	5	1	2
11	34298418	34303393	7	6	1	2
11	34303394	34312072	12	11	1	1
11	34312073	34436428	13	12	1	2
11	34436429	34764285	13	12	1	2
11	34764286	34929086	12	11	1	2
11	34929087	35230962	11	10	1	2
11	35230963	35670985	11	10	1	1
11	35670986	35859557	11	10	1	2
11	35859558	36315954	4	3	1	2
11	36315955	36491029	3	2	1	2
11	36491030	36761537	10	9	1	2
11	36761538	37268437	8	7	1	2
11	37268438	39320113	4	3	1	2
11	39320114	40178595	8	7	1	2
11	40178596	40220538	5	4	1	2
11	40220539	40375833	6	5	1	1
11	40375834	41116034	5	4	1	2
11	41116035	41248725	6	5	1	2
11	41248726	41249390	6	5	1	1
11	41249391	41277562	9	8	1	1
11	41277563	41898475	7	6	1	2
11	41898476	42910435	8	6	2	2
11	42910436	43000643	8	6	2	2
11	43000644	46265021	4	2	2	2
11	46265022	46492740	4	2	2	2
11	46492741	47274972	4	2	2	3
11	47274973	47974553	5	3	2	2
11	47974554	49526841	4	2	2	2
11	49526842	51599999	3	2	1	3
11	51600000	55699999	3	2	1	2
11	55700000	59159295	3	2	1	3
11	59159296	59624830	4	3	1	2
11	59624831	60897448	3	2	1	3
11	60897449	61131632	4	3	1	2
11	61131633	61446899	4	3	1	2
11	61446900	61671110	3	2	1	2
11	61671111	62584802	3	2	1	3
11	62584803	62806212	4	3	1	2
11	62806213	69856918	3	2	1	2
11	69856919	71679779	4	3	1	2
11	71679780	71835362	3	2	1	2
11	71835363	71912232	4	3	1	2
11	71912233	79818791	3	2	1	2
11	79818792	81946979	1	1	0	2
11	81946980	82069578	2	2	0	2
11	82069579	82187310	1	1	0	2
11	82187311	84175910	2	2	0	3
11	84175911	84235079	2	2	0	1
11	84235080	85383710	2	2	0	2
11	85383711	97006646	1	1	0	2
11	97006647	97108262	2	2	0	3
11	97108263	97531813	1	1	0	2
11	97531814	102238303	3	2	1	2
11	102238304	102567372	4	2	2	2
11	102567373	105246610	3	2	1	2
11	105246611	107080764	4	3	1	2
11	107080765	107942274	3	2	1	2
11	107942275	111774613	5	4	1	2
11	111774614	111876145	4	3	1	2
11	111876146	111971154	5	4	1	2
11	111971155	113782437	3	2	1	2
11	113782438	113894578	3	2	1	2
11	113894579	117610146	3	2	1	2
11	117610147	118418677	4	3	1	2
11	118418678	128911223	3	2	1	2
11	128911224	129269943	3	2	1	2
11	129269944	130052193	5	4	1	2
11	130052194	130255645	6	5	1	2
11	130255646	131168070	5	4	1	2
11	131168071	134452200	3	2	1	2
12	110107	188196	2	1	1	2
12	188197	1602974	2	1	1	2
12	1602975	1813903	2	1	1	2
12	1813904	13624632	2	1	1	2
12	13624633	13740450	2	1	1	2
12	13740451	27133355	2	1	1	2
12	27133356	29383011	2	1	1	2
12	29383012	33299999	2	1	1	3
12	33300000	38199999	2	1	1	3
12	38200000	50022372	2	1	1	3
12	50022373	51134809	3	2	1	2
12	51134810	51183313	2	2	0	2
12	51183314	51551112	3	2	1	2
12	51551113	55160767	2	1	1	2
12	55160768	55334222	2	1	1	2
12	55334223	69769653	2	1	1	2
12	69769654	70665089	3	2	1	2
12	70665090	71399529	3	2	1	1
12	71399530	76522328	2	1	1	2
12	76522329	76523545	2	1	1	2
12	76523546	88227230	2	1	1	2
12	88227231	88237623	2	1	1	2
12	88237624	88354738	2	1	1	2
12	88354739	88740028	3	2	1	2
12	88740029	91369096	2	1	1	3
12	91369097	91461992	3	2	1	2
12	91461993	99165020	2	1	1	3
12	99165021	99187363	1	1	0	2
12	99187364	99190586	2	1	1	3
12	99190587	99190768	2	1	1	2
12	99190769	99416006	2	1	1	3
12	99416007	99566470	3	2	1	2
12	99566471	105262118	2	1	1	3
12	105262119	105306725	3	2	1	3
12	105306726	107016460	2	1	1	3
12	107016461	107247206	3	2	1	2
12	107247207	121983702	2	1	1	3
12	121983703	122249756	2	1	1	3
12	122249757	124027007	2	1	1	3
12	124027008	124219174	3	2	1	2
12	124219175	125472818	2	1	1	2
12	125472819	125476616	2	1	1	2
12	125476617	132349400	2	1	1	2
12	132349401	133851894	2	1	1	3
13	1	16299999	1	1	0	1
13	16300000	19499999	1	1	0	2
13	19500000	26464822	1	1	0	2
13	26464823	27097963	2	2	0	2
13	27097964	27374781	2	2	0	2
13	27374782	27379147	2	2	0	2
13	27379148	27381956	1	1	0	2
13	27381957	27383320	2	2	0	2
13	27383321	28612985	2	2	0	2
13	28612986	28622890	2	2	0	2
13	28622891	28633127	2	2	0	2
13	28633128	33320643	2	2	0	2
13	33320644	35712404	2	2	0	2
13	35712405	38038249	2	2	0	2
13	38038250	38115796	2	2	0	2
13	38115797	38722924	2	2	0	2
13	38722925	38733479	2	2	0	2
13	38733480	41193167	2	2	0	2
13	41193168	41757301	2	2	0	2
13	41757302	42295141	2	2	0	2
13	42295142	42436489	2	2	0	2
13	42436490	44061935	2	2	0	2
13	44061936	44256733	2	2	0	2
13	44256734	44259003	2	2	0	2
13	44259004	44426307	2	2	0	2
13	44426308	44615125	2	2	0	2
13	44615126	49638934	2	2	0	2
13	49638935	50524808	2	2	0	2
13	50524809	50655566	3	3	0	2
13	50655567	52737500	2	2	0	2
13	52737501	54705482	2	2	0	2
13	54705483	57762499	1	1	0	2
13	57762500	57897499	1	1	0	2
13	57897500	60045365	1	1	0	2
13	60045366	63705843	1	1	0	2
13	63705844	63806156	2	2	0	2
13	63806157	69706663	1	1	0	2
13	69706664	70036320	2	2	0	2
13	70036321	81429247	2	2	0	2
13	81429248	81690005	2	2	0	2
13	81690006	82641149	2	2	0	2
13	82641150	82690242	3	3	0	2
13	82690243	83883967	1	1	0	2
13	83883968	86299979	1	1	0	2
13	86299980	86444448	2	2	0	2
13	86444449	87434116	2	2	0	2
13	87434117	87465495	2	2	0	2
13	87465496	88594423	2	2	0	2
13	88594424	88637572	5	3	2	2
13	88637573	90647023	1	1	0	2
13	90647024	90659949	1	1	0	2
13	90659950	91869064	1	1	0	2
13	91869065	91943315	2	2	0	2
13	91943316	102721513	2	2	0	2
13	102721514	103240291	4	4	0	2
13	103240292	105414208	2	2	0	2
13	105414209	105473336	3	3	0	2
13	105473337	108022825	2	2	0	3
13	108022826	108137464	2	2	0	2
13	108137465	109718704	2	2	0	3
13	109718705	110001461	3	3	0	3
13	110001462	110183913	2	2	0	2
13	110183914	110605740	4	4	0	3
13	110605741	113650453	2	2	0	3
13	113650454	114142800	1	1	0	3
13	114142801	115169877	1	1	0	3
14	1	16099999	1	1	0	1
14	16100000	19099999	1	1	0	2
14	19100000	32732922	1	1	0	2
14	32732923	32862800	2	2	0	2
14	32862801	36527843	1	1	0	2
14	36527844	37555951	2	2	0	2
14	37555952	55159208	1	1	0	2
14	55159209	55311370	2	2	0	3
14	55311371	62464429	1	1	0	2
14	62464430	62540005	2	2	0	2
14	62540006	72618407	1	1	0	2
14	72618408	74134192	1	1	0	2
14	74134193	100074721	1	1	0	2
14	100074722	100076028	1	1	0	2
14	100076029	106368400	1	1	0	3
15	1	15799999	3	2	1	1
15	15800000	20699999	NA	NA	NA	NA
15	20700000	24701602	2	1	1	2
15	24701603	26356901	3	2	1	2
15	26356902	26624893	5	4	1	2
15	26624894	26681441	5	4	1	2
15	26681442	26787761	5	4	1	2
15	26787762	26839782	3	2	1	2
15	26839783	26840547	3	2	1	2
15	26840548	27155977	3	2	1	3
15	27155978	27279339	4	2	2	2
15	27279340	27482097	3	2	1	3
15	27482098	27590488	4	2	2	3
15	27590489	28495793	3	2	1	2
15	28495794	28702939	2	1	1	2
15	28702940	29019581	2	1	1	2
15	29019582	29342907	3	2	1	2
15	29342908	29545797	2	1	1	3
15	29545798	29889999	3	2	1	2
15	29890000	30065371	2	1	1	3
15	30065372	30229980	1	1	0	3
15	30229981	30918058	2	1	1	3
15	30918059	32378293	3	2	1	2
15	32378294	32905617	2	1	1	2
15	32905618	38394962	3	2	1	2
15	38394963	38471278	2	1	1	2
15	38471279	43723631	1	1	0	2
15	43723632	45525054	2	1	1	2
15	45525055	48153708	1	1	0	2
15	48153709	48162730	2	1	1	2
15	48162731	48212730	2	1	1	3
15	48212731	48264320	1	1	0	2
15	48264321	48264417	1	1	0	2
15	48264418	48264687	1	1	0	3
15	48264688	48400929	1	1	0	3
15	48400930	48401004	1	1	0	3
15	48401005	48401238	1	1	0	2
15	48401239	48401730	1	1	0	2
15	48401731	50331527	1	1	0	2
15	50331528	50344241	1	1	0	2
15	50344242	50344529	1	1	0	2
15	50344530	50461313	1	1	0	2
15	50461314	50462142	4	3	1	2
15	50462143	50479802	2	1	1	2
15	50479803	51283787	3	2	1	2
15	51283788	51819290	2	1	1	2
15	51819291	52115733	1	1	0	2
15	52115734	52500153	1	1	0	2
15	52500154	52500550	1	1	0	2
15	52500551	53812442	2	1	1	2
15	53812443	62360619	1	1	0	2
15	62360620	66602550	2	1	1	2
15	66602551	67382082	3	2	1	2
15	67382083	68739999	2	1	1	2
15	68740000	68954090	3	2	1	2
15	68954091	75374987	2	1	1	2
15	75374988	75411718	3	2	1	2
15	75411719	75779975	2	1	1	2
15	75779976	81773639	1	1	0	3
15	81773640	81931236	2	2	0	3
15	81931237	82147720	1	1	0	3
15	82147721	82430374	2	2	0	3
15	82430375	85520276	1	1	0	3
15	85520277	85911676	2	2	0	2
15	85911677	87568253	1	1	0	2
15	87568254	87773097	2	2	0	3
15	87773098	95828705	1	1	0	3
15	95828706	95845194	2	1	1	3
15	95845195	95845450	2	1	1	2
15	95845451	95863197	2	1	1	3
15	95863198	95863764	2	1	1	2
15	95863765	95885113	2	1	1	3
15	95885114	96574541	2	1	1	3
15	96574542	96839636	3	2	1	2
15	96839637	101539069	2	1	1	3
15	101539070	101774333	3	2	1	2
15	101774334	102425112	2	1	1	3
16	9999	110924	2	1	1	2
16	110925	421760	2	1	1	2
16	421761	466860	2	1	1	2
16	466861	2150554	2	1	1	2
16	2150555	2434957	2	1	1	2
16	2434958	4740921	2	1	1	2
16	4740922	4803871	2	1	1	2
16	4803872	11900247	2	1	1	2
16	11900248	12501671	3	2	1	2
16	12501672	12851921	2	1	1	3
16	12851922	13359449	3	2	1	2
16	13359450	21737905	2	1	1	3
16	21737906	22006220	3	2	1	3
16	22006221	34599999	2	1	1	3
16	34600000	38599999	2	1	1	2
16	38600000	47266123	2	1	1	3
16	47266124	47393309	2	1	1	1
16	47393310	55139459	2	1	1	3
16	55139460	55329759	2	1	1	2
16	55329760	55409769	2	1	1	2
16	55409770	55818308	3	2	1	3
16	55818309	56753661	2	1	1	3
16	56753662	56756549	2	1	1	2
16	56756550	64562622	2	1	1	3
16	64562623	65355137	3	2	1	3
16	65355138	67336753	2	1	1	3
16	67336754	67869559	3	2	1	2
16	67869560	79185223	2	1	1	3
16	79185224	85258393	2	1	1	3
16	85258394	85486366	3	2	1	2
16	85486367	85496377	2	1	1	2
16	85496378	85786007	3	2	1	3
16	85786008	88827200	2	1	1	3
16	88827201	90354752	2	1	1	3
17	1397	22199999	1	1	0	2
17	22200000	25799999	1	1	0	2
17	25800000	26864513	1	1	0	2
17	26864514	27641361	2	2	0	2
17	27641362	29498297	1	1	0	2
17	29498298	29650548	2	2	0	2
17	29650549	43981665	1	1	0	2
17	43981666	44336975	2	2	0	2
17	44336976	46294198	2	2	0	2
17	46294199	46309230	2	2	0	2
17	46309231	55696780	2	2	0	2
17	55696781	56078056	3	3	0	2
17	56078057	66531004	2	2	0	3
17	66531005	66833391	3	3	0	2
17	66833392	69293817	2	2	0	2
17	69293818	69376670	3	3	0	2
17	69376671	72743665	2	2	0	3
17	72743666	73050612	4	4	0	2
17	73050613	73204792	4	4	0	2
17	73204793	73600236	5	5	0	2
17	73600237	73888107	4	4	0	2
17	73888108	74082539	5	5	0	2
17	74082540	75144061	4	4	0	2
17	75144062	75466329	7	7	0	2
17	75466330	75786122	4	4	0	2
17	75786123	75974294	5	5	0	2
17	75974295	78774600	4	4	0	2
17	78774601	80859200	4	4	0	2
18	27500	1528933	2	1	1	2
18	1528934	1772935	3	2	1	2
18	1772936	7992631	2	1	1	3
18	7992632	8412655	3	2	1	2
18	8412656	13941092	2	1	1	3
18	13941093	14003049	3	2	1	1
18	14003050	15399999	2	1	1	3
18	15400000	18999999	2	1	1	2
18	19000000	30117659	2	1	1	3
18	30117660	30133980	3	2	1	2
18	30133981	30183979	3	2	1	2
18	30183980	30236401	4	2	2	2
18	30236402	30253117	2	1	1	1
18	30253118	40343436	2	1	1	3
18	40343437	40609868	3	2	1	3
18	40609869	40803165	2	1	1	2
18	40803166	40861125	3	2	1	2
18	40861126	46101892	2	1	1	3
18	46101893	47718796	2	1	1	2
18	47718797	49070894	2	1	1	3
18	49070895	49235317	3	2	1	3
18	49235318	51582371	2	1	1	3
18	51582372	55419182	3	2	1	2
18	55419183	76117000	2	1	1	3
18	76117001	78077247	2	1	1	3
19	102500	285040	1	1	0	3
19	285041	998025	1	1	0	3
19	998026	1269296	2	2	0	3
19	1269297	2358712	1	1	0	3
19	2358713	2429035	2	2	0	2
19	2429036	2945564	1	1	0	3
19	2945565	5200325	2	2	0	3
19	5200326	5203951	2	2	0	1
19	5203952	5204280	6	4	2	2
19	5204281	6399181	4	2	2	3
19	6399182	7275042	3	2	1	2
19	7275043	7526549	4	2	2	2
19	7526550	10130330	3	2	1	2
19	10130331	10254776	3	2	1	2
19	10254777	12235209	3	2	1	3
19	12235210	12292371	4	2	2	3
19	12292372	18936599	3	2	1	3
19	18936600	18938989	3	2	1	2
19	18938990	18940489	4	2	2	1
19	18940490	19400926	4	2	2	3
19	19400927	24399999	3	2	1	3
19	24400000	28599999	NA	NA	NA	NA
19	28600000	34429277	2	1	1	2
19	34429278	34734098	3	2	1	3
19	34734099	36004212	2	1	1	2
19	36004213	36005449	2	1	1	2
19	36005450	38721804	2	1	1	2
19	38721805	39390788	2	1	1	2
19	39390789	40033108	2	1	1	2
19	40033109	40481032	3	2	1	2
19	40481033	43005430	2	1	1	2
19	43005431	43006247	2	1	1	2
19	43006248	46843832	2	1	1	2
19	46843833	47861480	3	2	1	2
19	47861481	59128982	2	1	1	2
20	20980	25599999	3	2	1	2
20	25600000	29819993	3	2	1	2
20	29819994	31443574	3	2	1	2
20	31443575	32691616	4	3	1	2
20	32691617	33919764	3	2	1	2
20	33919765	34616422	3	2	1	2
20	34616423	39062708	3	2	1	2
20	39062709	39130633	4	2	2	2
20	39130634	47706794	3	2	1	2
20	47706795	47740830	4	3	1	2
20	47740831	49690043	3	2	1	2
20	49690044	50728211	3	2	1	2
20	50728212	50908172	2	1	1	2
20	50908173	57397462	3	2	1	2
20	57397463	58105681	4	2	2	2
20	58105682	62432500	3	2	1	2
21	1	9417499	NA	NA	NA	NA
21	9417500	10899999	NA	NA	NA	NA
21	10900000	14299999	1	1	0	1
21	14300000	24778157	2	1	1	2
21	24778158	25008668	2	1	1	2
21	25008669	25585858	2	1	1	2
21	25585859	25720543	2	1	1	2
21	25720544	27206126	2	1	1	2
21	27206127	30117722	2	1	1	2
21	30117723	35134476	2	1	1	2
21	35134477	35196923	3	2	1	2
21	35196924	37287252	2	1	1	2
21	37287253	37382905	2	1	1	2
21	37382906	38594303	2	1	1	2
21	38594304	39117157	2	1	1	2
21	39117158	39810676	2	1	1	2
21	39810677	39822762	2	1	1	2
21	39822763	46937500	2	1	1	2
21	46937501	48129894	1	1	0	2
22	1	12199999	2	1	1	1
22	12200000	17899999	2	1	1	3
22	17900000	19075890	2	1	1	3
22	19075891	19266161	3	2	1	2
22	19266162	29669007	2	1	1	3
22	29669008	29831211	3	2	1	2
22	29831212	37199401	2	1	1	3
22	37199402	37280950	3	2	1	2
22	37280951	48726421	2	1	1	3
22	48726422	48921483	3	2	1	3
22	48921484	49687500	2	1	1	3
22	49687501	51304565	2	1	1	3
X	1	11172477	2	1	1	3
X	11172478	11311561	3	2	1	2
X	11311562	15032162	2	1	1	3
X	15032163	17182288	3	2	1	2
X	17182289	19807054	2	1	1	2
X	19807055	20028287	3	2	1	2
X	20028288	32061679	2	1	1	2
X	32061680	32098255	1	1	0	2
X	32098256	57074400	2	1	1	2
X	57074401	57214353	1	1	0	2
X	57214354	62999999	NA	NA	NA	NA
X	63000000	71685001	2	1	1	2
X	71685002	72045761	3	2	1	2
X	72045762	75323752	2	1	1	2
X	75323753	75816524	3	2	1	2
X	75816525	76723248	2	1	1	2
X	76723249	76848659	3	2	1	2
X	76848660	93268821	2	1	1	2
X	93268822	93308698	3	2	1	2
X	93308699	100613735	2	1	1	2
X	100613736	100712214	3	2	1	2
X	100712215	104198732	2	1	1	2
X	104198733	104373540	3	2	1	2
X	104373541	113619947	2	1	1	2
X	113619948	114949977	3	2	1	2
X	114949978	124902133	2	1	1	2
X	124902134	125018703	2	1	1	2
X	125018704	127624656	2	1	1	2
X	127624657	128215424	4	3	1	2
X	128215425	128224607	2	1	1	2
X	128224608	131031144	4	3	1	2
X	131031145	131135230	5	4	1	2
X	131135231	133820751	4	3	1	2
X	133820752	135103809	4	3	1	2
X	135103810	135369882	4	3	1	1
X	135369883	135481164	5	4	1	2
X	135481165	138442070	4	3	1	2
X	138442071	138691192	5	4	1	2
X	138691193	140347725	4	3	1	2
X	140347726	140539577	5	4	1	2
X	140539578	141287099	4	3	1	2
X	141287100	141345694	4	3	1	2
X	141345695	143296004	4	3	1	2
X	143296005	146357146	3	2	1	2
X	146357147	148959850	4	3	1	2
X	148959851	149003336	5	4	1	2
X	149003337	149697476	4	3	1	2
X	149697477	149697582	2	1	1	2
X	149697583	149698655	2	1	1	2
X	149698656	149703371	2	1	1	2
X	149703372	149728049	5	4	1	2
X	149728050	149822805	4	3	1	2
X	149822806	149826633	1	1	0	2
X	149826634	150167409	2	1	1	2
X	150167410	154232930	3	2	1	2
X	154232931	154274826	2	1	1	2
X	154274827	154913600	3	2	1	2
