chromosome	start	end	total_cn	major_cn	minor_cn	star
1	10001	33378117	2	2	0	3
1	33378118	33379245	2	2	0	3
1	33379246	37056224	2	2	0	3
1	37056225	84440468	4	2	2	3
1	84440469	84444677	4	2	2	3
1	84444678	121499999	4	2	2	3
1	121500000	128899999	4	2	2	2
1	128900000	142535601	4	2	2	2
1	142535602	143544202	4	2	2	1
1	143544203	145387586	4	2	2	2
1	145387587	147995228	8	4	4	2
1	147995229	149714001	4	2	2	1
1	149714002	241144602	8	4	4	2
1	241144603	247247500	8	4	4	2
1	247247501	249250620	8	4	4	3
2	54536	456332	4	2	2	3
2	456333	90499999	4	2	2	3
2	90500000	96799999	4	2	2	3
2	96800000	142310934	4	2	2	3
2	142310935	155263962	2	2	0	3
2	155263963	185656702	4	2	2	2
2	185656703	185669786	4	2	2	2
2	185669787	205524070	4	2	2	2
2	205524071	205550829	2	2	0	3
2	205550830	208309929	4	2	2	2
2	208309930	208457867	2	2	0	3
2	208457868	242986605	4	2	2	2
3	62226	51436652	3	2	1	3
3	51436653	51438740	3	2	1	2
3	51438741	87899999	3	2	1	3
3	87900000	93899999	3	2	1	3
3	93900000	198022429	3	2	1	3
4	51446	48199999	3	2	1	3
4	48200000	52699999	3	2	1	3
4	52700000	92763523	3	2	1	3
4	92763524	92765389	3	2	1	3
4	92765390	191154275	3	2	1	3
5	22501	730719	6	4	2	2
5	730720	849060	6	4	2	2
5	849061	18021686	6	4	2	2
5	18021687	27281937	5	3	2	2
5	27281938	45239982	6	4	2	2
5	45239983	45948056	4	2	2	2
5	45948057	50699999	4	2	2	2
5	50700000	150061554	4	2	2	3
5	150061555	150069741	4	2	2	3
5	150069742	178730637	4	2	2	3
5	178730638	178935641	4	2	2	1
5	178935642	180689978	4	2	2	2
6	39681	242500	6	4	2	2
6	242501	427200	7	5	2	2
6	427201	3404463	7	5	2	2
6	3404464	3462392	5	5	0	1
6	3462393	29144487	7	5	2	2
6	29144488	32562868	7	5	2	2
6	32562869	34630429	7	5	2	2
6	34630430	34631573	7	5	2	2
6	34631574	57350002	7	5	2	3
6	57350003	58022500	5	4	1	1
6	58022501	58238400	5	4	1	2
6	58238401	58699999	7	5	2	2
6	58700000	63299999	NA	NA	NA	NA
6	63300000	64762513	5	3	2	2
6	64762514	68084596	4	2	2	2
6	68084597	68086607	4	2	2	2
6	68086608	104785363	2	2	0	3
6	104785364	104800338	1	1	0	2
6	104800339	170889696	2	2	0	3
7	40386	41100500	4	2	2	2
7	41100501	41101700	4	2	2	2
7	41101701	57949987	4	2	2	2
7	57949988	62469921	4	2	2	2
7	62469922	158821400	4	2	2	3
8	170012	34500212	1	1	0	2
8	34500213	35837930	3	2	1	2
8	35837931	43099999	1	1	0	2
8	43100000	48099999	NA	NA	NA	NA
8	48100000	146364021	3	2	1	3
9	10001	153760	3	2	1	2
9	153761	26979981	3	2	1	2
9	26979982	43872801	4	2	2	2
9	43872802	47299999	4	2	2	2
9	47300000	50699999	4	2	2	2
9	50700000	66917201	4	2	2	2
9	66917202	68837847	3	2	1	2
9	68837848	94606508	2	2	0	3
9	94606509	94609618	2	2	0	3
9	94609619	96761347	2	2	0	3
9	96761348	96768559	2	2	0	2
9	96768560	132243405	2	2	0	3
9	132243406	132244278	2	2	0	3
9	132244279	140315015	2	2	0	2
10	104178	37999999	5	3	2	2
10	38000000	42499927	NA	NA	NA	NA
10	42499928	44607996	7	6	1	2
10	44607997	44657405	7	6	1	2
10	44657406	44657995	5	4	1	1
10	44657996	135389924	4	3	1	3
11	199256	19282201	3	2	1	3
11	19282202	19283749	1	1	0	1
11	19283750	50454288	3	2	1	3
11	50454289	50755115	3	2	1	2
11	50755116	51304941	3	2	1	2
11	51304942	55699999	3	2	1	2
11	55700000	134452200	3	2	1	3
12	110107	189092	2	2	0	2
12	189093	33299999	2	2	0	3
12	33300000	38199999	NA	NA	NA	NA
12	38200000	38462028	4	2	2	2
12	38462029	51887460	4	2	2	3
12	51887461	51891750	3	2	1	1
12	51891751	83987621	4	2	2	3
12	83987622	83989961	4	2	2	2
12	83989962	87306116	4	2	2	3
12	87306117	87315651	4	2	2	2
12	87315652	132349400	4	2	2	3
12	132349401	133851894	4	2	2	2
13	1	16299999	4	2	2	1
13	16300000	19499999	4	2	2	2
13	19500000	45383341	4	2	2	2
13	45383342	48924053	2	2	0	2
13	48924054	49027548	0	0	0	1
13	49027549	62921054	2	2	0	2
13	62921055	80831415	4	2	2	2
13	80831416	80832076	4	2	2	2
13	80832077	114159998	4	2	2	2
13	114159999	115169877	4	2	2	2
14	1	16099999	2	1	1	1
14	16100000	19099999	NA	NA	NA	NA
14	19100000	20472539	2	1	1	1
14	20472540	21557772	2	1	1	2
14	21557773	26313706	3	2	1	2
14	26313707	30911735	2	1	1	3
14	30911736	31864794	3	2	1	3
14	31864795	105976985	2	1	1	3
14	105976986	106368400	2	1	1	2
15	1	15799999	3	2	1	1
15	15800000	20699999	3	2	1	2
15	20700000	22567402	3	2	1	2
15	22567403	44676795	3	2	1	3
15	44676796	44683637	3	2	1	3
15	44683638	95407489	3	2	1	3
15	95407490	95408642	2	2	0	1
15	95408643	100338800	3	2	1	3
15	100338801	102399919	3	2	1	3
16	9999	119277	3	2	1	1
16	119278	1275957	3	2	1	2
16	1275958	32543001	4	2	2	3
16	32543002	34202499	4	2	2	2
16	34202500	34372499	2	2	0	2
16	34372500	34417500	2	2	0	1
16	34417501	38599999	NA	NA	NA	NA
16	38600000	46447499	4	2	2	2
16	46447500	66855512	2	2	0	2
16	66855513	66864747	2	2	0	2
16	66864748	88827200	2	2	0	2
16	88827201	90354752	2	2	0	2
17	61695	22199999	3	2	1	3
17	22200000	25799999	3	2	1	3
17	25800000	31823668	3	2	1	3
17	31823669	65655138	5	3	2	3
17	65655139	65660298	5	3	2	3
17	65660299	80009951	5	3	2	3
17	80009952	80811586	5	3	2	2
17	80811587	80826524	5	3	2	2
18	10001	15399999	4	2	2	3
18	15400000	18999999	4	2	2	3
18	19000000	76117000	4	2	2	3
18	76117001	78077247	4	2	2	3
19	102500	276244	2	2	0	2
19	276245	24399999	2	2	0	3
19	24400000	28599999	NA	NA	NA	NA
19	28600000	43209995	4	2	2	2
19	43209996	44680458	4	2	2	2
19	44680459	59128982	2	2	0	3
20	17500	25599999	4	2	2	2
20	25600000	29399999	4	2	2	2
20	29400000	62385800	4	2	2	2
21	1	10899999	NA	NA	NA	NA
21	10900000	14299999	4	3	1	1
21	14300000	20601774	4	2	2	3
21	20601775	31567385	3	2	1	3
21	31567386	31569029	4	3	1	1
21	31569030	31569153	4	2	2	2
21	31569154	33199961	4	2	2	3
21	33199962	46980014	3	2	1	3
21	46980015	48129894	3	2	1	2
22	1	12199999	3	2	1	1
22	12200000	17899999	3	2	1	2
22	17900000	39225308	3	2	1	3
22	39225309	40008783	1	1	0	2
22	40008784	40570412	3	2	1	2
22	40570413	40573964	3	2	1	2
22	40573965	49687500	3	2	1	2
22	49687501	51304565	3	2	1	2
X	1	58099999	2	2	0	1
X	58100000	62999999	2	2	0	1
X	63000000	84757733	2	2	0	1
X	84757734	84799926	1	1	0	2
X	84799927	155270559	2	2	0	1
Y	1	11599999	3	3	0	1
Y	11600000	13399999	3	3	0	1
Y	13400000	16211159	3	3	0	1
Y	16211160	59373565	1	1	0	1
