chromosome	start	end	total_cn	major_cn	minor_cn	star
1	1	18585252	3	2	1	3
1	18585253	49546377	3	2	1	3
1	49546378	49661250	2	2	0	2
1	49661251	50217589	3	2	1	2
1	50217590	50420847	2	2	0	2
1	50420848	50483322	2	2	0	2
1	50483323	86006001	3	2	1	3
1	86006002	97633335	3	2	1	3
1	97633336	97688473	4	3	1	2
1	97688474	100989563	3	2	1	2
1	100989564	101205198	4	2	2	2
1	101205199	121499999	3	2	1	3
1	121500000	128899999	3	2	1	2
1	128900000	142731949	3	2	1	2
1	142731950	143932500	3	2	1	2
1	143932501	144547499	5	4	1	1
1	144547500	144843267	5	3	2	2
1	144843268	144956401	5	3	2	2
1	144956402	145809202	6	4	2	2
1	145809203	148839402	6	4	2	2
1	148839403	154235184	6	4	2	2
1	154235185	154558295	5	3	2	2
1	154558296	169245201	6	4	2	2
1	169245202	183272370	6	4	2	2
1	183272371	183531411	2	2	0	2
1	183531412	183532251	2	2	0	1
1	183532252	185924433	6	4	2	2
1	185924434	186211890	2	2	0	2
1	186211891	234700971	4	2	2	2
1	234700972	235079185	4	2	2	2
1	235079186	247249600	4	2	2	2
1	247249601	249250620	4	2	2	2
2	22500	19264001	4	2	2	2
2	19264002	19311388	4	2	2	2
2	19311389	26234971	4	2	2	2
2	26234972	57547424	4	2	2	3
2	57547425	57618279	3	2	1	2
2	57618280	77929712	4	2	2	3
2	77929713	77953397	4	2	2	2
2	77953398	90499999	4	2	2	3
2	90500000	96799999	NA	NA	NA	NA
2	96800000	103479928	3	2	1	3
2	103479929	106650706	4	2	2	3
2	106650707	106664165	8	6	2	1
2	106664166	108313908	8	6	2	2
2	108313909	109673919	7	5	2	2
2	109673920	117600695	5	3	2	3
2	117600696	117621233	5	3	2	2
2	117621234	125112848	5	3	2	2
2	125112849	125253971	5	3	2	2
2	125253972	125259308	3	2	1	2
2	125259309	125261334	3	2	1	2
2	125261335	125429462	3	2	1	3
2	125429463	125452413	2	1	1	2
2	125452414	125530808	3	2	1	2
2	125530809	125619542	4	3	1	2
2	125619543	125633910	4	3	1	1
2	125633911	125886703	4	3	1	2
2	125886704	126574152	3	2	1	3
2	126574153	127555876	3	2	1	3
2	127555877	128184943	2	1	1	3
2	128184944	128515675	3	2	1	2
2	128515676	128542360	3	2	1	2
2	128542361	128843724	3	2	1	3
2	128843725	140239590	2	1	1	3
2	140239591	140297143	3	2	1	2
2	140297144	140299311	3	2	1	1
2	140299312	140299562	2	1	1	2
2	140299563	140988341	2	1	1	3
2	140988342	140994276	2	1	1	2
2	140994277	141901893	2	1	1	3
2	141901894	142175757	3	2	1	3
2	142175758	142301864	2	1	1	2
2	142301865	144328883	2	1	1	2
2	144328884	144473472	3	2	1	2
2	144473473	144483550	3	2	1	2
2	144483551	144931797	3	2	1	3
2	144931798	146757533	2	1	1	2
2	146757534	155227796	3	2	1	3
2	155227797	158038455	2	1	1	3
2	158038456	158745700	3	2	1	2
2	158745701	158755959	3	2	1	2
2	158755960	158905409	3	2	1	3
2	158905410	161085184	2	1	1	3
2	161085185	167313990	3	2	1	3
2	167313991	167321225	3	2	1	2
2	167321226	169182687	3	2	1	3
2	169182688	169188143	3	2	1	2
2	169188144	170070724	3	2	1	3
2	170070725	173038184	2	1	1	3
2	173038185	180391074	3	2	1	3
2	180391075	183430660	2	1	1	3
2	183430661	183465222	1	1	0	2
2	183465223	184635242	2	1	1	3
2	184635243	185073529	3	2	1	3
2	185073530	185084902	3	2	1	3
2	185084903	185296906	3	2	1	3
2	185296907	185310831	3	2	1	1
2	185310832	191625951	3	2	1	3
2	191625952	200889754	2	1	1	2
2	200889755	211557031	3	2	1	3
2	211557032	212009832	4	3	1	3
2	212009833	212054361	3	2	1	2
2	212054362	217873709	2	1	1	3
2	217873710	218466758	3	2	1	3
2	218466759	222749935	2	1	1	3
2	222749936	222844450	3	2	1	3
2	222844451	222845577	3	2	1	2
2	222845578	222847826	4	3	1	2
2	222847827	223767129	4	3	1	3
2	223767130	224059788	3	2	1	3
2	224059789	224063897	3	2	1	2
2	224063898	226275994	3	2	1	3
2	226275995	226987316	2	1	1	3
2	226987317	228053660	3	2	1	3
2	228053661	228299378	4	3	1	3
2	228299379	232441405	3	2	1	3
2	232441406	232456951	3	2	1	2
2	232456952	233401385	3	2	1	3
2	233401386	233524517	4	3	1	2
2	233524518	233944775	3	2	1	3
2	233944776	233956752	3	2	1	1
2	233956753	234244473	3	2	1	2
2	234244474	238643860	2	1	1	3
2	238643861	239555205	3	2	1	3
2	239555206	239559647	3	2	1	3
2	239559648	240043175	3	2	1	2
2	240043176	240049319	3	2	1	2
2	240049320	240076804	3	2	1	2
2	240076805	240081071	3	2	1	2
2	240081072	240612878	3	2	1	2
2	240612879	240619287	3	2	1	2
2	240619288	241569410	3	2	1	2
2	241569411	242074417	4	3	1	2
2	242074418	242843083	3	2	1	2
2	242843084	242849920	3	2	1	2
2	242849921	242999968	3	2	1	2
3	93653	54105070	3	2	1	3
3	54105071	54268405	2	1	1	3
3	54268406	54688350	3	2	1	3
3	54688351	54708191	3	2	1	2
3	54708192	59767721	3	2	1	3
3	59767722	60042172	2	1	1	3
3	60042173	87899999	3	2	1	3
3	87900000	93899999	3	2	1	3
3	93900000	151535402	3	2	1	3
3	151535403	151607001	4	2	2	2
3	151607002	175013736	3	2	1	3
3	175013737	175166144	2	1	1	2
3	175166145	197847500	3	2	1	3
4	44436	327799	2	2	0	3
4	327800	2155929	3	3	0	2
4	2155930	5025775	2	2	0	2
4	5025776	5030587	4	4	0	2
4	5030588	5616707	4	4	0	2
4	5616708	8780762	3	3	0	2
4	8780763	8855514	2	2	0	2
4	8855515	9160547	3	3	0	1
4	9160548	10244201	3	3	0	2
4	10244202	34778600	3	3	0	3
4	34778601	48199999	3	3	0	3
4	48200000	52699999	3	3	0	3
4	52700000	64694407	3	3	0	3
4	64694408	70502773	3	3	0	3
4	70502774	70652884	5	5	0	2
4	70652885	91926012	3	3	0	3
4	91926013	92053687	1	1	0	2
4	92053688	154989152	3	3	0	3
4	154989153	155006935	3	3	0	1
4	155006936	156958102	3	3	0	3
4	156958103	181709951	3	3	0	3
4	181709952	182056357	2	2	0	2
4	182056358	182903401	2	2	0	2
4	182903402	189188744	3	3	0	3
4	189188745	189586117	4	3	1	3
4	189586118	190482144	5	3	2	2
4	190482145	190849759	4	3	1	2
5	22500	11853410	4	3	1	2
5	11853411	11853434	4	3	1	2
5	11853435	11859025	4	3	1	2
5	11859026	11859040	4	3	1	2
5	11859041	21089196	4	3	1	3
5	21089197	21142570	5	4	1	2
5	21142571	43536019	4	3	1	3
5	43536020	46099999	5	3	2	3
5	46100000	50699999	NA	NA	NA	NA
5	50700000	57481164	3	2	1	3
5	57481165	58504100	3	2	1	2
5	58504101	74456791	3	2	1	3
5	74456792	74521350	3	2	1	1
5	74521351	78259488	3	2	1	3
5	78259489	93622723	4	3	1	3
5	93622724	93650382	3	2	1	2
5	93650383	132032516	4	3	1	3
5	132032517	132292431	4	3	1	2
5	132292432	168786421	4	3	1	3
5	168786422	168786532	4	3	1	2
5	168786533	168792187	4	3	1	2
5	168792188	180689978	4	3	1	3
6	39681	180247	2	2	0	1
6	180248	32509998	2	2	0	3
6	32509999	47243580	2	2	0	2
6	47243581	47463963	3	2	1	2
6	47463964	49168237	2	2	0	2
6	49168238	50745989	3	2	1	2
6	50745990	51331402	4	2	2	2
6	51331403	51579694	5	3	2	2
6	51579695	54573324	6	4	2	2
6	54573325	54822675	5	3	2	2
6	54822676	55161376	6	4	2	2
6	55161377	57149709	5	3	2	3
6	57149710	57211554	4	2	2	2
6	57211555	57379777	3	2	1	2
6	57379778	57392812	3	2	1	2
6	57392813	57524732	3	2	1	2
6	57524733	58162926	2	2	0	2
6	58162927	63299999	2	2	0	2
6	63300000	63519426	2	2	0	2
6	63519427	63666376	3	2	1	1
6	63666377	63758362	4	2	2	2
6	63758363	64140401	5	3	2	2
6	64140402	64701078	5	3	2	2
6	64701079	64949352	7	5	2	2
6	64949353	65179266	6	4	2	2
6	65179267	66631771	4	2	2	3
6	66631772	66647596	5	3	2	1
6	66647597	67986193	4	2	2	3
6	67986194	170918961	2	2	0	3
7	40386	2167500	5	3	2	2
7	2167501	57349246	5	3	2	3
7	57349247	61699999	NA	NA	NA	NA
7	61700000	67880010	4	2	2	2
7	67880011	102495032	3	2	1	3
7	102495033	102687801	4	2	2	2
7	102687802	148812373	3	2	1	3
7	148812374	158821400	4	3	1	2
8	10001	161465	4	2	2	1
8	161466	23566081	4	2	2	2
8	23566082	25945161	4	2	2	2
8	25945162	28243120	2	2	0	3
8	28243121	28244320	2	2	0	2
8	28244321	28420556	17	15	2	2
8	28420557	28491298	15	13	2	2
8	28491299	28902806	8	6	2	2
8	28902807	29150796	5	3	2	2
8	29150797	30004908	8	6	2	2
8	30004909	31403784	6	4	2	2
8	31403785	31917339	8	6	2	2
8	31917340	32866153	6	4	2	2
8	32866154	32881293	6	4	2	2
8	32881294	33065198	7	5	2	2
8	33065199	33131151	8	6	2	2
8	33131152	33131169	10	7	3	2
8	33131170	33131404	9	7	2	1
8	33131405	33397189	6	4	2	2
8	33397190	33405433	6	4	2	2
8	33405434	36747567	6	4	2	2
8	36747568	37598321	8	6	2	2
8	37598322	38965768	8	6	2	1
8	38965769	39181868	8	6	2	2
8	39181869	39182793	10	8	2	1
8	39182794	39183380	10	8	2	1
8	39183381	39779945	9	7	2	2
8	39779946	41406389	2	2	0	3
8	41406390	41413022	2	2	0	1
8	41413023	41425430	2	2	0	1
8	41425431	41740946	6	4	2	2
8	41740947	43099999	5	3	2	2
8	43100000	48099999	NA	NA	NA	NA
8	48100000	48871716	4	2	2	2
8	48871717	49837455	2	2	0	2
8	49837456	49890997	7	5	2	1
8	49890998	50294709	8	6	2	2
8	50294710	50435352	8	6	2	2
8	50435353	50438074	7	5	2	1
8	50438075	50440258	7	5	2	1
8	50440259	50440445	7	5	2	1
8	50440446	53154367	6	4	2	2
8	53154368	53411414	8	6	2	2
8	53411415	53531973	8	6	2	2
8	53531974	54980369	2	2	0	3
8	54980370	55024830	9	7	2	1
8	55024831	55114306	2	2	0	2
8	55114307	55440062	10	8	2	1
8	55440063	55653792	2	2	0	3
8	55653793	57521883	4	2	2	2
8	57521884	61550010	2	2	0	3
8	61550011	61570986	6	5	1	1
8	61570987	62127458	8	6	2	2
8	62127459	63389904	10	8	2	1
8	63389905	64110276	2	2	0	3
8	64110277	64111713	2	2	0	2
8	64111714	64227568	10	8	2	1
8	64227569	64348084	5	3	2	2
8	64348085	123956931	2	2	0	3
8	123956932	123958782	2	2	0	2
8	123958783	124108600	18	15	3	1
8	124108601	124403755	17	15	2	1
8	124403756	124483315	20	18	2	1
8	124483316	124711895	18	16	2	2
8	124711896	124715154	16	14	2	2
8	124715155	124765153	16	14	2	1
8	124765154	125116029	10	8	2	2
8	125116030	125266121	8	6	2	2
8	125266122	125273482	17	15	2	1
8	125273483	125531680	17	15	2	1
8	125531681	125546116	14	12	2	2
8	125546117	125557497	18	15	3	1
8	125557498	125559135	18	15	3	1
8	125559136	125569839	18	15	3	1
8	125569840	125647226	13	11	2	1
8	125647227	125699076	16	14	2	1
8	125699077	126568540	16	14	2	1
8	126568541	126708597	15	13	2	1
8	126708598	127295372	12	10	2	2
8	127295373	127508965	13	11	2	1
8	127508966	127523502	13	11	2	1
8	127523503	128149525	13	11	2	1
8	128149526	128961018	11	9	2	1
8	128961019	129010015	3	2	1	2
8	129010016	129684696	12	9	3	2
8	129684697	129718619	4	2	2	2
8	129718620	130038830	13	11	2	1
8	130038831	130179772	7	5	2	2
8	130179773	130452958	7	5	2	2
8	130452959	130531195	7	5	2	1
8	130531196	130552066	7	5	2	2
8	130552067	130552462	7	5	2	2
8	130552463	130710077	7	5	2	2
8	130710078	130721573	4	2	2	1
8	130721574	130815773	4	2	2	2
8	130815774	130833450	4	2	2	2
8	130833451	131017510	7	5	2	2
8	131017511	131262905	6	3	3	2
8	131262906	132385086	4	2	2	2
8	132385087	132398130	4	2	2	2
8	132398131	132424546	11	8	3	1
8	132424547	146364021	2	2	0	3
9	88187	47299999	2	1	1	2
9	47300000	50699999	2	1	1	2
9	50700000	68152499	2	1	1	2
9	68152500	140273200	2	1	1	3
10	93528	37999999	4	2	2	2
10	38000000	42409999	4	2	2	2
10	42410000	46292402	4	2	2	2
10	46292403	47568843	3	2	1	2
10	47568844	51586514	3	2	1	3
10	51586515	53550806	3	2	1	3
10	53550807	53575695	2	2	0	2
10	53575696	53962698	3	2	1	3
10	53962699	53979265	3	2	1	2
10	53979266	83643242	3	2	1	3
10	83643243	84022944	2	1	1	3
10	84022945	84028632	3	2	1	1
10	84028633	84060058	3	2	1	2
10	84060059	84291942	3	2	1	2
10	84291943	84300745	3	2	1	2
10	84300746	135395359	3	2	1	3
11	20721	197556	2	2	0	1
11	197557	30265334	2	2	0	3
11	30265335	31356277	4	2	2	2
11	31356278	31358199	5	3	2	2
11	31358200	31362218	4	2	2	1
11	31362219	31470035	4	2	2	1
11	31470036	31472839	4	2	2	2
11	31472840	51599999	4	2	2	2
11	51600000	55699999	4	2	2	2
11	55700000	79293793	4	2	2	2
11	79293794	79458418	2	1	1	2
11	79458419	79461104	2	1	1	2
11	79461105	79463545	2	1	1	2
11	79463546	79472183	2	1	1	2
11	79472184	79475198	2	1	1	2
11	79475199	79628741	2	1	1	2
11	79628742	94149749	4	2	2	2
11	94149750	94210162	4	2	2	1
11	94210163	133546008	4	2	2	2
11	133546009	134452200	4	2	2	2
12	119801	189092	12	11	1	1
12	189093	1451684	12	11	1	1
12	1451685	1454864	10	9	1	2
12	1454865	1485401	15	14	1	1
12	1485402	1747287	15	14	1	1
12	1747288	1749038	9	8	1	1
12	1749039	4998625	8	7	1	2
12	4998626	5000301	9	8	1	1
12	5000302	5694413	18	17	1	1
12	5694414	5696465	14	13	1	1
12	5696466	7368968	23	22	1	2
12	7368969	8363557	6	5	1	2
12	8363558	9629557	6	5	1	2
12	9629558	16901895	6	5	1	2
12	16901896	17284323	5	4	1	3
12	17284324	17460445	4	3	1	2
12	17460446	19259490	5	4	1	2
12	19259491	20701753	7	4	3	2
12	20701754	20712337	6	4	2	2
12	20712338	20714263	4	2	2	2
12	20714264	21758373	5	3	2	2
12	21758374	24663847	5	3	2	2
12	24663848	24665573	5	3	2	1
12	24665574	25008898	7	5	2	2
12	25008899	25104681	6	4	2	2
12	25104682	25104868	6	4	2	2
12	25104869	25105181	6	4	2	1
12	25105182	25111839	7	5	2	1
12	25111840	27187977	7	5	2	2
12	27187978	27352499	6	4	2	2
12	27352500	27519521	4	2	2	2
12	27519522	27533474	6	4	2	1
12	27533475	27854119	6	4	2	2
12	27854120	29755840	5	3	2	2
12	29755841	29755901	5	3	2	1
12	29755902	29758634	4	2	2	2
12	29758635	29760985	3	2	1	1
12	29760986	29984487	3	2	1	2
12	29984488	33299999	5	3	2	2
12	33300000	38199999	NA	NA	NA	NA
12	38200000	55853813	4	2	2	2
12	55853814	55855363	4	2	2	2
12	55855364	55855592	9	7	2	1
12	55855593	55889279	10	7	3	1
12	55889280	58100016	8	6	2	2
12	58100017	58156571	49	47	2	1
12	58156572	58235152	49	48	1	1
12	58235153	58370084	49	48	1	1
12	58370085	58372277	49	48	1	1
12	58372278	58706602	25	23	2	1
12	58706603	58707547	25	23	2	1
12	58707548	59080698	25	23	2	1
12	59080699	59081991	14	12	2	1
12	59081992	59085160	16	14	2	1
12	59085161	59087715	16	14	2	1
12	59087716	59953094	14	12	2	2
12	59953095	59957050	7	4	3	2
12	59957051	59957805	6	4	2	2
12	59957806	60245289	6	4	2	3
12	60245290	60250045	5	3	2	1
12	60250046	65799370	6	4	2	3
12	65799371	65800118	6	4	2	2
12	65800119	65801664	6	4	2	2
12	65801665	65859764	6	4	2	3
12	65859765	115496393	2	2	0	3
12	115496394	132349400	4	2	2	2
12	132349401	133851894	4	2	2	2
13	1	16299999	NA	NA	NA	NA
13	16300000	19499999	2	2	0	2
13	19500000	114142800	2	2	0	2
13	114142801	115169877	2	2	0	2
14	1	16099999	NA	NA	NA	NA
14	16100000	19099999	NA	NA	NA	NA
14	19100000	20147499	3	2	1	1
14	20147500	38481483	3	2	1	2
14	38481484	38511559	4	2	2	2
14	38511560	38566272	4	2	2	1
14	38566273	38711933	4	2	2	2
14	38711934	106368400	6	4	2	2
15	1	15799999	NA	NA	NA	NA
15	15800000	20699999	3	2	1	1
15	20700000	22748401	3	2	1	1
15	22748402	23283402	3	2	1	2
15	23283403	51807237	2	2	0	2
15	51807238	51813208	2	2	0	2
15	51813209	83834218	2	2	0	3
15	83834219	83842777	2	2	0	2
15	83842778	100338800	2	2	0	3
15	100338801	102429114	2	2	0	2
16	86084	7098479	4	2	2	2
16	7098480	7100596	4	2	2	2
16	7100597	34599999	4	2	2	2
16	34600000	38599999	4	2	2	2
16	38600000	78217398	4	2	2	2
16	78217399	78227869	3	2	1	2
16	78227870	78515818	4	2	2	2
16	78515819	78532924	3	2	1	2
16	78532925	78698808	4	2	2	2
16	78698809	78737017	3	2	1	2
16	78737018	78857122	4	2	2	3
16	78857123	78973183	3	2	1	3
16	78973184	88827200	4	2	2	2
16	88827201	90138920	4	2	2	2
17	12500	11361112	2	2	0	3
17	11361113	19504391	1	1	0	3
17	19504392	22199999	3	2	1	3
17	22200000	25799999	3	2	1	2
17	25800000	32983608	3	2	1	3
17	32983609	32993024	7	5	2	1
17	32993025	33095258	7	5	2	2
17	33095259	40555975	5	3	2	3
17	40555976	46477706	6	4	2	2
17	46477707	50213623	5	3	2	3
17	50213624	78774600	3	2	1	3
17	78774601	81195209	3	2	1	2
18	27500	14279078	2	2	0	2
18	14279079	15399999	2	2	0	2
18	15400000	18999999	2	2	0	2
18	19000000	76117000	2	2	0	2
18	76117001	78077247	2	2	0	2
19	102500	267212	3	2	1	2
19	267213	23639951	3	2	1	3
19	23639952	23664195	2	2	0	2
19	23664196	23664459	2	2	0	2
19	23664460	24374279	2	2	0	2
19	24374280	24376269	1	1	0	2
19	24376270	28599999	NA	NA	NA	NA
19	28600000	45952766	3	2	1	3
19	45952767	45962067	4	2	2	1
19	45962068	45985914	4	2	2	2
19	45985915	45990679	3	2	1	2
19	45990680	46312160	2	2	0	3
19	46312161	46334885	3	2	1	2
19	46334886	46384884	3	2	1	2
19	46384885	46439821	4	2	2	2
19	46439822	46441072	4	2	2	2
19	46441073	46611183	4	2	2	2
19	46611184	48128187	3	2	1	3
19	48128188	49406061	2	2	0	3
19	49406062	49406473	2	2	0	2
19	49406474	49406536	2	2	0	2
19	49406537	50154373	2	2	0	2
19	50154374	50166350	3	2	1	2
19	50166351	50173891	4	2	2	2
19	50173892	52107579	4	2	2	3
19	52107580	52639628	5	3	2	2
19	52639629	52645680	3	2	1	2
19	52645681	57599660	3	2	1	3
19	57599661	59128982	2	2	0	2
20	32139	14754299	2	2	0	2
20	14754300	14783126	1	1	0	2
20	14783127	14850434	1	1	0	2
20	14850435	14883694	1	1	0	2
20	14883695	14918116	1	1	0	2
20	14918117	14922305	1	1	0	2
20	14922306	15085110	1	1	0	2
20	15085111	15092490	0	0	0	1
20	15092491	15229996	0	0	0	2
20	15229997	15284296	1	1	0	2
20	15284297	25599999	2	2	0	2
20	25600000	29457500	2	2	0	2
20	29457501	48853376	2	2	0	2
20	48853377	50914626	3	2	1	2
20	50914627	52022144	4	2	2	3
20	52022145	52194822	3	2	1	2
20	52194823	52474393	4	2	2	2
20	52474394	52504740	3	2	1	2
20	52504741	55253014	2	2	0	2
20	55253015	55443993	3	2	1	2
20	55443994	55758717	4	2	2	2
20	55758718	56024381	3	2	1	3
20	56024382	57349750	4	2	2	2
20	57349751	57979182	3	2	1	2
20	57979183	57995205	4	2	2	2
20	57995206	58347497	3	2	1	2
20	58347498	58365096	4	2	2	2
20	58365097	59804598	3	2	1	2
20	59804599	60836763	2	2	0	2
20	60836764	60842381	4	2	2	1
20	60842382	62355114	4	2	2	2
20	62355115	62385800	3	2	1	1
21	1	9417499	NA	NA	NA	NA
21	9417500	10899999	NA	NA	NA	NA
21	10900000	15223231	2	2	0	2
21	15223232	15470017	1	1	0	2
21	15470018	19999999	2	2	0	2
21	20000000	26549826	1	1	0	2
21	26549827	26972239	2	2	0	2
21	26972240	27707201	3	3	0	3
21	27707202	28053654	4	4	0	2
21	28053655	28350070	3	3	0	2
21	28350071	29348201	2	2	0	3
21	29348202	29652642	3	3	0	2
21	29652643	29984450	2	2	0	3
21	29984451	30742103	3	3	0	3
21	30742104	31290723	2	2	0	3
21	31290724	32426854	1	1	0	3
21	32426855	40147280	2	2	0	3
21	40147281	40952695	3	3	0	2
21	40952696	41101980	4	4	0	2
21	41101981	42136202	3	3	0	2
21	42136203	42411833	2	2	0	3
21	42411834	46688153	3	3	0	2
21	46688154	46711164	4	4	0	1
21	46711165	46717565	4	4	0	1
21	46717566	46738928	4	4	0	2
21	46738929	47144573	4	4	0	2
22	1	12199999	NA	NA	NA	NA
22	12200000	17899999	3	2	1	2
22	17900000	17936326	3	2	1	2
22	17936327	27620484	2	2	0	2
22	27620485	30930601	3	2	1	3
22	30930602	31682848	4	2	2	3
22	31682849	32076954	3	2	1	2
22	32076955	33007706	3	2	1	2
22	33007707	34367256	2	2	0	3
22	34367257	40762601	3	2	1	3
22	40762602	40801070	5	3	2	2
22	40801071	40801227	5	3	2	2
22	40801228	44300625	5	3	2	2
22	44300626	44948557	3	2	1	2
22	44948558	45155532	4	2	2	2
22	45155533	46712123	3	2	1	3
22	46712124	47054801	2	2	0	3
22	47054802	47070544	3	2	1	1
22	47070545	47183357	4	2	2	2
22	47183358	49691400	2	2	0	2
22	49691401	51304565	2	2	0	2
X	1	15969999	1	1	0	2
X	15970000	58099999	2	2	0	2
X	58100000	62999999	2	2	0	2
X	63000000	72442109	2	2	0	2
X	72442110	72444493	2	2	0	1
X	72444494	72454313	2	2	0	1
X	72454314	155270559	2	2	0	2
Y	1	11599999	1	1	0	1
Y	11600000	13399999	1	1	0	1
Y	13400000	59373565	1	1	0	1
