chromosome	start	end	total_cn	major_cn	minor_cn	star
1	1	22130991	3	2	1	2
1	22130992	22269855	6	3	3	2
1	22269856	22373398	3	2	1	2
1	22373399	61869919	3	2	1	3
1	61869920	62104385	5	3	2	2
1	62104386	62117008	6	4	2	2
1	62117009	62377561	4	2	2	2
1	62377562	121499999	3	2	1	2
1	121500000	128899999	3	2	1	2
1	128900000	143536938	3	2	1	2
1	143536939	145141865	3	2	1	2
1	145141866	145941968	3	2	1	2
1	145941969	146959271	3	2	1	1
1	146959272	146959764	3	2	1	1
1	146959765	147404007	25	24	1	1
1	147404008	147833002	4	4	0	1
1	147833003	160102419	3	2	1	2
1	160102420	172515182	5	3	2	2
1	172515183	172516873	5	3	2	2
1	172516874	180513287	5	3	2	2
1	180513288	180588368	6	4	2	2
1	180588369	224240040	5	3	2	2
1	224240041	224529998	3	2	1	2
1	224529999	236074991	4	2	2	2
1	236074992	242059220	5	3	2	2
1	242059221	242212601	3	2	1	2
1	242212602	247247500	4	2	2	2
1	247247501	249250620	5	3	2	2
2	20016	45042	4	3	1	1
2	45043	419290	3	2	1	2
2	419291	613437	4	3	1	2
2	613438	28800438	3	2	1	2
2	28800439	28860011	4	3	1	2
2	28860012	86896784	3	2	1	2
2	86896785	86982994	2	2	0	2
2	86982995	90499999	3	2	1	2
2	90500000	96799999	3	2	1	2
2	96800000	112343522	3	2	1	2
2	112343523	112566726	7	6	1	2
2	112566727	113922845	3	2	1	3
2	113922846	113924381	4	3	1	1
2	113924382	114030523	4	3	1	2
2	114030524	114042239	4	3	1	1
2	114042240	114052647	5	4	1	2
2	114052648	114356602	5	4	1	2
2	114356603	141805288	3	2	1	2
2	141805289	141850685	2	2	0	2
2	141850686	141874976	1	1	0	2
2	141874977	142055159	2	2	0	2
2	142055160	142076903	3	2	1	2
2	142076904	142292731	2	1	1	2
2	142292732	166426614	3	2	1	2
2	166426615	166811482	4	3	1	2
2	166811483	242953748	3	2	1	2
3	31347	61175	3	3	0	1
3	61176	460546	3	3	0	2
3	460547	910272	5	5	0	2
3	910273	13666368	3	3	0	2
3	13666369	13793322	4	3	1	2
3	13793323	13793559	4	3	1	2
3	13793560	13793608	4	3	1	2
3	13793609	13850494	4	2	2	2
3	13850495	13877464	4	2	2	2
3	13877465	14101229	4	2	2	1
3	14101230	14369443	6	4	2	2
3	14369444	14369758	6	4	2	1
3	14369759	14369807	4	2	2	2
3	14369808	47107710	5	3	2	2
3	47107711	49653325	3	2	1	2
3	49653326	49769948	3	2	1	2
3	49769949	50371459	3	2	1	2
3	50371460	50603614	4	2	2	2
3	50603615	52533599	3	2	1	2
3	52533600	67446612	5	4	1	2
3	67446613	67477199	19	18	1	2
3	67477200	67764634	19	19	0	1
3	67764635	68416420	5	4	1	2
3	68416421	68417856	5	4	1	2
3	68417857	68418205	5	4	1	2
3	68418206	69741409	22	21	1	2
3	69741410	69741625	21	21	0	1
3	69741626	70537416	4	3	1	2
3	70537417	70673170	5	4	1	2
3	70673171	70747803	6	5	1	2
3	70747804	71370228	5	4	1	2
3	71370229	71949980	18	18	0	1
3	71949981	85790015	5	4	1	2
3	85790016	86138152	6	5	1	2
3	86138153	87899999	4	3	1	2
3	87900000	93899999	4	3	1	2
3	93900000	115933371	4	3	1	2
3	115933372	115981790	6	3	3	2
3	115981791	117669130	4	3	1	2
3	117669131	117687272	4	3	1	2
3	117687273	138314315	4	3	1	2
3	138314316	138314363	4	3	1	2
3	138314364	163802988	4	3	1	2
3	163802989	168484992	6	5	1	2
3	168484993	168688291	3	2	1	2
3	168688292	169868032	6	5	1	2
3	169868033	176927305	6	5	1	2
3	176927306	176937322	4	3	1	2
3	176937323	177100010	4	3	1	2
3	177100011	190171107	6	5	1	3
3	190171108	190510380	4	3	1	2
3	190510381	195000034	6	5	1	2
3	195000035	198022429	4	4	0	1
4	37932	3740011	2	2	0	2
4	3740012	4327002	2	2	0	2
4	4327003	48199999	2	2	0	2
4	48200000	52699999	2	2	0	2
4	52700000	56813789	2	2	0	2
4	56813790	56978949	3	3	0	2
4	56978950	77380092	2	2	0	2
4	77380093	77561421	3	3	0	3
4	77561422	87978802	2	2	0	2
4	87978803	88275951	3	3	0	2
4	88275952	90337001	2	2	0	2
4	90337002	90342488	2	2	0	2
4	90342489	90342612	2	2	0	2
4	90342613	90344684	2	2	0	2
4	90344685	191154275	2	2	0	2
5	22500	45853915	4	3	1	2
5	45853916	45974995	3	2	1	2
5	45974996	50699999	NA	NA	NA	NA
5	50700000	59345806	2	1	1	2
5	59345807	60223935	1	1	0	2
5	60223936	60800398	3	2	1	3
5	60800399	149190312	2	1	1	2
5	149190313	149819139	3	2	1	2
5	149819140	154125871	2	1	1	2
5	154125872	165004206	3	2	1	2
5	165004207	165005737	3	2	1	2
5	165005738	171165724	3	2	1	2
5	171165725	171168811	5	4	1	2
5	171168812	171480112	5	4	1	2
5	171480113	172794461	5	4	1	2
5	172794462	172801305	6	5	1	2
5	172801306	173895002	3	2	1	2
5	173895003	175172296	4	3	1	2
5	175172297	175184857	12	11	1	1
5	175184858	175232061	12	11	1	1
5	175232062	177039994	6	5	1	1
5	177039995	179272580	5	4	1	1
5	179272581	179272818	5	4	1	1
5	179272819	179273890	6	6	0	1
5	179273891	179337858	6	5	1	1
5	179337859	180689978	3	2	1	2
6	39681	242500	5	4	1	2
6	242501	382211	5	4	1	1
6	382212	15279819	5	4	1	2
6	15279820	33579991	5	4	1	2
6	33579992	42806758	4	3	1	2
6	42806759	42806914	4	3	1	2
6	42806915	42987629	3	3	0	1
6	42987630	52939602	4	3	1	2
6	52939603	53099948	3	2	1	2
6	53099949	58653401	4	3	1	2
6	58653402	63299999	4	3	1	2
6	63300000	64045802	4	3	1	2
6	64045803	64368199	3	2	1	2
6	64368200	74261468	2	1	1	2
6	74261469	74451543	3	2	1	2
6	74451544	138019887	2	1	1	2
6	138019888	138026926	3	2	1	2
6	138026927	144245404	2	1	1	2
6	144245405	144791444	3	2	1	2
6	144791445	151817691	2	1	1	2
6	151817692	152355017	3	2	1	2
6	152355018	169253703	2	1	1	2
6	169253704	169358687	6	5	1	2
6	169358688	169389300	2	1	1	2
6	169389301	170916135	4	3	1	2
7	40386	672592	3	3	0	2
7	672593	1291197	3	3	0	2
7	1291198	1296915	3	3	0	2
7	1296916	1450305	3	3	0	2
7	1450306	55400008	3	3	0	2
7	55400009	55739192	4	2	2	2
7	55739193	57999999	3	2	1	2
7	58000000	61699999	3	2	1	2
7	61700000	61869911	3	2	1	2
7	61869912	62460063	2	1	1	2
7	62460064	63340202	3	2	1	2
7	63340203	69058201	3	2	1	2
7	69058202	73628365	4	2	2	2
7	73628366	73728434	5	3	2	2
7	73728435	73839815	5	3	2	1
7	73839816	73997721	5	3	2	1
7	73997722	74070654	5	3	2	2
7	74070655	104966232	5	3	2	2
7	104966233	139870793	5	3	2	2
7	139870794	152020601	5	3	2	2
7	152020602	158821400	4	2	2	1
7	158821401	159034352	5	3	2	2
8	10001	177043	2	2	0	2
8	177044	8053488	2	2	0	2
8	8053489	8555896	4	2	2	2
8	8555897	12397499	2	2	0	2
8	12397500	13192534	4	2	2	2
8	13192535	25352598	2	2	0	2
8	25352599	25458160	3	2	1	2
8	25458161	25719575	4	2	2	2
8	25719576	38368080	2	2	0	2
8	38368081	43099999	4	2	2	2
8	43100000	48099999	NA	NA	NA	NA
8	48100000	84960469	4	2	2	2
8	84960470	84966390	7	5	2	2
8	84966391	86499909	7	5	2	2
8	86499910	88181190	6	4	2	2
8	88181191	88792936	5	3	2	2
8	88792937	88978123	4	2	2	2
8	88978124	90259929	5	3	2	2
8	90259930	90657354	6	4	2	2
8	90657355	90658079	5	3	2	2
8	90658080	93727189	7	5	2	2
8	93727190	93727252	7	5	2	2
8	93727253	100375185	6	4	2	2
8	100375186	100375336	6	4	2	2
8	100375337	101582061	6	4	2	2
8	101582062	101592937	4	2	2	2
8	101592938	104944053	5	3	2	2
8	104944054	104961206	4	2	2	2
8	104961207	108211806	6	4	2	2
8	108211807	108212430	5	3	2	2
8	108212431	110400089	5	3	2	2
8	110400090	111828043	4	2	2	2
8	111828044	112904299	5	3	2	2
8	112904300	113730230	5	3	2	2
8	113730231	113851856	7	5	2	2
8	113851857	114093994	8	5	3	2
8	114093995	114211920	7	5	2	2
8	114211921	114211971	7	5	2	2
8	114211972	121164200	7	5	2	2
8	121164201	121697111	7	5	2	2
8	121697112	121697725	7	5	2	2
8	121697726	127663118	8	6	2	2
8	127663119	127677179	4	2	2	2
8	127677180	130222860	8	6	2	2
8	130222861	130223745	5	3	2	2
8	130223746	133092050	8	6	2	2
8	133092051	135866730	8	6	2	2
8	135866731	135916320	4	2	2	2
8	135916321	135968218	4	2	2	2
8	135968219	136013376	5	3	2	2
8	136013377	136197485	7	5	2	2
8	136197486	136197497	7	5	2	1
8	136197498	136201347	4	3	1	1
8	136201348	136206048	5	3	2	2
8	136206049	136403972	8	6	2	2
8	136403973	136965454	8	6	2	2
8	136965455	136967998	4	3	1	2
8	136967999	137183379	7	5	2	2
8	137183380	137194749	7	5	2	2
8	137194750	137290965	7	5	2	2
8	137290966	137538491	9	7	2	1
8	137538492	137776203	6	4	2	2
8	137776204	137779330	5	3	2	2
8	137779331	137892500	5	3	2	2
8	137892501	138149937	6	4	2	1
8	138149938	138309329	4	2	2	2
8	138309330	138312179	4	2	2	2
8	138312180	138320284	4	2	2	2
8	138320285	138427864	8	6	2	2
8	138427865	138592828	6	4	2	2
8	138592829	139926154	7	5	2	2
8	139926155	139956380	5	3	2	2
8	139956381	140915691	7	5	2	2
8	140915692	142192093	4	2	2	1
8	142192094	142202376	3	2	1	2
8	142202377	144377499	5	3	2	1
8	144377500	144401983	6	4	2	2
8	144401984	144795559	6	5	1	1
8	144795560	144795605	6	5	1	1
8	144795606	144838518	6	5	1	1
8	144838519	146364021	5	3	2	2
9	10001	244058	4	3	1	2
9	244059	10793872	4	3	1	2
9	10793873	10843113	4	3	1	2
9	10843114	44814127	4	3	1	2
9	44814128	47299999	3	3	0	2
9	47300000	50699999	3	3	0	2
9	50700000	71037499	3	3	0	2
9	71037500	90735024	3	3	0	2
9	90735025	91176143	3	3	0	2
9	91176144	92146392	3	3	0	2
9	92146393	92146708	2	2	0	2
9	92146709	130786105	3	3	0	2
9	130786106	131131490	3	3	0	2
9	131131491	134195642	2	2	0	2
9	134195643	134411237	3	3	0	1
9	134411238	134411969	4	4	0	2
9	134411970	134412022	4	4	0	2
9	134412023	140273200	2	2	0	2
10	10001	124361	4	2	2	2
10	124362	5990732	4	2	2	2
10	5990733	6420791	4	2	2	1
10	6420792	6420848	5	3	2	2
10	6420849	11629965	4	2	2	2
10	11629966	20046772	4	2	2	2
10	20046773	20054490	3	2	1	2
10	20054491	37999999	4	2	2	2
10	38000000	42387499	NA	NA	NA	NA
10	42387500	42630265	2	1	1	2
10	42630266	79320644	4	2	2	2
10	79320645	79575610	6	4	2	2
10	79575611	109414236	4	2	2	2
10	109414237	109477402	2	2	0	2
10	109477403	112514184	4	2	2	2
10	112514185	112889853	5	3	2	2
10	112889854	119911110	4	2	2	2
10	119911111	120327051	5	3	2	2
10	120327052	135408304	4	2	2	2
11	197557	18847634	4	4	0	2
11	18847635	48945606	4	4	0	2
11	48945607	50706651	4	4	0	2
11	50706652	55699999	NA	NA	NA	NA
11	55700000	57868129	4	2	2	2
11	57868130	65233600	5	3	2	2
11	65233601	65234186	4	2	2	2
11	65234187	73006272	5	3	2	2
11	73006273	73006874	4	2	2	2
11	73006875	134452200	4	2	2	2
12	110107	188203	3	2	1	2
12	188204	33299999	3	2	1	2
12	33300000	38199999	3	2	1	2
12	38200000	54297528	3	2	1	3
12	54297529	54934483	4	2	2	2
12	54934484	56226093	3	2	1	3
12	56226094	56548409	4	2	2	2
12	56548410	89037302	3	2	1	2
12	89037303	89078122	4	2	2	2
12	89078123	118236189	3	2	1	2
12	118236190	118237402	3	2	1	2
12	118237403	130708105	3	2	1	2
12	130708106	130716834	3	2	1	2
12	130716835	130954886	3	2	1	2
12	130954887	130963133	4	2	2	2
12	130963134	131105603	3	2	1	2
12	131105604	131110013	3	2	1	2
12	131110014	132349400	3	2	1	2
12	132349401	133851894	3	2	1	2
13	1	16299999	3	3	0	1
13	16300000	19499999	3	3	0	2
13	19500000	114142800	3	3	0	2
13	114142801	115039929	3	3	0	2
14	1	16099999	5	3	2	1
14	16100000	19099999	5	3	2	1
14	19100000	19352786	5	3	2	1
14	19352787	20433515	6	4	2	2
14	20433516	22022434	6	3	3	2
14	22022435	23015868	4	3	1	2
14	23015869	24001194	4	3	1	2
14	24001195	45435442	3	2	1	2
14	45435443	45547534	2	1	1	2
14	45547535	69110147	3	2	1	2
14	69110148	69122892	3	2	1	2
14	69122893	69277909	3	2	1	2
14	69277910	69482236	4	3	1	2
14	69482237	106318400	3	2	1	2
14	106318401	107349539	3	2	1	2
15	1	15799999	3	2	1	1
15	15800000	20699999	3	2	1	2
15	20700000	64647930	3	2	1	2
15	64647931	64684102	3	2	1	2
15	64684103	64684930	3	2	1	1
15	64684931	64685127	1	1	0	1
15	64685128	64685466	7	6	1	1
15	64685467	64685845	7	6	1	1
15	64685846	64685900	4	4	0	1
15	64685901	64686230	4	4	0	1
15	64686231	64687746	4	4	0	1
15	64687747	64689017	2	1	1	1
15	64689018	64698828	2	1	1	1
15	64698829	64851463	3	2	1	2
15	64851464	74203749	3	2	1	2
15	74203750	74706128	4	3	1	2
15	74706129	84589030	3	2	1	2
15	84589031	84757633	4	2	2	2
15	84757634	85075405	4	2	2	2
15	85075406	93136607	3	2	1	1
15	93136608	93172367	4	3	1	2
15	93172368	93510179	4	3	1	2
15	93510180	100338800	4	3	1	2
15	100338801	102399133	4	3	1	2
16	9999	119999	2	1	1	2
16	120000	10840053	2	1	1	3
16	10840054	10979899	3	2	1	2
16	10979900	11030308	3	2	1	2
16	11030309	34599999	2	1	1	2
16	34600000	38599999	2	1	1	2
16	38600000	88827200	2	1	1	2
16	88827201	90354752	2	1	1	2
17	14980	20012224	2	2	0	2
17	20012225	20058863	3	3	0	2
17	20058864	22098559	2	2	0	2
17	22098560	22199999	3	3	0	2
17	22200000	26274535	NA	NA	NA	NA
17	26274536	26276384	2	2	0	2
17	26276385	27340606	1	1	0	2
17	27340607	37733342	2	2	0	2
17	37733343	38750517	3	3	0	2
17	38750518	38755683	2	2	0	2
17	38755684	47788490	3	3	0	2
17	47788491	47797062	4	4	0	2
17	47797063	57461010	4	4	0	2
17	57461011	57736266	4	4	0	2
17	57736267	58898509	3	3	0	2
17	58898510	59958263	4	4	0	2
17	59958264	67706489	3	3	0	2
17	67706490	74341317	3	3	0	2
17	74341318	74345262	3	3	0	2
17	74345263	74710127	3	3	0	2
17	74710128	74994266	1	1	0	2
17	74994267	75010880	2	2	0	2
17	75010881	75015456	1	1	0	2
17	75015457	78774600	3	3	0	2
17	78774601	81195209	3	3	0	2
18	27500	80030	4	3	1	2
18	80031	1605415	4	3	1	2
18	1605416	1606039	4	3	1	2
18	1606040	2406485	4	3	1	2
18	2406486	2460846	4	3	1	2
18	2460847	3101918	5	4	1	2
18	3101919	3380139	7	6	1	2
18	3380140	4586969	5	4	1	3
18	4586970	5950426	4	3	1	2
18	5950427	5950445	4	3	1	2
18	5950446	7029716	4	3	1	3
18	7029717	7751809	4	3	1	2
18	7751810	8145631	4	3	1	2
18	8145632	8151107	4	3	1	2
18	8151108	8192274	4	3	1	2
18	8192275	8198147	5	4	1	2
18	8198148	8201219	4	3	1	2
18	8201220	8249934	5	4	1	2
18	8249935	9940706	5	4	1	2
18	9940707	10838467	4	3	1	2
18	10838468	10841818	4	3	1	2
18	10841819	10871777	4	3	1	3
18	10871778	12162740	4	3	1	3
18	12162741	13171369	4	3	1	2
18	13171370	13183000	4	3	1	2
18	13183001	13198286	4	3	1	2
18	13198287	14511452	4	3	1	3
18	14511453	14512297	4	3	1	2
18	14512298	18999999	4	3	1	2
18	19000000	19252734	4	3	1	2
18	19252735	19252818	5	4	1	1
18	19252819	19862183	5	4	1	1
18	19862184	20196815	6	5	1	2
18	20196816	20268164	6	5	1	3
18	20268165	20392788	6	5	1	3
18	20392789	20503908	4	3	1	2
18	20503909	20791723	5	4	1	1
18	20791724	20794810	6	5	1	2
18	20794811	20920249	6	5	1	2
18	20920250	20925407	4	3	1	2
18	20925408	36516671	4	3	1	2
18	36516672	38580738	2	1	1	2
18	38580739	55198890	4	3	1	2
18	55198891	63550292	4	3	1	3
18	63550293	76117000	2	1	1	2
18	76117001	77866457	2	1	1	2
19	102500	308195	2	2	0	2
19	308196	5532014	1	1	0	2
19	5532015	5536904	3	2	1	2
19	5536905	8757120	5	3	2	2
19	8757121	11033579	3	2	1	2
19	11033580	11371408	1	1	0	2
19	11371409	18025692	3	2	1	2
19	18025693	18098199	1	1	0	2
19	18098200	18098593	1	1	0	2
19	18098594	18418493	1	1	0	2
19	18418494	24399999	3	2	1	2
19	24400000	28599999	NA	NA	NA	NA
19	28600000	28811628	6	4	2	2
19	28811629	28812832	7	6	1	2
19	28812833	29410396	10	8	2	2
19	29410397	29420498	7	7	0	1
19	29420499	31405254	10	8	2	2
19	31405255	31431124	10	7	3	1
19	31431125	31459966	9	7	2	1
19	31459967	33004201	4	3	1	2
19	33004202	35975865	2	1	1	2
19	35975866	45349790	3	2	1	2
19	45349791	45366643	2	1	1	2
19	45366644	59128982	2	1	1	2
20	24347	25599999	6	3	3	2
20	25600000	29502500	NA	NA	NA	NA
20	29502501	62432500	5	3	2	1
21	1	10899999	NA	NA	NA	NA
21	10900000	14299999	2	2	0	1
21	14300000	15438801	4	2	2	2
21	15438802	33610045	4	2	2	2
21	33610046	33661147	6	4	2	2
21	33661148	38730017	4	2	2	2
21	38730018	40576601	4	2	2	2
21	40576602	46937500	4	2	2	2
21	46937501	48129894	4	2	2	2
22	1	12199999	2	2	0	1
22	12200000	17899999	2	2	0	2
22	17900000	38539320	2	2	0	3
22	38539321	38648419	2	2	0	2
22	38648420	49687500	2	2	0	3
22	49687501	51304565	2	2	0	3
X	1	28064990	2	1	1	3
X	28064991	28068792	2	1	1	2
X	28068793	53628650	2	1	1	2
X	53628651	54143855	2	1	1	2
X	54143856	58099999	2	1	1	2
X	58100000	62999999	2	1	1	2
X	63000000	118583186	2	1	1	3
X	118583187	118588008	1	1	0	2
X	118588009	153522912	2	1	1	2
X	153522913	153923778	3	2	1	2
X	153923779	154913600	2	1	1	3
