chromosome	start	end	total_cn	major_cn	minor_cn	star
1	1	796099	2	1	1	2
1	796100	49601885	2	1	1	2
1	49601886	49610463	2	1	1	2
1	49610464	121499999	2	1	1	2
1	121500000	128899999	2	1	1	2
1	128900000	143124268	2	1	1	2
1	143124269	149239849	3	2	1	2
1	149239850	154771758	3	2	1	2
1	154771759	155452519	4	3	1	2
1	155452520	156990278	3	2	1	2
1	156990279	156992443	3	2	1	2
1	156992444	166354597	5	4	1	2
1	166354598	166354883	5	4	1	2
1	166354884	167900075	1	1	0	2
1	167900076	247247500	2	1	1	3
1	247247501	249250620	2	1	1	2
2	20016	90468595	2	1	1	3
2	90468596	96799999	2	1	1	3
2	96800000	148820077	2	1	1	3
2	148820078	149176452	1	1	0	2
2	149176453	233207908	2	1	1	3
2	233207909	233263391	2	1	1	2
2	233263392	233623289	2	1	1	3
2	233623290	233623967	2	1	1	2
2	233623968	233706432	5	3	2	2
2	233706433	242991569	2	1	1	3
3	62226	16830215	1	1	0	2
3	16830216	16862691	1	1	0	2
3	16862692	16866022	1	1	0	2
3	16866023	17909825	1	1	0	2
3	17909826	18039237	1	1	0	3
3	18039238	24643278	1	1	0	3
3	24643279	24831140	1	1	0	2
3	24831141	84342687	1	1	0	3
3	84342688	84406226	2	1	1	2
3	84406227	87899999	1	1	0	3
3	87900000	94316413	NA	NA	NA	NA
3	94316414	94659996	2	1	1	2
3	94659997	97452524	2	1	1	2
3	97452525	98272618	2	1	1	2
3	98272619	98501100	1	1	0	2
3	98501101	108826249	2	1	1	2
3	108826250	144067679	2	1	1	2
3	144067680	144069821	2	1	1	2
3	144069822	144102020	2	1	1	2
3	144102021	144719462	3	2	1	2
3	144719463	144723391	3	2	1	2
3	144723392	176831757	3	2	1	2
3	176831758	177215068	4	3	1	2
3	177215069	198022429	3	2	1	2
4	9997	33146488	2	1	1	2
4	33146489	48199999	2	1	1	2
4	48200000	52699999	2	1	1	2
4	52700000	64229293	2	1	1	2
4	64229294	190749943	1	1	0	2
5	22500	18461436	2	1	1	2
5	18461437	18491130	2	1	1	1
5	18491131	46099999	2	1	1	2
5	46100000	50699999	2	1	1	2
5	50700000	64946744	2	1	1	3
5	64946745	64947000	2	1	1	3
5	64947001	179701511	2	1	1	3
5	179701512	180336221	1	1	0	2
5	180336222	180712500	2	1	1	3
6	39681	209979	2	1	1	2
6	209980	29259210	2	1	1	3
6	29259211	29359030	1	1	0	3
6	29359031	55017196	2	1	1	3
6	55017197	55241662	3	2	1	2
6	55241663	57309958	2	1	1	2
6	57309959	58090771	1	1	0	2
6	58090772	58354335	2	1	1	2
6	58354336	63299999	NA	NA	NA	NA
6	63300000	170912503	1	1	0	2
7	40386	26142186	2	1	1	3
7	26142187	26267846	1	1	0	2
7	26267847	57999999	2	1	1	3
7	58000000	61699999	2	1	1	3
7	61700000	72847036	2	1	1	2
7	72847037	72936671	2	1	1	1
7	72936672	158821400	2	1	1	2
8	10001	172499	2	1	1	2
8	172500	13910931	2	1	1	2
8	13910932	26911843	1	1	0	2
8	26911844	37786437	2	1	1	2
8	37786438	38349423	3	2	1	2
8	38349424	39214344	2	1	1	2
8	39214345	39216350	2	1	1	2
8	39216351	41155195	3	2	1	2
8	41155196	41386621	9	6	3	2
8	41386622	41443778	9	6	3	2
8	41443779	41449408	12	11	1	1
8	41449409	41520804	12	11	1	2
8	41520805	41521989	12	11	1	1
8	41521990	41537511	13	12	1	1
8	41537512	41538643	13	12	1	1
8	41538644	41567345	13	12	1	1
8	41567346	41570009	8	7	1	1
8	41570010	41696213	8	7	1	2
8	41696214	41968978	8	7	1	2
8	41968979	41973923	2	1	1	1
8	41973924	41980501	2	1	1	1
8	41980502	42463504	2	1	1	2
8	42463505	42480988	8	7	1	1
8	42480989	42482485	8	7	1	1
8	42482486	42494647	8	7	1	1
8	42494648	42633612	8	7	1	2
8	42633613	42634786	3	2	1	2
8	42634787	42741394	3	2	1	1
8	42741395	43099999	3	2	1	2
8	43100000	48099999	NA	NA	NA	NA
8	48100000	99825806	2	1	1	2
8	99825807	99892935	2	1	1	2
8	99892936	146364021	2	1	1	2
9	47500	32236655	1	1	0	2
9	32236656	33199665	1	1	0	2
9	33199666	33590129	2	1	1	2
9	33590130	33592166	1	1	0	2
9	33592167	34939918	1	1	0	2
9	34939919	35918111	2	1	1	2
9	35918112	47299999	1	1	0	2
9	47300000	50699999	1	1	0	2
9	50700000	67984602	1	1	0	2
9	67984603	70507201	1	1	0	2
9	70507202	140273200	1	1	0	2
10	95074	27128899	1	1	0	2
10	27128900	27128953	1	1	0	2
10	27128954	27129354	1	1	0	2
10	27129355	28041642	5	4	1	2
10	28041643	28441280	4	3	1	2
10	28441281	29028893	6	5	1	2
10	29028894	37999999	2	1	1	3
10	38000000	42299999	2	1	1	3
10	42300000	135389924	2	1	1	3
11	20721	197336	2	2	0	1
11	197337	51599999	2	1	1	2
11	51600000	55699999	2	1	1	2
11	55700000	129529523	2	1	1	3
11	129529524	129626098	2	2	0	1
11	129626099	134452200	2	1	1	3
12	110107	2374257	2	1	1	3
12	2374258	2560040	3	2	1	2
12	2560041	33299999	2	1	1	3
12	33300000	38199999	2	1	1	3
12	38200000	69671747	2	1	1	3
12	69671748	69999739	6	5	1	2
12	69999740	88580336	2	1	1	3
12	88580337	88848393	3	2	1	2
12	88848394	118577021	2	1	1	3
12	118577022	118607789	3	2	1	2
12	118607790	121349853	2	1	1	3
12	121349854	121470641	3	2	1	2
12	121470642	132349400	2	1	1	3
12	132349401	133851894	2	1	1	2
13	1	16299999	2	1	1	1
13	16300000	19499999	2	1	1	2
13	19500000	32542221	2	1	1	3
13	32542222	32732867	1	1	0	2
13	32732868	33540447	2	1	1	3
13	33540448	33846723	3	2	1	2
13	33846724	105104123	2	1	1	3
13	105104124	105179628	3	2	1	2
13	105179629	114142800	2	1	1	3
13	114142801	115169877	2	1	1	2
14	1	16099999	2	1	1	1
14	16100000	19099999	2	1	1	2
14	19100000	70063728	2	1	1	3
14	70063729	70063909	2	1	1	3
14	70063910	102455782	2	1	1	3
14	102455783	102580048	2	1	1	2
14	102580049	106039754	2	1	1	3
14	106039755	106159976	2	1	1	2
14	106159977	106368400	2	1	1	2
15	1	15799999	2	2	0	1
15	15800000	20699999	NA	NA	NA	NA
15	20700000	23950158	2	1	1	2
15	23950159	28711254	3	2	1	2
15	28711255	32872002	3	2	1	1
15	32872003	65054779	3	2	1	2
15	65054780	86745840	2	1	1	2
15	86745841	87592658	3	2	1	2
15	87592659	89161235	2	1	1	2
15	89161236	89457415	3	2	1	2
15	89457416	89859136	2	1	1	2
15	89859137	95963867	3	2	1	2
15	95963868	96100164	2	1	1	2
15	96100165	96153814	3	2	1	2
15	96153815	96208329	3	2	1	1
15	96208330	96315028	2	1	1	2
15	96315029	96320763	3	2	1	1
15	96320764	96419623	3	2	1	2
15	96419624	96560186	2	1	1	2
15	96560187	96564271	3	2	1	2
15	96564272	96564895	3	2	1	1
15	96564896	96565715	3	2	1	2
15	96565716	96568048	3	2	1	2
15	96568049	100338800	3	2	1	2
15	100338801	102399429	3	2	1	2
16	90538	32375016	2	1	1	3
16	32375017	34599999	2	1	1	3
16	34600000	38599999	NA	NA	NA	NA
16	38600000	46415802	4	3	1	2
16	46415803	88827200	3	2	1	2
16	88827201	90354752	3	2	1	2
17	4817	22199999	1	1	0	3
17	22200000	25799999	NA	NA	NA	NA
17	25800000	49156606	2	1	1	3
17	49156607	49480870	3	2	1	2
17	49480871	78774600	2	1	1	3
17	78774601	81195209	2	1	1	2
18	27500	15399999	1	1	0	3
18	15400000	18999999	1	1	0	3
18	19000000	76117000	1	1	0	3
18	76117001	78077247	1	1	0	3
19	102500	295227	2	1	1	2
19	295228	24399999	2	1	1	2
19	24400000	28599999	2	1	1	2
19	28600000	59128982	2	1	1	2
20	24347	22087264	1	1	0	2
20	22087265	25599999	2	1	1	3
20	25600000	29507499	2	1	1	3
20	29507500	62432500	2	1	1	2
21	1	9417499	NA	NA	NA	NA
21	9417500	10899999	NA	NA	NA	NA
21	10900000	14757564	2	2	0	1
21	14757565	46873291	2	1	1	3
21	46873292	47251386	3	2	1	2
22	1	12199999	2	1	1	1
22	12200000	17899999	2	1	1	3
22	17900000	29065810	2	1	1	3
22	29065811	30905085	2	1	1	3
22	30905086	31200426	3	2	1	2
22	31200427	42547601	2	1	1	3
22	42547602	42642453	2	2	0	1
22	42642454	49687500	2	2	0	2
22	49687501	51304565	2	2	0	2
X	1	58099999	2	1	1	2
X	58100000	62999999	2	1	1	2
X	63000000	101126458	2	1	1	2
X	101126459	101190841	1	1	0	1
X	101190842	104002720	2	1	1	2
X	104002721	104095116	1	1	0	2
X	104095117	126008368	2	1	1	2
X	126008369	126082363	1	1	0	2
X	126082364	126181567	2	1	1	2
X	126181568	126186115	2	1	1	2
X	126186116	140094987	2	1	1	2
X	140094988	140443128	2	1	1	2
X	140443129	140750682	2	1	1	2
X	140750683	140770618	1	1	0	2
X	140770619	140820617	1	1	0	2
X	140820618	140884003	2	1	1	2
X	140884004	140884076	2	1	1	2
X	140884077	145720931	2	1	1	2
X	145720932	147744900	1	1	0	2
X	147744901	147923605	2	1	1	2
X	147923606	148090690	1	1	0	2
X	148090691	150658336	2	1	1	2
X	150658337	150910708	1	1	0	2
X	150910709	154913600	2	1	1	2
