chromosome	start	end	total_cn	major_cn	minor_cn	star
1	10001	121499999	2	1	1	3
1	121500000	128899999	2	1	1	2
1	128900000	142570938	2	1	1	2
1	142570939	247247500	2	1	1	3
1	247247501	249250620	2	1	1	3
2	54536	90499999	2	1	1	3
2	90500000	96799999	2	1	1	3
2	96800000	102445956	2	1	1	3
2	102445957	103418287	1	1	0	2
2	103418288	103418964	1	1	0	2
2	103418965	103419108	1	1	0	2
2	103419109	103421932	1	1	0	1
2	103421933	108791005	2	1	1	2
2	108791006	109537713	1	1	0	2
2	109537714	109541134	2	1	1	2
2	109541135	114426372	2	1	1	3
2	114426373	242985493	2	1	1	3
3	10001	100073	2	1	1	2
3	100074	44194358	2	1	1	3
3	44194359	44195047	2	1	1	3
3	44195048	87899999	2	1	1	3
3	87900000	93899999	2	1	1	3
3	93900000	198022429	2	1	1	3
4	27500	48199999	2	1	1	3
4	48200000	52699999	2	1	1	3
4	52700000	92017177	2	1	1	3
4	92017178	92630156	3	2	1	2
4	92630157	190749943	2	1	1	3
5	57457	39834601	2	1	1	3
5	39834602	40729948	1	1	0	2
5	40729949	40780578	2	1	1	2
5	40780579	46099999	2	1	1	3
5	46100000	50699999	2	1	1	2
5	50700000	59471019	2	1	1	3
5	59471020	62725270	3	2	1	2
5	62725271	180689978	2	1	1	3
6	39681	203844	2	1	1	1
6	203845	41760949	2	1	1	3
6	41760950	42759774	2	1	1	2
6	42759775	58699999	2	1	1	3
6	58700000	63299999	2	1	1	3
6	63300000	170899934	2	1	1	3
7	40386	57999999	2	1	1	3
7	58000000	61699999	2	1	1	3
7	61700000	65132710	2	1	1	2
7	65132711	158817500	3	2	1	2
8	10001	172499	1	1	0	2
8	172500	26897193	1	1	0	2
8	26897194	43099999	2	1	1	3
8	43100000	48099999	2	1	1	2
8	48100000	146364021	2	1	1	3
9	55056	47299999	2	1	1	3
9	47300000	50699999	2	1	1	2
9	50700000	140267500	2	1	1	3
10	102500	37999999	2	1	1	3
10	38000000	42397372	2	1	1	2
10	42397373	135389924	2	1	1	2
11	20721	190009	2	1	1	2
11	190010	51599999	2	1	1	3
11	51600000	55699999	2	1	1	3
11	55700000	134442500	2	1	1	3
12	110107	4326369	2	1	1	3
12	4326370	5902933	1	1	0	3
12	5902934	12416873	2	1	1	2
12	12416874	12416900	2	1	1	2
12	12416901	13463042	1	1	0	2
12	13463043	22685131	2	1	1	3
12	22685132	22926943	1	1	0	2
12	22926944	27844604	2	1	1	3
12	27844605	31423822	1	1	0	3
12	31423823	31776674	2	1	1	3
12	31776675	31801806	1	1	0	2
12	31801807	33299999	2	1	1	3
12	33300000	38199999	2	1	1	2
12	38200000	132670022	2	1	1	3
12	132670023	133205505	1	1	0	3
13	1	16299999	2	1	1	1
13	16300000	19499999	2	1	1	2
13	19500000	34370009	2	1	1	2
13	34370010	43826604	1	1	0	2
13	43826605	44162541	1	1	0	2
13	44162542	44164957	1	1	0	2
13	44164958	114137500	1	1	0	3
13	114137501	115008091	1	1	0	3
14	1	16099999	2	1	1	1
14	16100000	19099999	2	1	1	2
14	19100000	106362500	2	1	1	3
15	1	15799999	2	1	1	1
15	15800000	20699999	2	1	1	2
15	20700000	41952814	2	1	1	3
15	41952815	60548585	2	1	1	3
15	60548586	60598859	2	1	1	3
15	60598860	60598949	2	1	1	2
15	60598950	75741155	2	1	1	3
15	75741156	75741690	2	1	1	3
15	75741691	90199324	2	1	1	3
15	90199325	92263313	2	1	1	2
15	92263314	92765357	2	1	1	3
15	92765358	92765459	2	1	1	3
15	92765460	101924277	2	1	1	3
15	101924278	102038963	1	1	0	2
16	100010	34599999	2	1	1	3
16	34600000	38599999	2	1	1	3
16	38600000	78552607	2	1	1	3
16	78552608	81203154	1	1	0	3
16	81203155	81203213	1	1	0	3
16	81203214	81203536	1	1	0	2
16	81203537	88827200	1	1	0	3
16	88827201	90354752	1	1	0	3
17	7	22199999	2	1	1	2
17	22200000	25799999	2	1	1	3
17	25800000	29262095	2	1	1	3
17	29262096	46259276	1	1	0	3
17	46259277	55944290	2	1	1	3
17	55944291	56665927	1	1	0	3
17	56665928	78774600	2	1	1	3
17	78774601	81195209	2	1	1	3
18	27500	130030	2	1	1	2
18	130031	15399999	2	1	1	3
18	15400000	18999999	2	1	1	3
18	19000000	76117000	2	1	1	2
18	76117001	78077247	2	1	1	2
19	260137	24399999	2	1	1	2
19	24400000	28599999	2	1	1	2
19	28600000	59128982	2	1	1	3
20	17500	25599999	2	1	1	3
20	25600000	29399999	2	1	1	3
20	29400000	62432500	2	1	1	3
21	1	9417499	NA	NA	NA	NA
21	9417500	10899999	NA	NA	NA	NA
21	10900000	14299999	1	1	0	1
21	14300000	40611401	2	1	1	3
21	40611402	42870036	1	1	0	3
21	42870037	46937500	2	1	1	3
21	46937501	48129894	2	1	1	3
22	1	12199999	2	1	1	1
22	12200000	17899999	2	1	1	3
22	17900000	49687500	2	1	1	3
22	49687501	51304565	2	1	1	3
X	1	58099999	1	1	0	3
X	58100000	62999999	1	1	0	3
X	63000000	155270559	1	1	0	3
Y	1	11599999	1	1	0	1
Y	11600000	13399999	1	1	0	1
Y	13400000	59373565	1	1	0	1
