chromosome	start	end	total_cn	major_cn	minor_cn	star
1	1	12626051	3	2	1	2
1	12626052	12626251	3	2	1	2
1	12626252	33358768	3	2	1	3
1	33358769	60770402	3	2	1	3
1	60770403	85599254	4	2	2	3
1	85599255	96118412	4	2	2	3
1	96118413	101843969	4	2	2	3
1	101843970	101844130	4	2	2	3
1	101844131	106333344	4	2	2	3
1	106333345	106344961	4	2	2	2
1	106344962	108040018	4	2	2	3
1	108040019	117625815	4	2	2	3
1	117625816	119832511	4	2	2	3
1	119832512	121499999	4	2	2	2
1	121500000	128899999	4	2	2	2
1	128900000	143160938	4	2	2	2
1	143160939	150581477	4	2	2	3
1	150581478	150805652	5	3	2	2
1	150805653	167842428	4	2	2	3
1	167842429	176196142	4	2	2	3
1	176196143	179157188	4	2	2	3
1	179157189	180502667	4	2	2	3
1	180502668	181594038	4	2	2	3
1	181594039	181594974	4	2	2	3
1	181594975	192257298	4	2	2	3
1	192257299	192259367	4	2	2	2
1	192259368	192261556	3	2	1	1
1	192261557	193041199	3	2	1	3
1	193041200	197274879	4	2	2	2
1	197274880	197445190	3	2	1	3
1	197445191	198047201	4	2	2	2
1	198047202	198480003	5	3	2	2
1	198480004	199777242	4	2	2	2
1	199777243	200827528	3	2	1	3
1	200827529	202198502	3	2	1	3
1	202198503	205726083	4	2	2	3
1	205726084	237543045	3	2	1	3
1	237543046	245939740	3	2	1	3
1	245939741	247249600	3	2	1	3
1	247249601	249250620	3	2	1	3
2	46026	40192115	4	2	2	3
2	40192116	43780896	4	2	2	3
2	43780897	43972346	6	4	2	2
2	43972347	69576555	4	2	2	2
2	69576556	69930202	5	3	2	2
2	69930203	70939811	4	2	2	2
2	70939812	71226827	5	3	2	2
2	71226828	90499999	4	2	2	3
2	90500000	96799999	4	2	2	3
2	96800000	166102851	4	2	2	3
2	166102852	166248384	6	4	2	2
2	166248385	178183212	4	2	2	2
2	178183213	186765937	4	2	2	2
2	186765938	206128488	4	2	2	2
2	206128489	206689653	5	3	2	2
2	206689654	208610884	4	2	2	2
2	208610885	208739824	6	4	2	2
2	208739825	208954223	4	2	2	3
2	208954224	227903611	4	2	2	2
2	227903612	227903848	4	2	2	2
2	227903849	242985493	4	2	2	2
3	80797	12751401	4	2	2	2
3	12751402	13129977	5	3	2	2
3	13129978	48523814	4	2	2	2
3	48523815	48734640	4	2	2	2
3	48734641	49147242	4	2	2	2
3	49147243	67939787	4	2	2	3
3	67939788	71331029	4	2	2	2
3	71331030	71543354	4	2	2	1
3	71543355	87899999	4	2	2	3
3	87900000	94015693	4	2	2	2
3	94015694	99516196	4	2	2	2
3	99516197	123241688	4	2	2	3
3	123241689	123482722	2	2	0	3
3	123482723	125145477	4	2	2	3
3	125145478	125706108	5	3	2	2
3	125706109	136567860	4	2	2	2
3	136567861	136702430	6	4	2	2
3	136702431	147061249	4	2	2	3
3	147061250	148740361	4	2	2	3
3	148740362	175565053	4	2	2	3
3	175565054	188344667	4	2	2	3
3	188344668	197847500	3	2	1	3
4	25656	1920104	4	2	2	2
4	1920105	2094571	6	4	2	2
4	2094572	8670000	4	2	2	2
4	8670001	24432609	4	2	2	3
4	24432610	24536662	6	4	2	2
4	24536663	26008625	4	2	2	3
4	26008626	27796359	4	2	2	3
4	27796360	30712209	4	2	2	3
4	30712210	48199999	4	2	2	3
4	48200000	52699999	4	2	2	3
4	52700000	57536479	4	2	2	3
4	57536480	57536514	4	2	2	2
4	57536515	64780613	2	2	0	3
4	64780614	69375602	2	2	0	3
4	69375603	161865308	2	2	0	3
4	161865309	161930841	2	1	1	2
4	161930842	190749943	2	2	0	3
5	22500	974958	3	2	1	2
5	974959	10085442	3	2	1	2
5	10085443	10439076	5	4	1	3
5	10439077	39301762	3	2	1	3
5	39301763	39301817	3	2	1	2
5	39301818	39854410	4	2	2	2
5	39854411	46099999	4	2	2	2
5	46100000	50699999	4	2	2	3
5	50700000	55728999	4	2	2	3
5	55729000	56090172	5	3	2	3
5	56090173	66700898	4	2	2	3
5	66700899	79781866	4	2	2	3
5	79781867	80050784	5	3	2	2
5	80050785	93607762	4	2	2	3
5	93607763	110040244	4	2	2	3
5	110040245	110271656	5	3	2	2
5	110271657	112206882	4	2	2	3
5	112206883	142891664	4	2	2	3
5	142891665	142892074	4	2	2	3
5	142892075	142892099	4	2	2	2
5	142892100	156787696	4	2	2	3
5	156787697	156788034	4	2	2	3
5	156788035	156804307	4	2	2	2
5	156804308	156804318	4	2	2	2
5	156804319	157109241	4	2	2	3
5	157109242	157109255	4	2	2	3
5	157109256	157481422	4	2	2	3
5	157481423	157488970	4	2	2	2
5	157488971	157783136	4	2	2	3
5	157783137	157784680	4	2	2	1
5	157784681	162131131	4	2	2	3
5	162131132	162131174	4	2	2	3
5	162131175	164769671	4	2	2	3
5	164769672	165645487	4	2	2	3
5	165645488	175296662	4	2	2	3
5	175296663	175543637	5	3	2	1
5	175543638	175566461	4	2	2	2
5	175566462	175566708	4	2	2	2
5	175566709	180700511	4	2	2	2
6	39681	205609	1	1	0	1
6	205610	407499	3	3	0	2
6	407500	27495948	2	2	0	3
6	27495949	27909917	2	2	0	3
6	27909918	36820834	5	3	2	3
6	36820835	37292516	6	3	3	2
6	37292517	44375949	5	3	2	3
6	44375950	44380122	5	3	2	3
6	44380123	53102000	5	3	2	3
6	53102001	53249038	7	4	3	2
6	53249039	53286695	5	3	2	2
6	53286696	53286889	5	3	2	2
6	53286890	53660312	5	3	2	2
6	53660313	54044657	6	3	3	2
6	54044658	55475744	5	3	2	3
6	55475745	55719901	6	4	2	3
6	55719902	58699999	5	3	2	2
6	58700000	63299999	5	3	2	3
6	63300000	70367828	5	3	2	3
6	70367829	73848783	5	3	2	3
6	73848784	90385935	4	2	2	3
6	90385936	90728976	5	3	2	2
6	90728977	102249564	4	2	2	3
6	102249565	102297939	5	3	2	2
6	102297940	102862533	4	2	2	2
6	102862534	102940143	5	3	2	2
6	102940144	103443158	4	2	2	3
6	103443159	103461457	4	2	2	2
6	103461458	103820660	4	2	2	3
6	103820661	103824417	4	2	2	3
6	103824418	103854618	4	2	2	3
6	103854619	103855052	4	2	2	2
6	103855053	104281701	4	2	2	3
6	104281702	104319937	5	3	2	2
6	104319938	104357079	4	2	2	2
6	104357080	104376499	5	3	2	2
6	104376500	104379876	5	3	2	1
6	104379877	104412965	5	3	2	2
6	104412966	104656514	4	2	2	2
6	104656515	104702045	5	3	2	2
6	104702046	105090535	4	2	2	2
6	105090536	105091215	4	2	2	2
6	105091216	105326490	4	2	2	3
6	105326491	105439029	5	3	2	2
6	105439030	106030086	4	2	2	3
6	106030087	106831479	4	2	2	3
6	106831480	106849049	4	2	2	2
6	106849050	108115759	4	2	2	2
6	108115760	108327742	5	3	2	2
6	108327743	109476119	4	2	2	2
6	109476120	109506062	4	2	2	2
6	109506063	109739909	4	2	2	2
6	109739910	109828612	5	3	2	2
6	109828613	110102975	4	2	2	2
6	110102976	110121878	5	3	2	2
6	110121879	110210037	4	2	2	2
6	110210038	110879703	4	2	2	2
6	110879704	110907366	4	2	2	2
6	110907367	114921267	4	2	2	2
6	114921268	114972301	5	3	2	2
6	114972302	115939013	4	2	2	2
6	115939014	115950763	4	2	2	2
6	115950764	116623979	4	2	2	2
6	116623980	116638183	4	2	2	2
6	116638184	116910797	4	2	2	2
6	116910798	116940573	4	2	2	2
6	116940574	116946835	4	2	2	2
6	116946836	117042021	4	2	2	1
6	117042022	117296004	4	2	2	2
6	117296005	119301497	4	2	2	2
6	119301498	119331723	5	3	2	2
6	119331724	119390743	4	2	2	2
6	119390744	119411313	5	3	2	2
6	119411314	120671070	4	2	2	2
6	120671071	120694423	4	2	2	2
6	120694424	121932771	4	2	2	2
6	121932772	122631376	4	2	2	2
6	122631377	122732857	5	3	2	2
6	122732858	122741896	4	2	2	2
6	122741897	122749439	4	2	2	2
6	122749440	124621974	4	2	2	2
6	124621975	125068005	4	2	2	3
6	125068006	126402679	4	2	2	2
6	126402680	126412242	4	2	2	2
6	126412243	126858237	4	2	2	2
6	126858238	126903959	4	2	2	2
6	126903960	126909537	4	2	2	2
6	126909538	126931233	4	2	2	2
6	126931234	128199472	4	2	2	2
6	128199473	128220721	5	3	2	2
6	128220722	128281865	4	2	2	2
6	128281866	128295599	4	2	2	2
6	128295600	128373438	4	2	2	2
6	128373439	128393196	4	2	2	2
6	128393197	128543438	1	1	0	2
6	128543439	128689402	3	2	1	2
6	128689403	129377695	4	2	2	2
6	129377696	129398935	4	2	2	2
6	129398936	129535556	4	2	2	3
6	129535557	129549332	5	3	2	2
6	129549333	129554940	4	2	2	2
6	129554941	129557393	4	2	2	2
6	129557394	129660951	4	2	2	2
6	129660952	129666182	4	2	2	2
6	129666183	129931316	4	2	2	2
6	129931317	130009929	5	3	2	2
6	130009930	130679609	4	2	2	2
6	130679610	130723612	5	3	2	2
6	130723613	130792004	5	3	2	2
6	130792005	130797002	5	3	2	2
6	130797003	132366448	4	2	2	2
6	132366449	132375940	4	2	2	2
6	132375941	132772370	4	2	2	3
6	132772371	132808433	5	3	2	2
6	132808434	132831491	5	3	2	2
6	132831492	132923672	4	2	2	3
6	132923673	133021623	5	3	2	2
6	133021624	133086942	4	2	2	3
6	133086943	133306273	4	2	2	2
6	133306274	133362458	4	2	2	3
6	133362459	133373880	4	2	2	2
6	133373881	134473487	4	2	2	2
6	134473488	134508778	5	3	2	2
6	134508779	135243783	4	2	2	2
6	135243784	135640932	5	3	2	2
6	135640933	135641013	5	3	2	2
6	135641014	136820064	5	3	2	2
6	136820065	136870002	5	3	2	2
6	136870003	137007801	5	3	2	2
6	137007802	137178602	6	4	2	2
6	137178603	137552366	5	3	2	2
6	137552367	137553404	5	3	2	2
6	137553405	139250802	5	3	2	2
6	139250803	139291269	5	3	2	2
6	139291270	139427302	5	3	2	2
6	139427303	140243900	5	3	2	2
6	140243901	140244929	5	3	2	2
6	140244930	140309930	5	3	2	2
6	140309931	140313213	5	3	2	2
6	140313214	140375418	5	3	2	2
6	140375419	140491781	5	3	2	1
6	140491782	140578427	5	3	2	2
6	140578428	140585643	5	3	2	2
6	140585644	140769498	5	3	2	2
6	140769499	141866940	5	3	2	2
6	141866941	141869785	5	3	2	2
6	141869786	141929229	6	4	2	2
6	141929230	143029283	5	3	2	2
6	143029284	143029528	5	3	2	2
6	143029529	144455020	5	3	2	2
6	144455021	144487548	5	3	2	2
6	144487549	144491389	8	5	3	1
6	144491390	144539956	8	5	3	1
6	144539957	144601066	5	3	2	2
6	144601067	145913549	5	3	2	2
6	145913550	146023041	5	3	2	2
6	146023042	146498993	5	3	2	2
6	146498994	146517619	6	4	2	2
6	146517620	147730802	5	3	2	2
6	147730803	147781439	6	4	2	2
6	147781440	151222826	5	3	2	2
6	151222827	151249728	6	4	2	2
6	151249729	151882356	5	3	2	2
6	151882357	151887138	5	3	2	2
6	151887139	153766437	5	3	2	2
6	153766438	153829696	6	4	2	2
6	153829697	154767417	5	3	2	2
6	154767418	154794423	5	3	2	2
6	154794424	154819654	5	3	2	2
6	154819655	155849479	5	3	2	2
6	155849480	155877386	5	3	2	2
6	155877387	156037173	5	3	2	2
6	156037174	156053151	5	3	2	2
6	156053152	156054452	4	2	2	2
6	156054453	156054478	4	2	2	2
6	156054479	156404591	5	3	2	2
6	156404592	156407978	5	3	2	2
6	156407979	158851228	5	3	2	2
6	158851229	158852613	5	3	2	2
6	158852614	158893607	5	3	2	2
6	158893608	158893792	5	3	2	2
6	158893793	159379019	5	3	2	3
6	159379020	159537209	7	4	3	2
6	159537210	159692095	5	3	2	2
6	159692096	159814827	6	4	2	2
6	159814828	160481077	5	3	2	2
6	160481078	160611801	8	6	2	2
6	160611802	162682443	5	3	2	2
6	162682444	162747195	6	4	2	2
6	162747196	163194763	5	3	2	2
6	163194764	163337881	6	4	2	2
6	163337882	163988243	5	3	2	2
6	163988244	164044840	6	4	2	2
6	164044841	165432016	5	3	2	2
6	165432017	165448546	6	4	2	2
6	165448547	166166869	5	3	2	2
6	166166870	166175743	5	3	2	2
6	166175744	167532687	5	3	2	2
6	167532688	168111737	5	3	2	3
6	168111738	168127541	5	3	2	1
6	168127542	170859751	5	3	2	2
7	60758	23209152	5	3	2	3
7	23209153	46002131	5	3	2	3
7	46002132	46230438	7	5	2	2
7	46230439	55922166	5	3	2	3
7	55922167	57999999	5	3	2	2
7	58000000	61699999	5	3	2	2
7	61700000	92074179	5	3	2	3
7	92074180	96908207	5	3	2	3
7	96908208	96908513	5	3	2	3
7	96908514	96963427	5	3	2	2
7	96963428	97016042	8	6	2	2
7	97016043	98897614	5	3	2	2
7	98897615	99141375	6	3	3	2
7	99141376	100673553	5	3	2	2
7	100673554	105765422	5	3	2	3
7	105765423	105804245	8	6	2	2
7	105804246	105951093	8	6	2	2
7	105951094	109090840	5	3	2	3
7	109090841	112519348	5	3	2	3
7	112519349	144305563	5	3	2	3
7	144305564	146000161	5	3	2	3
7	146000162	151819959	5	3	2	3
7	151819960	158821400	4	3	1	3
8	10001	164049	3	2	1	2
8	164050	35798502	3	2	1	2
8	35798503	36088979	2	2	0	2
8	36088980	43099999	3	2	1	2
8	43100000	48099999	3	2	1	2
8	48100000	61738049	3	2	1	2
8	61738050	66094560	3	2	1	2
8	66094561	74534186	3	2	1	2
8	74534187	83145335	3	2	1	2
8	83145336	91161157	3	2	1	2
8	91161158	112098872	3	2	1	2
8	112098873	121352225	3	2	1	2
8	121352226	144429601	3	2	1	2
8	144429602	144746724	4	3	1	2
8	144746725	146364021	3	2	1	2
9	47500	26923893	4	2	2	3
9	26923894	26972654	3	2	1	2
9	26972655	33636588	4	2	2	2
9	33636589	33835378	4	2	2	1
9	33835379	33835583	4	2	2	1
9	33835584	33835622	4	2	2	1
9	33835623	33842540	4	2	2	1
9	33842541	43657499	4	2	2	2
9	43657500	47299999	4	2	2	3
9	47300000	50699999	4	2	2	2
9	50700000	80437366	4	2	2	3
9	80437367	80458905	2	2	0	2
9	80458906	105690985	4	2	2	3
9	105690986	108170601	4	2	2	3
9	108170602	108219991	4	2	2	2
9	108219992	140273200	2	2	0	3
10	102500	167494	4	2	2	1
10	167495	4609617	4	2	2	3
10	4609618	4817397	5	3	2	3
10	4817398	22978703	4	2	2	3
10	22978704	37999999	4	2	2	3
10	38000000	43054139	4	2	2	2
10	43054140	46363202	4	2	2	3
10	46363203	49744184	4	2	2	2
10	49744185	51531143	2	2	0	3
10	51531144	51724465	4	2	2	2
10	51724466	52298412	2	2	0	3
10	52298413	62534491	4	2	2	3
10	62534492	65628589	4	2	2	3
10	65628590	83435888	2	2	0	3
10	83435889	83439597	2	2	0	3
10	83439598	86312756	2	2	0	3
10	86312757	101561702	2	2	0	3
10	101561703	102171207	3	3	0	3
10	102171208	112317461	2	2	0	3
10	112317462	112751389	3	3	0	2
10	112751390	116598301	2	2	0	2
10	116598302	129799232	2	2	0	2
10	129799233	130110173	3	3	0	2
10	130110174	134298863	2	2	0	2
10	134298864	135051123	2	2	0	2
10	135051124	135051311	2	2	0	2
10	135051312	135389924	2	2	0	2
11	20721	201189	4	2	2	2
11	201190	34127330	4	2	2	3
11	34127331	34371438	5	3	2	2
11	34371439	39333035	4	2	2	3
11	39333036	51599999	4	2	2	3
11	51600000	55699999	4	2	2	3
11	55700000	58804702	4	2	2	3
11	58804703	58830537	5	3	2	3
11	58830538	58837454	5	3	2	1
11	58837455	58918771	5	3	2	3
11	58918772	68606579	4	2	2	2
11	68606580	73733374	6	4	2	3
11	73733375	73861488	7	4	3	2
11	73861489	74152583	6	4	2	3
11	74152584	74152849	6	4	2	2
11	74152850	111552621	2	2	0	3
11	111552622	112057672	2	2	0	3
11	112057673	112504134	3	3	0	2
11	112504135	134452200	2	2	0	2
12	110107	226018	4	2	2	2
12	226019	5721288	4	2	2	2
12	5721289	14576482	4	2	2	3
12	14576483	17354940	4	2	2	3
12	17354941	33299999	4	2	2	3
12	33300000	39063203	NA	NA	NA	NA
12	39063204	39206505	2	2	0	2
12	39206506	46008050	4	2	2	3
12	46008051	46911954	4	2	2	3
12	46911955	63171945	4	2	2	3
12	63171946	63192293	4	2	2	3
12	63192294	63192307	3	2	1	1
12	63192308	64174367	3	2	1	3
12	64174368	64246602	4	2	2	2
12	64246603	64525024	3	2	1	3
12	64525025	64832508	3	2	1	2
12	64832509	64857615	3	2	1	2
12	64857616	65481277	3	2	1	3
12	65481278	65514266	4	2	2	2
12	65514267	65560789	3	2	1	3
12	65560790	65568728	3	2	1	2
12	65568729	65953974	3	2	1	3
12	65953975	65980862	3	2	1	1
12	65980863	66479536	3	2	1	3
12	66479537	66499412	4	2	2	2
12	66499413	66758017	3	2	1	3
12	66758018	66876612	4	2	2	3
12	66876613	69611623	3	2	1	3
12	69611624	69645596	4	2	2	2
12	69645597	69714190	3	2	1	2
12	69714191	71381295	3	2	1	3
12	71381296	71421293	4	2	2	2
12	71421294	72100122	3	2	1	3
12	72100123	72153710	3	2	1	2
12	72153711	72163100	3	2	1	2
12	72163101	72195923	3	2	1	2
12	72195924	73420828	3	2	1	3
12	73420829	73441100	4	2	2	2
12	73441101	74138436	3	2	1	3
12	74138437	74146768	3	2	1	2
12	74146769	74275332	3	2	1	3
12	74275333	74336140	4	2	2	2
12	74336141	75162481	3	2	1	2
12	75162482	75259719	4	2	2	3
12	75259720	78085556	3	2	1	3
12	78085557	78178247	4	2	2	2
12	78178248	78185614	4	2	2	2
12	78185615	78304082	4	2	2	3
12	78304083	78643303	3	2	1	2
12	78643304	78678337	4	2	2	2
12	78678338	78994654	3	2	1	3
12	78994655	79065948	4	2	2	2
12	79065949	79078036	3	2	1	1
12	79078037	79688684	3	2	1	3
12	79688685	79693163	3	2	1	2
12	79693164	79736721	3	2	1	2
12	79736722	79765469	3	2	1	2
12	79765470	79777149	3	2	1	2
12	79777150	79873457	3	2	1	2
12	79873458	79873901	3	2	1	1
12	79873902	80188083	3	2	1	2
12	80188084	80194997	4	2	2	2
12	80194998	80247397	3	2	1	2
12	80247398	80272023	4	2	2	2
12	80272024	80457001	3	2	1	3
12	80457002	80537122	3	2	1	1
12	80537123	80898863	3	2	1	2
12	80898864	80925473	4	2	2	2
12	80925474	81981205	3	2	1	3
12	81981206	81981301	3	2	1	2
12	81981302	81988618	3	2	1	1
12	81988619	82002354	3	2	1	1
12	82002355	82123838	4	2	2	2
12	82123839	82124712	3	2	1	1
12	82124713	82131785	3	2	1	1
12	82131786	82189272	3	2	1	2
12	82189273	82315601	4	2	2	2
12	82315602	82466896	3	2	1	2
12	82466897	82490651	4	2	2	2
12	82490652	82638121	3	2	1	3
12	82638122	82679882	4	2	2	1
12	82679883	82680082	4	2	2	1
12	82680083	82681115	4	2	2	1
12	82681116	82831262	4	2	2	1
12	82831263	83408174	4	2	2	3
12	83408175	83426059	3	2	1	2
12	83426060	83431762	3	2	1	2
12	83431763	84140854	3	2	1	3
12	84140855	84158564	3	2	1	1
12	84158565	85304095	3	2	1	3
12	85304096	85310382	3	2	1	3
12	85310383	85310412	3	2	1	2
12	85310413	85752340	3	2	1	3
12	85752341	85803419	4	2	2	2
12	85803420	85807918	4	2	2	2
12	85807919	85842088	4	2	2	3
12	85842089	86244978	3	2	1	3
12	86244979	86253223	3	2	1	2
12	86253224	86720810	3	2	1	3
12	86720811	86810414	3	2	1	2
12	86810415	88355159	3	2	1	3
12	88355160	88386479	3	2	1	2
12	88386480	88392606	3	2	1	1
12	88392607	88430768	3	2	1	2
12	88430769	91396111	3	2	1	3
12	91396112	91406931	4	2	2	2
12	91406932	91514686	3	2	1	2
12	91514687	91544204	4	2	2	2
12	91544205	91544472	3	2	1	1
12	91544473	91544549	3	2	1	2
12	91544550	92174357	3	2	1	3
12	92174358	92175409	3	2	1	2
12	92175410	92668412	3	2	1	3
12	92668413	92847566	4	2	2	3
12	92847567	92847619	4	2	2	2
12	92847620	92848204	3	2	1	2
12	92848205	93222701	3	2	1	3
12	93222702	93222822	3	2	1	2
12	93222823	93250412	3	2	1	1
12	93250413	93261267	3	2	1	1
12	93261268	93261883	3	2	1	1
12	93261884	93262072	4	3	1	2
12	93262073	93322595	4	3	1	2
12	93322596	95725891	3	2	1	3
12	95725892	97057049	3	2	1	3
12	97057050	97061058	3	2	1	3
12	97061059	97284425	3	2	1	3
12	97284426	97467955	4	2	2	3
12	97467956	97706823	3	2	1	3
12	97706824	97710113	3	2	1	2
12	97710114	97710150	3	2	1	2
12	97710151	97783440	3	2	1	2
12	97783441	97786936	3	2	1	2
12	97786937	97932789	3	2	1	2
12	97932790	97971783	4	2	2	2
12	97971784	98930978	3	2	1	3
12	98930979	98939975	3	2	1	3
12	98939976	99641050	3	2	1	3
12	99641051	99781143	4	2	2	3
12	99781144	100539492	3	2	1	3
12	100539493	100703125	3	2	1	1
12	100703126	101789879	3	2	1	3
12	101789880	102020613	4	2	2	3
12	102020614	102167848	3	2	1	3
12	102167849	102176487	3	2	1	1
12	102176488	102493906	3	2	1	2
12	102493907	102705029	4	2	2	3
12	102705030	103538906	3	2	1	3
12	103538907	103784335	4	2	2	3
12	103784336	104719354	3	2	1	3
12	104719355	105616987	3	2	1	3
12	105616988	105779702	5	4	1	2
12	105779703	106282147	3	2	1	3
12	106282148	106300772	4	2	2	3
12	106300773	106328638	3	2	1	2
12	106328639	106344473	4	2	2	2
12	106344474	106594588	3	2	1	3
12	106594589	106718005	3	2	1	1
12	106718006	109839981	3	2	1	3
12	109839982	109842310	3	2	1	3
12	109842311	109875505	3	2	1	2
12	109875506	110079573	5	3	2	2
12	110079574	111177598	3	2	1	2
12	111177599	112232437	3	2	1	2
12	112232438	112248485	3	2	1	2
12	112248486	112249046	3	2	1	2
12	112249047	115652451	3	2	1	3
12	115652452	116012715	3	2	1	2
12	116012716	116042187	3	2	1	2
12	116042188	116050064	3	2	1	2
12	116050065	118852014	3	2	1	2
12	118852015	118970184	4	2	2	3
12	118970185	119344412	3	2	1	2
12	119344413	119472766	4	2	2	3
12	119472767	121575734	3	2	1	3
12	121575735	121837698	5	4	1	2
12	121837699	121887909	4	2	2	1
12	121887910	122033393	4	2	2	3
12	122033394	122055475	3	2	1	1
12	122055476	122063050	3	2	1	1
12	122063051	122713644	3	2	1	3
12	122713645	122757671	4	2	2	1
12	122757672	126003326	3	2	1	3
12	126003327	126061407	4	2	2	3
12	126061408	126438803	3	2	1	3
12	126438804	126450017	4	2	2	2
12	126450018	126645700	3	2	1	3
12	126645701	127055762	4	2	2	2
12	127055763	127060019	3	2	1	2
12	127060020	128390730	3	2	1	3
12	128390731	128390959	3	2	1	3
12	128390960	128409901	3	2	1	3
12	128409902	128492379	4	2	2	3
12	128492380	128676743	3	2	1	2
12	128676744	128702253	4	2	2	2
12	128702254	129882403	3	2	1	2
12	129882404	129894126	3	2	1	2
12	129894127	130482458	3	2	1	2
12	130482459	130486384	3	2	1	2
12	130486385	131809435	3	2	1	2
12	131809436	132698902	1	1	0	2
12	132698903	133313416	1	1	0	2
12	133313417	133313692	1	1	0	2
13	1	16299999	4	2	2	1
13	16300000	19499999	4	2	2	2
13	19500000	24946602	4	2	2	2
13	24946603	45401887	2	2	0	2
13	45401888	49442959	4	2	2	2
13	49442960	50163322	3	2	1	2
13	50163323	50215806	2	2	0	2
13	50215807	50216740	2	2	0	2
13	50216741	54754565	2	2	0	2
13	54754566	60299925	4	2	2	2
13	60299926	60388908	4	2	2	1
13	60388909	60403382	4	2	2	1
13	60403383	60424563	2	2	0	2
13	60424564	60470896	4	2	2	2
13	60470897	95430671	4	2	2	2
13	95430672	95649439	6	4	2	2
13	95649440	114142800	4	2	2	2
13	114142801	114984336	4	2	2	2
14	1	16099999	3	2	1	1
14	16100000	19099999	3	2	1	1
14	19100000	20474579	3	2	1	2
14	20474580	47431796	3	2	1	2
14	47431797	47529364	4	2	2	2
14	47529365	75402138	3	2	1	3
14	75402139	75549311	4	2	2	2
14	75549312	75605592	2	2	0	2
14	75605593	102898606	4	2	2	3
14	102898607	106130011	4	2	2	2
14	106130012	106368400	2	2	0	2
14	106368401	106710046	2	2	0	2
15	1	15799999	7	4	3	1
15	15800000	20699999	NA	NA	NA	NA
15	20700000	22697400	4	3	1	2
15	22697401	22765491	6	4	2	2
15	22765492	22765755	6	4	2	2
15	22765756	22943249	6	4	2	2
15	22943250	60908645	4	2	2	3
15	60908646	61086299	5	3	2	2
15	61086300	89855163	4	2	2	3
15	89855164	90154478	5	3	2	3
15	90154479	100338800	4	2	2	3
15	100338801	102531391	4	2	2	2
16	88688	3282390	4	2	2	2
16	3282391	3719076	5	3	2	2
16	3719077	34599999	4	2	2	3
16	34600000	38599999	4	2	2	3
16	38600000	50771845	4	2	2	3
16	50771846	88827200	3	2	1	3
16	88827201	90354752	3	2	1	2
17	12500	13142300	2	2	0	3
17	13142301	16820204	3	2	1	3
17	16820205	16829116	3	2	1	3
17	16829117	19725867	3	2	1	2
17	19725868	21539973	2	2	0	2
17	21539974	25799999	NA	NA	NA	NA
17	25800000	36337500	4	2	2	3
17	36337501	40671293	3	2	1	3
17	40671294	40671416	3	2	1	3
17	40671417	43330703	3	2	1	2
17	43330704	46915356	4	2	2	2
17	46915357	47213136	5	3	2	3
17	47213137	73118732	4	2	2	2
17	73118733	73323112	6	4	2	1
17	73323113	78774600	4	2	2	2
17	78774601	81195209	4	2	2	2
18	27500	2790150	5	3	2	3
18	2790151	5487191	6	4	2	3
18	5487192	5487760	6	4	2	1
18	5487761	15399999	4	2	2	3
18	15400000	18999999	4	2	2	3
18	19000000	30106516	4	2	2	3
18	30106517	30284297	4	2	2	1
18	30284298	59630951	4	2	2	3
18	59630952	59631064	4	2	2	2
18	59631065	59632475	4	2	2	1
18	59632476	59843791	4	2	2	3
18	59843792	76117000	3	2	1	3
18	76117001	78077247	3	2	1	3
19	102500	273341	4	2	2	2
19	273342	24399999	4	2	2	2
19	24400000	28599999	NA	NA	NA	NA
19	28600000	46912888	6	4	2	3
19	46912889	59128982	5	4	1	3
20	43200	265850	3	2	1	2
20	265851	451397	5	4	1	2
20	451398	13173514	3	2	1	2
20	13173515	15065444	4	2	2	2
20	15065445	15428170	3	2	1	2
20	15428171	15430470	3	2	1	2
20	15430471	15434763	4	2	2	2
20	15434764	25599999	4	2	2	3
20	25600000	29399999	4	2	2	3
20	29400000	36369648	4	2	2	2
20	36369649	36402548	4	2	2	1
20	36402549	40674798	4	2	2	3
20	40674799	40674831	4	2	2	2
20	40674832	40683945	8	6	2	1
20	40683946	40745894	8	6	2	2
20	40745895	60769611	4	2	2	3
20	60769612	62432500	4	2	2	2
20	62432501	62902241	4	2	2	2
21	1	10899999	NA	NA	NA	NA
21	10900000	14574202	4	3	1	2
21	14574203	20441488	4	2	2	3
21	20441489	25712451	3	2	1	3
21	25712452	25785196	5	4	1	2
21	25785197	25787192	5	4	1	2
21	25787193	25788989	3	2	1	1
21	25788990	46894200	3	2	1	3
21	46894201	48129894	3	2	1	3
22	1	12199999	2	2	0	1
22	12200000	17899999	2	2	0	2
22	17900000	24346800	2	2	0	2
22	24346801	39720290	2	2	0	2
22	39720291	39970019	3	3	0	2
22	39970020	49687500	2	2	0	3
22	49687501	51304565	2	2	0	2
X	1	31046760	1	1	0	2
X	31046761	34220022	1	1	0	2
X	34220023	41890243	2	2	0	2
X	41890244	42052098	1	1	0	2
X	42052099	58099999	2	2	0	2
X	58100000	62999999	2	2	0	2
X	63000000	115742068	2	2	0	2
X	115742069	155270559	2	2	0	2
Y	1	11599999	2	2	0	1
Y	11600000	13399999	2	2	0	1
Y	13400000	59373565	2	2	0	1
