chromosome	start	end	total_cn	major_cn	minor_cn	star
1	1	840008	2	1	1	2
1	840009	22314809	2	1	1	3
1	22314810	22337712	2	1	1	3
1	22337713	33333283	2	1	1	3
1	33333284	34095265	1	1	0	3
1	34095266	35509593	2	1	1	3
1	35509594	36989723	1	1	0	2
1	36989724	37364822	2	1	1	3
1	37364823	37500775	1	1	0	2
1	37500776	37887389	2	1	1	3
1	37887390	38089257	1	1	0	3
1	38089258	38601233	2	1	1	3
1	38601234	38660283	1	1	0	2
1	38660284	49940030	2	1	1	3
1	49940031	59324239	2	1	1	3
1	59324240	59369315	1	1	0	3
1	59369316	59409964	2	1	1	3
1	59409965	59445860	1	1	0	2
1	59445861	59697640	2	1	1	3
1	59697641	59721689	1	1	0	2
1	59721690	60370466	2	1	1	3
1	60370467	61716918	1	1	0	3
1	61716919	61764310	1	1	0	3
1	61764311	62595700	1	1	0	3
1	62595701	67689793	2	1	1	3
1	67689794	67689864	2	1	1	2
1	67689865	67690375	2	1	1	1
1	67690376	68266645	1	1	0	2
1	68266646	68267000	2	1	1	1
1	68267001	68267023	2	1	1	1
1	68267024	68567865	2	1	1	2
1	68567866	68808540	1	1	0	2
1	68808541	69543832	2	1	1	2
1	69543833	69883718	1	1	0	3
1	69883719	69910718	0	0	0	1
1	69910719	70086165	1	1	0	3
1	70086166	70652039	2	1	1	3
1	70652040	70820469	1	1	0	2
1	70820470	71706710	2	1	1	3
1	71706711	72034802	2	1	1	2
1	72034803	75015554	2	1	1	2
1	75015555	75063961	2	1	1	2
1	75063962	76201966	2	1	1	2
1	76201967	76665885	1	1	0	2
1	76665886	77484026	2	1	1	2
1	77484027	78797270	1	1	0	2
1	78797271	79018345	2	1	1	2
1	79018346	79121424	1	1	0	2
1	79121425	79121738	1	1	0	2
1	79121739	79123696	1	1	0	1
1	79123697	80750110	2	1	1	3
1	80750111	80779972	4	3	1	2
1	80779973	81240144	2	1	1	2
1	81240145	82925902	2	1	1	3
1	82925903	82949950	2	1	1	2
1	82949951	83186902	2	1	1	2
1	83186903	83310114	2	1	1	2
1	83310115	94546644	2	1	1	3
1	94546645	94777974	2	1	1	3
1	94777975	95394655	2	1	1	3
1	95394656	96752750	2	1	1	2
1	96752751	98546097	2	1	1	3
1	98546098	98591728	2	1	1	3
1	98591729	98636728	0	0	0	2
1	98636729	99264476	2	1	1	2
1	99264477	101030152	2	1	1	3
1	101030153	101210920	1	1	0	3
1	101210921	102230201	2	1	1	3
1	102230202	102299986	2	1	1	2
1	102299987	106585590	2	1	1	3
1	106585591	108707919	1	1	0	2
1	108707920	109232802	0	0	0	2
1	109232803	109542869	1	1	0	2
1	109542870	110045869	2	1	1	3
1	110045870	111115399	1	1	0	3
1	111115400	117075438	2	1	1	3
1	117075439	118331194	1	1	0	2
1	118331195	120243089	2	1	1	3
1	120243090	121499999	2	1	1	2
1	121500000	128899999	2	1	1	2
1	128900000	143969969	2	1	1	2
1	143969970	157624606	2	1	1	3
1	157624607	157639224	2	1	1	3
1	157639225	160802367	2	1	1	3
1	160802368	160926636	1	1	0	2
1	160926637	161484043	2	1	1	3
1	161484044	161534182	2	1	1	2
1	161534183	163743401	2	1	1	3
1	163743402	163820006	2	1	1	2
1	163820007	188815261	2	1	1	3
1	188815262	188834896	2	1	1	3
1	188834897	191016022	2	1	1	3
1	191016023	191058022	1	1	0	1
1	191058023	192146598	2	1	1	3
1	192146599	194433883	2	1	1	3
1	194433884	194669069	2	1	1	3
1	194669070	195161666	2	1	1	2
1	195161667	197513701	2	1	1	2
1	197513702	197570520	2	1	1	2
1	197570521	247249600	2	1	1	3
1	247249601	249250620	2	1	1	3
2	20016	40440391	2	1	1	3
2	40440392	40995672	2	1	1	2
2	40995673	41013035	4	3	1	2
2	41013036	53135286	2	1	1	3
2	53135287	53154136	2	1	1	2
2	53154137	53376644	2	1	1	2
2	53376645	53442002	2	1	1	2
2	53442003	81609703	2	1	1	3
2	81609704	81690256	2	1	1	2
2	81690257	89838002	2	1	1	3
2	89838003	90499999	2	1	1	3
2	90500000	96799999	2	1	1	3
2	96800000	97834802	2	1	1	3
2	97834803	104796931	2	1	1	3
2	104796932	117121370	2	1	1	2
2	117121371	117664801	2	1	1	2
2	117664802	123900520	2	1	1	2
2	123900521	124064075	2	1	1	2
2	124064076	124090038	4	3	1	2
2	124090039	138636096	2	1	1	2
2	138636097	140970000	2	1	1	2
2	140970001	141126639	2	1	1	2
2	141126640	142538002	2	1	1	2
2	142538003	142811000	2	1	1	2
2	142811001	145610003	2	1	1	2
2	145610004	147371365	2	1	1	2
2	147371366	147697725	2	1	1	2
2	147697726	152597660	2	1	1	3
2	152597661	152631814	2	1	1	3
2	152631815	152763283	2	1	1	3
2	152763284	152767441	2	1	1	2
2	152767442	152846532	2	1	1	3
2	152846533	153322302	2	1	1	2
2	153322303	153821801	2	1	1	3
2	153821802	153909850	2	1	1	3
2	153909851	154364141	2	1	1	2
2	154364142	154671622	2	1	1	3
2	154671623	155478337	2	1	1	3
2	155478338	155709015	2	1	1	2
2	155709016	155779005	2	1	1	3
2	155779006	155787086	2	1	1	2
2	155787087	156290228	2	1	1	3
2	156290229	156300432	1	1	0	1
2	156300433	156350432	1	1	0	1
2	156350433	156398496	2	1	1	2
2	156398497	163818828	2	1	1	3
2	163818829	163843438	4	3	1	2
2	163843439	167806602	2	1	1	3
2	167806603	167834939	2	1	1	3
2	167834940	174911317	2	1	1	3
2	174911318	175305132	2	1	1	2
2	175305133	175871174	2	1	1	2
2	175871175	175880980	2	1	1	2
2	175880981	179932935	2	1	1	3
2	179932936	180965420	1	1	0	2
2	180965421	181178584	2	1	1	2
2	181178585	181180332	2	1	1	2
2	181180333	181912513	2	1	1	2
2	181912514	185095008	2	1	1	3
2	185095009	185247001	2	1	1	3
2	185247002	189525310	2	1	1	3
2	189525311	193199983	2	1	1	3
2	193199984	195869600	2	1	1	3
2	195869601	209017758	2	1	1	3
2	209017759	209119655	1	1	0	1
2	209119656	211810201	2	1	1	3
2	211810202	213132003	2	1	1	3
2	213132004	213205000	2	1	1	2
2	213205001	242951000	2	1	1	3
3	83293	1358500	2	1	1	3
3	1358501	1410018	2	1	1	2
3	1410019	6141801	2	1	1	3
3	6141802	6224248	2	1	1	2
3	6224249	26877401	2	1	1	3
3	26877402	26932768	2	1	1	2
3	26932769	29689958	2	1	1	3
3	29689959	29878883	2	1	1	3
3	29878884	30617646	1	1	0	2
3	30617647	30739839	2	1	1	3
3	30739840	31782234	1	1	0	2
3	31782235	35020032	2	1	1	3
3	35020033	35400006	2	1	1	2
3	35400007	70605252	2	1	1	3
3	70605253	70607601	2	1	1	2
3	70607602	70618208	1	1	0	1
3	70618209	71666876	1	1	0	2
3	71666877	71666934	1	1	0	2
3	71666935	72367908	2	1	1	3
3	72367909	72386608	1	1	0	1
3	72386609	72459426	2	1	1	2
3	72459427	72464971	2	1	1	2
3	72464972	72494243	2	2	0	1
3	72494244	72494695	2	2	0	1
3	72494696	72494753	2	1	1	2
3	72494754	78462152	2	1	1	3
3	78462153	78487802	2	1	1	2
3	78487803	82395632	2	1	1	3
3	82395633	82425008	2	1	1	2
3	82425009	83003687	2	1	1	3
3	83003688	83718401	2	1	1	2
3	83718402	85152911	2	1	1	3
3	85152912	85995014	2	1	1	3
3	85995015	86035201	2	1	1	2
3	86035202	86380001	2	1	1	2
3	86380002	87899999	2	1	1	3
3	87900000	93899999	2	1	1	2
3	93900000	103451800	2	1	1	3
3	103451801	104909994	2	1	1	3
3	104909995	124471619	2	1	1	3
3	124471620	124476781	2	1	1	3
3	124476782	146784733	2	1	1	3
3	146784734	146787582	2	1	1	3
3	146787583	161564802	2	1	1	3
3	161564803	161726108	2	1	1	3
3	161726109	161870992	2	1	1	2
3	161870993	162912855	2	1	1	3
3	162912856	164466435	2	1	1	3
3	164466436	166838365	2	1	1	3
3	166838366	197847500	2	1	1	3
4	42231	23328028	2	1	1	3
4	23328029	23354240	2	1	1	2
4	23354241	29269993	2	1	1	3
4	29269994	29340866	2	1	1	2
4	29340867	29563164	2	1	1	3
4	29563165	29587720	2	1	1	2
4	29587721	33907360	2	1	1	3
4	33907361	46101907	2	1	1	3
4	46101908	48199999	2	1	1	3
4	48200000	52699999	2	1	1	2
4	52700000	59817000	2	1	1	3
4	59817001	63625263	2	1	1	3
4	63625264	63758965	2	1	1	2
4	63758966	63836177	2	1	1	2
4	63836178	66209000	2	1	1	3
4	66209001	70057743	2	1	1	3
4	70057744	72365540	2	1	1	3
4	72365541	73300074	2	1	1	3
4	73300075	73338781	2	1	1	2
4	73338782	84545325	2	1	1	3
4	84545326	84546770	2	1	1	3
4	84546771	84922807	2	1	1	3
4	84922808	91889975	2	1	1	3
4	91889976	91917415	2	1	1	2
4	91917416	93541200	2	1	1	3
4	93541201	96062803	2	1	1	3
4	96062804	96063014	2	1	1	3
4	96063015	96770014	2	1	1	3
4	96770015	96809601	2	1	1	2
4	96809602	97932146	2	1	1	2
4	97932147	97961144	2	1	1	2
4	97961145	102064320	2	1	1	3
4	102064321	102064362	2	1	1	3
4	102064363	104999924	2	1	1	3
4	104999925	106952106	2	1	1	3
4	106952107	107616533	2	1	1	2
4	107616534	111909400	2	1	1	3
4	111909401	117183151	2	1	1	2
4	117183152	117249920	2	1	1	2
4	117249921	117580014	2	1	1	2
4	117580015	117889972	2	1	1	2
4	117889973	125159166	2	1	1	2
4	125159167	130743105	2	1	1	2
4	130743106	133387280	2	1	1	2
4	133387281	135965447	2	1	1	3
4	135965448	136446330	2	1	1	3
4	136446331	138948447	2	1	1	2
4	138948448	139014067	2	1	1	3
4	139014068	139015528	2	1	1	2
4	139015529	162593652	2	1	1	3
4	162593653	164098655	2	1	1	3
4	164098656	168294477	2	1	1	3
4	168294478	171642176	2	1	1	3
4	171642177	171826269	2	1	1	3
4	171826270	171844023	2	1	1	2
4	171844024	175089904	2	1	1	3
4	175089905	177711080	2	1	1	3
4	177711081	177711556	2	1	1	3
4	177711557	178110567	2	1	1	3
4	178110568	178542117	2	1	1	3
4	178542118	178552305	2	1	1	3
4	178552306	187093534	2	1	1	3
4	187093535	187098240	2	1	1	3
4	187098241	191154275	2	1	1	3
5	20747	746224	2	1	1	3
5	746225	748373	2	1	1	2
5	748374	838354	2	1	1	1
5	838355	840164	2	1	1	1
5	840165	18978191	2	1	1	3
5	18978192	18991849	2	1	1	2
5	18991850	44341943	2	1	1	3
5	44341944	44576963	2	1	1	2
5	44576964	44631697	2	1	1	2
5	44631698	45942174	2	1	1	2
5	45942175	45972500	0	0	0	2
5	45972501	46048785	0	0	0	2
5	46048786	46099999	0	0	0	2
5	46100000	50699999	NA	NA	NA	NA
5	50700000	51301602	2	1	1	2
5	51301603	51381488	2	1	1	2
5	51381489	54443226	2	1	1	3
5	54443227	54443437	2	1	1	3
5	54443438	54605397	2	1	1	2
5	54605398	54605774	2	1	1	2
5	54605775	54672641	2	1	1	2
5	54672642	54679602	2	1	1	2
5	54679603	54683589	2	1	1	2
5	54683590	55458922	1	1	0	2
5	55458923	56570301	2	1	1	3
5	56570302	56708618	2	1	1	3
5	56708619	56708802	2	1	1	2
5	56708803	56716291	2	1	1	2
5	56716292	56716327	2	1	1	2
5	56716328	56716424	2	1	1	2
5	56716425	56723159	2	1	1	2
5	56723160	56723292	2	1	1	2
5	56723293	58462671	2	1	1	2
5	58462672	58580171	2	1	1	2
5	58580172	59097332	2	1	1	2
5	59097333	59658716	2	1	1	2
5	59658717	60452774	2	1	1	3
5	60452775	60482002	2	1	1	3
5	60482003	85750920	2	1	1	3
5	85750921	85750954	2	1	1	2
5	85750955	85759634	2	1	1	2
5	85759635	85759747	2	1	1	2
5	85759748	86115435	2	1	1	2
5	86115436	86115515	2	1	1	2
5	86115516	89053220	2	1	1	2
5	89053221	90726169	2	1	1	3
5	90726170	90726537	2	1	1	3
5	90726538	90800146	2	1	1	2
5	90800147	90800263	2	1	1	2
5	90800264	91630971	2	1	1	2
5	91630972	91630989	2	1	1	2
5	91630990	91789754	2	1	1	3
5	91789755	91992401	2	1	1	2
5	91992402	92846010	2	1	1	2
5	92846011	93639948	2	1	1	2
5	93639949	98497601	2	1	1	2
5	98497602	98571002	2	1	1	2
5	98571003	99452039	2	1	1	2
5	99452040	99769428	2	1	1	2
5	99769429	99769517	2	1	1	2
5	99769518	99801840	2	1	1	2
5	99801841	99801864	2	1	1	2
5	99801865	100740955	2	1	1	2
5	100740956	100766916	2	1	1	2
5	100766917	102221891	2	1	1	2
5	102221892	104360001	2	1	1	2
5	104360002	110892596	2	1	1	2
5	110892597	113905123	2	1	1	2
5	113905124	114010162	2	1	1	2
5	114010163	115144208	2	1	1	2
5	115144209	115145316	2	1	1	2
5	115145317	115375964	2	1	1	2
5	115375965	115377053	1	1	0	2
5	115377054	115491158	2	1	1	2
5	115491159	116630003	1	1	0	2
5	116630004	116674993	1	1	0	2
5	116674994	117462232	1	1	0	2
5	117462233	117537619	1	1	0	2
5	117537620	118317577	1	1	0	2
5	118317578	118586253	2	1	1	2
5	118586254	118586479	2	1	1	2
5	118586480	118591221	2	1	1	1
5	118591222	118620065	1	1	0	3
5	118620066	118628114	1	1	0	2
5	118628115	119083625	1	1	0	2
5	119083626	119271345	2	1	1	2
5	119271346	119665885	2	1	1	2
5	119665886	120958087	2	1	1	2
5	120958088	122107534	2	1	1	2
5	122107535	125270447	2	1	1	2
5	125270448	125343805	2	1	1	2
5	125343806	128527402	2	1	1	3
5	128527403	128560401	2	1	1	2
5	128560402	144129020	2	1	1	3
5	144129021	144187508	2	1	1	2
5	144187509	144360190	2	1	1	2
5	144360191	147451111	2	1	1	3
5	147451112	147479998	0	0	0	2
5	147479999	154857486	2	1	1	3
5	154857487	173318022	2	1	1	3
5	173318023	176066302	1	1	0	2
5	176066303	176295018	2	1	1	3
5	176295019	176325576	1	1	0	2
5	176325577	180689978	2	1	1	3
6	39681	206091	2	1	1	1
6	206092	614870	2	1	1	3
6	614871	624351	1	1	0	2
6	624352	663252	1	1	0	2
6	663253	1397656	1	1	0	2
6	1397657	1485977	2	1	1	3
6	1485978	2618274	1	1	0	2
6	2618275	7922062	2	1	1	3
6	7922063	10805406	1	1	0	2
6	10805407	29884681	2	1	1	3
6	29884682	29970131	2	1	1	3
6	29970132	32615939	2	1	1	3
6	32615940	32620146	2	1	1	3
6	32620147	37529474	2	1	1	3
6	37529475	37530955	2	1	1	3
6	37530956	43705771	2	1	1	3
6	43705772	57996432	1	1	0	2
6	57996433	58699999	1	1	0	2
6	58700000	63299999	1	1	0	2
6	63300000	63574019	1	1	0	2
6	63574020	63596178	0	0	0	2
6	63596179	65709481	1	1	0	3
6	65709482	65886479	1	1	0	2
6	65886480	72359953	1	1	0	2
6	72359954	72389988	0	0	0	2
6	72389989	76695373	1	1	0	2
6	76695374	77341219	1	1	0	3
6	77341220	78158882	1	1	0	3
6	78158883	78277408	1	1	0	3
6	78277409	79431080	1	1	0	2
6	79431081	82409549	1	1	0	2
6	82409550	105237427	1	1	0	2
6	105237428	112668384	1	1	0	2
6	112668385	115913002	2	1	1	2
6	115913003	115959767	2	1	1	2
6	115959768	121740448	2	1	1	2
6	121740449	121742376	4	3	1	2
6	121742377	123630485	2	1	1	2
6	123630486	125352037	2	1	1	2
6	125352038	126760611	2	1	1	2
6	126760612	132445136	2	1	1	3
6	132445137	133614550	2	1	1	3
6	133614551	138722323	2	1	1	3
6	138722324	141303442	1	1	0	2
6	141303443	153900683	1	1	0	2
6	153900684	168901112	1	1	0	2
6	168901113	170899800	2	1	1	3
7	40386	8564546	2	1	1	2
7	8564547	8621077	2	1	1	2
7	8621078	11682117	2	1	1	2
7	11682118	11766843	2	1	1	2
7	11766844	29672656	2	1	1	2
7	29672657	29785507	2	1	1	2
7	29785508	37716305	2	1	1	2
7	37716306	38157544	2	1	1	2
7	38157545	38157907	2	1	1	2
7	38157908	38161152	2	1	1	2
7	38161153	38161314	2	1	1	2
7	38161315	54186954	2	1	1	2
7	54186955	54338138	2	1	1	2
7	54338139	54342968	2	1	1	3
7	54342969	57957001	2	1	1	2
7	57957002	57999999	1	1	0	2
7	58000000	61861622	NA	NA	NA	NA
7	61861623	62085583	4	3	1	2
7	62085584	62132431	4	3	1	2
7	62132432	62304209	4	3	1	2
7	62304210	62349400	1	1	0	2
7	62349401	62429440	1	1	0	2
7	62429441	62457056	1	1	0	2
7	62457057	63392734	2	1	1	2
7	63392735	63395344	2	1	1	2
7	63395345	84169994	2	1	1	2
7	84169995	85654941	2	1	1	2
7	85654942	88573202	2	1	1	2
7	88573203	88609202	2	1	1	2
7	88609203	96732839	2	1	1	2
7	96732840	97465693	1	1	0	2
7	97465694	115492919	2	1	1	2
7	115492920	118579913	2	1	1	2
7	118579914	149113613	2	1	1	2
7	149113614	149115272	2	1	1	2
7	149115273	149161157	2	1	1	2
7	149161158	149162447	1	1	0	1
7	149162448	149167546	2	1	1	2
7	149167547	149168186	2	1	1	2
7	149168187	150118157	2	1	1	2
7	150118158	150462419	1	1	0	2
7	150462420	155959328	2	1	1	2
7	155959329	156043625	2	1	1	2
7	156043626	158821400	2	1	1	2
8	10001	197041	1	1	0	2
8	197042	7003290	1	1	0	2
8	7003291	26783080	1	1	0	2
8	26783081	37712582	1	1	0	2
8	37712583	43099999	2	1	1	2
8	43100000	48099999	2	1	1	2
8	48100000	48290625	2	1	1	2
8	48290626	48292042	2	1	1	2
8	48292043	48754337	2	1	1	2
8	48754338	48930543	2	1	1	2
8	48930544	48930852	2	1	1	2
8	48930853	48965924	2	1	1	3
8	48965925	48983713	2	1	1	2
8	48983714	49322250	2	1	1	2
8	49322251	50128384	2	1	1	2
8	50128385	50146549	2	1	1	2
8	50146550	50353894	2	1	1	2
8	50353895	50915917	2	1	1	2
8	50915918	52024380	2	1	1	2
8	52024381	52025306	2	1	1	2
8	52025307	52042276	2	1	1	2
8	52042277	52061375	2	1	1	2
8	52061376	52501253	2	1	1	2
8	52501254	53226731	2	1	1	2
8	53226732	53386078	2	1	1	2
8	53386079	53457915	2	1	1	2
8	53457916	53458223	2	1	1	2
8	53458224	54896866	2	1	1	2
8	54896867	55447973	2	1	1	2
8	55447974	55679544	1	1	0	2
8	55679545	55803971	1	1	0	2
8	55803972	55804458	1	1	0	2
8	55804459	56864356	1	1	0	2
8	56864357	56931643	2	1	1	2
8	56931644	56932605	2	1	1	2
8	56932606	65201106	2	1	1	3
8	65201107	65229936	2	1	1	2
8	65229937	76306488	2	1	1	2
8	76306489	76309754	2	1	1	3
8	76309755	76465563	2	1	1	2
8	76465564	77029553	2	1	1	2
8	77029554	77030875	2	1	1	2
8	77030876	77039558	2	1	1	2
8	77039559	77054128	2	1	1	2
8	77054129	77281234	2	1	1	2
8	77281235	77674778	2	1	1	2
8	77674779	78110214	2	1	1	2
8	78110215	78111821	2	1	1	3
8	78111822	78882745	2	1	1	2
8	78882746	78901343	2	1	1	2
8	78901344	79263244	2	1	1	2
8	79263245	79422509	2	1	1	2
8	79422510	79426442	2	1	1	2
8	79426443	79437071	2	1	1	2
8	79437072	79711286	2	1	1	2
8	79711287	80006667	2	1	1	2
8	80006668	81315056	2	1	1	2
8	81315057	108597810	2	1	1	2
8	108597811	108603220	2	1	1	2
8	108603221	113896244	2	1	1	2
8	113896245	114249969	2	1	1	2
8	114249970	128049004	2	1	1	2
8	128049005	128072524	2	1	1	2
8	128072525	132724849	2	1	1	2
8	132724850	139087589	2	1	1	2
8	139087590	139527056	2	1	1	3
8	139527057	146364021	2	1	1	2
9	10001	226052	2	1	1	2
9	226053	1389284	2	1	1	2
9	1389285	9303792	2	1	1	3
9	9303793	9374090	2	1	1	2
9	9374091	10084865	2	1	1	2
9	10084866	10107388	4	3	1	2
9	10107389	12609987	2	1	1	2
9	12609988	14210505	2	1	1	3
9	14210506	21355988	2	1	1	3
9	21355989	22740001	2	1	1	2
9	22740002	26079999	2	1	1	2
9	26080000	29406529	2	1	1	2
9	29406530	31180193	2	1	1	2
9	31180194	35125822	2	1	1	3
9	35125823	47299999	2	1	1	3
9	47300000	50699999	2	1	1	2
9	50700000	66799971	2	1	1	2
9	66799972	69958000	2	1	1	2
9	69958001	75998001	2	1	1	2
9	75998002	83188535	2	1	1	3
9	83188536	83277705	2	1	1	2
9	83277706	97028030	2	1	1	3
9	97028031	97028635	2	1	1	2
9	97028636	106657601	2	1	1	2
9	106657602	106760025	2	1	1	2
9	106760026	140273200	2	1	1	2
10	96595	23705375	1	1	0	2
10	23705376	29407499	2	1	1	3
10	29407500	37999999	2	1	1	3
10	38000000	42446913	NA	NA	NA	NA
10	42446914	42448679	4	3	1	2
10	42448680	42518125	0	0	0	2
10	42518126	42607601	2	1	1	2
10	42607602	58140024	2	1	1	3
10	58140025	58320601	2	1	1	2
10	58320602	60311962	2	1	1	2
10	60311963	60313599	2	1	1	2
10	60313600	62846003	2	1	1	2
10	62846004	63003788	2	1	1	2
10	63003789	67449972	2	1	1	2
10	67449973	67473171	4	3	1	2
10	67473172	75627702	2	1	1	3
10	75627703	75627793	2	1	1	3
10	75627794	84737501	2	1	1	3
10	84737502	84978907	1	1	0	2
10	84978908	85447652	2	1	1	3
10	85447653	87497927	1	1	0	2
10	87497928	89608936	1	1	0	2
10	89608937	89635354	0	0	0	2
10	89635355	89637127	0	0	0	1
10	89637128	89672696	2	1	1	2
10	89672697	89690394	2	1	1	2
10	89690395	90019471	1	1	0	2
10	90019472	90295447	1	1	0	2
10	90295448	90327817	1	1	0	2
10	90327818	90912926	2	1	1	2
10	90912927	97949074	2	1	1	2
10	97949075	99692130	1	1	0	2
10	99692131	100673419	1	1	0	2
10	100673420	101772944	2	1	1	2
10	101772945	117550660	2	1	1	2
10	117550661	135208463	2	1	1	3
10	135208464	135389924	2	1	1	2
11	20721	199812	2	1	1	2
11	199813	18268596	2	1	1	3
11	18268597	18289472	2	1	1	2
11	18289473	25253647	2	1	1	3
11	25253648	25278958	1	1	0	1
11	25278959	26765520	2	1	1	2
11	26765521	26787415	2	1	1	2
11	26787416	29347401	2	1	1	2
11	29347402	42842667	2	1	1	3
11	42842668	48731834	2	1	1	3
11	48731835	48899996	2	1	1	1
11	48899997	49435821	2	1	1	3
11	49435822	50362453	2	1	1	2
11	50362454	50372173	1	1	0	1
11	50372174	50425942	4	3	1	2
11	50425943	50429469	0	0	0	2
11	50429470	50669203	0	0	0	2
11	50669204	51104059	1	1	0	2
11	51104060	51203820	0	0	0	2
11	51203821	51404200	0	0	0	2
11	51404201	51564813	2	1	1	2
11	51564814	55699999	2	1	1	2
11	55700000	59163699	2	1	1	3
11	59163700	68282841	2	1	1	3
11	68282842	68411717	2	1	1	3
11	68411718	81880005	2	1	1	3
11	81880006	81894363	2	1	1	2
11	81894364	82051402	2	1	1	2
11	82051403	82099994	2	1	1	2
11	82099995	84165195	2	1	1	3
11	84165196	87593371	2	1	1	3
11	87593372	88837848	2	1	1	2
11	88837849	100186879	2	1	1	3
11	100186880	113653653	2	1	1	3
11	113653654	117131483	1	1	0	3
11	117131484	118219901	1	1	0	3
11	118219902	134452200	2	1	1	3
12	22500	188426	2	1	1	2
12	188427	7972052	2	1	1	3
12	7972053	11675224	1	1	0	2
12	11675225	11675292	1	1	0	3
12	11675293	11675667	1	1	0	2
12	11675668	14965559	1	1	0	2
12	14965560	19327184	2	1	1	3
12	19327185	20529992	1	1	0	2
12	20529993	21056508	2	1	1	3
12	21056509	21475124	1	1	0	2
12	21475125	21598493	2	1	1	3
12	21598494	23716296	1	1	0	2
12	23716297	23790739	2	1	1	3
12	23790740	23809253	1	1	0	3
12	23809254	23809633	1	1	0	3
12	23809634	24930483	1	1	0	3
12	24930484	24958346	2	1	1	3
12	24958347	25054426	1	1	0	2
12	25054427	25349440	2	1	1	3
12	25349441	26426203	1	1	0	2
12	26426204	26426938	1	1	0	2
12	26426939	26426985	1	1	0	1
12	26426986	26527927	2	1	1	3
12	26527928	27088091	1	1	0	2
12	27088092	27190370	2	1	1	3
12	27190371	27692335	1	1	0	3
12	27692336	27921949	2	1	1	3
12	27921950	27959047	1	1	0	1
12	27959048	29122279	2	1	1	2
12	29122280	33299999	2	1	1	3
12	33300000	38199999	NA	NA	NA	NA
12	38200000	38233700	0	0	0	2
12	38233701	38423377	0	0	0	2
12	38423378	59780032	2	1	1	3
12	59780033	59819994	2	1	1	2
12	59819995	62377784	2	1	1	2
12	62377785	73100200	2	1	1	3
12	73100201	73431156	2	1	1	2
12	73431157	81031800	2	1	1	3
12	81031801	82110506	2	1	1	2
12	82110507	82139954	2	1	1	2
12	82139955	91429979	2	1	1	2
12	91429980	91700029	2	1	1	2
12	91700030	129484880	2	1	1	3
12	129484881	129555945	2	1	1	3
12	129555946	132349400	2	1	1	3
12	132349401	133851894	2	1	1	3
13	1	16299999	2	1	1	1
13	16300000	19499999	2	1	1	2
13	19500000	45891900	2	1	1	3
13	45891901	53484535	2	1	1	2
13	53484536	55366570	2	1	1	2
13	55366571	55519069	2	1	1	2
13	55519070	55549121	2	1	1	2
13	55549122	57361524	2	1	1	3
13	57361525	62430001	2	1	1	2
13	62430002	63114002	2	1	1	3
13	63114003	63140715	2	1	1	2
13	63140716	64179993	2	1	1	3
13	64179994	64260027	2	1	1	2
13	64260028	67262645	2	1	1	2
13	67262646	67809565	2	1	1	3
13	67809566	68129587	2	1	1	2
13	68129588	68155074	0	0	0	2
13	68155075	69184135	2	1	1	3
13	69184136	69212236	2	1	1	3
13	69212237	81947120	2	1	1	3
13	81947121	82023593	2	1	1	2
13	82023594	83786018	2	1	1	3
13	83786019	88104937	2	1	1	3
13	88104938	88127262	2	1	1	2
13	88127263	89459601	2	1	1	2
13	89459602	90467092	2	1	1	3
13	90467093	94364398	2	1	1	3
13	94364399	94382811	2	1	1	2
13	94382812	94506385	2	1	1	3
13	94506386	94533544	2	1	1	2
13	94533545	113861763	2	1	1	3
13	113861764	113861931	2	1	1	3
13	113861932	114142800	2	1	1	3
13	114142801	115169877	2	1	1	3
14	1	16099999	2	1	1	1
14	16100000	19099999	2	1	1	1
14	19100000	20659905	2	1	1	2
14	20659906	21676832	2	1	1	2
14	21676833	21677300	2	1	1	2
14	21677301	28509923	1	1	0	2
14	28509924	29949945	1	1	0	2
14	29949946	31426755	2	1	1	2
14	31426756	34780051	1	1	0	2
14	34780052	43945498	2	1	1	3
14	43945499	43959212	2	1	1	3
14	43959213	46411601	2	1	1	3
14	46411602	46596431	2	1	1	2
14	46596432	46626120	0	0	0	2
14	46626121	60957278	2	1	1	3
14	60957279	64345050	1	1	0	2
14	64345051	64363238	2	1	1	2
14	64363239	64760496	1	1	0	2
14	64760497	65132659	2	1	1	2
14	65132660	66761263	1	1	0	2
14	66761264	74171356	2	1	1	3
14	74171357	77764192	1	1	0	2
14	77764193	92579747	2	1	1	3
14	92579748	94566928	1	1	0	2
14	94566929	95803454	2	1	1	3
14	95803455	106716809	1	1	0	2
14	106716810	106727668	1	1	0	2
15	1	15799999	2	1	1	1
15	15800000	20699999	2	1	1	2
15	20700000	23735931	2	1	1	2
15	23735932	24142514	1	1	0	3
15	24142515	24143541	1	1	0	1
15	24143542	24378982	2	1	1	3
15	24378983	25058402	1	1	0	2
15	25058403	30808001	2	1	1	3
15	30808002	32405176	1	1	0	3
15	32405177	32848201	2	1	1	3
15	32848202	46754119	1	1	0	2
15	46754120	47609255	1	1	0	2
15	47609256	47612303	1	1	0	2
15	47612304	47655157	1	1	0	3
15	47655158	100338800	2	1	1	3
15	100338801	102399211	2	1	1	3
16	100024	32507499	2	1	1	3
16	32507500	32520029	2	1	1	2
16	32520030	33916801	2	1	1	2
16	33916802	34599999	2	1	1	3
16	34600000	38599999	2	1	1	2
16	38600000	46459931	2	1	1	2
16	46459932	61697996	2	1	1	3
16	61697997	64812080	2	1	1	2
16	64812081	68008881	2	1	1	3
16	68008882	68430217	1	1	0	2
16	68430218	68431183	1	1	0	2
16	68431184	88827200	1	1	0	3
16	88827201	90354752	1	1	0	3
17	27149	6688146	2	1	1	3
17	6688147	7591135	1	1	0	2
17	7591136	22199999	2	1	1	3
17	22200000	25799999	2	1	1	3
17	25800000	54501430	2	1	1	3
17	54501431	64164854	1	1	0	2
17	64164855	78774600	2	1	1	3
17	78774601	81195209	2	1	1	3
18	27500	15388170	2	1	1	3
18	15388171	18999999	2	1	1	2
18	19000000	26644872	2	1	1	3
18	26644873	26737601	2	1	1	2
18	26737602	31399539	2	1	1	2
18	31399540	38674921	2	1	1	2
18	38674922	54357318	2	1	1	2
18	54357319	54357484	2	1	1	2
18	54357485	54370993	2	1	1	2
18	54370994	55200142	1	1	0	2
18	55200143	58514002	2	1	1	2
18	58514003	60299474	2	1	1	2
18	60299475	60362181	1	1	0	2
18	60362182	60364892	1	1	0	2
18	60364893	60656863	1	1	0	2
18	60656864	60922272	2	1	1	2
18	60922273	61038498	1	1	0	2
18	61038499	62357610	2	1	1	2
18	62357611	63098093	2	1	1	2
18	63098094	64460020	2	1	1	2
18	64460021	64610015	2	1	1	2
18	64610016	67916111	2	1	1	2
18	67916112	68052669	1	1	0	2
18	68052670	68053319	1	1	0	2
18	68053320	68058748	1	1	0	2
18	68058749	76117000	2	1	1	2
18	76117001	78077247	2	1	1	2
19	102500	262604	2	1	1	2
19	262605	24344985	2	1	1	3
19	24344986	24399999	2	1	1	2
19	24400000	28599999	2	1	1	2
19	28600000	59128982	2	1	1	3
20	32074	25599999	2	1	1	3
20	25600000	29485601	2	1	1	3
20	29485602	29804689	2	1	1	2
20	29804690	29850047	2	1	1	2
20	29850048	62432500	2	1	1	3
21	1	9417499	NA	NA	NA	NA
21	9417500	10683201	NA	NA	NA	NA
21	10683202	14366602	1	1	0	1
21	14366603	35326110	2	1	1	2
21	35326111	35326310	2	1	1	2
21	35326311	35944110	2	1	1	3
21	35944111	37680008	1	1	0	2
21	37680009	39864978	2	1	1	3
21	39864979	42863834	1	1	0	2
21	42863835	46937500	2	1	1	3
21	46937501	48129894	2	1	1	3
22	1	12199999	2	1	1	1
22	12200000	17899999	2	1	1	3
22	17900000	18546702	2	1	1	3
22	18546703	19920317	1	1	0	2
22	19920318	25807987	2	1	1	3
22	25807988	26242272	1	1	0	2
22	26242273	26243014	1	1	0	2
22	26243015	26246702	1	1	0	2
22	26246703	26547911	2	1	1	2
22	26547912	29366560	1	1	0	2
22	29366561	49687500	2	1	1	3
22	49687501	51304565	2	1	1	3
X	1	58099999	1	1	0	3
X	58100000	62999999	1	1	0	2
X	63000000	145333438	1	1	0	3
X	145333439	149955367	1	1	0	2
X	149955368	155270559	1	1	0	3
Y	1	11599999	1	1	0	1
Y	11600000	13645001	1	1	0	1
Y	13645002	13885605	1	1	0	1
Y	13885606	59373565	1	1	0	1
