chromosome	start	end	total_cn	major_cn	minor_cn	star
1	10001	790008	1	1	0	2
1	790009	13125810	1	1	0	3
1	13125811	57333581	1	1	0	3
1	57333582	72768209	2	2	0	3
1	72768210	86713542	2	2	0	3
1	86713543	120034538	1	1	0	3
1	120034539	121499999	2	1	1	2
1	121500000	128899999	2	1	1	2
1	128900000	144019969	2	1	1	2
1	144019970	172219354	2	1	1	3
1	172219355	247247500	3	2	1	2
1	247247501	249250620	3	2	1	3
2	20016	57927349	2	1	1	3
2	57927350	61360530	3	2	1	3
2	61360531	89094922	2	1	1	3
2	89094923	89378839	0	0	0	1
2	89378840	90250162	2	1	1	1
2	90250163	96799999	2	1	1	3
2	96800000	125049178	2	1	1	3
2	125049179	167349035	1	1	0	3
2	167349036	242979528	2	1	1	3
3	100074	78208469	2	1	1	3
3	78208470	78220493	2	1	1	1
3	78220494	87899999	2	1	1	3
3	87900000	93899999	2	1	1	3
3	93900000	198022429	2	1	1	3
4	44436	48199999	2	1	1	3
4	48200000	52699999	2	1	1	3
4	52700000	191154275	2	1	1	3
5	22500	850202	2	1	1	2
5	850203	46099999	2	1	1	3
5	46100000	50699999	2	1	1	2
5	50700000	158315883	2	1	1	3
5	158315884	158508504	1	1	0	3
5	158508505	180689978	2	1	1	3
6	39681	242500	2	1	1	2
6	242501	57319998	2	1	1	2
6	57319999	58075047	1	1	0	2
6	58075048	63299999	1	1	0	2
6	63300000	93972026	1	1	0	3
6	93972027	94300683	0	0	0	2
6	94300684	170897500	1	1	0	3
7	49992	57999999	2	1	1	3
7	58000000	61699999	2	1	1	3
7	61700000	158817500	2	1	1	3
8	10001	172499	2	2	0	2
8	172500	39230024	2	2	0	3
8	39230025	43099999	2	2	0	3
8	43100000	48099999	2	2	0	3
8	48100000	146364021	2	2	0	3
9	10001	200100	2	1	1	2
9	200101	47299999	2	1	1	3
9	47300000	50699999	2	1	1	2
9	50700000	68419975	2	1	1	2
9	68419976	140267500	2	1	1	3
10	102500	37999999	2	1	1	3
10	38000000	42299999	2	1	1	3
10	42300000	63848348	2	1	1	3
10	63848349	63849071	2	1	1	3
10	63849072	86832740	2	1	1	3
10	86832741	110063840	1	1	0	3
10	110063841	135389924	2	1	1	3
11	20721	187499	3	2	1	2
11	187500	25621657	3	2	1	3
11	25621658	25622190	3	2	1	2
11	25622191	51599999	2	1	1	3
11	51600000	55699999	2	1	1	3
11	55700000	134442500	2	1	1	3
12	110107	202093	1	1	0	2
12	202094	14431006	1	1	0	3
12	14431007	14431086	1	1	0	2
12	14431087	23740039	2	1	1	3
12	23740040	23740408	2	1	1	3
12	23740409	33299999	2	1	1	3
12	33300000	38199999	2	1	1	2
12	38200000	82133213	2	1	1	3
12	82133214	82257422	1	1	0	2
12	82257423	132342500	2	1	1	3
12	132342501	133851894	2	1	1	3
13	1	16299999	2	1	1	1
13	16300000	19499999	2	1	1	2
13	19500000	69277904	2	1	1	3
13	69277905	69472551	2	1	1	3
13	69472552	114137500	2	1	1	3
13	114137501	115169877	2	1	1	2
14	1	16099999	2	1	1	1
14	16100000	19099999	2	1	1	2
14	19100000	20375050	2	1	1	2
14	20375051	106208458	2	1	1	3
14	106208459	106329496	2	1	1	2
14	106329497	106370360	1	1	0	1
14	106370361	106380222	1	1	0	2
14	106380223	106582692	1	1	0	2
14	106582693	107218662	2	1	1	2
15	1	15799999	2	1	1	1
15	15800000	20699999	2	1	1	2
15	20700000	41481567	2	1	1	3
15	41481568	44993593	1	1	0	3
15	44993594	45031338	0	0	0	2
15	45031339	100332500	1	1	0	3
15	100332501	102399919	1	1	0	3
16	100010	34599999	2	1	1	3
16	34600000	38599999	2	1	1	3
16	38600000	88822500	2	1	1	3
16	88822501	90354752	2	1	1	2
17	40008	11445541	1	1	0	3
17	11445542	15313917	2	1	1	3
17	15313918	15505905	1	1	0	3
17	15505906	16516211	2	1	1	3
17	16516212	20289545	1	1	0	3
17	20289546	22199999	2	1	1	3
17	22200000	25799999	2	1	1	2
17	25800000	78772500	2	1	1	3
17	78772501	81195209	2	1	1	2
18	27500	15399999	2	1	1	3
18	15400000	18999999	2	1	1	3
18	19000000	60793469	2	1	1	3
18	60793470	60793520	2	1	1	3
18	60793521	76117000	2	1	1	3
18	76117001	78077247	2	1	1	3
19	102500	260136	2	1	1	2
19	260137	18133629	2	1	1	3
19	18133630	18136157	2	1	1	2
19	18136158	24399999	2	1	1	3
19	24400000	28599999	2	1	1	2
19	28600000	59128982	2	1	1	3
20	32359	25599999	2	1	1	3
20	25600000	29399999	2	1	1	3
20	29400000	62432500	2	1	1	3
21	1	9417499	NA	NA	NA	NA
21	9417500	10899999	NA	NA	NA	NA
21	10900000	14299999	2	2	0	1
21	14300000	46937500	2	1	1	3
21	46937501	48129894	2	1	1	2
22	1	12199999	2	1	1	1
22	12200000	17899999	2	1	1	3
22	17900000	23065282	2	1	1	2
22	23065283	23100131	1	1	0	2
22	23100132	23245008	0	0	0	2
22	23245009	49389509	2	1	1	3
22	49389510	49687500	1	1	0	2
22	49687501	49948118	1	1	0	1
22	49948119	51304565	2	1	1	2
X	1	58099999	2	1	1	3
X	58100000	62999999	2	1	1	3
X	63000000	96425109	2	1	1	3
X	96425110	97235912	1	1	0	2
X	97235913	144483994	2	1	1	3
X	144483995	144522243	1	1	0	2
X	144522244	154907500	2	1	1	3
