chromosome	start	end	total_cn	major_cn	minor_cn	star
1	10001	121499999	4	2	2	1
1	121500000	128899999	NA	NA	NA	NA
1	128900000	143502499	2	1	1	1
1	143502500	234892543	4	2	2	1
1	234892544	234899494	2	1	1	1
1	234899495	247247500	4	2	2	1
1	247247501	249250620	4	2	2	1
2	20016	49745594	4	2	2	2
2	49745595	77740732	4	2	2	1
2	77740733	78034617	3	2	1	2
2	78034618	90499999	4	2	2	2
2	90500000	96799999	4	2	2	2
2	96800000	145646513	4	2	2	2
2	145646514	145649507	NA	NA	NA	NA
2	145649508	191477631	4	2	2	1
2	191477632	242985695	4	2	2	1
3	100074	59763357	4	2	2	2
3	59763358	59787257	3	2	1	2
3	59787258	60789070	4	2	2	1
3	60789071	60801437	3	2	1	1
3	60801438	61058481	1	1	0	1
3	61058482	61211008	2	2	0	1
3	61211009	87899999	4	2	2	1
3	87900000	93899999	4	2	2	1
3	93900000	195470305	4	2	2	2
3	195470306	195470511	4	2	2	1
3	195470512	198022429	4	2	2	2
4	50084	48199999	4	2	2	1
4	48200000	52699999	4	2	2	1
4	52700000	91593587	4	2	2	1
4	91593588	92026050	3	2	1	2
4	92026051	143635019	4	2	2	1
4	143635020	143676573	5	3	2	1
4	143676574	153350657	4	2	2	2
4	153350658	153350707	NA	NA	NA	NA
4	153350708	154267688	4	2	2	1
4	154267689	154268045	NA	NA	NA	NA
4	154268046	179546231	4	2	2	1
4	179546232	181123144	4	2	2	1
4	181123145	190823184	4	2	2	1
5	22500	872166	1	1	0	1
5	872167	1041119	NA	NA	NA	NA
5	1041120	2479350	6	3	3	1
5	2479351	22033836	4	3	1	2
5	22033837	25712469	5	3	2	1
5	25712470	27413537	4	2	2	2
5	27413538	46099999	5	3	2	1
5	46100000	50699999	5	3	2	1
5	50700000	55596226	5	3	2	1
5	55596227	55598464	4	2	2	1
5	55598465	59221223	3	3	0	1
5	59221224	59542079	2	2	0	1
5	59542080	107271624	3	3	0	1
5	107271625	107297489	2	2	0	1
5	107297490	111851881	3	3	0	1
5	111851882	112124737	1	1	0	1
5	112124738	180689978	3	3	0	1
6	39681	201975	4	2	2	1
6	201976	58699999	4	2	2	2
6	58700000	63299999	4	2	2	1
6	63300000	101181976	4	2	2	2
6	101181977	101186474	4	2	2	1
6	101186475	115546391	4	2	2	2
6	115546392	115969203	4	2	2	1
6	115969204	129683011	4	2	2	2
6	129683012	129683299	4	2	2	1
6	129683300	129687779	2	2	0	1
6	129687780	129687829	2	2	0	1
6	129687830	129694931	2	2	0	1
6	129694932	129695211	4	3	1	1
6	129695212	129711747	2	2	0	1
6	129711748	133313836	2	2	0	2
6	133313837	133864575	4	2	2	2
6	133864576	133894075	2	2	0	1
6	133894076	134120215	4	2	2	2
6	134120216	135493934	2	2	0	2
6	135493935	135610655	3	3	0	2
6	135610656	137282709	2	2	0	2
6	137282710	144522130	4	2	2	1
6	144522131	146808924	2	2	0	1
6	146808925	159363227	4	2	2	2
6	159363228	159429151	4	2	2	1
6	159429152	159429294	NA	NA	NA	NA
6	159429295	160458704	2	2	0	2
6	160458705	162470719	4	2	2	2
6	162470720	162480162	3	2	1	2
6	162480163	170921585	4	2	2	2
7	40386	57999999	5	3	2	1
7	58000000	61699999	5	3	2	1
7	61700000	110156442	4	2	2	2
7	110156443	110228907	NA	NA	NA	NA
7	110228908	110556830	4	2	2	1
7	110556831	110620797	2	2	0	1
7	110620798	125784189	4	2	2	1
7	125784190	125786326	3	2	1	2
7	125786327	132940399	4	2	2	2
7	132940400	132983669	4	2	2	1
7	132983670	158821400	4	2	2	2
8	10001	170011	1	1	0	1
8	170012	35807445	2	2	0	1
8	35807446	35809591	1	1	0	1
8	35809592	36339373	4	2	2	1
8	36339374	42980026	3	2	1	2
8	42980027	43099999	2	2	0	1
8	43100000	48099999	4	3	1	2
8	48100000	48750098	6	4	2	2
8	48750099	90752926	7	5	2	2
8	90752927	90853744	6	4	2	2
8	90853745	92620526	7	5	2	2
8	92620527	92634645	8	6	2	1
8	92634646	134222779	7	5	2	2
8	134222780	134252588	7	5	2	1
8	134252589	136207960	7	5	2	2
8	136207961	136216859	8	6	2	1
8	136216860	136219507	4	3	1	1
8	136219508	137951105	3	2	1	2
8	137951106	145963209	3	2	1	2
9	47500	150100	3	2	1	1
9	150101	47299999	4	2	2	1
9	47300000	50699999	2	1	1	1
9	50700000	140273200	4	2	2	1
10	102500	1129710	4	2	2	2
10	1129711	1265519	2	2	0	1
10	1265520	37999999	4	2	2	2
10	38000000	42299999	4	2	2	1
10	42300000	52836064	4	2	2	2
10	52836065	52932142	3	2	1	2
10	52932143	124025928	4	2	2	2
10	124025929	124167498	5	3	2	1
10	124167499	135389924	4	2	2	2
11	20721	199812	4	2	2	1
11	199813	16540313	4	2	2	2
11	16540314	16859755	4	2	2	1
11	16859756	51599999	4	2	2	2
11	51600000	55699999	4	2	2	2
11	55700000	134452200	4	2	2	2
12	110107	33299999	4	2	2	1
12	33300000	38199999	4	2	2	1
12	38200000	61116778	4	2	2	2
12	61116779	61117029	4	2	2	1
12	61117030	61121254	3	2	1	1
12	61121255	61124013	3	2	1	1
12	61124014	61133048	3	2	1	1
12	61133049	62902314	2	2	0	1
12	62902315	62912448	4	2	2	1
12	62912449	62912568	4	2	2	1
12	62912569	64902794	4	2	2	2
12	64902795	67267257	2	2	0	1
12	67267258	67267899	1	1	0	1
12	67267900	71218745	4	2	2	1
12	71218746	71218898	1	1	0	1
12	71218899	71219137	2	1	1	1
12	71219138	71220448	2	1	1	1
12	71220449	71865429	2	2	0	1
12	71865430	78630169	4	2	2	1
12	78630170	78630318	NA	NA	NA	NA
12	78630319	78635117	1	1	0	1
12	78635118	78635150	1	1	0	1
12	78635151	78643557	3	2	1	1
12	78643558	78643602	1	1	0	1
12	78643603	79905719	2	2	0	1
12	79905720	79921818	1	1	0	1
12	79921819	79921974	NA	NA	NA	NA
12	79921975	79930217	3	2	1	1
12	79930218	79930237	NA	NA	NA	NA
12	79930238	111926913	4	2	2	1
12	111926914	111926985	NA	NA	NA	NA
12	111926986	132349400	4	2	2	2
12	132349401	133851894	4	2	2	2
13	1	16299999	NA	NA	NA	NA
13	16300000	19499999	NA	NA	NA	NA
13	19500000	68608668	6	4	2	1
13	68608669	68611905	4	3	1	1
13	68611906	73425012	6	4	2	1
13	73425013	73639105	5	3	2	2
13	73639106	96360453	6	4	2	1
13	96360454	96532056	5	3	2	1
13	96532057	104256106	6	4	2	1
13	104256107	104267025	NA	NA	NA	NA
13	104267026	114142800	6	4	2	1
13	114142801	115169877	5	3	2	2
14	1	16099999	NA	NA	NA	NA
14	16100000	19099999	NA	NA	NA	NA
14	19100000	80210451	3	2	1	2
14	80210452	106368400	3	2	1	1
15	1	15799999	NA	NA	NA	NA
15	15800000	20699999	2	2	0	1
15	20700000	22043925	3	2	1	1
15	22043926	100372874	3	3	0	1
15	100372875	102431166	2	2	0	2
16	83802	1858107	4	2	2	2
16	1858108	2024130	5	3	2	1
16	2024131	6223459	4	2	2	2
16	6223460	6361025	3	2	1	2
16	6361026	6421791	2	2	0	1
16	6421792	6529426	1	1	0	1
16	6529427	6562499	2	2	0	1
16	6562500	6564344	2	2	0	1
16	6564345	6589297	2	1	1	2
16	6589298	6620965	1	1	0	1
16	6620966	6686476	2	2	0	1
16	6686477	6731980	1	1	0	2
16	6731981	6764370	2	2	0	1
16	6764371	6861847	1	1	0	1
16	6861848	6891726	2	2	0	1
16	6891727	34599999	4	2	2	2
16	34600000	38599999	4	2	2	1
16	38600000	88827200	4	2	2	2
16	88827201	90354752	4	2	2	2
17	15056	16709260	2	2	0	2
17	16709261	22199999	2	2	0	2
17	22200000	25799999	4	2	2	2
17	25800000	44363263	4	2	2	2
17	44363264	44631401	3	3	0	1
17	44631402	78774600	4	4	0	2
17	78774601	81195209	4	4	0	2
18	27500	173184	1	1	0	1
18	173185	15399999	2	2	0	1
18	15400000	18999999	2	2	0	1
18	19000000	76117000	2	2	0	1
18	76117001	78077247	2	2	0	1
19	226776	24399999	3	2	1	1
19	24400000	28599999	4	3	1	2
19	28600000	59128982	4	3	1	2
20	17500	1561079	5	4	1	2
20	1561080	14735998	5	4	1	2
20	14735999	14795588	2	1	1	2
20	14795589	14961144	2	2	0	1
20	14961145	14979817	3	3	0	1
20	14979818	15035201	2	2	0	1
20	15035202	15035435	1	1	0	1
20	15035436	15046403	1	1	0	1
20	15046404	15049705	3	3	0	1
20	15049706	15069745	3	3	0	1
20	15069746	15204540	5	3	2	1
20	15204541	19218853	7	4	3	1
20	19218854	19824697	8	4	4	1
20	19824698	25599999	8	4	4	1
20	25600000	29465187	8	4	4	1
20	29465188	39882656	8	4	4	2
20	39882657	45846376	8	4	4	2
20	45846377	46667922	8	4	4	2
20	46667923	55900277	8	4	4	2
20	55900278	62432500	8	4	4	1
21	1	10532499	NA	NA	NA	NA
21	10532500	14299999	NA	NA	NA	NA
21	14300000	46937500	3	2	1	2
21	46937501	48129894	3	2	1	2
22	1	12199999	NA	NA	NA	NA
22	12200000	17899999	4	2	2	1
22	17900000	49687500	4	2	2	1
22	49687501	51304565	4	2	2	1
X	1	58099999	5	5	0	1
X	58100000	62999999	5	5	0	1
X	63000000	112880948	5	5	0	1
X	112880949	112940182	5	5	0	1
X	112940183	146744118	5	5	0	1
X	146744119	146746356	4	4	0	1
X	146746357	155270559	5	5	0	1
Y	1	2918002	NA	NA	NA	NA
Y	2918003	4052401	NA	NA	NA	NA
Y	4052402	11599999	NA	NA	NA	NA
Y	11600000	13573801	NA	NA	NA	NA
Y	13573802	59373565	NA	NA	NA	NA
