chromosome	start	end	total_cn	major_cn	minor_cn	star
1	1	22950211	2	1	1	3
1	22950212	38000783	2	1	1	3
1	38000784	51210596	2	1	1	3
1	51210597	51211983	2	1	1	2
1	51211984	87456528	2	1	1	3
1	87456529	121499999	2	1	1	3
1	121500000	128899999	2	1	1	2
1	128900000	163516618	2	1	1	3
1	163516619	163517949	2	1	1	2
1	163517950	247247500	2	1	1	3
1	247247501	249250620	2	1	1	2
2	29996	5345807	2	1	1	3
2	5345808	5347154	2	1	1	1
2	5347155	74061403	2	1	1	3
2	74061404	90499999	2	1	1	3
2	90500000	96799999	2	1	1	3
2	96800000	119148773	2	1	1	3
2	119148774	119215704	3	2	1	2
2	119215705	119662112	2	1	1	3
2	119662113	190609712	2	1	1	3
2	190609713	242985493	2	1	1	3
3	100074	87899999	2	1	1	3
3	87900000	93899999	2	1	1	3
3	93900000	142047588	2	1	1	3
3	142047589	142049801	2	1	1	2
3	142049802	198022429	2	1	1	3
4	27500	13962755	2	1	1	3
4	13962756	13963959	2	1	1	2
4	13963960	33123096	2	1	1	3
4	33123097	33136011	1	1	0	2
4	33136012	48199999	2	1	1	3
4	48200000	52699999	2	1	1	3
4	52700000	99135628	2	1	1	3
4	99135629	99294700	1	1	0	2
4	99294701	155137787	2	1	1	3
4	155137788	190781403	2	1	1	3
5	22500	21485088	2	1	1	3
5	21485089	25596946	1	1	0	2
5	25596947	46099999	2	1	1	3
5	46100000	51320173	2	1	1	3
5	51320174	56446444	2	1	1	1
5	56446445	64300698	2	1	1	3
5	64300699	64300736	2	1	1	2
5	64300737	107281737	2	1	1	3
5	107281738	107283773	2	1	1	2
5	107283774	171902149	2	1	1	3
5	171902150	171902195	2	1	1	2
5	171902196	180689978	2	1	1	3
6	39681	180247	2	1	1	2
6	180248	4770000	2	1	1	2
6	4770001	7953988	2	1	1	1
6	7953989	26157499	2	1	1	2
6	26157500	58699999	2	1	1	3
6	58700000	63299999	2	1	1	3
6	63300000	170917850	2	1	1	3
7	40386	12947880	2	1	1	3
7	12947881	12953393	1	1	0	2
7	12953394	57967589	2	1	1	3
7	57967590	57968217	2	1	1	2
7	57968218	61699999	2	1	1	2
7	61700000	110141355	2	1	1	3
7	110141356	110344127	3	2	1	3
7	110344128	110397308	3	2	1	2
7	110397309	110443532	2	1	1	2
7	110443533	131129476	2	1	1	3
7	131129477	131129583	2	1	1	2
7	131129584	131129594	2	1	1	2
7	131129595	158821400	2	1	1	3
8	10001	170011	2	1	1	2
8	170012	15378259	2	1	1	3
8	15378260	15379014	2	1	1	2
8	15379015	43099999	2	1	1	2
8	43100000	48099999	2	1	1	2
8	48100000	64412230	2	1	1	3
8	64412231	64413676	2	1	1	2
8	64413677	100283422	2	1	1	3
8	100283423	135159977	2	1	1	3
8	135159978	140959999	2	1	1	2
8	140960000	146364021	2	1	1	3
9	47500	245156	2	1	1	2
9	245157	395530	2	1	1	3
9	395531	395587	2	1	1	2
9	395588	35828328	2	1	1	3
9	35828329	47299999	2	1	1	2
9	47300000	50699999	2	1	1	2
9	50700000	66311665	2	1	1	2
9	66311666	140273200	2	1	1	3
9	140273201	141019790	2	1	1	2
10	10001	130012	2	1	1	2
10	130013	6765825	2	1	1	3
10	6765826	27897494	1	1	0	2
10	27897495	37999999	2	1	1	3
10	38000000	42299999	2	1	1	2
10	42300000	68462532	2	1	1	3
10	68462533	113357929	2	1	1	3
10	113357930	113359309	2	1	1	1
10	113359310	135389924	2	1	1	3
11	20721	190009	2	1	1	2
11	190010	51599999	2	1	1	3
11	51600000	55699999	2	1	1	3
11	55700000	128320865	2	1	1	3
11	128320866	128320914	2	1	1	2
11	128320915	132440623	2	1	1	3
11	132440624	132440686	2	1	1	2
11	132440687	134452200	2	1	1	3
12	110107	33299999	2	1	1	3
12	33300000	38199999	2	1	1	2
12	38200000	92122593	2	1	1	3
12	92122594	98400740	2	1	1	3
12	98400741	98401707	2	1	1	2
12	98401708	99109078	2	1	1	3
12	99109079	99142304	1	1	0	1
12	99142305	99160414	2	1	1	3
12	99160415	120335933	2	1	1	3
12	120335934	132349400	2	1	1	3
12	132349401	133851894	2	1	1	2
13	1	16299999	2	1	1	1
13	16300000	19499999	2	1	1	2
13	19500000	63265557	2	1	1	3
13	63265558	64466070	1	1	0	2
13	64466071	66208674	1	1	0	2
13	66208675	72094021	1	1	0	2
13	72094022	82391156	2	1	1	3
13	82391157	82391939	2	1	1	2
13	82391940	114142800	2	1	1	3
13	114142801	115169877	2	1	1	2
14	1	16099999	2	1	1	1
14	16100000	19099999	2	1	1	2
14	19100000	44908913	2	1	1	3
14	44908914	44909925	2	1	1	2
14	44909926	45919576	2	1	1	3
14	45919577	46276537	2	1	1	2
14	46276538	80207050	2	1	1	3
14	80207051	98779196	2	1	1	2
14	98779197	106368400	2	1	1	3
15	1	15799999	2	1	1	1
15	15800000	20699999	2	1	1	2
15	20700000	61887786	2	1	1	3
15	61887787	63405281	2	1	1	3
15	63405282	63407033	2	1	1	2
15	63407034	73325468	2	1	1	3
15	73325469	100338800	2	1	1	3
15	100338801	102397836	2	1	1	2
16	85057	13632119	2	1	1	3
16	13632120	13633208	2	1	1	2
16	13633209	20432135	2	1	1	2
16	20432136	20433495	2	1	1	1
16	20433496	25627003	2	1	1	2
16	25627004	25628088	2	1	1	2
16	25628089	27673277	2	1	1	3
16	27673278	31909969	2	1	1	3
16	31909970	34599999	2	1	1	2
16	34600000	38599999	2	1	1	2
16	38600000	51857290	2	1	1	3
16	51857291	87935010	2	1	1	2
16	87935011	88827200	2	1	1	3
16	88827201	90354752	2	1	1	2
17	40008	22199999	2	1	1	3
17	22200000	25799999	2	1	1	3
17	25800000	78774600	2	1	1	3
17	78774601	79964473	2	1	1	2
17	79964474	81195209	2	1	1	2
18	27500	80030	2	1	1	2
18	80031	14847075	2	1	1	3
18	14847076	18999999	2	1	1	3
18	19000000	76117000	2	1	1	3
18	76117001	78077247	2	1	1	2
19	102500	255405	2	1	1	2
19	255406	24399999	2	1	1	3
19	24400000	28599999	2	1	1	2
19	28600000	59128982	2	1	1	3
20	17500	14924741	2	1	1	2
20	14924742	15027678	3	2	1	2
20	15027679	15065784	2	1	1	2
20	15065785	15182630	1	1	0	2
20	15182631	25599999	2	1	1	3
20	25600000	29399999	2	1	1	3
20	29400000	47661639	2	1	1	3
20	47661640	47664286	2	1	1	2
20	47664287	62432500	2	1	1	3
21	1	9417499	NA	NA	NA	NA
21	9417500	10899999	NA	NA	NA	NA
21	10900000	14761871	2	1	1	2
21	14761872	14761886	2	1	1	2
21	14761887	23306634	2	1	1	2
21	23306635	23307098	2	1	1	2
21	23307099	23308735	2	1	1	2
21	23308736	32241720	2	1	1	2
21	32241721	32241736	2	1	1	2
21	32241737	38852095	2	1	1	2
21	38852096	38852962	2	1	1	2
21	38852963	46937500	2	1	1	3
21	46937501	48129894	2	1	1	2
22	1	12199999	2	1	1	1
22	12200000	17899999	2	1	1	3
22	17900000	25771722	2	1	1	3
22	25771723	25772941	2	1	1	2
22	25772942	49687500	2	1	1	3
22	49687501	51304565	2	1	1	2
X	1	5607917	2	1	1	3
X	5607918	5611423	2	1	1	2
X	5611424	19687060	2	1	1	3
X	19687061	31894775	2	1	1	3
X	31894776	31940289	1	1	0	2
X	31940290	31960898	2	1	1	2
X	31960899	32208697	1	1	0	2
X	32208698	58099999	2	1	1	3
X	58100000	62999999	2	1	1	3
X	63000000	67861778	2	1	1	3
X	67861779	67861806	2	1	1	2
X	67861807	124108473	2	1	1	3
X	124108474	124108737	2	1	1	2
X	124108738	124496927	2	1	1	2
X	124496928	124517838	2	1	1	2
X	124517839	130142795	2	1	1	3
X	130142796	130142863	2	1	1	2
X	130142864	139666635	2	1	1	3
X	139666636	154929638	2	1	1	3
