chromosome	start	end	total_cn	major_cn	minor_cn	star
1	824534	17297499	2	1	1	2
1	17297500	121097262	2	1	1	2
1	121097263	128899999	NA	NA	NA	NA
1	128900000	142824010	3	2	1	2
1	142824011	143343001	3	2	1	1
1	143343002	143544202	3	2	1	2
1	143544203	145148534	3	2	1	2
1	145148535	149563801	4	3	1	2
1	149563802	149713023	3	2	1	2
1	149713024	174613186	4	3	1	2
1	174613187	174722230	2	1	1	2
1	174722231	189723824	4	3	1	2
1	189723825	189738847	1	1	0	2
1	189738848	216435599	4	3	1	2
1	216435600	216459392	3	3	0	2
1	216459393	216474356	4	3	1	2
1	216474357	216475976	4	3	1	2
1	216475977	247247500	4	3	1	2
1	247247501	249250620	4	3	1	2
2	20016	3698271	3	2	1	2
2	3698272	4609868	1	1	0	2
2	4609869	17233794	3	2	1	2
2	17233795	36574293	3	2	1	2
2	36574294	37478024	1	1	0	2
2	37478025	90499999	3	2	1	2
2	90500000	96799999	3	2	1	3
2	96800000	242985695	3	2	1	2
3	60596	60105483	2	1	1	2
3	60105484	60141500	2	1	1	2
3	60141501	60241083	2	1	1	2
3	60241084	60451688	1	1	0	2
3	60451689	60508724	1	1	0	2
3	60508725	60509843	1	1	0	2
3	60509844	60596630	1	1	0	2
3	60596631	60617989	1	1	0	2
3	60617990	60723669	1	1	0	2
3	60723670	61277569	1	1	0	2
3	61277570	87899999	2	1	1	2
3	87900000	93899999	2	1	1	2
3	93900000	134336144	2	1	1	2
3	134336145	134351463	1	1	0	2
3	134351464	197847500	2	1	1	2
4	31303	3278350	3	2	1	2
4	3278351	4382054	1	1	0	2
4	4382055	48199999	3	2	1	2
4	48200000	52699999	3	2	1	2
4	52700000	82090401	3	2	1	2
4	82090402	91872796	3	2	1	2
4	91872797	91946114	1	1	0	2
4	91946115	102730612	2	1	1	2
4	102730613	102731810	3	2	1	1
4	102731811	146080636	3	2	1	2
4	146080637	162632314	3	2	1	2
4	162632315	163404867	2	2	0	2
4	163404868	191154275	3	2	1	2
5	39977	11674605	3	2	1	2
5	11674606	12581871	2	2	0	2
5	12581872	46099999	3	2	1	2
5	46100000	50699999	3	2	1	2
5	50700000	157696352	3	2	1	2
5	157696353	157769069	2	2	0	2
5	157769070	180711013	3	2	1	2
6	212500	30013166	2	2	0	3
6	30013167	30014822	2	2	0	2
6	30014823	45702500	3	2	1	2
6	45702501	46949793	3	2	1	2
6	46949794	58699999	3	2	1	2
6	58700000	63299999	3	2	1	2
6	63300000	91082024	3	2	1	2
6	91082025	91377088	1	1	0	2
6	91377089	170918194	3	2	1	2
7	49992	57999999	3	2	1	3
7	58000000	61699999	3	2	1	3
7	61700000	65929100	3	2	1	2
7	65929101	66171350	3	2	1	2
7	66171351	110654378	3	2	1	3
7	110654379	110736631	2	1	1	2
7	110736632	138056935	3	2	1	2
7	138056936	138056980	3	2	1	2
7	138056981	139885931	2	2	0	2
7	139885932	139915724	4	2	2	2
7	139915725	139915787	1	1	0	1
7	139915788	140755488	2	2	0	2
7	140755489	140987922	3	2	1	2
7	140987923	141890510	2	2	0	2
7	141890511	141959831	4	2	2	2
7	141959832	142473943	2	2	0	2
7	142473944	142827001	2	2	0	2
7	142827002	142925144	3	2	1	2
7	142925145	142926020	3	2	1	2
7	142926021	142993969	3	2	1	2
7	142993970	144720701	2	2	0	2
7	144720702	144957873	3	2	1	2
7	144957874	145226801	2	2	0	2
7	145226802	145607353	3	2	1	2
7	145607354	145662907	5	3	2	2
7	145662908	145662963	3	2	1	1
7	145662964	146074584	3	2	1	2
7	146074585	146100221	5	3	2	2
7	146100222	146246034	4	2	2	2
7	146246035	146246566	4	2	2	2
7	146246567	146371591	4	2	2	2
7	146371592	146399646	3	2	1	2
7	146399647	146399764	3	2	1	2
7	146399765	146850329	3	2	1	2
7	146850330	146972998	2	2	0	2
7	146972999	147012113	3	2	1	2
7	147012114	147034790	4	2	2	2
7	147034791	148206921	2	2	0	2
7	148206922	148279203	4	2	2	2
7	148279204	148281844	3	2	1	2
7	148281845	148304995	4	2	2	2
7	148304996	148752892	2	2	0	2
7	148752893	148753141	1	1	0	2
7	148753142	148753458	1	1	0	2
7	148753459	148767462	4	2	2	1
7	148767463	148806108	4	2	2	2
7	148806109	148828367	3	2	1	2
7	148828368	148914798	4	2	2	2
7	148914799	148949564	2	2	0	1
7	148949565	148949620	2	2	0	2
7	148949621	151301438	2	2	0	2
7	151301439	151322617	3	2	1	2
7	151322618	151323112	3	2	1	2
7	151323113	151324420	3	2	1	2
7	151324421	151346997	3	2	1	2
7	151346998	152268159	2	2	0	2
7	152268160	152268482	4	3	1	2
7	152268483	152394717	2	2	0	2
7	152394718	153374369	2	2	0	2
7	153374370	153374877	2	2	0	2
7	153374878	153402264	2	2	0	2
7	153402265	153410385	2	2	0	2
7	153410386	153761202	3	2	1	2
7	153761203	154702200	2	2	0	2
7	154702201	154707475	3	2	1	2
7	154707476	154898455	2	2	0	2
7	154898456	154898762	2	2	0	2
7	154898763	155026881	2	2	0	2
7	155026882	155117164	4	2	2	2
7	155117165	155164878	5	3	2	2
7	155164879	155221627	4	2	2	2
7	155221628	155224418	4	2	2	2
7	155224419	155286506	4	2	2	2
7	155286507	155536666	2	2	0	2
7	155536667	155600719	3	2	1	2
7	155600720	155620411	4	2	2	2
7	155620412	155620546	4	2	2	2
7	155620547	155622184	3	2	1	2
7	155622185	155622238	3	2	1	2
7	155622239	155625369	3	2	1	3
7	155625370	155778877	3	2	1	2
7	155778878	159081402	2	2	0	2
8	155737	39230024	3	2	1	3
8	39230025	43099999	3	2	1	2
8	43100000	48813604	3	2	1	3
8	48813605	73280379	3	2	1	3
8	73280380	73282342	3	2	1	3
8	73282343	84417631	3	2	1	3
8	84417632	113033542	2	2	0	2
8	113033543	115175107	3	2	1	2
8	115175108	116400623	1	1	0	2
8	116400624	146364021	3	2	1	2
9	51183	44822602	2	2	0	2
9	44822603	47299999	5	3	2	2
9	47300000	50699999	NA	NA	NA	NA
9	50700000	66712499	2	2	0	2
9	66712500	71036006	2	2	0	2
9	71036007	140273200	2	2	0	2
9	140273201	140976318	2	2	0	2
10	94426	37999999	3	2	1	2
10	38000000	42299999	3	2	1	2
10	42300000	49490321	3	2	1	2
10	49490322	49577511	1	1	0	2
10	49577512	77490927	3	2	1	3
10	77490928	77511254	3	2	1	3
10	77511255	109063292	3	2	1	3
10	109063293	110030941	1	1	0	2
10	110030942	135208463	3	2	1	2
10	135208464	135389924	3	2	1	2
11	20721	211202	3	2	1	2
11	211203	51599999	3	2	1	3
11	51600000	55699999	3	2	1	3
11	55700000	68371090	3	2	1	3
11	68371091	68640491	1	1	0	2
11	68640492	131343519	3	2	1	3
11	131343520	133782985	1	1	0	2
11	133782986	134452200	3	2	1	2
12	110107	9632402	2	2	0	2
12	9632403	19904649	2	2	0	2
12	19904650	19906327	2	2	0	2
12	19906328	24161049	2	2	0	2
12	24161050	24383750	4	2	2	2
12	24383751	24384854	4	2	2	2
12	24384855	24582338	4	2	2	2
12	24582339	24583401	4	2	2	2
12	24583402	24732485	4	2	2	2
12	24732486	24734262	4	2	2	2
12	24734263	25473506	4	2	2	2
12	25473507	25474319	4	2	2	2
12	25474320	25474504	4	2	2	2
12	25474505	27020960	4	2	2	2
12	27020961	27035981	4	2	2	2
12	27035982	27037000	4	2	2	2
12	27037001	28262802	4	2	2	2
12	28262803	28264913	4	2	2	2
12	28264914	28472013	4	2	2	2
12	28472014	29620601	4	2	2	2
12	29620602	29634657	4	2	2	2
12	29634658	29921398	4	2	2	2
12	29921399	30714744	4	2	2	2
12	30714745	30716353	4	2	2	2
12	30716354	30716709	4	2	2	2
12	30716710	30799779	4	2	2	2
12	30799780	30801341	4	2	2	2
12	30801342	30811987	4	2	2	2
12	30811988	30812156	5	3	2	1
12	30812157	31692808	5	3	2	2
12	31692809	31695976	4	2	2	1
12	31695977	33299999	4	2	2	2
12	33300000	38199999	NA	NA	NA	NA
12	38200000	39058849	3	2	1	2
12	39058850	48366026	2	2	0	2
12	48366027	48522114	0	0	0	2
12	48522115	52585433	2	2	0	2
12	52585434	52588561	2	2	0	2
12	52588562	52743536	8	6	2	2
12	52743537	52948187	11	9	2	1
12	52948188	52964299	8	7	1	2
12	52964300	53178450	11	9	2	2
12	53178451	53191799	8	7	1	2
12	53191800	53197263	11	9	2	1
12	53197264	53318379	7	5	2	2
12	53318380	53426555	5	4	1	2
12	53426556	54404838	2	2	0	2
12	54404839	54750052	5	3	2	2
12	54750053	54864316	8	6	2	2
12	54864317	55033798	4	2	2	2
12	55033799	55097134	9	7	2	2
12	55097135	55176657	4	2	2	2
12	55176658	55191868	9	7	2	1
12	55191869	55191999	9	7	2	1
12	55192000	55204815	9	7	2	1
12	55204816	55213405	9	7	2	1
12	55213406	55230649	10	8	2	1
12	55230650	55248555	5	3	2	2
12	55248556	55248964	9	7	2	2
12	55248965	55764306	9	7	2	1
12	55764307	55765601	9	7	2	1
12	55765602	55983419	5	3	2	2
12	55983420	56051700	5	3	2	2
12	56051701	56099421	9	7	2	2
12	56099422	56120364	13	10	3	1
12	56120365	56120542	13	10	3	1
12	56120543	56241647	13	10	3	1
12	56241648	56252001	13	10	3	1
12	56252002	56510370	4	2	2	2
12	56510371	56580220	14	12	2	1
12	56580221	56580964	14	12	2	1
12	56580965	56745459	14	12	2	1
12	56745460	56779955	14	12	2	2
12	56779956	56802919	14	12	2	1
12	56802920	56837763	4	2	2	2
12	56837764	56998424	11	9	2	1
12	56998425	57076502	13	10	3	1
12	57076503	57264937	13	10	3	1
12	57264938	57330887	13	10	3	1
12	57330888	57331147	13	10	3	1
12	57331148	57385125	13	10	3	1
12	57385126	57387322	13	10	3	1
12	57387323	57390757	13	10	3	1
12	57390758	57498771	13	10	3	1
12	57498772	57563668	9	7	2	2
12	57563669	57591370	4	2	2	2
12	57591371	57703446	15	13	2	1
12	57703447	58019198	14	12	2	2
12	58019199	58019562	14	12	2	1
12	58019563	58026472	14	12	2	1
12	58026473	58051578	14	12	2	1
12	58051579	58066799	14	12	2	1
12	58066800	58177303	11	9	2	2
12	58177304	58245252	14	12	2	2
12	58245253	58246548	14	12	2	1
12	58246549	58259741	15	13	2	1
12	58259742	58388022	15	13	2	2
12	58388023	58760928	16	14	2	1
12	58760929	58764968	19	17	2	1
12	58764969	58965380	19	17	2	1
12	58965381	58979034	8	7	1	1
12	58979035	58991569	8	7	1	1
12	58991570	58991812	8	7	1	1
12	58991813	59024039	8	7	1	1
12	59024040	59291454	8	7	1	1
12	59291455	59298743	8	7	1	1
12	59298744	59360291	8	6	2	2
12	59360292	59444793	6	4	2	2
12	59444794	59471935	2	2	0	2
12	59471936	59560332	5	3	2	2
12	59560333	59610989	5	3	2	1
12	59610990	59611010	5	3	2	1
12	59611011	59614517	5	3	2	1
12	59614518	59731824	5	3	2	1
12	59731825	59733696	5	3	2	1
12	59733697	59739515	5	3	2	1
12	59739516	59748801	5	3	2	1
12	59748802	59748945	5	3	2	1
12	59748946	59753299	5	3	2	1
12	59753300	59948463	5	3	2	2
12	59948464	61416081	2	2	0	2
12	61416082	61500732	6	4	2	1
12	61500733	61503065	6	4	2	2
12	61503066	61516383	6	4	2	2
12	61516384	61649192	6	4	2	2
12	61649193	61662547	6	4	2	2
12	61662548	62086665	6	4	2	2
12	62086666	62094483	5	3	2	2
12	62094484	62096472	5	3	2	2
12	62096473	62105448	5	3	2	2
12	62105449	62113626	5	3	2	2
12	62113627	62118410	5	3	2	2
12	62118411	62144147	5	3	2	2
12	62144148	62146864	5	3	2	2
12	62146865	62152825	5	3	2	2
12	62152826	62894320	5	3	2	2
12	62894321	63127739	7	5	2	2
12	63127740	63298480	8	6	2	2
12	63298481	63372999	5	3	2	2
12	63373000	63454844	5	3	2	2
12	63454845	63554284	9	7	2	1
12	63554285	64248759	6	4	2	2
12	64248760	64318121	5	3	2	2
12	64318122	64432283	5	3	2	2
12	64432284	64433634	5	3	2	2
12	64433635	64589601	5	3	2	2
12	64589602	64614827	10	7	3	2
12	64614828	64829904	5	3	2	2
12	64829905	64830566	10	8	2	1
12	64830567	64969974	5	3	2	1
12	64969975	65502987	5	3	2	2
12	65502988	65538925	5	3	2	2
12	65538926	65811575	9	7	2	1
12	65811576	65812425	9	7	2	1
12	65812426	65875824	8	6	2	2
12	65875825	65876142	8	6	2	2
12	65876143	65876977	8	6	2	2
12	65876978	66234439	4	2	2	2
12	66234440	66264221	16	14	2	1
12	66264222	66265412	16	14	2	1
12	66265413	66296387	16	14	2	1
12	66296388	66368669	16	14	2	1
12	66368670	66551922	16	14	2	1
12	66551923	66552504	10	8	2	1
12	66552505	66611989	12	10	2	1
12	66611990	66612033	1	1	0	1
12	66612034	66612044	20	17	3	1
12	66612045	66634039	8	6	2	2
12	66634040	66770944	5	3	2	2
12	66770945	67481616	2	2	0	2
12	67481617	67987300	5	3	2	2
12	67987301	68089073	7	5	2	2
12	68089074	68089212	7	5	2	2
12	68089213	68361537	7	5	2	2
12	68361538	68361839	7	5	2	2
12	68361840	68363300	7	5	2	1
12	68363301	68363351	2	2	0	2
12	68363352	98234299	2	2	0	2
12	98234300	119606445	3	2	1	3
12	119606446	119681351	2	2	0	3
12	119681352	132349400	3	2	1	2
12	132349401	133851894	3	2	1	3
13	1	16299999	3	2	1	1
13	16300000	19499999	3	2	1	2
13	19500000	114270685	3	2	1	2
14	1	16099999	3	2	1	1
14	16100000	19099999	3	2	1	1
14	19100000	57182614	3	2	1	3
14	57182615	57453236	3	2	1	2
14	57453237	61280368	3	2	1	2
14	61280369	61282459	3	2	1	2
14	61282460	80382236	3	2	1	2
14	80382237	81049579	2	2	0	2
14	81049580	106368400	3	2	1	2
15	1	15799999	4	2	2	1
15	15800000	20699999	4	2	2	2
15	20700000	100338800	4	2	2	2
15	100338801	102426739	4	2	2	2
16	83807	32844827	3	2	1	3
16	32844828	32959759	3	2	1	2
16	32959760	33427499	4	3	1	1
16	33427500	34599999	3	2	1	2
16	34600000	38599999	3	2	1	2
16	38600000	70792047	3	2	1	2
16	70792048	70830493	2	2	0	2
16	70830494	78656815	3	2	1	2
16	78656816	78730508	2	1	1	2
16	78730509	79123463	3	2	1	2
16	79123464	79180076	2	2	0	2
16	79180077	88827200	3	2	1	2
16	88827201	90354752	3	2	1	2
17	12500	11913309	2	2	0	2
17	11913310	12024645	2	2	0	2
17	12024646	12273447	0	0	0	2
17	12273448	16698801	2	2	0	2
17	16698802	16740655	5	5	0	1
17	16740656	17904873	2	2	0	2
17	17904874	17906346	2	2	0	2
17	17906347	18014967	4	2	2	2
17	18014968	18028299	7	4	3	2
17	18028300	18028343	7	4	3	2
17	18028344	18097728	7	5	2	2
17	18097729	18105977	7	5	2	2
17	18105978	18243892	16	13	3	1
17	18243893	18282515	4	2	2	2
17	18282516	18293663	11	9	2	1
17	18293664	18525001	7	5	2	1
17	18525002	18778165	10	8	2	1
17	18778166	18778581	5	3	2	2
17	18778582	18778761	5	3	2	2
17	18778762	20266323	6	4	2	2
17	20266324	20330937	4	3	1	2
17	20330938	20450318	3	2	1	2
17	20450319	20801912	3	2	1	3
17	20801913	21539973	2	2	0	2
17	21539974	25799999	NA	NA	NA	NA
17	25800000	78774600	3	2	1	3
17	78774601	81195209	3	2	1	2
18	10001	125370	4	3	1	2
18	125371	913265	4	3	1	2
18	913266	1580069	2	1	1	2
18	1580070	2195533	4	3	1	2
18	2195534	2199456	4	3	1	2
18	2199457	14468084	4	3	1	2
18	14468085	18999999	4	3	1	2
18	19000000	22127486	4	3	1	2
18	22127487	22479132	2	1	1	2
18	22479133	48597505	1	1	0	2
18	48597506	48603084	1	1	0	2
18	48603085	76117000	1	1	0	2
18	76117001	78077247	1	1	0	2
19	102500	260136	3	2	1	2
19	260137	6273170	3	2	1	2
19	6273171	6963996	1	1	0	2
19	6963997	7952363	3	2	1	2
19	7952364	9675141	1	1	0	2
19	9675142	24399999	3	2	1	3
19	24400000	28715803	NA	NA	NA	NA
19	28715804	28797285	3	2	1	2
19	28797286	28800390	3	2	1	2
19	28800391	29179388	3	2	1	3
19	29179389	29270994	4	2	2	2
19	29270995	30550037	3	2	1	2
19	30550038	30777402	2	2	0	3
19	30777403	30777519	2	2	0	2
19	30777520	30778068	5	3	2	2
19	30778069	31888544	5	3	2	2
19	31888545	32186162	4	2	2	2
19	32186163	32225307	6	4	2	2
19	32225308	34143537	4	2	2	2
19	34143538	34832122	3	2	1	3
19	34832123	35410069	3	2	1	3
19	35410070	35554021	2	2	0	2
19	35554022	37014870	6	4	2	2
19	37014871	37016852	6	4	2	2
19	37016853	38068053	7	5	2	2
19	38068054	38909588	6	4	2	2
19	38909589	39038674	10	8	2	1
19	39038675	39377500	6	4	2	2
19	39377501	41798575	7	5	2	2
19	41798576	44450755	2	2	0	3
19	44450756	44562542	2	2	0	2
19	44562543	45110055	2	2	0	2
19	45110056	45706134	3	2	1	2
19	45706135	46497800	2	2	0	2
19	46497801	47002939	3	2	1	2
19	47002940	48518736	2	2	0	2
19	48518737	48823892	3	2	1	3
19	48823893	59128982	2	2	0	3
20	32012	14336239	3	2	1	2
20	14336240	14671186	2	1	1	2
20	14671187	14732032	1	1	0	2
20	14732033	25599999	3	2	1	2
20	25600000	29399999	3	2	1	2
20	29400000	62432500	3	2	1	2
21	1	9725001	NA	NA	NA	NA
21	9725002	9832044	NA	NA	NA	NA
21	9832045	9984601	NA	NA	NA	NA
21	9984602	14341135	NA	NA	NA	NA
21	14341136	29082314	2	1	1	2
21	29082315	29581637	1	1	0	2
21	29581638	46937500	2	1	1	2
21	46937501	48129894	2	1	1	2
22	1	12199999	2	1	1	1
22	12200000	17899999	2	1	1	2
22	17900000	29065728	2	1	1	2
22	29065729	39283893	2	1	1	2
22	39283894	39285431	2	1	1	2
22	39285432	42885059	3	2	1	2
22	42885060	46586449	2	1	1	2
22	46586450	47220825	1	1	0	2
22	47220826	49687500	2	1	1	2
22	49687501	51304565	2	1	1	3
X	1	5648716	3	2	1	2
X	5648717	5653044	3	2	1	2
X	5653045	7383299	3	2	1	2
X	7383300	7472873	3	2	1	2
X	7472874	58099999	3	2	1	2
X	58100000	63945664	NA	NA	NA	NA
X	63945665	64008881	2	2	0	2
X	64008882	91677404	3	2	1	2
X	91677405	92547475	2	2	0	2
X	92547476	108677987	3	2	1	2
X	108677988	109420589	1	1	0	2
X	109420590	116539581	3	2	1	2
X	116539582	116544722	3	2	1	2
X	116544723	116590830	3	2	1	2
X	116590831	116766101	2	2	0	2
X	116766102	120138380	3	2	1	2
X	120138381	120962833	2	2	0	2
X	120962834	125784836	3	2	1	2
X	125784837	125786042	2	1	1	1
X	125786043	125869353	3	2	1	2
X	125869354	125901838	2	2	0	2
X	125901839	131156641	3	2	1	2
X	131156642	132293643	1	1	0	2
X	132293644	150631300	3	2	1	2
X	150631301	150644781	2	2	0	2
X	150644782	150672272	3	2	1	2
X	150672273	151507017	2	2	0	2
X	151507018	151568927	3	2	1	2
X	151568928	151569030	3	3	0	1
X	151569031	154913600	3	2	1	2
