chromosome	start	end	total_cn	major_cn	minor_cn	star
1	10001	860437	2	2	0	2
1	860438	9622087	2	2	0	2
1	9622088	12026644	2	2	0	2
1	12026645	12098253	3	3	0	2
1	12098254	14364101	3	3	0	2
1	14364102	14498988	4	3	1	2
1	14498989	14501349	5	3	2	2
1	14501350	38685598	2	2	0	2
1	38685599	41977841	4	2	2	2
1	41977842	42001400	4	2	2	2
1	42001401	42410581	6	3	3	2
1	42410582	42810007	4	2	2	2
1	42810008	44038255	3	2	1	2
1	44038256	44062111	4	2	2	2
1	44062112	47150646	3	2	1	2
1	47150647	47155540	3	2	1	2
1	47155541	52535402	3	2	1	2
1	52535403	52538290	3	2	1	2
1	52538291	72135730	4	2	2	2
1	72135731	72138201	2	2	0	1
1	72138202	73625150	2	1	1	2
1	73625151	73632238	1	1	0	2
1	73632239	84524750	3	2	1	2
1	84524751	84526993	4	2	2	2
1	84526994	84957722	4	2	2	2
1	84957723	84960834	4	2	2	2
1	84960835	95277972	4	2	2	2
1	95277973	95280638	3	2	1	2
1	95280639	99004499	3	2	1	2
1	99004500	99086065	3	2	1	2
1	99086066	104581791	3	2	1	2
1	104581792	104584611	3	2	1	2
1	104584612	113678241	3	2	1	2
1	113678242	118661355	3	2	1	2
1	118661356	118670301	3	2	1	2
1	118670302	119804282	3	2	1	2
1	119804283	121499999	6	4	2	2
1	121500000	128899999	6	4	2	2
1	128900000	143502499	6	4	2	2
1	143502500	144858492	8	5	3	1
1	144858493	146959306	7	4	3	2
1	146959307	146982156	8	7	1	1
1	146982157	149893124	5	3	2	2
1	149893125	151132724	8	5	3	2
1	151132725	151134406	7	5	2	1
1	151134407	152003804	8	5	3	1
1	152003805	152034396	8	5	3	1
1	152034397	152878000	8	5	3	2
1	152878001	153346142	8	5	3	2
1	153346143	153353226	8	5	3	2
1	153353227	156370482	8	5	3	1
1	156370483	156379044	8	5	3	2
1	156379045	156469446	8	5	3	2
1	156469447	158524657	7	4	3	2
1	158524658	158528714	7	4	3	2
1	158528715	158690946	7	4	3	1
1	158690947	158896945	7	4	3	2
1	158896946	158898617	5	3	2	1
1	158898618	161389381	6	3	3	2
1	161389382	161406155	6	3	3	1
1	161406156	163372204	5	4	1	2
1	163372205	163753955	3	2	1	2
1	163753956	163757574	4	3	1	2
1	163757575	176007987	4	3	1	2
1	176007988	176012980	4	3	1	2
1	176012981	180509570	4	3	1	2
1	180509571	180534920	4	2	2	2
1	180534921	180822879	4	2	2	1
1	180822880	180830111	5	3	2	2
1	180830112	184382309	4	3	1	2
1	184382310	184577624	5	3	2	2
1	184577625	186554376	3	2	1	2
1	186554377	186557220	3	2	1	2
1	186557221	187817491	3	2	1	2
1	187817492	187818990	3	2	1	2
1	187818991	188803267	3	2	1	2
1	188803268	188806725	3	2	1	2
1	188806726	188807848	3	2	1	2
1	188807849	188815944	3	2	1	2
1	188815945	189590356	3	2	1	2
1	189590357	189642920	5	4	1	1
1	189642921	189643269	5	4	1	1
1	189643270	189677056	4	3	1	2
1	189677057	193222131	3	2	1	2
1	193222132	194334531	2	1	1	2
1	194334532	199685713	2	1	1	2
1	199685714	209306887	3	2	1	2
1	209306888	209323860	3	2	1	2
1	209323861	210286517	2	1	1	2
1	210286518	210607703	3	2	1	2
1	210607704	210840065	5	3	2	2
1	210840066	211770168	4	3	1	2
1	211770169	211810513	7	5	2	1
1	211810514	214157626	4	3	1	2
1	214157627	214163463	4	4	0	1
1	214163464	217325617	3	2	1	2
1	217325618	217337777	5	3	2	2
1	217337778	217484673	8	5	3	1
1	217484674	221527665	5	3	2	2
1	221527666	221535804	4	2	2	1
1	221535805	229789900	5	3	2	2
1	229789901	229800129	8	5	3	1
1	229800130	231629482	5	3	2	2
1	231629483	231635099	7	4	3	2
1	231635100	237630884	6	3	3	2
1	237630885	237639290	7	4	3	2
1	237639291	244637919	5	3	2	2
1	244637920	244639910	5	3	2	1
1	244639911	245034856	5	3	2	2
1	245034857	245037739	5	3	2	2
1	245037740	245792362	6	3	3	2
1	245792363	245796794	5	3	2	2
1	245796795	248214621	5	3	2	1
1	248214622	248217488	5	3	2	1
1	248217489	249250620	5	3	2	2
2	12666	637248	2	1	1	2
2	637249	1026047	2	1	1	2
2	1026048	1034376	2	1	1	2
2	1034377	3889320	2	1	1	2
2	3889321	3910529	3	2	1	2
2	3910530	3918164	2	1	1	2
2	3918165	3926698	3	2	1	1
2	3926699	8729633	2	1	1	2
2	8729634	14288909	5	4	1	2
2	14288910	14291587	5	4	1	2
2	14291588	28059197	5	4	1	2
2	28059198	28084277	7	4	3	1
2	28084278	35486315	5	3	2	2
2	35486316	36018191	2	2	0	2
2	36018192	37499953	4	2	2	2
2	37499954	40470107	3	2	1	2
2	40470108	58103964	3	2	1	2
2	58103965	58111493	3	2	1	2
2	58111494	69497834	3	2	1	2
2	69497835	82764229	3	2	1	2
2	82764230	82777517	5	4	1	1
2	82777518	86679972	3	2	1	2
2	86679973	86696113	3	2	1	2
2	86696114	87053752	3	2	1	2
2	87053753	89840101	4	3	1	2
2	89840102	90284802	3	2	1	1
2	90284803	96799999	NA	NA	NA	NA
2	96800000	102081628	4	2	2	2
2	102081629	102101018	4	2	2	2
2	102101019	107279026	4	2	2	2
2	107279027	107286364	4	2	2	2
2	107286365	117509893	4	2	2	2
2	117509894	117521228	5	3	2	2
2	117521229	117556542	3	2	1	1
2	117556543	117573190	3	2	1	1
2	117573191	118122942	3	2	1	2
2	118122943	118141854	3	2	1	2
2	118141855	119079964	3	2	1	2
2	119079965	121657501	4	2	2	2
2	121657502	121666512	4	2	2	2
2	121666513	123995012	3	2	1	2
2	123995013	124011587	5	3	2	2
2	124011588	129653258	3	2	1	2
2	129653259	129655239	3	2	1	2
2	129655240	148569746	3	2	1	2
2	148569747	150056842	2	2	0	2
2	150056843	163163723	3	2	1	2
2	163163724	173448045	3	2	1	2
2	173448046	173489184	5	3	2	2
2	173489185	179656899	3	2	1	1
2	179656900	179671424	7	5	2	2
2	179671425	181110176	4	2	2	2
2	181110177	181133723	4	3	1	2
2	181133724	186793232	3	2	1	2
2	186793233	186798346	5	3	2	2
2	186798347	188353866	3	2	1	2
2	188353867	188355488	3	2	1	2
2	188355489	200178944	3	2	1	2
2	200178945	200193483	3	2	1	2
2	200193484	202586097	3	2	1	2
2	202586098	233559967	2	2	0	2
2	233559968	233584857	3	3	0	2
2	233584858	237139317	2	2	0	2
2	237139318	237166971	4	4	0	1
2	237166972	241625063	1	1	0	2
2	241625064	241671862	0	0	0	2
2	241671863	242985493	1	1	0	2
3	81179	17394614	3	3	0	2
3	17394615	22084187	2	2	0	2
3	22084188	26489995	2	2	0	2
3	26489996	28141638	3	3	0	2
3	28141639	28143175	3	3	0	2
3	28143176	40847444	3	3	0	2
3	40847445	40849002	3	3	0	2
3	40849003	79506056	3	3	0	2
3	79506057	79508050	3	3	0	2
3	79508051	87899999	2	2	0	2
3	87900000	93899999	NA	NA	NA	NA
3	93900000	107614384	2	2	0	2
3	107614385	107616254	2	2	0	2
3	107616255	137985982	2	2	0	2
3	137985983	144197034	5	3	2	2
3	144197035	144198653	4	2	2	2
3	144198654	145684257	4	2	2	2
3	145684258	145688994	4	2	2	1
3	145688995	147885770	4	2	2	2
3	147885771	147888941	5	3	2	2
3	147888942	162088924	5	3	2	2
3	162088925	162091259	4	4	0	2
3	162091260	165576374	4	2	2	2
3	165576375	165583711	5	3	2	1
3	165583712	167279576	4	2	2	2
3	167279577	167293627	4	2	2	1
3	167293628	168715387	5	3	2	2
3	168715388	168717187	4	2	2	1
3	168717188	178247322	5	3	2	2
3	178247323	178654318	3	3	0	2
3	178654319	183735482	4	2	2	2
3	183735483	183739574	4	2	2	2
3	183739575	183969198	3	2	1	2
3	183969199	183989181	3	2	1	2
3	183989182	197847500	4	2	2	1
4	35422	28173509	2	2	0	2
4	28173510	28179743	2	2	0	2
4	28179744	30580977	2	2	0	2
4	30580978	30588473	2	2	0	1
4	30588474	48199999	2	2	0	2
4	48200000	52699999	2	2	0	2
4	52700000	56741554	2	2	0	2
4	56741555	56745914	2	2	0	1
4	56745915	60700158	2	2	0	2
4	60700159	60702694	2	2	0	2
4	60702695	89059767	2	2	0	2
4	89059768	89092570	4	4	0	2
4	89092571	92819874	2	2	0	2
4	92819875	92847096	6	6	0	1
4	92847097	122662016	2	2	0	2
4	122662017	122674514	4	4	0	2
4	122674515	143026911	2	2	0	2
4	143026912	143055042	3	3	0	2
4	143055043	169812279	2	2	0	2
4	169812280	169835746	2	2	0	2
4	169835747	171210016	2	2	0	2
4	171210017	171664997	1	1	0	2
4	171664998	180300008	2	2	0	2
4	180300009	190790246	2	2	0	2
5	46226	870293	4	3	1	2
5	870294	6334835	6	5	1	2
5	6334836	6343690	6	5	1	2
5	6343691	7356594	6	5	1	2
5	7356595	7358843	3	3	0	2
5	7358844	13311293	5	4	1	2
5	13311294	13313861	5	4	1	2
5	13313862	18971746	5	4	1	2
5	18971747	18974487	3	2	1	1
5	18974488	26335360	5	4	1	2
5	26335361	26336950	4	3	1	2
5	26336951	27649950	4	3	1	2
5	27649951	27652365	4	3	1	2
5	27652366	29336408	4	3	1	2
5	29336409	29338263	4	3	1	2
5	29338264	33599280	5	4	1	2
5	33599281	33637170	4	2	2	2
5	33637171	35048850	3	2	1	2
5	35048851	43563677	1	1	0	2
5	43563678	43585611	1	1	0	2
5	43585612	45850804	1	1	0	2
5	45850805	46099999	1	1	0	2
5	46100000	50699999	1	1	0	2
5	50700000	77806067	1	1	0	2
5	77806068	83757393	2	2	0	2
5	83757394	83761037	2	2	0	2
5	83761038	86666486	2	2	0	2
5	86666487	89822499	2	2	0	2
5	89822500	92948076	1	1	0	2
5	92948077	94956132	2	2	0	2
5	94956133	100757612	2	2	0	2
5	100757613	100759102	1	1	0	2
5	100759103	104266877	1	1	0	2
5	104266878	104272448	1	1	0	2
5	104272449	106918702	1	1	0	2
5	106918703	106946547	1	1	0	2
5	106946548	110248517	1	1	0	2
5	110248518	121933407	2	2	0	2
5	121933408	125951244	1	1	0	2
5	125951245	130837240	2	2	0	2
5	130837241	130840303	2	2	0	2
5	130840304	131753435	2	2	0	2
5	131753436	131759204	2	2	0	1
5	131759205	133329128	3	3	0	2
5	133329129	138102967	2	2	0	2
5	138102968	138453284	2	2	0	2
5	138453285	138457625	2	2	0	2
5	138457626	138741971	2	2	0	2
5	138741972	144274196	2	2	0	2
5	144274197	148195572	1	1	0	2
5	148195573	148209917	2	2	0	1
5	148209918	160961964	1	1	0	2
5	160961965	160964364	1	1	0	2
5	160964365	169610468	1	1	0	2
5	169610469	169611324	4	3	1	2
5	169611325	169760015	1	1	0	2
5	169760016	170114059	2	2	0	2
5	170114060	180699533	2	2	0	2
6	39681	244950	4	3	1	1
6	244951	1006534	3	2	1	2
6	1006535	1502012	6	3	3	1
6	1502013	16249666	4	2	2	2
6	16249667	20685543	4	3	1	2
6	20685544	20686915	4	3	1	2
6	20686916	20839965	5	3	2	1
6	20839966	22604120	4	3	1	2
6	22604121	28479869	3	2	1	2
6	28479870	28484966	4	3	1	2
6	28484967	29417817	3	2	1	2
6	29417818	32472233	3	2	1	2
6	32472234	32701063	3	2	1	2
6	32701064	34268806	3	2	1	2
6	34268807	39689082	4	3	1	2
6	39689083	39691548	3	2	1	1
6	39691549	47102500	4	2	2	1
6	47102501	47181112	5	3	2	2
6	47181113	48133798	5	3	2	2
6	48133799	48135854	5	3	2	1
6	48135855	51740802	5	3	2	2
6	51740803	53108085	8	5	3	2
6	53108086	57262500	8	5	3	1
6	57262501	58120022	5	4	1	2
6	58120023	63299999	NA	NA	NA	NA
6	63300000	64751062	4	2	2	2
6	64751063	64752611	4	2	2	2
6	64752612	67119970	3	2	1	1
6	67119971	67610020	3	2	1	2
6	67610021	81869866	3	2	1	2
6	81869867	81894054	2	1	1	2
6	81894055	104344075	2	1	1	2
6	104344076	104365388	3	3	0	2
6	104365389	114118949	3	2	1	2
6	114118950	114124093	2	1	1	1
6	114124094	141535891	3	2	1	2
6	141535892	141540171	3	2	1	2
6	141540172	150647072	3	2	1	2
6	150647073	150746853	4	2	2	2
6	150746854	150760920	5	3	2	1
6	150760921	162772136	3	2	1	2
6	162772137	165186444	3	2	1	2
6	165186445	170907623	2	1	1	2
7	40386	24404978	3	2	1	2
7	24404979	24407186	3	2	1	2
7	24407187	30506993	3	2	1	2
7	30506994	30533682	3	2	1	2
7	30533683	39582857	3	2	1	2
7	39582858	39794331	3	2	1	2
7	39794332	42510004	3	2	1	2
7	42510005	57999999	3	2	1	2
7	58000000	61699999	NA	NA	NA	NA
7	61700000	76810003	3	2	1	2
7	76810004	81510543	3	2	1	2
7	81510544	81511969	3	2	1	2
7	81511970	87175162	3	2	1	2
7	87175163	87203068	5	3	2	2
7	87203069	88905198	3	2	1	2
7	88905199	88939549	3	2	1	2
7	88939550	92449219	3	2	1	2
7	92449220	92451152	3	2	1	2
7	92451153	112662078	3	2	1	2
7	112662079	112665291	3	2	1	2
7	112665292	120570028	3	2	1	2
7	120570029	126930524	3	2	1	2
7	126930525	126944962	2	1	1	1
7	126944963	158821400	2	1	1	2
8	186617	5579995	2	2	0	2
8	5579996	43099999	3	3	0	2
8	43100000	48099999	NA	NA	NA	NA
8	48100000	51042842	4	2	2	2
8	51042843	51044494	4	2	2	2
8	51044495	56236464	4	2	2	2
8	56236465	56238511	4	2	2	2
8	56238512	56495637	4	2	2	2
8	56495638	56497377	4	2	2	2
8	56497378	65198784	4	2	2	2
8	65198785	65201268	4	2	2	2
8	65201269	67472597	4	2	2	2
8	67472598	67476368	4	2	2	2
8	67476369	73783660	4	2	2	2
8	73783661	84976914	3	2	1	2
8	84976915	84977917	4	2	2	2
8	84977918	91875887	3	2	1	2
8	91875888	92079885	5	3	2	2
8	92079886	92094717	5	3	2	2
8	92094718	92869918	5	3	2	2
8	92869919	92871249	5	3	2	2
8	92871250	95618595	5	3	2	2
8	95618596	95621803	6	3	3	2
8	95621804	99653780	6	3	3	2
8	99653781	99659140	7	4	3	2
8	99659141	100802447	6	4	2	2
8	100802448	100804023	5	3	2	1
8	100804024	110901178	5	3	2	2
8	110901179	110916350	5	3	2	1
8	110916351	121126896	5	3	2	2
8	121126897	121128486	5	3	2	2
8	121128487	121804809	5	3	2	2
8	121804810	121896526	4	2	2	2
8	121896527	122697947	5	3	2	1
8	122697948	122704926	4	2	2	1
8	122704927	123243682	6	4	2	2
8	123243683	123245430	5	3	2	1
8	123245431	131843250	7	4	3	2
8	131843251	131845288	5	3	2	1
8	131845289	145522603	5	3	2	2
8	145522604	145522737	7	4	3	1
8	145522738	145769967	2	2	0	1
9	58249	250007	2	2	0	2
9	250008	5422775	2	2	0	2
9	5422776	12027874	2	2	0	2
9	12027875	12031197	2	2	0	2
9	12031198	35261844	2	2	0	2
9	35261845	35264140	2	2	0	2
9	35264141	47299999	2	2	0	2
9	47300000	50699999	2	2	0	2
9	50700000	71072894	2	2	0	2
9	71072895	71834030	2	2	0	2
9	71834031	71837544	4	4	0	2
9	71837545	89854538	2	2	0	2
9	89854539	89862055	2	2	0	2
9	89862056	97213775	2	2	0	2
9	97213776	97283375	5	5	0	2
9	97283376	101766097	2	2	0	2
9	101766098	101772971	3	3	0	2
9	101772972	108988995	2	2	0	2
9	108988996	108991204	2	2	0	2
9	108991205	114851267	3	3	0	1
9	114851268	114852635	12	12	0	1
9	114852636	119790969	2	2	0	2
9	119790970	119808141	2	2	0	2
9	119808142	140273200	2	2	0	2
10	96469	2712826	6	6	0	2
10	2712827	2718197	4	4	0	1
10	2718198	7097844	6	6	0	2
10	7097845	7115251	7	7	0	1
10	7115252	10017893	6	6	0	2
10	10017894	10030231	22	22	0	1
10	10030232	12632855	6	6	0	2
10	12632856	15691017	7	7	0	2
10	15691018	15692388	7	7	0	2
10	15692389	20677159	7	7	0	2
10	20677160	20705481	5	5	0	2
10	20705482	23656189	5	5	0	2
10	23656190	23885011	2	2	0	2
10	23885012	23896278	2	2	0	2
10	23896279	35654183	2	2	0	2
10	35654184	35658967	2	2	0	1
10	35658968	36536173	2	2	0	2
10	36536174	37999999	2	2	0	2
10	38000000	42447889	2	2	0	2
10	42447890	54029377	2	2	0	2
10	54029378	54040220	2	2	0	2
10	54040221	54383159	2	2	0	2
10	54383160	54384642	2	2	0	2
10	54384643	66002500	2	2	0	2
10	66002501	67112877	2	2	0	2
10	67112878	67131878	7	7	0	1
10	67131879	77154424	2	2	0	2
10	77154425	84607082	1	1	0	2
10	84607083	84621466	3	3	0	1
10	84621467	89678767	1	1	0	2
10	89678768	89696218	3	3	0	2
10	89696219	113180016	2	2	0	2
10	113180017	126695286	2	2	0	2
10	126695287	126716622	4	4	0	2
10	126716623	127020277	3	3	0	2
10	127020278	127075873	5	5	0	2
10	127075874	127390074	4	4	0	1
10	127390075	135389924	2	2	0	2
11	20721	202874	3	2	1	1
11	202875	11629905	2	1	1	2
11	11629906	44724877	2	1	1	2
11	44724878	44760973	4	2	2	2
11	44760974	45297493	3	2	1	2
11	45297494	45307091	3	2	1	2
11	45307092	46776419	3	2	1	2
11	46776420	46789375	3	2	1	1
11	46789376	50142500	3	2	1	2
11	50142501	51599999	4	3	1	2
11	51600000	55699999	NA	NA	NA	NA
11	55700000	59239662	3	2	1	2
11	59239663	59273509	5	3	2	2
11	59273510	60044934	3	2	1	2
11	60044935	60046326	3	2	1	2
11	60046327	63012625	3	2	1	2
11	63012626	63016428	3	2	1	2
11	63016429	64269759	3	2	1	2
11	64269760	64283699	3	2	1	2
11	64283700	65200076	2	2	0	2
11	65200077	65273900	3	2	1	2
11	65273901	65283321	3	2	1	2
11	65283322	65288775	3	2	1	2
11	65288776	71428781	3	2	1	2
11	71428782	71439559	3	2	1	2
11	71439560	89327451	3	2	1	2
11	89327452	91111997	2	1	1	1
11	91111998	91113209	3	2	1	1
11	91113210	91827485	3	2	1	2
11	91827486	93161399	3	2	1	2
11	93161400	93161833	3	2	1	2
11	93161834	94801949	3	2	1	2
11	94801950	94804396	3	2	1	2
11	94804397	99600062	3	2	1	2
11	99600063	106117142	3	2	1	2
11	106117143	106127796	3	2	1	2
11	106127797	112279510	3	2	1	2
11	112279511	118453509	4	3	1	2
11	118453510	118466743	4	2	2	1
11	118466744	134452200	3	2	1	2
12	110107	184403	3	3	0	2
12	184404	11644935	3	3	0	2
12	11644936	11647832	3	3	0	2
12	11647833	14816608	3	3	0	2
12	14816609	15565702	2	2	0	2
12	15565703	15576210	2	2	0	2
12	15576211	28520037	2	2	0	2
12	28520038	30530234	2	2	0	2
12	30530235	30531818	2	2	0	2
12	30531819	33299999	3	3	0	2
12	33300000	38199999	NA	NA	NA	NA
12	38200000	45026764	2	2	0	2
12	45026765	45028782	2	2	0	2
12	45028783	62330839	2	2	0	2
12	62330840	82408718	3	3	0	2
12	82408719	93052295	3	3	0	2
12	93052296	93322500	5	4	1	2
12	93322501	107442452	3	3	0	2
12	107442453	107445024	3	3	0	2
12	107445025	107647980	3	3	0	2
12	107647981	107660729	4	4	0	1
12	107660730	119409253	3	3	0	2
12	119409254	119423895	4	4	0	2
12	119423896	119578956	4	4	0	1
12	119578957	127344811	3	3	0	2
12	127344812	127344825	3	3	0	2
12	127344826	132349400	3	3	0	2
12	132349401	133851894	2	2	0	1
13	1	16299999	2	2	0	1
13	16300000	19499999	2	2	0	2
13	19500000	23608264	2	2	0	2
13	23608265	23626664	3	3	0	2
13	23626665	48933462	2	2	0	2
13	48933463	48949995	2	2	0	1
13	48949996	57319202	2	2	0	2
13	57319203	57323532	2	2	0	2
13	57323533	82818879	2	2	0	2
13	82818880	82820409	2	2	0	2
13	82820410	91037397	2	2	0	2
13	91037398	91039382	2	2	0	2
13	91039383	94820048	2	2	0	2
13	94820049	96918684	3	3	0	2
13	96918685	96937676	2	2	0	1
13	96937677	100576638	3	3	0	2
13	100576639	100583844	3	3	0	2
13	100583845	101064308	3	3	0	2
13	101064309	101075337	5	5	0	1
13	101075338	114142800	2	2	0	2
13	114142801	115169877	2	2	0	2
14	1	16099999	2	2	0	1
14	16100000	19099999	NA	NA	NA	NA
14	19100000	21828794	2	2	0	2
14	21828795	21865346	2	2	0	2
14	21865347	26351523	2	2	0	2
14	26351524	26353768	2	2	0	2
14	26353769	38413445	2	2	0	2
14	38413446	38431046	5	5	0	1
14	38431047	102262845	2	2	0	2
14	102262846	102275181	3	3	0	2
14	102275182	106318400	2	2	0	2
14	106318401	107349539	2	2	0	2
15	1	15799999	2	2	0	1
15	15800000	20699999	NA	NA	NA	NA
15	20700000	22497025	1	1	0	2
15	22497026	54659996	2	2	0	2
15	54659997	58320012	3	3	0	2
15	58320013	68544304	3	3	0	2
15	68544305	68545836	2	2	0	2
15	68545837	90588943	2	2	0	2
15	90588944	90602622	4	4	0	2
15	90602623	95340799	2	2	0	2
15	95340800	95343860	2	2	0	2
15	95343861	97460001	3	3	0	2
15	97460002	100288800	2	2	0	2
15	100288801	102531391	2	2	0	2
16	94080	1788138	3	2	1	2
16	1788139	1794542	5	3	2	2
16	1794543	3614985	3	2	1	2
16	3614986	3622998	3	2	1	2
16	3622999	8551486	4	2	2	2
16	8551487	8600732	4	2	2	2
16	8600733	21672761	4	2	2	2
16	21672762	21680431	4	3	1	2
16	21680432	23739941	4	2	2	2
16	23739942	23780334	4	3	1	2
16	23780335	31220833	4	2	2	2
16	31220834	33483613	3	2	1	2
16	33483614	33487775	3	2	1	2
16	33487776	34595280	2	2	0	2
16	34595281	34599999	2	2	0	1
16	34600000	38599999	2	2	0	2
16	38600000	52500009	2	2	0	2
16	52500010	58984059	3	3	0	2
16	58984060	58985572	3	3	0	2
16	58985573	64044504	2	2	0	2
16	64044505	64048175	2	2	0	2
16	64048176	88827200	3	3	0	2
16	88827201	90354752	2	2	0	2
17	8792	1619961	2	2	0	2
17	1619962	5768161	2	2	0	2
17	5768162	5818161	3	3	0	1
17	5818162	5837743	7	6	1	1
17	5837744	10737950	2	2	0	2
17	10737951	10740561	5	5	0	2
17	10740562	21183793	4	4	0	2
17	21183794	21213629	5	5	0	2
17	21213630	22095191	3	3	0	2
17	22095192	22109939	3	3	0	2
17	22109940	22189358	3	3	0	2
17	22189359	22199999	6	6	0	1
17	22200000	25799999	NA	NA	NA	NA
17	25800000	32620030	3	3	0	2
17	32620031	52634250	2	2	0	2
17	52634251	52661796	3	3	0	2
17	52661797	58398656	3	3	0	2
17	58398657	58404004	3	3	0	2
17	58404005	65867902	3	3	0	2
17	65867903	65895670	2	2	0	1
17	65895671	69119972	3	3	0	2
17	69119973	69699156	3	3	0	2
17	69699157	69704001	3	3	0	2
17	69704002	77312153	3	3	0	2
17	77312154	79357577	4	4	0	1
17	79357578	81195209	3	3	0	1
18	27500	142177	3	3	0	2
18	142178	2019951	3	3	0	2
18	2019952	2324738	3	3	0	1
18	2324739	6257500	2	2	0	2
18	6257501	14285108	2	2	0	2
18	14285109	15399999	2	2	0	2
18	15400000	18999999	NA	NA	NA	NA
18	19000000	45680850	3	3	0	2
18	45680851	45736095	6	6	0	2
18	45736096	52790038	3	3	0	2
18	52790039	63194919	3	3	0	2
18	63194920	63731317	1	1	0	2
18	63731318	63732150	1	1	0	2
18	63732151	66726853	1	1	0	2
18	66726854	66729303	1	1	0	2
18	66729304	69316835	1	1	0	2
18	69316836	69319053	1	1	0	2
18	69319054	76117000	1	1	0	2
18	76117001	78077247	1	1	0	2
19	102500	255095	1	1	0	2
19	255096	7532429	1	1	0	2
19	7532430	7576337	2	2	0	2
19	7576338	8022765	2	2	0	2
19	8022766	8051194	2	2	0	2
19	8051195	23873527	2	2	0	2
19	23873528	24111782	3	3	0	2
19	24111783	28599999	NA	NA	NA	NA
19	28600000	39321242	4	3	1	2
19	39321243	41120202	4	2	2	2
19	41120203	41123833	4	2	2	2
19	41123834	48734005	4	2	2	2
19	48734006	48740767	7	6	1	2
19	48740768	59128982	3	2	1	2
20	33275	3348714	3	2	1	2
20	3348715	3360533	3	2	1	2
20	3360534	25599999	3	2	1	2
20	25600000	29399999	NA	NA	NA	NA
20	29400000	31147500	3	2	1	2
20	31147501	39045332	3	3	0	2
20	39045333	39058097	4	3	1	1
20	39058098	49623617	3	3	0	2
20	49623618	49866721	4	4	0	1
20	49866722	49869262	5	4	1	1
20	49869263	61420000	3	2	1	2
20	61420001	62385800	4	2	2	2
21	1	9417499	NA	NA	NA	NA
21	9417500	10899999	NA	NA	NA	NA
21	10900000	15236444	4	2	2	1
21	15236445	17277248	3	2	1	1
21	17277249	17284742	4	2	2	2
21	17284743	17878283	5	3	2	2
21	17878284	17905950	3	2	1	1
21	17905951	23335782	3	2	1	2
21	23335783	26642412	2	1	1	1
21	26642413	26648524	2	2	0	2
21	26648525	32866312	2	1	1	1
21	32866313	32893982	3	2	1	2
21	32893983	46937500	2	2	0	2
21	46937501	48129894	2	2	0	2
22	1	12199999	2	1	1	1
22	12200000	17899999	2	1	1	2
22	17900000	19099428	2	1	1	2
22	19099429	19103918	2	1	1	2
22	19103919	20072261	2	1	1	2
22	20072262	20089667	2	1	1	2
22	20089668	30782028	2	1	1	2
22	30782029	30788965	2	1	1	2
22	30788966	34437950	2	1	1	2
22	34437951	34442051	2	1	1	2
22	34442052	39905491	2	1	1	2
22	39905492	39934075	2	1	1	2
22	39934076	47377972	2	1	1	2
22	47377973	47418942	2	1	1	2
22	47418943	49692592	2	1	1	2
22	49692593	51304565	2	1	1	2
X	1	1507339	2	2	0	2
X	1507340	1518520	2	2	0	2
X	1518521	31323793	3	3	0	2
X	31323794	31325639	2	2	0	1
X	31325640	37458807	2	2	0	2
X	37458808	58099999	2	2	0	2
X	58100000	62999999	NA	NA	NA	NA
X	63000000	79429752	1	1	0	2
X	79429753	79432601	1	1	0	2
X	79432602	87190859	1	1	0	2
X	87190860	87233529	3	3	0	2
X	87233530	94387108	1	1	0	2
X	94387109	94441381	4	4	0	2
X	94441382	104214383	2	2	0	2
X	104214384	104229747	1	1	0	1
X	104229748	131132917	2	2	0	2
X	131132918	131134400	4	2	2	2
X	131134401	138834330	2	2	0	2
X	138834331	138836024	2	2	0	1
X	138836025	145179664	2	2	0	2
X	145179665	145183781	2	2	0	1
X	145183782	154561865	2	2	0	2
X	154561866	154913600	1	1	0	1
