chromosome	start	end	total_cn	major_cn	minor_cn	star
1	1	8395584	2	2	0	2
1	8395585	8403329	2	2	0	2
1	8403330	10985223	2	2	0	2
1	10985224	11005710	2	2	0	2
1	11005711	16662323	2	2	0	2
1	16662324	16672290	2	2	0	2
1	16672291	17273249	2	2	0	2
1	17273250	19269036	2	2	0	2
1	19269037	19272884	2	2	0	2
1	19272885	24459793	2	2	0	2
1	24459794	24465599	2	2	0	1
1	24465600	25611401	2	2	0	3
1	25611402	26381331	2	2	0	3
1	26381332	26383327	2	2	0	3
1	26383328	29130358	2	2	0	2
1	29130359	29133698	2	2	0	2
1	29133699	29135709	2	2	0	1
1	29135710	29137475	2	2	0	1
1	29137476	37263972	2	2	0	2
1	37263973	37269904	2	2	0	2
1	37269905	39366455	2	2	0	2
1	39366456	39367844	2	2	0	2
1	39367845	40252960	2	2	0	2
1	40252961	41358471	3	2	1	2
1	41358472	41361245	3	2	1	3
1	41361246	43003127	3	2	1	3
1	43003128	43146061	3	2	1	2
1	43146062	43151031	3	2	1	2
1	43151032	43151489	3	2	1	2
1	43151490	43154956	1	1	0	2
1	43154957	43500821	3	2	1	2
1	43500822	43527202	4	3	1	2
1	43527203	44653801	3	2	1	2
1	44653802	44960781	2	1	1	3
1	44960782	44969684	2	1	1	2
1	44969685	44969802	2	1	1	2
1	44969803	50913692	2	1	1	3
1	50913693	50917173	2	1	1	3
1	50917174	63017211	2	1	1	3
1	63017212	63022271	2	1	1	1
1	63022272	74685094	2	1	1	3
1	74685095	74686791	2	1	1	2
1	74686792	75638499	2	1	1	3
1	75638500	75641838	2	1	1	3
1	75641839	76318731	2	1	1	3
1	76318732	76320461	2	1	1	3
1	76320462	87144698	2	1	1	3
1	87144699	87441048	2	1	1	3
1	87441049	87442400	2	1	1	3
1	87442401	88117070	2	1	1	3
1	88117071	88159550	2	1	1	1
1	88159551	88637652	2	1	1	3
1	88637653	88639937	2	1	1	3
1	88639938	92929965	2	1	1	3
1	92929966	92933436	2	1	1	1
1	92933437	94409497	2	1	1	2
1	94409498	94418826	2	1	1	2
1	94418827	94456065	4	2	2	3
1	94456066	94470997	2	1	1	1
1	94470998	96389125	2	1	1	3
1	96389126	96390011	2	1	1	3
1	96390012	106877270	2	1	1	3
1	106877271	106878539	2	1	1	3
1	106878540	108349680	2	1	1	3
1	108349681	108359222	2	1	1	2
1	108359223	108359595	2	1	1	1
1	108359596	108359879	2	1	1	2
1	108359880	108361273	2	1	1	2
1	108361274	108362180	2	1	1	2
1	108362181	113031997	2	1	1	3
1	113031998	113034235	2	1	1	3
1	113034236	113844416	2	1	1	3
1	113844417	113860729	2	1	1	2
1	113860730	115337433	2	1	1	3
1	115337434	115349919	2	1	1	3
1	115349920	116836407	2	1	1	3
1	116836408	116880494	2	1	1	1
1	116880495	120025731	2	1	1	3
1	120025732	120030278	2	1	1	3
1	120030279	120562499	2	1	1	3
1	120562500	121147499	2	1	1	2
1	121147500	128899999	NA	NA	NA	NA
1	128900000	143496002	3	2	1	2
1	143496003	152813757	3	2	1	2
1	152813758	152816903	3	2	1	2
1	152816904	155278675	3	2	1	2
1	155278676	155283666	3	2	1	1
1	155283667	159687166	3	2	1	2
1	159687167	159690413	3	2	1	2
1	159690414	163521656	3	2	1	2
1	163521657	163523984	3	2	1	2
1	163523985	165010472	3	2	1	3
1	165010473	165014720	5	4	1	2
1	165014721	167831671	3	2	1	2
1	167831672	167835852	3	2	1	2
1	167835853	176110248	3	2	1	2
1	176110249	176162883	2	2	0	2
1	176162884	176298856	3	2	1	2
1	176298857	176300705	3	2	1	2
1	176300706	181835492	3	2	1	2
1	181835493	181835549	3	2	1	2
1	181835550	181838906	3	2	1	2
1	181838907	181839072	3	2	1	2
1	181839073	181842095	3	2	1	2
1	181842096	181842198	3	2	1	2
1	181842199	181909632	3	2	1	2
1	181909633	181911004	3	2	1	2
1	181911005	182204230	3	2	1	2
1	182204231	182208928	3	2	1	2
1	182208929	189886365	3	2	1	2
1	189886366	189887369	3	2	1	2
1	189887370	191201775	3	2	1	2
1	191201776	191204115	3	2	1	2
1	191204116	192142305	3	2	1	2
1	192142306	192144800	3	2	1	2
1	192144801	192823286	3	2	1	2
1	192823287	193167186	2	1	1	3
1	193167187	193174394	2	1	1	1
1	193174395	193781014	2	1	1	3
1	193781015	193782971	2	1	1	3
1	193782972	195786077	2	1	1	2
1	195786078	195792404	3	2	1	2
1	195792405	200032285	2	1	1	3
1	200032286	200035017	2	1	1	1
1	200035018	201655516	2	1	1	2
1	201655517	201692342	3	2	1	3
1	201692343	201734532	3	2	1	2
1	201734533	201987399	3	2	1	2
1	201987400	202011694	3	2	1	2
1	202011695	202019859	3	2	1	2
1	202019860	202035966	4	3	1	2
1	202035967	203687770	3	2	1	2
1	203687771	203693430	3	2	1	2
1	203693431	209504991	3	2	1	2
1	209504992	209550883	4	3	1	2
1	209550884	209551121	3	2	1	1
1	209551122	209554498	3	2	1	2
1	209554499	210423845	3	2	1	2
1	210423846	210430345	2	2	0	2
1	210430346	210931620	3	2	1	3
1	210931621	210933216	3	2	1	3
1	210933217	219120407	3	2	1	3
1	219120408	219130476	3	2	1	1
1	219130477	229734169	3	2	1	3
1	229734170	229819543	3	2	1	2
1	229819544	230938132	3	2	1	3
1	230938133	230943501	3	2	1	2
1	230943502	230943547	3	2	1	1
1	230943548	230945208	3	2	1	1
1	230945209	233103670	3	2	1	3
1	233103671	233108962	3	2	1	2
1	233108963	233671250	3	2	1	3
1	233671251	233672608	3	2	1	3
1	233672609	235317115	3	2	1	3
1	235317116	235320341	3	2	1	2
1	235320342	241882481	3	2	1	3
1	241882482	241885235	3	2	1	2
1	241885236	247249600	3	2	1	3
1	247249601	249250620	3	2	1	3
2	22500	366363	2	2	0	2
2	366364	370918	4	4	0	2
2	370919	1944884	2	2	0	2
2	1944885	1946193	2	2	0	2
2	1946194	3363628	2	2	0	2
2	3363629	3379857	2	2	0	2
2	3379858	5259896	2	2	0	2
2	5259897	5261300	2	2	0	2
2	5261301	5573950	2	2	0	2
2	5573951	16550760	1	1	0	3
2	16550761	16552762	1	1	0	3
2	16552763	25024929	1	1	0	2
2	25024930	25716460	2	2	0	3
2	25716461	25718862	2	2	0	3
2	25718863	26202572	2	2	0	2
2	26202573	26237062	3	3	0	2
2	26237063	32328164	2	2	0	3
2	32328165	32558315	4	4	0	2
2	32558316	32736642	2	2	0	2
2	32736643	33724712	3	3	0	2
2	33724713	37385482	4	4	0	2
2	37385483	37388460	3	3	0	2
2	37388461	40536689	4	4	0	2
2	40536690	42971863	6	4	2	2
2	42971864	42975477	6	4	2	2
2	42975478	44671296	6	4	2	2
2	44671297	44752551	4	2	2	2
2	44752552	46567342	6	4	2	2
2	46567343	46579163	6	4	2	2
2	46579164	51965516	6	4	2	2
2	51965517	51967123	6	4	2	2
2	51967124	53347873	6	4	2	2
2	53347874	53349809	6	4	2	2
2	53349810	54544707	6	4	2	2
2	54544708	54547211	6	4	2	2
2	54547212	57199180	6	4	2	2
2	57199181	57205228	2	2	0	2
2	57205229	58215315	6	4	2	2
2	58215316	58216116	6	4	2	2
2	58216117	61543995	6	4	2	2
2	61543996	61547062	6	4	2	2
2	61547063	61547081	5	3	2	2
2	61547082	61547120	5	3	2	2
2	61547121	61645038	5	3	2	2
2	61645039	61658064	8	6	2	2
2	61658065	65029205	5	3	2	2
2	65029206	65037065	4	2	2	2
2	65037066	65730216	5	3	2	2
2	65730217	65736516	5	3	2	2
2	65736517	67228225	5	3	2	2
2	67228226	70581444	3	2	1	3
2	70581445	70584734	3	2	1	3
2	70584735	77154005	3	2	1	3
2	77154006	77154713	3	2	1	3
2	77154714	78086159	3	2	1	3
2	78086160	78088052	3	2	1	2
2	78088053	78685173	3	2	1	3
2	78685174	78687779	3	2	1	2
2	78687780	78729082	3	2	1	2
2	78729083	78733636	3	2	1	2
2	78733637	80258185	3	2	1	3
2	80258186	80261084	3	2	1	2
2	80261085	80335621	3	2	1	3
2	80335622	80338998	3	2	1	2
2	80338999	88326723	3	2	1	3
2	88326724	88327321	3	2	1	3
2	88327322	88835916	3	2	1	3
2	88835917	88836680	3	2	1	3
2	88836681	90499999	3	2	1	2
2	90500000	96799999	NA	NA	NA	NA
2	96800000	100013221	4	2	2	3
2	100013222	100015210	4	2	2	3
2	100015211	100016288	4	2	2	2
2	100016289	101244541	4	2	2	3
2	101244542	101248667	4	2	2	1
2	101248668	102732203	4	2	2	3
2	102732204	102733456	4	2	2	2
2	102733457	102785030	4	2	2	3
2	102785031	102792167	4	2	2	2
2	102792168	102797310	4	2	2	2
2	102797311	102799095	4	2	2	2
2	102799096	103222751	4	2	2	3
2	103222752	103234368	4	2	2	1
2	103234369	104420511	4	2	2	3
2	104420512	104928210	3	2	1	3
2	104928211	104929047	3	2	1	3
2	104929048	105197644	3	2	1	3
2	105197645	107808884	4	2	2	3
2	107808885	107808928	4	2	2	3
2	107808929	109534306	4	2	2	3
2	109534307	109546525	4	2	2	1
2	109546526	122441452	4	2	2	3
2	122441453	122443511	4	2	2	3
2	122443512	122447301	4	2	2	2
2	122447302	123981057	4	2	2	3
2	123981058	123981874	4	2	2	2
2	123981875	126631586	4	2	2	2
2	126631587	127009757	3	2	1	2
2	127009758	127010613	3	2	1	2
2	127010614	127770518	3	2	1	2
2	127770519	127772338	2	1	1	2
2	127772339	127867466	3	2	1	2
2	127867467	127871751	3	2	1	2
2	127871752	128469610	3	2	1	2
2	128469611	128473982	3	2	1	2
2	128473983	133542565	3	2	1	2
2	133542566	133774973	2	1	1	3
2	133774974	133879765	3	2	1	2
2	133879766	133950788	3	2	1	2
2	133950789	135326312	3	2	1	2
2	135326313	135333152	3	2	1	2
2	135333153	137501137	3	2	1	2
2	137501138	137507926	3	2	1	2
2	137507927	139935482	3	2	1	2
2	139935483	139936321	3	2	1	2
2	139936322	141461460	3	2	1	2
2	141461461	141515998	2	2	0	2
2	141515999	141521367	2	2	0	1
2	141521368	141521609	1	1	0	1
2	141521610	141661480	3	2	1	2
2	141661481	141687902	2	2	0	2
2	141687903	141737901	2	2	0	2
2	141737902	141812947	3	2	1	2
2	141812948	141813771	1	1	0	2
2	141813772	141828972	1	1	0	2
2	141828973	142000868	2	2	0	2
2	142000869	142019790	1	1	0	2
2	142019791	142052495	2	1	1	2
2	142052496	142289185	1	1	0	2
2	142289186	142290474	1	1	0	2
2	142290475	142292842	2	2	0	2
2	142292843	142844239	2	2	0	2
2	142844240	146330808	3	2	1	2
2	146330809	146335156	3	2	1	2
2	146335157	148777391	3	2	1	2
2	148777392	148786530	3	2	1	2
2	148786531	149977374	3	2	1	2
2	149977375	149982605	3	2	1	2
2	149982606	156527972	3	2	1	2
2	156527973	156528131	3	2	1	2
2	156528132	159279205	3	2	1	2
2	159279206	159282965	1	1	0	2
2	159282966	160396039	3	2	1	2
2	160396040	160397215	3	2	1	2
2	160397216	160398754	3	2	1	2
2	160398755	160403580	3	2	1	2
2	160403581	162424134	3	2	1	2
2	162424135	164840459	2	2	0	2
2	164840460	165584467	4	2	2	2
2	165584468	165600014	5	3	2	2
2	165600015	165692209	4	2	2	3
2	165692210	165694997	4	2	2	2
2	165694998	165695746	5	3	2	1
2	165695747	165716498	5	3	2	2
2	165716499	165795688	4	2	2	3
2	165795689	165797330	4	2	2	2
2	165797331	165800113	6	3	3	1
2	165800114	165806014	6	3	3	1
2	165806015	165808429	6	3	3	1
2	165808430	165808472	6	3	3	1
2	165808473	165815016	6	3	3	1
2	165815017	165815040	6	3	3	1
2	165815041	165843600	6	3	3	2
2	165843601	165846741	4	2	2	2
2	165846742	166044327	4	2	2	2
2	166044328	166046118	4	2	2	2
2	166046119	166048076	4	2	2	1
2	166048077	166052904	4	2	2	2
2	166052905	173481117	4	2	2	2
2	173481118	173485527	4	2	2	2
2	173485528	173488399	4	2	2	2
2	173488400	173490935	4	2	2	2
2	173490936	176970188	4	2	2	2
2	176970189	176976048	4	2	2	2
2	176976049	178079753	4	2	2	2
2	178079754	178082106	4	2	2	2
2	178082107	178094878	3	2	1	2
2	178094879	178110137	4	2	2	1
2	178110138	182286231	4	2	2	2
2	182286232	182290274	4	2	2	2
2	182290275	183123115	3	2	1	2
2	183123116	183124232	4	2	2	2
2	183124233	185661089	4	2	2	2
2	185661090	185662677	4	2	2	2
2	185662678	187205970	4	2	2	2
2	187205971	187214809	4	2	2	2
2	187214810	189749435	4	2	2	2
2	189749436	190912177	2	2	0	2
2	190912178	190913671	2	2	0	2
2	190913672	192386442	2	2	0	2
2	192386443	193638590	3	2	1	2
2	193638591	193641971	3	2	1	2
2	193641972	206543078	3	2	1	2
2	206543079	206559800	3	2	1	2
2	206559801	211386986	3	2	1	2
2	211386987	211389723	2	2	0	2
2	211389724	212246437	3	2	1	2
2	212246438	217650827	2	2	0	2
2	217650828	217654154	1	1	0	2
2	217654155	223612870	2	2	0	2
2	223612871	223624557	3	3	0	2
2	223624558	226277519	2	2	0	2
2	226277520	226283124	2	2	0	2
2	226283125	228690546	2	2	0	2
2	228690547	228691842	1	1	0	2
2	228691843	235144642	2	2	0	2
2	235144643	235180440	3	3	0	2
2	235180441	237630499	2	2	0	2
2	237630500	237636270	1	1	0	2
2	237636271	242970723	2	2	0	2
3	63902	4718008	4	2	2	2
3	4718009	4818612	3	2	1	2
3	4818613	9585358	4	2	2	2
3	9585359	9587912	5	3	2	1
3	9587913	9861330	4	2	2	2
3	9861331	9865916	6	3	3	1
3	9865917	10190317	4	2	2	2
3	10190318	10225701	4	2	2	2
3	10225702	10866289	4	2	2	2
3	10866290	10871563	3	2	1	2
3	10871564	13976491	4	2	2	2
3	13976492	13977291	3	2	1	2
3	13977292	18522939	4	2	2	2
3	18522940	34768953	2	2	0	2
3	34768954	36005628	0	0	0	2
3	36005629	40871577	2	2	0	2
3	40871578	40880463	2	2	0	2
3	40880464	46631748	2	2	0	2
3	46631749	46634491	2	2	0	2
3	46634492	46635506	3	3	0	2
3	46635507	46640529	2	2	0	2
3	46640530	55487087	2	2	0	2
3	55487088	55489484	2	2	0	2
3	55489485	64227956	2	2	0	2
3	64227957	64233423	2	2	0	2
3	64233424	67245872	2	2	0	2
3	67245873	67248537	2	2	0	2
3	67248538	69248094	2	2	0	2
3	69248095	69250602	1	1	0	2
3	69250603	69260510	1	1	0	2
3	69260511	77008607	1	1	0	2
3	77008608	81642629	3	2	1	2
3	81642630	81709390	2	1	1	2
3	81709391	84479799	3	2	1	2
3	84479800	84480466	3	2	1	2
3	84480467	86029172	3	2	1	2
3	86029173	86030642	3	2	1	1
3	86030643	86032851	2	2	0	1
3	86032852	87352321	2	2	0	3
3	87352322	87352528	2	2	0	2
3	87352529	87899999	4	2	2	2
3	87900000	93899999	NA	NA	NA	NA
3	93900000	94337749	4	4	0	2
3	94337750	95576944	8	8	0	2
3	95576945	96477371	7	7	0	2
3	96477372	96478691	7	7	0	2
3	96478692	97151334	8	8	0	2
3	97151335	97152696	8	8	0	2
3	97152697	97680931	3	3	0	2
3	97680932	97952760	7	7	0	2
3	97952761	97962914	6	6	0	2
3	97962915	100581357	4	4	0	2
3	100581358	100588574	7	7	0	2
3	100588575	100613676	4	4	0	2
3	100613677	100613721	4	4	0	2
3	100613722	100997239	3	3	0	2
3	100997240	100999024	2	2	0	2
3	100999025	101952001	3	3	0	2
3	101952002	107423738	4	4	0	2
3	107423739	107426972	2	2	0	2
3	107426973	118025286	4	4	0	2
3	118025287	118026250	4	4	0	2
3	118026251	123591110	4	4	0	2
3	123591111	123595429	4	4	0	2
3	123595430	127847800	4	4	0	2
3	127847801	127852251	4	4	0	2
3	127852252	128252933	4	4	0	2
3	128252934	128257619	4	4	0	1
3	128257620	128889814	4	4	0	2
3	128889815	128895090	4	4	0	2
3	128895091	128897390	4	4	0	1
3	128897391	128913891	4	4	0	1
3	128913892	140935410	4	4	0	2
3	140935411	140945844	4	4	0	2
3	140945845	141719843	4	4	0	3
3	141719844	141720473	4	4	0	1
3	141720474	142844735	4	4	0	3
3	142844736	142845871	4	4	0	3
3	142845872	143026407	4	4	0	2
3	143026408	143032222	4	4	0	2
3	143032223	144561526	4	4	0	3
3	144561527	144567990	7	4	3	2
3	144567991	145429261	7	4	3	2
3	145429262	145618958	6	4	2	2
3	145618959	145706364	7	4	3	2
3	145706365	145706550	7	4	3	2
3	145706551	146994827	7	4	3	2
3	146994828	147348891	7	4	3	3
3	147348892	147350554	7	4	3	3
3	147350555	148765353	7	4	3	3
3	148765354	148769129	7	4	3	2
3	148769130	148778732	7	5	2	2
3	148778733	148780643	7	5	2	2
3	148780644	152737859	7	5	2	2
3	152737860	153810233	8	5	3	2
3	153810234	154978013	9	5	4	2
3	154978014	154981860	8	4	4	2
3	154981861	155599767	9	5	4	2
3	155599768	156408569	5	4	1	3
3	156408570	156409472	5	4	1	3
3	156409473	157230573	5	4	1	3
3	157230574	160122030	9	5	4	2
3	160122031	160146459	8	4	4	2
3	160146460	160214465	9	5	4	2
3	160214466	160237589	7	4	3	2
3	160237590	160454724	9	5	4	2
3	160454725	160458314	12	8	4	2
3	160458315	160458343	9	5	4	1
3	160458344	160473638	9	5	4	1
3	160473639	160617615	9	5	4	2
3	160617616	160621875	5	4	1	2
3	160621876	161533988	9	5	4	2
3	161533989	163779665	8	4	4	2
3	163779666	163782115	8	4	4	1
3	163782116	163985892	8	4	4	2
3	163985893	167971783	7	4	3	2
3	167971784	167975399	7	4	3	2
3	167975400	170761518	7	4	3	2
3	170761519	170762426	7	4	3	2
3	170762427	171414601	7	4	3	2
3	171414602	171939194	9	5	4	2
3	171939195	171951169	9	5	4	2
3	171951170	172071710	9	5	4	2
3	172071711	172074529	10	5	5	1
3	172074530	172074791	10	5	5	1
3	172074792	172082437	10	5	5	1
3	172082438	172349558	9	5	4	2
3	172349559	172584374	8	4	4	2
3	172584375	172588666	8	4	4	2
3	172588667	176087550	8	4	4	2
3	176087551	176092578	8	4	4	2
3	176092579	176710214	8	4	4	3
3	176710215	176711281	8	4	4	3
3	176711282	176875313	8	4	4	2
3	176875314	176890389	8	4	4	2
3	176890390	178072817	8	4	4	2
3	178072818	178074345	8	4	4	2
3	178074346	179606802	8	4	4	3
3	179606803	179610838	8	4	4	3
3	179610839	180173920	8	4	4	2
3	180173921	181418144	7	4	3	2
3	181418145	181429097	8	4	4	2
3	181429098	183967393	7	4	3	2
3	183967394	183978661	8	4	4	2
3	183978662	187751878	7	4	3	2
3	187751879	187757997	8	4	4	1
3	187757998	189374019	7	4	3	2
3	189374020	189518499	8	4	4	2
3	189518500	189575555	11	6	5	2
3	189575556	189588580	12	8	4	2
3	189588581	189590439	26	17	9	1
3	189590440	189592187	26	17	9	1
3	189592188	189593507	26	17	9	1
3	189593508	189593714	26	17	9	1
3	189593715	189595982	26	17	9	1
3	189595983	189597451	26	17	9	1
3	189597452	189602801	26	17	9	1
3	189602802	189602849	26	17	9	1
3	189602850	189603522	26	17	9	1
3	189603523	189615971	26	17	9	1
3	189615972	189621887	26	17	9	1
3	189621888	189621913	26	17	9	1
3	189621914	189624072	26	17	9	1
3	189624073	189634311	26	17	9	1
3	189634312	189634513	26	17	9	1
3	189634514	189637671	26	17	9	1
3	189637672	189638898	26	17	9	1
3	189638899	189640257	26	17	9	1
3	189640258	189642537	26	17	9	1
3	189642538	189644477	26	17	9	1
3	189644478	189644932	26	17	9	1
3	189644933	189645845	26	17	9	1
3	189645846	189652244	26	17	9	1
3	189652245	189656586	30	23	7	1
3	189656587	189663432	30	23	7	1
3	189663433	189670350	30	23	7	1
3	189670351	189677124	25	19	6	2
3	189677125	189678333	8	5	3	1
3	189678334	189679873	8	5	3	1
3	189679874	189679903	8	5	3	1
3	189679904	189680883	8	5	3	1
3	189680884	189682993	8	5	3	2
3	189682994	189684884	8	5	3	2
3	189684885	190022505	8	5	3	2
3	190022506	190146311	7	4	3	2
3	190146312	190149377	7	4	3	2
3	190149378	190337235	7	4	3	2
3	190337236	190339992	7	4	3	2
3	190339993	191327105	7	4	3	3
3	191327106	191331902	7	4	3	2
3	191331903	191446464	7	4	3	3
3	191446465	191447542	7	4	3	2
3	191447543	191775310	7	4	3	2
3	191775311	191918802	8	4	4	2
3	191918803	194368889	6	4	2	3
3	194368890	194370595	6	4	2	3
3	194370596	196845091	6	4	2	3
3	196845092	196849955	6	4	2	2
3	196849956	197607573	6	4	2	2
3	197607574	197610165	6	4	2	2
3	197610166	197610266	7	5	2	1
3	197610267	197613512	7	5	2	1
4	74927	949519	2	2	0	3
4	949520	953746	2	2	0	2
4	953747	10240027	2	2	0	2
4	10240028	20020254	2	2	0	3
4	20020255	20789262	2	2	0	2
4	20789263	20792835	2	2	0	2
4	20792836	21042720	2	2	0	2
4	21042721	21044543	1	1	0	2
4	21044544	27154816	2	2	0	3
4	27154817	29110875	4	2	2	3
4	29110876	30049868	3	2	1	3
4	30049869	32211310	4	2	2	3
4	32211311	32213964	4	2	2	2
4	32213965	35373108	4	2	2	3
4	35373109	35374802	4	2	2	2
4	35374803	35375309	5	3	2	1
4	35375310	35856987	5	3	2	2
4	35856988	35858067	4	2	2	2
4	35858068	35865532	3	2	1	2
4	35865533	35873540	3	2	1	1
4	35873541	36400719	3	2	1	3
4	36400720	36400765	3	2	1	2
4	36400766	36404044	1	1	0	2
4	36404045	36404240	3	2	1	1
4	36404241	36407162	3	2	1	2
4	36407163	36936874	3	2	1	3
4	36936875	36940966	3	2	1	3
4	36940967	38232302	3	2	1	3
4	38232303	38243307	3	2	1	1
4	38243308	39800224	3	2	1	3
4	39800225	39810703	3	2	1	2
4	39810704	45032761	3	2	1	3
4	45032762	45033789	3	2	1	2
4	45033790	45033940	3	2	1	2
4	45033941	45040640	3	2	1	1
4	45040641	47080202	3	2	1	3
4	47080203	47082873	3	2	1	3
4	47082874	48199999	3	2	1	3
4	48200000	52699999	3	2	1	2
4	52700000	56554573	3	2	1	3
4	56554574	56558360	3	2	1	1
4	56558361	57668558	3	2	1	3
4	57668559	57672497	3	2	1	2
4	57672498	62362647	3	2	1	3
4	62362648	62366150	3	2	1	3
4	62366151	66700186	3	2	1	2
4	66700187	66700922	3	2	1	2
4	66700923	74742185	3	2	1	2
4	74742186	74752587	3	2	1	2
4	74752588	84243000	3	2	1	3
4	84243001	84243646	3	2	1	2
4	84243647	84543769	5	4	1	2
4	84543770	88874190	3	2	1	2
4	88874191	88875884	3	2	1	2
4	88875885	93270777	3	2	1	2
4	93270778	93272207	3	2	1	2
4	93272208	93611101	3	2	1	2
4	93611102	93612506	3	2	1	2
4	93612507	93612725	2	2	0	1
4	93612726	93616899	2	2	0	1
4	93616900	93617577	2	2	0	2
4	93617578	94987671	2	2	0	2
4	94987672	94990794	2	2	0	2
4	94990795	97074075	2	2	0	3
4	97074076	97074734	2	2	0	3
4	97074735	107273864	2	2	0	2
4	107273865	107283121	2	2	0	2
4	107283122	114938344	2	2	0	3
4	114938345	114941830	2	2	0	3
4	114941831	116004987	2	2	0	3
4	116004988	116006491	2	2	0	3
4	116006492	118428177	2	2	0	2
4	118428178	118441988	4	4	0	2
4	118441989	118988331	2	2	0	2
4	118988332	118991219	2	2	0	2
4	118991220	119770801	2	2	0	2
4	119770802	119775606	2	2	0	2
4	119775607	123287544	2	2	0	3
4	123287545	123291304	2	2	0	3
4	123291305	146009993	2	2	0	2
4	146009994	146010531	2	2	0	2
4	146010532	150650513	2	2	0	3
4	150650514	151683475	3	3	0	2
4	151683476	151687074	3	3	0	2
4	151687075	161026246	3	3	0	2
4	161026247	166732711	2	2	0	3
4	166732712	166734256	2	2	0	3
4	166734257	168220319	2	2	0	2
4	168220320	168221582	2	2	0	2
4	168221583	176852942	2	2	0	2
4	176852943	176855798	2	2	0	2
4	176855799	187156469	2	2	0	3
4	187156470	187159411	2	2	0	2
4	187159412	187668104	2	2	0	2
4	187668105	187670145	2	2	0	2
4	187670146	190344722	2	2	0	3
4	190344723	190349087	2	2	0	3
4	190349088	190800801	2	2	0	3
5	22500	3338274	6	4	2	2
5	3338275	3342269	6	4	2	2
5	3342270	3414624	6	4	2	2
5	3414625	4259662	4	2	2	2
5	4259663	4268984	3	2	1	2
5	4268985	8531032	5	3	2	1
5	8531033	8535088	5	3	2	2
5	8535089	10953849	5	3	2	2
5	10953850	10957137	5	3	2	2
5	10957138	16221787	5	3	2	2
5	16221788	16226706	5	3	2	1
5	16226707	17307058	5	3	2	2
5	17307059	17310253	5	3	2	2
5	17310254	21901948	5	3	2	2
5	21901949	21905109	5	3	2	2
5	21905110	21909026	5	3	2	2
5	21909027	24068511	5	3	2	2
5	24068512	24069864	3	2	1	2
5	24069865	24221522	4	3	1	2
5	24221523	24225238	4	2	2	1
5	24225239	25416276	5	3	2	1
5	25416277	25417820	5	3	2	1
5	25417821	25652713	5	3	2	2
5	25652714	25653965	3	2	1	2
5	25653966	25893572	5	3	2	2
5	25893573	25894528	5	3	2	2
5	25894529	31123110	5	3	2	2
5	31123111	31124162	5	3	2	2
5	31124163	37624784	5	3	2	2
5	37624785	37632274	5	3	2	2
5	37632275	38731073	5	3	2	2
5	38731074	38734456	5	3	2	2
5	38734457	38975064	5	3	2	2
5	38975065	39068230	6	4	2	2
5	39068231	39077222	5	3	2	2
5	39077223	39688541	6	4	2	2
5	39688542	39696836	6	4	2	2
5	39696837	39727747	6	4	2	2
5	39727748	39731172	4	4	0	2
5	39731173	42884683	7	5	2	2
5	42884684	42888151	7	5	2	1
5	42888152	44073411	7	5	2	2
5	44073412	46080983	5	3	2	2
5	46080984	46084278	2	2	0	1
5	46084279	46099999	5	3	2	2
5	46100000	50699999	NA	NA	NA	NA
5	50700000	65239686	2	2	0	2
5	65239687	65298416	1	1	0	2
5	65298417	67342868	2	2	0	2
5	67342869	67346819	2	2	0	2
5	67346820	67836691	2	2	0	2
5	67836692	67839368	1	1	0	2
5	67839369	78429172	2	2	0	2
5	78429173	78432668	1	1	0	2
5	78432669	80506045	2	2	0	2
5	80506046	80509902	2	2	0	2
5	80509903	80959887	2	2	0	2
5	80959888	80964204	2	2	0	2
5	80964205	99186401	2	2	0	2
5	99186402	99186538	2	2	0	1
5	99186539	115120637	3	3	0	2
5	115120638	115129272	3	3	0	2
5	115129273	121204053	3	3	0	2
5	121204054	121204480	3	3	0	2
5	121204481	121215933	3	3	0	2
5	121215934	121219614	2	2	0	2
5	121219615	121451074	3	3	0	2
5	121451075	128549965	2	2	0	2
5	128549966	128553862	2	2	0	2
5	128553863	130181080	2	2	0	2
5	130181081	130207846	3	3	0	2
5	130207847	133443090	3	3	0	2
5	133443091	133445049	2	2	0	2
5	133445050	134737679	3	3	0	2
5	134737680	134748433	2	2	0	2
5	134748434	134865186	2	2	0	2
5	134865187	134866951	2	2	0	2
5	134866952	137446466	2	2	0	2
5	137446467	137449983	2	2	0	2
5	137449984	138880363	3	3	0	2
5	138880364	138910189	3	3	0	2
5	138910190	138915936	3	3	0	2
5	138915937	138922073	3	3	0	2
5	138922074	141386681	3	3	0	2
5	141386682	141390232	2	2	0	2
5	141390233	142096419	3	3	0	2
5	142096420	142103073	2	2	0	2
5	142103074	148915344	2	2	0	2
5	148915345	148960263	4	4	0	2
5	148960264	149851834	3	3	0	2
5	149851835	149946343	2	2	0	2
5	149946344	149951382	2	2	0	1
5	149951383	149981175	2	2	0	1
5	149981176	149987519	2	2	0	1
5	149987520	149987677	2	2	0	1
5	149987678	149990101	2	2	0	1
5	149990102	150997047	2	2	0	2
5	150997048	151017769	4	4	0	2
5	151017770	159544508	2	2	0	2
5	159544509	159547130	2	2	0	2
5	159547131	159846032	3	3	0	2
5	159846033	166246945	2	2	0	2
5	166246946	166252943	3	3	0	2
5	166252944	166722213	2	2	0	2
5	166722214	166723014	2	2	0	2
5	166723015	167874140	2	2	0	2
5	167874141	167888220	3	3	0	2
5	167888221	169400592	2	2	0	2
5	169400593	169404347	2	2	0	2
5	169404348	171707909	2	2	0	2
5	171707910	171711164	2	2	0	2
5	171711165	173769805	2	2	0	2
5	173769806	180379800	4	4	0	2
5	180379801	180715810	3	3	0	2
6	39681	254446	3	2	1	2
6	254447	395349	1	1	0	1
6	395350	1497709	3	2	1	2
6	1497710	1508072	3	2	1	2
6	1508073	4407226	3	2	1	2
6	4407227	5311781	4	2	2	2
6	5311782	5392303	2	2	0	2
6	5392304	13191153	4	2	2	2
6	13191154	13191298	4	2	2	2
6	13191299	13191374	4	2	2	2
6	13191375	13191435	4	2	2	2
6	13191436	13191465	4	2	2	2
6	13191466	13191486	4	2	2	2
6	13191487	13932534	4	2	2	2
6	13932535	13934163	4	2	2	2
6	13934164	15088876	4	2	2	2
6	15088877	15092445	5	3	2	2
6	15092446	18295465	4	2	2	2
6	18295466	18298415	4	2	2	2
6	18298416	20156860	4	2	2	2
6	20156861	20158019	4	2	2	2
6	20158020	27675318	4	2	2	2
6	27675319	27679456	4	2	2	2
6	27679457	31328512	4	2	2	2
6	31328513	31329364	4	2	2	2
6	31329365	31816328	4	2	2	2
6	31816329	31817348	4	2	2	2
6	31817349	31819426	4	2	2	2
6	31819427	31835618	4	2	2	2
6	31835619	32509979	4	2	2	2
6	32509980	34622555	4	2	2	2
6	34622556	34630181	5	3	2	2
6	34630182	45121662	4	2	2	2
6	45121663	45125880	4	2	2	2
6	45125881	45128666	4	2	2	2
6	45128667	45132293	4	2	2	2
6	45132294	48596069	4	2	2	3
6	48596070	48598749	4	2	2	3
6	48598750	49832571	4	2	2	3
6	49832572	49834328	4	2	2	2
6	49834329	55078866	4	2	2	3
6	55078867	55080359	4	2	2	1
6	55080360	56360920	4	2	2	3
6	56360921	58699999	4	2	2	3
6	58700000	63299999	4	2	2	2
6	63300000	65551924	4	2	2	3
6	65551925	65553932	4	2	2	3
6	65553933	66659120	4	2	2	2
6	66659121	66669564	3	2	1	2
6	66669565	66734720	4	2	2	2
6	66734721	66738086	4	2	2	2
6	66738087	67940667	4	2	2	2
6	67940668	67943719	4	2	2	2
6	67943720	68212584	6	4	2	2
6	68212585	68238996	7	5	2	2
6	68238997	68809867	5	3	2	2
6	68809868	72902147	3	2	1	3
6	72902148	72904862	3	2	1	1
6	72904863	81478207	3	2	1	3
6	81478208	81486543	3	2	1	2
6	81486544	82485808	3	2	1	2
6	82485809	82490083	3	2	1	1
6	82490084	84054792	3	2	1	3
6	84054793	84068293	3	2	1	2
6	84068294	93228039	3	2	1	3
6	93228040	93229630	3	2	1	2
6	93229631	110896470	3	2	1	3
6	110896471	110898436	3	2	1	2
6	110898437	111638775	3	2	1	2
6	111638776	111641464	3	2	1	2
6	111641465	118395405	3	2	1	2
6	118395406	118397450	3	2	1	2
6	118397451	124865029	3	2	1	2
6	124865030	124870177	3	2	1	2
6	124870178	125327659	3	2	1	2
6	125327660	125376027	5	4	1	2
6	125376028	125423462	7	6	1	3
6	125423463	125454732	8	7	1	2
6	125454733	125558130	7	6	1	2
6	125558131	125558567	7	6	1	2
6	125558568	125563441	5	4	1	1
6	125563442	125639819	5	4	1	3
6	125639820	128834742	3	2	1	3
6	128834743	128875224	4	3	1	2
6	128875225	129964239	3	2	1	3
6	129964240	129969598	5	4	1	2
6	129969599	129969680	5	4	1	2
6	129969681	129981684	5	4	1	2
6	129981685	129984321	3	2	1	2
6	129984322	129991610	5	4	1	2
6	129991611	134565055	3	2	1	2
6	134565056	134566305	3	2	1	1
6	134566306	134735533	3	2	1	2
6	134735534	134780753	3	2	1	1
6	134780754	134781000	3	2	1	1
6	134781001	134783389	3	2	1	1
6	134783390	135493829	3	2	1	2
6	135493830	135500470	2	2	0	2
6	135500471	141490168	3	2	1	2
6	141490169	141492735	2	1	1	2
6	141492736	148622729	3	2	1	2
6	148622730	148626090	3	2	1	2
6	148626091	157526238	3	2	1	2
6	157526239	157529299	3	2	1	2
6	157529300	158865148	3	2	1	3
6	158865149	158872033	3	2	1	1
6	158872034	158874388	3	2	1	2
6	158874389	158874445	3	2	1	2
6	158874446	160375818	3	2	1	3
6	160375819	160380073	3	2	1	2
6	160380074	162489630	3	2	1	2
6	162489631	162572549	2	2	0	3
6	162572550	162705226	3	2	1	2
6	162705227	162789152	2	2	0	2
6	162789153	162801607	3	2	1	2
6	162801608	162803423	3	2	1	2
6	162803424	164690674	3	2	1	2
6	164690675	164691542	3	2	1	2
6	164691543	164844494	3	2	1	3
6	164844495	164847557	3	2	1	2
6	164847558	165422424	3	2	1	2
6	165422425	165443890	3	2	1	2
6	165443891	167571877	3	2	1	2
6	167571878	167577489	3	2	1	2
6	167577490	169106843	3	2	1	2
6	169106844	169108409	3	2	1	2
6	169108410	170404147	3	2	1	2
6	170404148	170899800	4	2	2	2
7	40386	8615324	2	1	1	2
7	8615325	8616546	2	1	1	2
7	8616547	24250273	2	1	1	3
7	24250274	24257998	3	2	1	2
7	24257999	25417233	2	1	1	3
7	25417234	25433245	2	1	1	3
7	25433246	29221109	2	1	1	3
7	29221110	29223172	2	1	1	2
7	29223173	30394236	2	1	1	3
7	30394237	30394287	2	1	1	3
7	30394288	31964297	2	1	1	3
7	31964298	31966279	2	1	1	1
7	31966280	47156831	2	1	1	3
7	47156832	48990015	1	1	0	2
7	48990016	50808645	2	1	1	3
7	50808646	55605402	1	1	0	2
7	55605403	57999999	2	1	1	3
7	58000000	61699999	NA	NA	NA	NA
7	61700000	63345514	3	2	1	2
7	63345515	63897671	4	2	2	2
7	63897672	63899492	4	2	2	2
7	63899493	69886383	4	2	2	3
7	69886384	69893205	4	2	2	3
7	69893206	71432673	4	2	2	3
7	71432674	71444648	5	3	2	2
7	71444649	71539650	4	2	2	2
7	71539651	71541028	4	2	2	1
7	71541029	72323337	4	2	2	3
7	72323338	72324354	4	2	2	3
7	72324355	75497464	4	2	2	3
7	75497465	75526765	4	2	2	1
7	75526766	75977761	4	2	2	2
7	75977762	75997007	4	2	2	2
7	75997008	78345875	4	2	2	3
7	78345876	78348436	4	2	2	3
7	78348437	84299236	4	2	2	2
7	84299237	84299995	4	2	2	2
7	84299996	88660225	4	2	2	3
7	88660226	88661442	4	2	2	3
7	88661443	89352888	4	2	2	3
7	89352889	89354122	4	2	2	2
7	89354123	89450272	4	2	2	3
7	89450273	89452019	4	2	2	1
7	89452020	89684303	4	2	2	3
7	89684304	89690229	4	2	2	1
7	89690230	89844025	4	2	2	2
7	89844026	89847459	4	2	2	2
7	89847460	93343235	4	2	2	2
7	93343236	93345570	4	2	2	2
7	93345571	105081095	4	2	2	3
7	105081096	105207283	2	2	0	2
7	105207284	105909430	4	2	2	3
7	105909431	105919231	4	2	2	2
7	105919232	108717479	4	2	2	3
7	108717480	109364055	2	2	0	2
7	109364056	109365709	1	1	0	2
7	109365710	113792511	2	2	0	2
7	113792512	113808922	2	2	0	2
7	113808923	123608843	2	2	0	2
7	123608844	126031768	4	2	2	3
7	126031769	126033837	4	2	2	3
7	126033838	126519371	4	2	2	3
7	126519372	126523414	4	2	2	1
7	126523415	128038020	4	2	2	3
7	128038021	128067620	6	4	2	2
7	128067621	131654371	4	2	2	3
7	131654372	131658603	4	2	2	2
7	131658604	132046287	4	2	2	2
7	132046288	132047065	4	2	2	2
7	132047066	132903032	4	2	2	2
7	132903033	132919794	5	3	2	2
7	132919795	133481122	4	2	2	2
7	133481123	133482208	4	2	2	2
7	133482209	133793908	4	2	2	2
7	133793909	133809701	4	2	2	2
7	133809702	134076418	4	2	2	2
7	134076419	134080014	3	2	1	2
7	134080015	134220378	4	2	2	2
7	134220379	134221060	4	2	2	2
7	134221061	134261767	4	2	2	2
7	134261768	134289446	5	3	2	2
7	134289447	136295912	4	2	2	2
7	136295913	136298067	4	2	2	2
7	136298068	138762261	4	2	2	3
7	138762262	138775945	4	2	2	1
7	138775946	140573464	4	2	2	3
7	140573465	140574058	4	2	2	2
7	140574059	140575752	4	2	2	2
7	140575753	140578513	4	2	2	2
7	140578514	148412009	4	2	2	3
7	148412010	148413092	4	2	2	3
7	148413093	151226727	4	2	2	3
7	151226728	151227575	4	2	2	3
7	151227576	153298244	4	2	2	3
7	153298245	153304524	4	2	2	1
7	153304525	153887782	4	2	2	2
7	153887783	153892436	4	2	2	2
7	153892437	154057080	4	2	2	2
7	154057081	154058666	4	2	2	2
7	154058667	154587554	4	2	2	2
7	154587555	154589728	5	3	2	2
7	154589729	157489553	4	2	2	3
7	157489554	157496414	4	2	2	3
7	157496415	158821400	4	2	2	2
8	159251	2617516	2	2	0	2
8	2617517	2618574	2	2	0	2
8	2618575	3614251	2	2	0	2
8	3614252	3682024	1	1	0	3
8	3682025	3957762	2	2	0	2
8	3957763	4010416	1	1	0	3
8	4010417	4081301	2	2	0	2
8	4081302	4159535	1	1	0	3
8	4159536	4634283	2	2	0	2
8	4634284	10220338	2	2	0	2
8	10220339	10223474	2	2	0	2
8	10223475	21680552	2	2	0	2
8	21680553	21682777	2	2	0	2
8	21682778	29063352	2	2	0	2
8	29063353	29063606	2	2	0	2
8	29063607	30794632	2	2	0	2
8	30794633	30795936	2	2	0	1
8	30795937	32169930	2	2	0	2
8	32169931	32179356	3	3	0	2
8	32179357	33913721	2	2	0	2
8	33913722	33921999	2	2	0	2
8	33922000	34589420	2	2	0	2
8	34589421	34590557	2	2	0	2
8	34590558	37081243	2	2	0	2
8	37081244	37082923	3	3	0	2
8	37082924	39196088	2	2	0	2
8	39196089	39198396	2	2	0	2
8	39198397	41170926	2	2	0	2
8	41170927	43099999	2	2	0	2
8	43100000	48099999	2	2	0	3
8	48100000	51867717	2	2	0	3
8	51867718	51871297	2	2	0	3
8	51871298	57088127	2	2	0	3
8	57088128	57101696	2	2	0	2
8	57101697	58718803	2	2	0	3
8	58718804	58723375	2	2	0	2
8	58723376	64625436	2	2	0	3
8	64625437	64636588	2	2	0	3
8	64636589	77564556	2	2	0	3
8	77564557	83532368	2	2	0	2
8	83532369	83534363	2	2	0	2
8	83534364	83534737	2	2	0	2
8	83534738	83538263	2	2	0	2
8	83538264	85621304	2	2	0	2
8	85621305	85622070	2	2	0	2
8	85622071	89017765	2	2	0	3
8	89017766	89027635	2	2	0	3
8	89027636	99694854	2	2	0	3
8	99694855	99699269	3	3	0	2
8	99699270	100007089	3	3	0	3
8	100007090	102385439	5	3	2	3
8	102385440	102401942	5	3	2	1
8	102401943	107344021	5	3	2	3
8	107344022	107349441	5	3	2	1
8	107349442	109221999	5	3	2	2
8	109222000	109222834	5	3	2	1
8	109222835	109355286	7	4	3	2
8	109355287	109795882	6	3	3	2
8	109795883	109796838	6	3	3	2
8	109796839	110702501	4	3	1	3
8	110702502	110704019	4	3	1	2
8	110704020	115570387	4	3	1	3
8	115570388	115574381	4	3	1	3
8	115574382	116412766	4	3	1	2
8	116412767	116414353	4	3	1	2
8	116414354	118981103	4	3	1	3
8	118981104	118988279	4	3	1	1
8	118988280	119911084	4	3	1	3
8	119911085	119911161	4	3	1	3
8	119911162	120426713	4	3	1	3
8	120426714	120440379	4	3	1	2
8	120440380	120440395	4	3	1	2
8	120440396	120445338	4	3	1	2
8	120445339	121887221	4	3	1	2
8	121887222	121887976	4	3	1	2
8	121887977	123501246	4	3	1	2
8	123501247	123503455	4	3	1	1
8	123503456	127541083	4	3	1	2
8	127541084	127555708	6	3	3	2
8	127555709	128239928	4	3	1	3
8	128239929	128240664	4	3	1	3
8	128240665	131386658	4	3	1	3
8	131386659	131469653	3	3	0	3
8	131469654	131769967	4	3	1	3
8	131769968	131779455	4	3	1	1
8	131779456	138616421	4	3	1	2
8	138616422	138618296	4	3	1	2
8	138618297	139145222	4	3	1	2
8	139145223	139148569	4	3	1	2
8	139148570	146364021	4	3	1	2
9	59859	203936	4	4	0	2
9	203937	5539400	4	4	0	2
9	5539401	5547260	3	3	0	2
9	5547261	5578147	3	3	0	1
9	5578148	5591657	8	8	0	2
9	5591658	5593846	3	3	0	1
9	5593847	5594162	3	3	0	1
9	5594163	5597626	3	3	0	1
9	5597627	6325260	3	3	0	3
9	6325261	6328948	3	3	0	2
9	6328949	8988416	3	3	0	2
9	8988417	8991106	3	3	0	2
9	8991107	9283442	3	3	0	2
9	9283443	9285468	1	1	0	2
9	9285469	12917185	3	3	0	2
9	12917186	12919122	2	2	0	2
9	12919123	12919358	2	2	0	2
9	12919359	15270210	2	2	0	2
9	15270211	15283277	2	2	0	2
9	15283278	19388327	2	2	0	2
9	19388328	19388379	2	2	0	2
9	19388380	19773151	2	2	0	2
9	19773152	19782933	2	2	0	2
9	19782934	23044048	2	2	0	2
9	23044049	23048427	2	2	0	2
9	23048428	31661128	2	2	0	3
9	31661129	31662013	2	2	0	3
9	31662014	34148331	2	2	0	3
9	34148332	34151571	2	2	0	1
9	34151572	38386813	2	2	0	3
9	38386814	38391371	2	2	0	3
9	38391372	44065235	2	2	0	3
9	44065236	44845822	2	2	0	2
9	44845823	47299999	2	2	0	1
9	47300000	50699999	2	2	0	2
9	50700000	66454801	2	2	0	2
9	66454802	77378691	2	2	0	2
9	77378692	77761918	3	3	0	2
9	77761919	83373408	3	3	0	3
9	83373409	83377841	3	3	0	2
9	83377842	86319394	3	3	0	3
9	86319395	86367414	1	1	0	2
9	86367415	87354409	3	3	0	2
9	87354410	87360363	2	2	0	2
9	87360364	94321375	3	3	0	2
9	94321376	94321622	3	3	0	2
9	94321623	97273714	3	3	0	2
9	97273715	97276890	3	3	0	2
9	97276891	102454010	3	3	0	2
9	102454011	102455280	3	3	0	2
9	102455281	103189409	3	3	0	2
9	103189410	103191180	3	3	0	2
9	103191181	111978482	3	3	0	2
9	111978483	111981098	3	3	0	2
9	111981099	115556927	3	3	0	2
9	115556928	115558188	3	3	0	2
9	115558189	121150622	3	3	0	2
9	121150623	121345893	4	4	0	2
9	121345894	123518944	3	3	0	2
9	123518945	123535173	3	3	0	1
9	123535174	127319349	3	3	0	2
9	127319350	127342167	3	3	0	2
9	127342168	130911138	3	3	0	3
9	130911139	130920871	3	3	0	2
9	130920872	140273200	3	3	0	3
9	140273201	141055445	3	3	0	2
10	95662	1414505	2	1	1	2
10	1414506	2862089	4	3	1	2
10	2862090	4587128	2	1	1	2
10	4587129	4658086	4	3	1	1
10	4658087	4863202	4	3	1	2
10	4863203	4864601	4	3	1	2
10	4864602	5042052	4	3	1	2
10	5042053	5174030	2	1	1	2
10	5174031	5559525	3	2	1	2
10	5559526	5611368	4	2	2	2
10	5611369	6802454	3	2	1	2
10	6802455	7210250	2	1	1	2
10	7210251	7249823	2	1	1	2
10	7249824	7359515	2	1	1	2
10	7359516	8330004	3	2	1	2
10	8330005	16880588	2	1	1	2
10	16880589	16887289	4	3	1	2
10	16887290	20507502	2	1	1	2
10	20507503	20511751	2	1	1	1
10	20511752	23476496	2	1	1	2
10	23476497	23489467	2	1	1	2
10	23489468	27739475	2	1	1	2
10	27739476	27746190	2	1	1	2
10	27746191	28210964	2	1	1	2
10	28210965	32409975	4	3	1	2
10	32409976	32431541	5	3	2	2
10	32431542	32833847	4	3	1	2
10	32833848	32838178	4	3	1	2
10	32838179	33523302	4	3	1	2
10	33523303	34391814	3	2	1	2
10	34391815	34401719	3	2	1	2
10	34401720	37999999	3	2	1	2
10	38000000	42299999	3	2	1	2
10	42300000	44595376	3	2	1	2
10	44595377	44596558	3	2	1	2
10	44596559	53329480	3	2	1	3
10	53329481	53329635	2	2	0	2
10	53329636	53524561	2	2	0	2
10	53524562	55008735	3	2	1	2
10	55008736	55022665	2	1	1	2
10	55022666	55121262	3	2	1	3
10	55121263	55122057	3	2	1	2
10	55122058	55648697	3	2	1	2
10	55648698	55651575	3	2	1	2
10	55651576	60869944	3	2	1	3
10	60869945	60871214	3	2	1	3
10	60871215	62136370	3	2	1	3
10	62136371	62140674	3	2	1	1
10	62140675	63008017	3	2	1	2
10	63008018	63010142	3	2	1	2
10	63010143	65083574	3	2	1	3
10	65083575	65086448	3	2	1	2
10	65086449	67819426	3	2	1	3
10	67819427	67820408	3	2	1	1
10	67820409	73589808	3	2	1	3
10	73589809	73590675	3	2	1	2
10	73590676	74097775	3	2	1	2
10	74097776	74099189	3	2	1	2
10	74099190	75050722	3	2	1	2
10	75050723	75052887	3	2	1	2
10	75052888	76807853	3	2	1	3
10	76807854	76888100	3	2	1	3
10	76888101	77536190	3	2	1	3
10	77536191	77537830	3	2	1	3
10	77537831	77621639	3	2	1	3
10	77621640	77624652	3	2	1	2
10	77624653	78838349	3	2	1	2
10	78838350	78849749	4	3	1	2
10	78849750	85329447	3	2	1	2
10	85329448	85374493	2	2	0	3
10	85374494	85435439	2	2	0	2
10	85435440	88216514	3	2	1	2
10	88216515	89357367	4	2	2	2
10	89357368	89724431	3	2	1	2
10	89724432	90053869	4	2	2	2
10	90053870	90063163	2	2	0	1
10	90063164	97849724	2	2	0	2
10	97849725	97850778	2	2	0	2
10	97850779	99157005	2	2	0	2
10	99157006	99199857	3	3	0	2
10	99199858	103275419	2	2	0	2
10	103275420	103278642	2	2	0	2
10	103278643	105438729	2	2	0	3
10	105438730	105458479	2	2	0	1
10	105458480	105954860	2	2	0	3
10	105954861	105957206	2	2	0	3
10	105957207	107896823	2	2	0	3
10	107896824	107899396	2	2	0	1
10	107899397	108831670	2	2	0	2
10	108831671	108835912	2	2	0	2
10	108835913	110594796	2	2	0	2
10	110594797	110600090	1	1	0	2
10	110600091	116915871	2	2	0	2
10	116915872	116916668	2	2	0	2
10	116916669	120137280	2	2	0	2
10	120137281	120140568	2	2	0	2
10	120140569	122182846	2	2	0	2
10	122182847	122191532	2	2	0	2
10	122191533	131915497	2	2	0	2
10	131915498	131930182	2	2	0	2
10	131930183	135208463	2	2	0	2
10	135208464	135389924	2	2	0	2
11	20721	221278	2	2	0	2
11	221279	1152811	2	2	0	2
11	1152812	1372277	4	2	2	2
11	1372278	1375815	5	3	2	2
11	1375816	3809013	4	2	2	2
11	3809014	3822040	3	2	1	2
11	3822041	3912752	4	2	2	2
11	3912753	3939801	5	3	2	2
11	3939802	3944459	4	2	2	2
11	3944460	3946507	4	2	2	2
11	3946508	12873171	4	2	2	2
11	12873172	12881923	4	2	2	2
11	12881924	12884189	4	2	2	1
11	12884190	12896194	5	3	2	2
11	12896195	12896648	4	2	2	1
11	12896649	12896707	4	2	2	1
11	12896708	13323426	4	2	2	3
11	13323427	13326801	4	2	2	3
11	13326802	14665050	4	2	2	2
11	14665051	14667789	4	2	2	2
11	14667790	23980379	4	2	2	3
11	23980380	23989898	4	2	2	2
11	23989899	24003550	4	2	2	1
11	24003551	24005073	4	2	2	2
11	24005074	27857023	4	2	2	3
11	27857024	27860472	4	2	2	3
11	27860473	31855786	4	2	2	3
11	31855787	31858386	4	2	2	2
11	31858387	34433593	4	2	2	3
11	34433594	34438801	3	2	1	2
11	34438802	35957870	4	2	2	3
11	35957871	35973068	4	2	2	2
11	35973069	36273261	4	2	2	2
11	36273262	36288973	5	3	2	2
11	36288974	36981765	4	2	2	3
11	36981766	36986097	4	2	2	3
11	36986098	37958493	4	2	2	3
11	37958494	37960363	4	2	2	2
11	37960364	39199796	4	2	2	2
11	39199797	39203649	4	2	2	2
11	39203650	39206498	5	3	2	1
11	39206499	39231872	5	3	2	2
11	39231873	39235324	5	3	2	2
11	39235325	45821937	5	3	2	2
11	45821938	46850040	4	2	2	2
11	46850041	50781216	2	2	0	3
11	50781217	55699999	NA	NA	NA	NA
11	55700000	62118879	3	2	1	3
11	62118880	62139242	3	2	1	2
11	62139243	64997399	3	2	1	3
11	64997400	64998716	3	2	1	3
11	64998717	65211522	3	2	1	2
11	65211523	65220085	3	2	1	1
11	65220086	67955723	3	2	1	3
11	67955724	78212836	3	2	1	3
11	78212837	78220370	3	2	1	3
11	78220371	78221637	3	2	1	2
11	78221638	78223959	3	2	1	2
11	78223960	88492671	3	2	1	3
11	88492672	88497624	3	2	1	2
11	88497625	89110710	3	2	1	3
11	89110711	112790500	2	2	0	3
11	112790501	112795805	2	2	0	1
11	112795806	120407367	2	2	0	3
11	120407368	120408875	2	2	0	3
11	120408876	121806486	2	2	0	3
11	121806487	121807385	2	2	0	3
11	121807386	126958137	2	2	0	3
11	126958138	126959387	2	2	0	3
11	126959388	133114822	2	2	0	3
11	133114823	133211594	3	2	1	2
11	133211595	133227516	3	2	1	2
11	133227517	134452200	3	2	1	2
12	110107	1629573	3	2	1	2
12	1629574	1650345	4	3	1	2
12	1650346	2821780	3	2	1	2
12	2821781	2852625	3	2	1	1
12	2852626	4900009	3	2	1	3
12	4900010	6187742	5	3	2	2
12	6187743	6194701	5	3	2	2
12	6194702	6346264	5	3	2	2
12	6346265	6361617	5	3	2	2
12	6361618	6369498	5	3	2	2
12	6369499	6397185	5	3	2	1
12	6397186	6494488	5	3	2	2
12	6494489	6498319	5	3	2	1
12	6498320	10658193	5	3	2	3
12	10658194	10662276	5	3	2	1
12	10662277	13408214	5	3	2	3
12	13408215	13411400	5	3	2	3
12	13411401	13587682	5	3	2	2
12	13587683	13590051	5	3	2	2
12	13590052	19298626	5	3	2	3
12	19298627	19415731	3	2	1	2
12	19415732	21330226	5	3	2	3
12	21330227	21331341	5	3	2	2
12	21331342	21537864	5	3	2	2
12	21537865	21540188	5	3	2	2
12	21540189	21557337	5	3	2	2
12	21557338	24279495	3	2	1	3
12	24279496	24282893	3	2	1	2
12	24282894	26792054	3	2	1	3
12	26792055	26794584	3	2	1	2
12	26794585	27239604	3	2	1	2
12	27239605	27249595	3	2	1	2
12	27249596	27532447	3	2	1	2
12	27532448	27534570	3	2	1	2
12	27534571	29046187	3	2	1	3
12	29046188	29047889	3	2	1	2
12	29047890	33299999	3	2	1	3
12	33300000	38199999	3	2	1	3
12	38200000	44956660	3	2	1	3
12	44956661	47993349	4	3	1	2
12	47993350	48023727	3	2	1	2
12	48023728	50493542	4	3	1	3
12	50493543	50503085	4	3	1	2
12	50503086	51528630	4	3	1	2
12	51528631	51529389	4	3	1	2
12	51529390	51717423	4	3	1	2
12	51717424	51756035	5	4	1	2
12	51756036	52388948	4	3	1	3
12	52388949	52411125	4	3	1	2
12	52411126	53381280	4	3	1	3
12	53381281	53383579	4	3	1	3
12	53383580	56290016	4	3	1	2
12	56290017	59026158	3	2	1	2
12	59026159	59027948	3	2	1	2
12	59027949	59254709	3	2	1	2
12	59254710	59256888	3	2	1	2
12	59256889	59265809	4	3	1	2
12	59265810	59265856	3	2	1	2
12	59265857	59949999	3	2	1	2
12	59950000	66328268	4	2	2	2
12	66328269	66340720	4	2	2	2
12	66340721	66451370	4	2	2	2
12	66451371	71485118	4	2	2	2
12	71485119	71486970	4	2	2	2
12	71486971	71708597	4	2	2	2
12	71708598	71709592	4	2	2	2
12	71709593	72313630	4	2	2	2
12	72313631	72329097	4	2	2	2
12	72329098	74138360	4	2	2	3
12	74138361	74139537	4	2	2	2
12	74139538	74316176	2	2	0	1
12	74316177	74350527	6	4	2	2
12	74350528	74353887	2	2	0	2
12	74353888	80132968	2	2	0	3
12	80132969	80134926	2	2	0	3
12	80134927	96125885	2	2	0	3
12	96125886	96133697	2	2	0	2
12	96133698	105681617	2	2	0	3
12	105681618	105687163	2	2	0	1
12	105687164	113202115	2	2	0	3
12	113202116	113205827	2	2	0	2
12	113205828	118927210	2	2	0	3
12	118927211	118930769	2	2	0	3
12	118930770	120364776	2	2	0	3
12	120364777	120375496	2	2	0	2
12	120375497	121228946	2	2	0	3
12	121228947	121231069	2	2	0	2
12	121231070	122304388	2	2	0	2
12	122304389	122304928	2	2	0	2
12	122304929	122305914	2	2	0	1
12	122305915	124884116	4	4	0	3
12	124884117	125957753	4	4	0	2
12	125957754	125969374	4	4	0	2
12	125969375	126643241	4	4	0	2
12	126643242	126646048	4	4	0	2
12	126646049	132349400	4	4	0	2
12	132349401	133851894	4	4	0	2
13	1	16299999	2	2	0	1
13	16300000	19499999	2	2	0	2
13	19500000	28479958	2	2	0	3
13	28479959	29289006	4	4	0	2
13	29289007	29321330	3	3	0	2
13	29321331	29595206	4	4	0	2
13	29595207	29596195	4	4	0	2
13	29596196	29977135	3	3	0	2
13	29977136	29979297	3	3	0	2
13	29979298	37187062	3	3	0	2
13	37187063	37189629	3	3	0	2
13	37189630	38331925	3	3	0	2
13	38331926	38333817	3	3	0	2
13	38333818	38537167	3	3	0	2
13	38537168	38538482	3	3	0	2
13	38538483	39124363	3	3	0	2
13	39124364	39138553	3	3	0	2
13	39138554	39637564	3	3	0	2
13	39637565	39641945	3	3	0	2
13	39641946	39647888	3	3	0	2
13	39647889	39648015	3	3	0	2
13	39648016	51205080	3	3	0	3
13	51205081	51217762	3	3	0	3
13	51217763	60953305	3	3	0	3
13	60953306	60963638	3	3	0	1
13	60963639	66206934	3	3	0	3
13	66206935	66208383	3	3	0	2
13	66208384	68416540	3	3	0	2
13	68416541	68418493	3	3	0	2
13	68418494	70733010	3	3	0	3
13	70733011	70865459	3	3	0	2
13	70865460	70865623	3	3	0	2
13	70865624	73444052	3	3	0	2
13	73444053	73455917	3	3	0	2
13	73455918	80100466	3	3	0	3
13	80100467	80111053	3	3	0	3
13	80111054	83583755	3	3	0	3
13	83583756	83587036	3	3	0	2
13	83587037	89815512	3	3	0	3
13	89815513	91945726	5	5	0	2
13	91945727	91947388	6	6	0	1
13	91947389	91956382	6	6	0	1
13	91956383	91956546	6	6	0	2
13	91956547	93707117	5	5	0	2
13	93707118	93714625	5	5	0	2
13	93714626	102042130	5	5	0	2
13	102042131	102045289	5	5	0	2
13	102045290	104277036	5	5	0	2
13	104277037	104277251	5	5	0	2
13	104277252	106149417	5	5	0	2
13	106149418	106159540	5	5	0	2
13	106159541	107799003	5	5	0	2
13	107799004	107804535	5	5	0	2
13	107804536	108526591	5	5	0	2
13	108526592	108726173	4	4	0	2
13	108726174	114142800	5	5	0	2
13	114142801	115169877	5	5	0	2
14	1	16099999	2	2	0	1
14	16100000	19099999	NA	NA	NA	NA
14	19100000	19142601	3	3	0	1
14	19142602	20375050	2	1	1	1
14	20375051	26550950	2	2	0	3
14	26550951	26553503	2	2	0	3
14	26553504	30034133	2	2	0	2
14	30034134	30039192	2	2	0	2
14	30039193	41254221	2	2	0	3
14	41254222	41258263	2	2	0	2
14	41258264	45052853	2	2	0	2
14	45052854	45054003	2	2	0	2
14	45054004	48422461	2	2	0	2
14	48422462	53135635	3	3	0	2
14	53135636	53185731	4	4	0	2
14	53185732	53259053	3	3	0	2
14	53259054	53259848	3	3	0	2
14	53259849	58219903	3	3	0	2
14	58219904	58228709	2	2	0	2
14	58228710	58712275	3	3	0	2
14	58712276	58715744	2	2	0	2
14	58715745	65931100	3	3	0	2
14	65931101	65976711	4	4	0	2
14	65976712	77407091	3	3	0	2
14	77407092	77434739	4	4	0	2
14	77434740	85437540	3	3	0	2
14	85437541	85438576	3	3	0	2
14	85438577	87870919	2	2	0	2
14	87870920	87872774	2	2	0	2
14	87872775	93243631	3	3	0	2
14	93243632	93271140	3	3	0	1
14	93271141	106368400	3	3	0	2
14	106368401	106960006	3	3	0	2
15	1	15799999	2	2	0	1
15	15800000	20699999	2	2	0	2
15	20700000	34673800	2	2	0	2
15	34673801	34814601	2	2	0	2
15	34814602	36589653	2	2	0	2
15	36589654	36608355	2	2	0	2
15	36608356	48722924	2	2	0	2
15	48722925	60565771	3	3	0	2
15	60565772	60570348	3	3	0	2
15	60570349	63707422	3	3	0	2
15	63707423	63711145	3	3	0	2
15	63711146	63715805	3	3	0	2
15	63715806	63716085	3	3	0	2
15	63716086	63763305	3	3	0	2
15	63763306	63764867	3	3	0	2
15	63764868	86971397	3	3	0	2
15	86971398	86973295	3	3	0	2
15	86973296	90689190	3	3	0	2
15	90689191	90700438	3	3	0	1
15	90700439	96638908	3	3	0	2
15	96638909	96641025	3	3	0	2
15	96641026	98148958	3	3	0	2
15	98148959	98224837	0	0	0	2
15	98224838	98228470	3	3	0	2
15	98228471	98229424	3	3	0	2
15	98229425	100338800	3	3	0	2
15	100338801	102429049	3	3	0	3
16	33807	120730	3	3	0	2
16	120731	123941	3	3	0	2
16	123942	2660478	3	3	0	2
16	2660479	2743688	3	3	0	2
16	2743689	3650529	3	3	0	2
16	3650530	3664644	3	3	0	1
16	3664645	3788269	3	3	0	2
16	3788270	3802431	3	3	0	2
16	3802432	5847187	3	3	0	2
16	5847188	5850421	3	3	0	1
16	5850422	7645467	2	2	0	2
16	7645468	7657432	4	4	0	2
16	7657433	14718576	3	3	0	2
16	14718577	14731106	3	3	0	1
16	14731107	16127998	3	3	0	2
16	16127999	16139646	4	4	0	2
16	16139647	21499516	3	3	0	2
16	21499517	21594201	0	0	0	2
16	21594202	21970426	0	0	0	2
16	21970427	22591946	3	3	0	2
16	22591947	30279935	3	3	0	2
16	30279936	32328402	4	4	0	2
16	32328403	32618723	2	2	0	1
16	32618724	32620568	3	3	0	1
16	32620569	33611252	3	3	0	1
16	33611253	33612452	3	3	0	1
16	33612453	33972800	3	3	0	1
16	33972801	38599999	NA	NA	NA	NA
16	38600000	46403935	3	2	1	2
16	46403936	46559538	3	2	1	2
16	46559539	48814923	3	2	1	2
16	48814924	48818679	3	2	1	2
16	48818680	49686453	3	2	1	2
16	49686454	49688423	3	2	1	2
16	49688424	52542090	3	2	1	2
16	52542091	52542760	3	2	1	2
16	52542761	56698466	3	2	1	2
16	56698467	56702804	3	2	1	2
16	56702805	63993576	3	2	1	2
16	63993577	63995547	3	2	1	2
16	63995548	68221966	3	2	1	2
16	68221967	68327119	2	2	0	3
16	68327120	72104838	3	2	1	2
16	72104839	72105906	3	2	1	2
16	72105907	72582951	3	2	1	2
16	72582952	72585283	3	2	1	2
16	72585284	80409936	3	2	1	2
16	80409937	80424643	5	4	1	1
16	80424644	81648227	3	2	1	2
16	81648228	81659187	4	2	2	2
16	81659188	88988781	3	2	1	2
16	88988782	88992106	3	2	1	1
16	88992107	90354752	3	2	1	2
17	6374	402524	2	2	0	2
17	402525	413714	2	2	0	2
17	413715	19662905	2	2	0	2
17	19662906	19668962	2	2	0	2
17	19668963	21941567	2	2	0	2
17	21941568	21945796	2	2	0	2
17	21945797	21961098	4	2	2	1
17	21961099	21961867	4	2	2	2
17	21961868	22199999	4	2	2	3
17	22200000	26200401	NA	NA	NA	NA
17	26200402	26203923	3	2	1	3
17	26203924	30873086	3	2	1	3
17	30873087	30875931	3	2	1	2
17	30875932	35131721	3	2	1	3
17	35131722	38836588	3	2	1	3
17	38836589	42029753	4	2	2	3
17	42029754	42032277	4	2	2	3
17	42032278	46342273	4	2	2	3
17	46342274	46344945	4	2	2	1
17	46344946	51298217	4	2	2	3
17	51298218	51302619	4	2	2	1
17	51302620	52319165	4	2	2	3
17	52319166	52323100	4	2	2	3
17	52323101	57419812	4	2	2	3
17	57419813	57421641	4	2	2	2
17	57421642	57881547	4	2	2	2
17	57881548	57900885	3	2	1	2
17	57900886	57917645	3	2	1	1
17	57917646	57917659	3	2	1	1
17	57917660	57919911	3	2	1	1
17	57919912	57920108	3	2	1	1
17	57920109	57920355	3	2	1	1
17	57920356	57920589	3	2	1	1
17	57920590	57927852	3	2	1	1
17	57927853	57936696	3	2	1	1
17	57936697	57940843	3	2	1	1
17	57940844	57942517	3	2	1	1
17	57942518	57942792	3	2	1	1
17	57942793	57942899	3	2	1	1
17	57942900	57943818	3	2	1	1
17	57943819	57946068	3	2	1	1
17	57946069	57947422	3	2	1	1
17	57947423	57949313	3	2	1	1
17	57949314	57952300	3	2	1	2
17	57952301	58440922	3	2	1	2
17	58440923	58443242	3	2	1	2
17	58443243	58647953	3	2	1	2
17	58647954	58651041	3	2	1	2
17	58651042	62843351	3	2	1	2
17	62843352	62873001	4	2	2	2
17	62873002	62970489	4	2	2	2
17	62970490	62996119	5	3	2	2
17	62996120	63762077	4	2	2	3
17	63762078	63763050	4	2	2	3
17	63763051	64139544	4	2	2	3
17	64139545	64145643	4	2	2	2
17	64145644	64401568	4	2	2	2
17	64401569	68291973	3	2	1	3
17	68291974	68292673	3	2	1	3
17	68292674	73661144	3	2	1	3
17	73661145	73889411	3	2	1	2
17	73889412	73934684	5	4	1	2
17	73934685	74578453	3	2	1	3
17	74578454	74581204	3	2	1	1
17	74581205	79684817	3	2	1	2
17	79684818	79695847	3	2	1	2
17	79695848	81195209	3	2	1	2
18	27500	156873	2	2	0	2
18	156874	416401	2	2	0	2
18	416402	420626	2	2	0	2
18	420627	627474	2	2	0	2
18	627475	633041	4	4	0	2
18	633042	3602720	2	2	0	2
18	3602721	3646269	3	3	0	2
18	3646270	3724968	2	2	0	2
18	3724969	3728618	2	2	0	2
18	3728619	3730708	2	2	0	2
18	3730709	3748490	3	3	0	2
18	3748491	3750651	2	2	0	2
18	3750652	3752951	2	2	0	2
18	3752952	4267137	2	2	0	2
18	4267138	4269344	2	2	0	2
18	4269345	8136335	2	2	0	2
18	8136336	8138161	2	2	0	2
18	8138162	8896017	2	2	0	2
18	8896018	12036968	3	2	1	2
18	12036969	15078988	2	2	0	2
18	15078989	15141902	2	2	0	2
18	15141903	19132743	NA	NA	NA	NA
18	19132744	19138882	6	5	1	1
18	19138883	19140205	6	5	1	1
18	19140206	19191361	5	4	1	2
18	19191362	19191754	6	5	1	1
18	19191755	21347634	3	2	1	2
18	21347635	21408172	1	1	0	1
18	21408173	21562021	1	1	0	1
18	21562022	21747279	3	2	1	2
18	21747280	21748198	1	1	0	2
18	21748199	31777571	1	1	0	2
18	31777572	32153785	2	2	0	2
18	32153786	32958806	3	3	0	2
18	32958807	33860016	1	1	0	3
18	33860017	33874487	1	1	0	2
18	33874488	34411807	1	1	0	3
18	34411808	34424957	3	3	0	3
18	34424958	34426884	3	3	0	2
18	34426885	34479856	3	3	0	2
18	34479857	35291730	2	2	0	2
18	35291731	35301390	3	3	0	2
18	35301391	35439273	9	9	0	2
18	35439274	36097801	9	9	0	2
18	36097802	36104972	8	8	0	1
18	36104973	36105104	8	8	0	2
18	36105105	36311109	8	8	0	2
18	36311110	36318290	5	5	0	1
18	36318291	36318339	5	5	0	1
18	36318340	36318417	5	5	0	1
18	36318418	36327176	5	5	0	2
18	36327177	36327909	5	5	0	2
18	36327910	36681989	5	5	0	2
18	36681990	37270866	6	6	0	2
18	37270867	37340426	5	5	0	2
18	37340427	37340517	4	4	0	1
18	37340518	37925414	4	4	0	2
18	37925415	37935896	2	2	0	2
18	37935897	37936089	10	10	0	1
18	37936090	37975549	2	2	0	2
18	37975550	37979970	3	3	0	2
18	37979971	37986347	9	9	0	2
18	37986348	38043884	8	8	0	2
18	38043885	38048667	3	3	0	2
18	38048668	38048679	8	8	0	1
18	38048680	38051639	8	8	0	1
18	38051640	38299329	8	8	0	2
18	38299330	38311186	4	4	0	2
18	38311187	38311808	3	3	0	1
18	38311809	38316669	3	3	0	1
18	38316670	38513112	3	3	0	2
18	38513113	38924258	2	2	0	2
18	38924259	38953014	1	1	0	2
18	38953015	38958108	2	2	0	2
18	38958109	39560059	1	1	0	2
18	39560060	39631644	2	2	0	2
18	39631645	39956711	3	3	0	2
18	39956712	39967293	3	3	0	2
18	39967294	39967344	1	1	0	2
18	39967345	41049707	1	1	0	2
18	41049708	41393920	2	2	0	2
18	41393921	41396418	2	2	0	2
18	41396419	45758524	2	2	0	2
18	45758525	45760978	2	2	0	2
18	45760979	45761011	2	2	0	2
18	45761012	45763158	2	2	0	2
18	45763159	50275139	2	2	0	2
18	50275140	50276086	2	2	0	2
18	50276087	55242161	2	2	0	2
18	55242162	55244380	2	2	0	2
18	55244381	64159190	2	2	0	2
18	64159191	64162889	2	2	0	2
18	64162890	64587427	2	2	0	2
18	64587428	64623485	2	2	0	2
18	64623486	64674465	2	2	0	2
18	64674466	64677252	2	2	0	2
18	64677253	76117000	2	2	0	2
18	76117001	78077247	2	2	0	3
19	102500	285329	2	1	1	2
19	285330	2492782	2	1	1	2
19	2492783	2494530	2	1	1	1
19	2494531	3509981	2	1	1	2
19	3509982	3726461	3	2	1	2
19	3726462	3959901	2	1	1	2
19	3959902	3962709	2	1	1	2
19	3962710	4510600	2	1	1	2
19	4510601	4511859	2	1	1	2
19	4511860	4834528	6	5	1	2
19	4834529	4879360	5	4	1	2
19	4879361	4900462	5	4	1	2
19	4900463	5248479	5	4	1	2
19	5248480	5693748	4	3	1	3
19	5693749	7940678	3	2	1	2
19	7940679	8171127	4	2	2	3
19	8171128	10405371	5	3	2	3
19	10405372	10408447	5	3	2	3
19	10408448	10420338	5	3	2	2
19	10420339	10426620	4	3	1	2
19	10426621	10614982	5	3	2	2
19	10614983	10619982	5	3	2	2
19	10619983	10620711	10	8	2	1
19	10620712	10624912	10	8	2	1
19	10624913	10644413	10	8	2	2
19	10644414	10655967	5	3	2	2
19	10655968	13387748	5	3	2	2
19	13387749	13398580	5	3	2	2
19	13398581	13602807	5	3	2	2
19	13602808	13603971	5	3	2	2
19	13603972	14006927	5	3	2	2
19	14006928	14009309	5	3	2	2
19	14009310	15492082	5	3	2	3
19	15492083	15527704	4	3	1	3
19	15527705	16558586	5	3	2	2
19	16558587	16561370	5	3	2	2
19	16561371	16562073	4	2	2	2
19	16562074	16563209	4	2	2	2
19	16563210	19040025	5	3	2	2
19	19040026	19040929	5	3	2	2
19	19040930	19049721	5	3	2	2
19	19049722	19057546	5	3	2	1
19	19057547	19871103	5	3	2	2
19	19871104	20447500	6	4	2	2
19	20447501	21077500	6	4	2	3
19	21077501	22154863	5	3	2	2
19	22154864	22164597	5	3	2	2
19	22164598	22180899	3	2	1	1
19	22180900	23783127	3	2	1	3
19	23783128	24399999	5	3	2	2
19	24400000	28599999	NA	NA	NA	NA
19	28600000	29655865	6	4	2	2
19	29655866	30429061	7	5	2	2
19	30429062	30431601	7	5	2	2
19	30431602	30991527	7	5	2	2
19	30991528	30997940	7	5	2	1
19	30997941	31567772	7	5	2	2
19	31567773	31574713	7	5	2	2
19	31574714	31777864	7	5	2	2
19	31777865	31779190	7	5	2	2
19	31779191	32725811	7	5	2	2
19	32725812	32732448	6	5	1	2
19	32732449	32980929	7	5	2	2
19	32980930	32986196	8	6	2	2
19	32986197	39492240	8	6	2	2
19	39492241	39965433	12	10	2	2
19	39965434	39988805	11	9	2	2
19	39988806	41616165	14	12	2	1
19	41616166	41720008	8	6	2	2
19	41720009	46565684	2	2	0	3
19	46565685	46573345	2	2	0	2
19	46573346	47744137	2	2	0	2
19	47744138	47752734	2	2	0	2
19	47752735	48826702	2	2	0	2
19	48826703	48846496	2	2	0	1
19	48846497	50456014	2	2	0	2
19	50456015	50458666	2	2	0	2
19	50458667	53748433	2	2	0	3
19	53748434	53750843	2	2	0	2
19	53750844	54289226	2	2	0	2
19	54289227	54290188	2	2	0	2
19	54290189	58178557	2	2	0	3
19	58178558	58713809	4	4	0	2
19	58713810	58723405	4	4	0	2
19	58723406	58829381	4	4	0	2
19	58829382	58830927	4	4	0	2
19	58830928	58900287	4	4	0	2
19	58900288	58903705	4	4	0	1
20	24347	309308	4	4	0	2
20	309309	315208	4	4	0	2
20	315209	1397848	4	4	0	2
20	1397849	1405270	4	4	0	2
20	1405271	1424083	4	4	0	2
20	1424084	2331971	2	2	0	2
20	2331972	2333835	2	2	0	2
20	2333836	9003649	2	2	0	2
20	9003650	9003822	2	2	0	2
20	9003823	9009504	2	2	0	2
20	9009505	9009931	2	2	0	2
20	9009932	14781144	2	2	0	2
20	14781145	14785224	1	1	0	1
20	14785225	14834705	1	1	0	2
20	14834706	15111204	1	1	0	2
20	15111205	18141125	2	2	0	2
20	18141126	18141864	2	2	0	2
20	18141865	21390440	2	2	0	2
20	21390441	21392671	2	2	0	2
20	21392672	23413504	2	2	0	2
20	23413505	23413645	2	2	0	2
20	23413646	25599999	2	2	0	2
20	25600000	29522499	2	2	0	2
20	29522500	29804689	2	2	0	2
20	29804690	30614953	5	4	1	2
20	30614954	30654235	6	5	1	2
20	30654236	30654951	5	4	1	1
20	30654952	30658364	5	4	1	1
20	30658365	35088826	5	4	1	3
20	35088827	35095858	5	4	1	3
20	35095859	40062961	5	4	1	2
20	40062962	40395458	3	2	1	2
20	40395459	41814348	1	1	0	3
20	41814349	45315140	2	1	1	2
20	45315141	45318796	2	1	1	2
20	45318797	49347905	2	1	1	3
20	49347906	49350746	2	1	1	3
20	49350747	51244863	2	1	1	3
20	51244864	51247999	2	1	1	2
20	51248000	56166244	2	1	1	2
20	56166245	56169247	2	1	1	2
20	56169248	60655329	2	1	1	3
20	60655330	60665924	2	1	1	1
20	60665925	62657791	2	1	1	2
21	1	9695138	NA	NA	NA	NA
21	9695139	10899999	NA	NA	NA	NA
21	10900000	14640571	1	1	0	1
21	14640572	20913637	1	1	0	2
21	20913638	33799290	2	2	0	2
21	33799291	33800651	2	2	0	2
21	33800652	41633993	2	2	0	2
21	41633994	41635954	2	2	0	2
21	41635955	41866720	2	2	0	2
21	41866721	41869879	2	2	0	2
21	41869880	42149664	2	2	0	2
21	42149665	42150730	2	2	0	2
21	42150731	46944200	2	2	0	2
21	46944201	48129894	2	2	0	3
22	1	12199999	1	1	0	1
22	12200000	17899999	NA	NA	NA	NA
22	17900000	18221588	1	1	0	3
22	18221589	18224868	1	1	0	3
22	18224869	18432964	1	1	0	3
22	18432965	18450983	7	6	1	2
22	18450984	18500982	7	6	1	2
22	18500983	18517657	8	6	2	2
22	18517658	18573580	7	6	1	2
22	18573581	18776142	7	6	1	2
22	18776143	18917139	6	5	1	2
22	18917140	18918968	6	5	1	1
22	18918969	18918980	6	5	1	1
22	18918981	18951586	6	5	1	2
22	18951587	18964893	10	9	1	1
22	18964894	18965017	10	9	1	1
22	18965018	18965077	10	9	1	1
22	18965078	18965150	10	9	1	1
22	18965151	18965211	10	9	1	1
22	18965212	18982227	13	12	1	2
22	18982228	19037046	3	2	1	2
22	19037047	19250393	14	13	1	1
22	19250394	19328596	3	2	1	2
22	19328597	19334976	12	11	1	1
22	19334977	19344462	12	11	1	1
22	19344463	19346294	12	11	1	1
22	19346295	19484780	12	11	1	2
22	19484781	19487640	12	11	1	2
22	19487641	19511458	10	9	1	1
22	19511459	19515162	8	7	1	2
22	19515163	19520675	12	10	2	1
22	19520676	19522294	12	10	2	1
22	19522295	19544645	12	10	2	1
22	19544646	19720105	3	2	1	2
22	19720106	19720462	11	10	1	1
22	19720463	19784352	11	10	1	2
22	19784353	20111505	21	20	1	2
22	20111506	20280256	14	13	1	1
22	20280257	20283279	14	13	1	1
22	20283280	21110139	21	20	1	2
22	21110140	21110177	21	20	1	2
22	21110178	21126301	21	20	1	2
22	21126302	21248172	21	20	1	2
22	21248173	21276076	21	20	1	2
22	21276077	21474202	3	2	1	2
22	21474203	22018628	3	2	1	2
22	22018629	22028245	7	6	1	2
22	22028246	22028303	4	3	1	1
22	22028304	22028528	4	3	1	1
22	22028529	22033662	4	3	1	2
22	22033663	29065498	4	3	1	2
22	29065499	29065898	4	3	1	1
22	29065899	29475723	4	3	1	2
22	29475724	29499830	5	3	2	2
22	29499831	31308918	4	3	1	2
22	31308919	36559037	4	3	1	2
22	36559038	37508001	2	1	1	2
22	37508002	37508671	4	2	2	2
22	37508672	37509222	3	2	1	1
22	37509223	37513943	3	2	1	2
22	37513944	39739683	3	2	1	2
22	39739684	39740950	2	1	1	2
22	39740951	43979762	2	1	1	2
22	43979763	43981720	2	1	1	2
22	43981721	47626270	2	1	1	2
22	47626271	47627612	2	1	1	2
22	47627613	48251194	2	1	1	2
22	48251195	48259984	1	1	0	2
22	48259985	48973402	2	1	1	2
22	48973403	49691400	3	2	1	2
22	49691401	49800023	3	2	1	2
22	49800024	51304565	2	1	1	2
X	923323	939548	1	1	0	2
X	939549	2707202	1	1	0	2
X	2707203	8358826	1	1	0	2
X	8358827	8361771	1	1	0	2
X	8361772	9004341	2	2	0	2
X	9004342	9007963	1	1	0	2
X	9007964	11208360	1	1	0	2
X	11208361	11211264	1	1	0	2
X	11211265	11212167	1	1	0	2
X	11212168	11216494	1	1	0	2
X	11216495	18319083	1	1	0	2
X	18319084	18328351	1	1	0	2
X	18328352	19220997	1	1	0	2
X	19220998	19225041	1	1	0	2
X	19225042	19909851	1	1	0	2
X	19909852	19917515	3	3	0	2
X	19917516	23971027	1	1	0	2
X	23971028	23974359	1	1	0	2
X	23974360	37043274	1	1	0	2
X	37043275	37050251	1	1	0	2
X	37050252	50478229	1	1	0	2
X	50478230	50478282	1	1	0	2
X	50478283	56949495	1	1	0	2
X	56949496	56956092	1	1	0	2
X	56956093	58099999	1	1	0	2
X	58100000	63862999	NA	NA	NA	NA
X	63863000	67213124	1	1	0	2
X	67213125	67214742	1	1	0	2
X	67214743	86909844	1	1	0	2
X	86909845	88859174	1	1	0	2
X	88859175	88860446	1	1	0	2
X	88860447	94048292	1	1	0	2
X	94048293	94064659	1	1	0	2
X	94064660	96452526	1	1	0	2
X	96452527	96463478	1	1	0	2
X	96463479	108703086	1	1	0	2
X	108703087	118888016	2	2	0	2
X	118888017	118888925	1	1	0	2
X	118888926	141571749	2	2	0	2
X	141571750	142040241	2	2	0	2
X	142040242	142716485	3	3	0	2
X	142716486	142720261	1	1	0	2
X	142720262	142798855	1	1	0	2
X	142798856	142804946	1	1	0	2
X	142804947	142876792	3	3	0	2
X	142876793	142879254	1	1	0	2
X	142879255	142880393	1	1	0	2
X	142880394	146134447	2	2	0	2
X	146134448	146136279	1	1	0	2
X	146136280	155270559	2	2	0	2
Y	1	11599999	0	0	0	1
Y	11600000	13399999	0	0	0	1
Y	13400000	59373565	NA	NA	NA	NA
