chromosome	start	end	total_cn	major_cn	minor_cn	star
1	10001	1474600	3	2	1	2
1	1474601	6291273	3	2	1	3
1	6291274	6295426	3	2	1	2
1	6295427	6296453	1	1	0	1
1	6296454	6362472	4	2	2	1
1	6362473	9400025	3	2	1	3
1	9400026	19669896	2	1	1	2
1	19669897	19670821	2	1	1	2
1	19670822	21347019	2	1	1	2
1	21347020	28910293	1	1	0	3
1	28910294	37850734	2	1	1	3
1	37850735	37861355	2	1	1	2
1	37861356	43813204	2	1	1	3
1	43813205	43863351	1	1	0	2
1	43863352	45443773	2	1	1	3
1	45443774	45448886	1	1	0	2
1	45448887	45518664	1	1	0	3
1	45518665	70213346	2	1	1	3
1	70213347	70227334	1	1	0	2
1	70227335	119306261	2	1	1	3
1	119306262	119319484	4	3	1	1
1	119319485	121499999	2	1	1	3
1	121500000	128899999	NA	NA	NA	NA
1	128900000	143916001	3	2	1	2
1	143916002	149940667	3	2	1	2
1	149940668	149945795	4	3	1	2
1	149945796	156659310	3	2	1	2
1	156659311	161570800	2	2	0	3
1	161570801	164344288	2	2	0	3
1	164344289	164351017	2	2	0	2
1	164351018	178531042	2	2	0	3
1	178531043	178662574	4	4	0	2
1	178662575	178664527	4	4	0	2
1	178664528	178810017	4	4	0	2
1	178810018	181307264	2	2	0	3
1	181307265	181375365	4	4	0	1
1	181375366	184773026	2	2	0	3
1	184773027	184911386	1	1	0	3
1	184911387	189168099	2	2	0	3
1	189168100	189183237	2	2	0	2
1	189183238	196454891	2	2	0	3
1	196454892	196485865	4	4	0	1
1	196485866	244020664	2	2	0	2
1	244020665	244664993	3	3	0	3
1	244664994	247249600	3	3	0	1
1	247249601	249250620	2	1	1	2
2	11834	3691470	2	1	1	3
2	3691471	3693079	2	1	1	3
2	3693080	14974199	2	1	1	3
2	14974200	15024430	2	1	1	2
2	15024431	46576196	2	1	1	3
2	46576197	46785624	3	2	1	3
2	46785625	61108213	2	1	1	3
2	61108214	61111979	2	1	1	3
2	61111980	62946437	2	1	1	3
2	62946438	63084839	1	1	0	3
2	63084840	90499999	2	1	1	3
2	90500000	96799999	2	1	1	3
2	96800000	123580337	2	1	1	3
2	123580338	123585131	2	1	1	3
2	123585132	133249380	2	1	1	3
2	133249381	133312765	1	1	0	3
2	133312766	153550339	2	1	1	3
2	153550340	153613311	1	1	0	2
2	153613312	242985695	2	1	1	3
3	62226	1059790	2	1	1	3
3	1059791	1069212	1	1	0	1
3	1069213	50172028	2	1	1	3
3	50172029	50264538	3	2	1	2
3	50264539	63937690	2	1	1	3
3	63937691	64013426	1	1	0	3
3	64013427	87899999	2	1	1	3
3	87900000	93899999	2	1	1	3
3	93900000	99632418	2	1	1	3
3	99632419	99645214	2	1	1	2
3	99645215	121731924	2	1	1	3
3	121731925	121738469	2	1	1	3
3	121738470	124719371	2	1	1	3
3	124719372	124720707	2	1	1	2
3	124720708	124724384	2	1	1	2
3	124724385	124724521	2	1	1	2
3	124724522	197847500	2	1	1	3
4	25102	19605097	3	2	1	2
4	19605098	19656508	4	3	1	2
4	19656509	48153063	3	2	1	2
4	48153064	48185816	3	2	1	2
4	48185817	48199999	3	2	1	2
4	48200000	52699999	NA	NA	NA	NA
4	52700000	69380542	1	1	0	2
4	69380543	74283388	1	1	0	2
4	74283389	74379929	1	1	0	1
4	74379930	100090850	1	1	0	2
4	100090851	100187596	1	1	0	2
4	100187597	108893017	1	1	0	2
4	108893018	108954659	1	1	0	2
4	108954660	119508107	1	1	0	2
4	119508108	119659217	2	2	0	2
4	119659218	159985927	1	1	0	2
4	159985928	160130773	1	1	0	1
4	160130774	190692137	1	1	0	2
5	22500	24453516	2	1	1	3
5	24453517	24456908	2	2	0	1
5	24456909	46099999	2	1	1	3
5	46100000	50699999	NA	NA	NA	NA
5	50700000	75524103	2	2	0	3
5	75524104	82383777	3	2	1	2
5	82383778	82401486	2	1	1	2
5	82401487	93355298	3	2	1	2
5	93355299	95298059	4	3	1	2
5	95298060	95299001	4	3	1	2
5	95299002	98155776	2	1	1	2
5	98155777	98273884	1	1	0	3
5	98273885	104266481	2	1	1	2
5	104266482	136135238	1	1	0	2
5	136135239	139265995	2	1	1	3
5	139265996	142550248	3	2	1	2
5	142550249	142667420	4	2	2	2
5	142667421	180715810	3	2	1	2
6	39681	242500	3	3	0	2
6	242501	414426	2	2	0	2
6	414427	8898367	3	3	0	2
6	8898368	8958408	2	2	0	2
6	8958409	21482729	3	3	0	2
6	21482730	21486015	4	4	0	1
6	21486016	25372858	3	3	0	2
6	25372859	25565733	2	2	0	2
6	25565734	28741183	3	3	0	2
6	28741184	30368494	4	4	0	2
6	30368495	30374772	2	2	0	2
6	30374773	32476630	4	4	0	2
6	32476631	32550964	4	4	0	2
6	32550965	34667074	4	4	0	2
6	34667075	44468514	4	3	1	2
6	44468515	44470947	4	3	1	2
6	44470948	57392001	4	3	1	2
6	57392002	58087967	5	4	1	2
6	58087968	63299999	NA	NA	NA	NA
6	63300000	63314556	1	1	0	2
6	63314557	63561235	1	1	0	3
6	63561236	63562816	1	1	0	2
6	63562817	63577239	1	1	0	2
6	63577240	63583053	2	1	1	1
6	63583054	63917138	1	1	0	3
6	63917139	64463898	3	2	1	2
6	64463899	64468929	2	1	1	2
6	64468930	64780215	3	2	1	2
6	64780216	67860034	1	1	0	3
6	67860035	68664087	3	2	1	2
6	68664088	86523815	1	1	0	3
6	86523816	86529671	1	1	0	2
6	86529672	117713917	1	1	0	3
6	117713918	117731997	1	1	0	1
6	117731998	119313363	1	1	0	3
6	119313364	119314505	1	1	0	2
6	119314506	124096647	1	1	0	3
6	124096648	124100741	1	1	0	2
6	124100742	163276090	1	1	0	3
6	163276091	163894020	2	2	0	3
6	163894021	163894039	2	2	0	2
6	163894040	163900402	1	1	0	1
6	163900403	170915126	1	1	0	3
7	74910	6923477	2	1	1	2
7	6923478	27953788	2	1	1	3
7	27953789	27961984	2	2	0	1
7	27961985	47085592	2	1	1	3
7	47085593	47085618	2	1	1	2
7	47085619	56687886	2	1	1	3
7	56687887	56705356	2	1	1	1
7	56705357	57999999	2	1	1	3
7	58000000	61699999	2	1	1	3
7	61700000	65729795	2	1	1	3
7	65729796	65729861	2	1	1	3
7	65729862	79790660	2	1	1	3
7	79790661	79821922	1	1	0	3
7	79821923	86376694	2	1	1	3
7	86376695	86381714	2	1	1	1
7	86381715	86383917	3	2	1	2
7	86383918	86384134	3	2	1	2
7	86384135	86811763	3	2	1	2
7	86811764	86866777	2	2	0	2
7	86866778	91509587	3	2	1	2
7	91509588	91512451	3	2	1	2
7	91512452	114054758	3	2	1	2
7	114054759	114312085	4	2	2	3
7	114312086	116623208	3	2	1	2
7	116623209	116803305	3	2	1	2
7	116803306	122253664	3	2	1	2
7	122253665	122486541	2	2	0	2
7	122486542	137772149	3	2	1	2
7	137772150	137775538	3	2	1	2
7	137775539	158858079	3	2	1	2
8	10001	162395	1	1	0	2
8	162396	33145771	1	1	0	2
8	33145772	33266431	2	2	0	2
8	33266432	39200449	1	1	0	3
8	39200450	40495314	3	2	1	2
8	40495315	43099999	1	1	0	3
8	43100000	48099999	NA	NA	NA	NA
8	48100000	70082754	3	2	1	2
8	70082755	70083437	3	2	1	2
8	70083438	70088341	3	2	1	2
8	70088342	100340534	3	2	1	2
8	100340535	100470942	2	1	1	2
8	100470943	121487429	3	2	1	2
8	121487430	121515584	2	1	1	3
8	121515585	124033900	3	2	1	2
8	124033901	124033950	3	2	1	2
8	124033951	125525204	2	1	1	2
8	125525205	125672829	1	1	0	3
8	125672830	141375210	2	1	1	2
8	141375211	141434536	4	3	1	2
8	141434537	146364021	2	1	1	2
9	88254	4412704	1	1	0	3
9	4412705	4550318	0	0	0	2
9	4550319	42170557	1	1	0	3
9	42170558	47299999	1	1	0	2
9	47300000	50699999	1	1	0	2
9	50700000	66519699	1	1	0	2
9	66519700	123142027	1	1	0	3
9	123142028	123147721	1	1	0	3
9	123147722	127626652	1	1	0	3
9	127626653	127692358	1	1	0	3
9	127692359	130276187	1	1	0	3
9	130276188	130306944	1	1	0	3
9	130306945	130812191	1	1	0	3
9	130812192	130993208	1	1	0	2
9	130993209	131355285	1	1	0	3
9	131355286	131363529	1	1	0	3
9	131363530	135773943	1	1	0	3
9	135773944	135773955	1	1	0	1
9	135773956	136731429	2	2	0	3
9	136731430	136819600	2	2	0	1
9	136819601	140273200	2	2	0	3
10	107441	385324	3	2	1	3
10	385325	465074	2	1	1	2
10	465075	21745432	3	2	1	2
10	21745433	21766183	3	2	1	2
10	21766184	30463160	3	2	1	3
10	30463161	34492690	2	1	1	3
10	34492691	34850666	1	1	0	3
10	34850667	37999999	2	1	1	3
10	38000000	42299999	2	1	1	2
10	42300000	78056718	2	1	1	3
10	78056719	78068069	3	2	1	1
10	78068070	86725612	2	1	1	3
10	86725613	86727104	1	1	0	1
10	86727105	93552665	2	1	1	3
10	93552666	93866332	2	1	1	1
10	93866333	95372763	2	1	1	2
10	95372764	95647083	3	2	1	3
10	95647084	114267498	2	1	1	3
10	114267499	135389924	1	1	0	3
11	20721	202071	2	1	1	2
11	202072	6695355	2	1	1	3
11	6695356	6713123	2	1	1	2
11	6713124	14385056	2	1	1	3
11	14385057	14421699	2	1	1	2
11	14421700	51599999	2	1	1	3
11	51600000	55699999	2	1	1	3
11	55700000	61696659	2	1	1	3
11	61696660	61699713	2	1	1	2
11	61699714	63982437	2	1	1	2
11	63982438	65279741	1	1	0	3
11	65279742	100686398	2	1	1	2
11	100686399	100830418	1	1	0	3
11	100830419	134452200	2	1	1	2
12	110107	219530	1	1	0	3
12	219531	16625733	1	1	0	3
12	16625734	18441646	2	1	1	3
12	18441647	18833471	1	1	0	3
12	18833472	21081576	2	1	1	3
12	21081577	21175533	2	1	1	2
12	21175534	33299999	2	1	1	3
12	33300000	38199999	2	1	1	2
12	38200000	50404644	2	1	1	3
12	50404645	50429227	2	1	1	2
12	50429228	56038235	2	1	1	2
12	56038236	56041300	2	1	1	2
12	56041301	56306627	2	1	1	3
12	56306628	56306729	2	1	1	3
12	56306730	71624979	2	1	1	3
12	71624980	71627914	2	1	1	3
12	71627915	99800763	2	1	1	3
12	99800764	100409883	1	1	0	2
12	100409884	100519413	2	1	1	2
12	100519414	100528755	2	1	1	2
12	100528756	101294309	2	1	1	3
12	101294310	101308957	3	2	1	1
12	101308958	112030044	2	1	1	3
12	112030045	112342931	2	1	1	2
12	112342932	119160091	2	1	1	3
12	119160092	119162678	2	1	1	2
12	119162679	132349400	2	1	1	3
12	132349401	133851894	2	1	1	2
13	1	16299999	2	1	1	1
13	16300000	19499999	2	1	1	2
13	19500000	29071512	2	1	1	3
13	29071513	32863119	1	1	0	2
13	32863120	68123695	2	1	1	3
13	68123696	73221655	1	1	0	3
13	73221656	73228045	1	1	0	3
13	73228046	73627505	1	1	0	2
13	73627506	82905059	2	1	1	3
13	82905060	82907956	2	1	1	3
13	82907957	114142800	2	1	1	3
13	114142801	115024555	2	1	1	2
14	1	16099999	2	1	1	1
14	16100000	19099999	2	1	1	2
14	19100000	38997499	2	1	1	3
14	38997500	39546611	2	1	1	2
14	39546612	39889945	2	2	0	2
14	39889946	106368400	2	2	0	3
15	1	15799999	2	1	1	1
15	15800000	20699999	2	1	1	3
15	20700000	35771056	2	1	1	3
15	35771057	35771835	2	1	1	3
15	35771836	50996310	2	1	1	3
15	50996311	52215416	2	1	1	2
15	52215417	52227814	2	1	1	2
15	52227815	59386260	2	1	1	2
15	59386261	59399666	2	1	1	2
15	59399667	59418434	2	1	1	2
15	59418435	59531723	1	1	0	1
15	59531724	76741050	2	2	0	2
15	76741051	77005429	2	2	0	2
15	77005430	100338800	2	2	0	2
15	100338801	102531391	2	2	0	2
16	90538	14724601	1	1	0	3
16	14724602	15479788	2	1	1	2
16	15479789	15686013	1	1	0	3
16	15686014	34599999	2	1	1	3
16	34600000	38599999	2	1	1	3
16	38600000	46417499	2	1	1	2
16	46417500	78681860	1	1	0	3
16	78681861	78990251	0	0	0	2
16	78990252	88827200	1	1	0	3
16	88827201	90354752	1	1	0	3
17	20080	7560083	2	2	0	2
17	7560084	7584138	2	2	0	2
17	7584139	20279832	2	2	0	2
17	20279833	22199999	3	2	1	2
17	22200000	25799999	3	2	1	2
17	25800000	34859995	3	2	1	2
17	34859996	62409652	3	2	1	2
17	62409653	65200592	3	2	1	2
17	65200593	65200667	2	1	1	2
17	65200668	65214149	2	1	1	1
17	65214150	65385267	4	3	1	2
17	65385268	65385289	3	2	1	1
17	65385290	78774600	3	2	1	2
17	78774601	81195209	2	1	1	2
18	27500	2679135	2	1	1	3
18	2679136	2733614	3	2	1	3
18	2733615	15399999	2	1	1	3
18	15400000	18999999	2	1	1	3
18	19000000	32066824	2	1	1	3
18	32066825	32414214	1	1	0	1
18	32414215	36530755	2	1	1	2
18	36530756	36535428	2	1	1	2
18	36535429	46964790	2	1	1	3
18	46964791	61339094	3	2	1	3
18	61339095	61350092	3	2	1	2
18	61350093	64057647	3	2	1	3
18	64057648	64059187	3	2	1	3
18	64059188	76117000	3	2	1	3
18	76117001	78077247	3	2	1	3
19	102500	8235563	2	1	1	2
19	8235564	8237100	2	1	1	2
19	8237101	24399999	2	1	1	2
19	24400000	28599999	2	1	1	2
19	28600000	50716371	2	1	1	2
19	50716372	50724934	2	1	1	2
19	50724935	58222810	2	1	1	2
19	58222811	58223747	2	1	1	2
20	17500	7267201	2	1	1	2
20	7267202	7267870	2	1	1	2
20	7267871	14135604	2	1	1	2
20	14135605	14474839	2	1	1	2
20	14474840	21458925	2	1	1	2
20	21458926	21474506	2	1	1	2
20	21474507	25599999	2	1	1	2
20	25600000	29399999	2	1	1	2
20	29400000	62432500	2	1	1	2
21	1	9417499	NA	NA	NA	NA
21	9417500	10899999	NA	NA	NA	NA
21	10900000	14299999	2	2	0	1
21	14300000	34934963	2	1	1	3
21	34934964	35207931	1	1	0	3
21	35207932	43070307	2	1	1	3
21	43070308	46944200	3	2	1	2
21	46944201	48129894	3	2	1	3
22	1	12199999	2	1	1	1
22	12200000	17899999	2	1	1	2
22	17900000	28653699	2	1	1	2
22	28653700	29144943	1	1	0	2
22	29144944	29643917	2	1	1	2
22	29643918	29674036	1	1	0	2
22	29674037	51053469	2	1	1	2
X	1	58099999	1	1	0	3
X	58100000	62999999	1	1	0	3
X	63000000	66850495	1	1	0	3
X	66850496	66895452	1	1	0	3
X	66895453	96280620	1	1	0	3
X	96280621	96295888	1	1	0	2
X	96295889	96360492	1	1	0	3
X	96360493	96365982	1	1	0	3
X	96365983	105006484	1	1	0	3
X	105006485	105199499	2	2	0	2
X	105199500	108428043	1	1	0	3
X	108428044	108442639	1	1	0	2
X	108442640	108443720	1	1	0	2
X	108443721	155270559	1	1	0	3
Y	1	11599999	1	1	0	1
Y	11600000	13399999	1	1	0	1
Y	13400000	59373565	1	1	0	1
