chromosome	start	end	total_cn	major_cn	minor_cn	star
1	1	1986299	3	2	1	3
1	1986300	2207732	2	1	1	3
1	2207733	10938297	3	2	1	3
1	10938298	10938834	3	2	1	2
1	10938835	10941389	3	2	1	1
1	10941390	10991381	2	1	1	2
1	10991382	11067759	3	2	1	3
1	11067760	11160507	2	1	1	3
1	11160508	11190008	3	2	1	2
1	11190009	11212037	2	1	1	3
1	11212038	11959860	3	2	1	3
1	11959861	11982522	1	1	0	1
1	11982523	11984546	3	2	1	2
1	11984547	11984707	3	2	1	2
1	11984708	20857071	3	2	1	3
1	20857072	21102233	2	1	1	3
1	21102234	23143032	3	2	1	3
1	23143033	23176742	2	1	1	2
1	23176743	23204973	2	1	1	2
1	23204974	23240093	2	1	1	2
1	23240094	24936251	3	2	1	3
1	24936252	24969413	3	2	1	2
1	24969414	25747698	3	2	1	3
1	25747699	26086756	2	1	1	1
1	26086757	26098671	2	1	1	1
1	26098672	27368225	3	2	1	3
1	27368226	27559223	3	2	1	3
1	27559224	35709394	2	1	1	3
1	35709395	35791743	3	2	1	2
1	35791744	35801940	3	2	1	2
1	35801941	35837689	3	2	1	2
1	35837690	35837703	3	2	1	2
1	35837704	36447827	3	2	1	2
1	36447828	36487654	3	2	1	1
1	36487655	39657532	2	1	1	3
1	39657533	51650535	2	1	1	3
1	51650536	86005201	3	2	1	3
1	86005202	121499999	3	2	1	3
1	121500000	128899999	3	2	1	2
1	128900000	143497499	3	2	1	2
1	143497500	144020001	3	2	1	1
1	144020002	144565889	3	2	1	1
1	144565890	144810801	3	2	1	1
1	144810802	144851951	7	6	1	1
1	144851952	145112809	7	6	1	1
1	145112810	145117711	7	6	1	1
1	145117712	145382601	7	6	1	1
1	145382602	145412129	18	16	2	1
1	145412130	145721189	10	8	2	2
1	145721190	145722708	10	8	2	2
1	145722709	145722844	18	16	2	1
1	145722845	145746997	12	11	1	1
1	145746998	146650891	8	6	2	2
1	146650892	146652798	8	6	2	2
1	146652799	146803236	10	8	2	2
1	146803237	146842249	19	18	1	1
1	146842250	146843648	12	10	2	1
1	146843649	146850612	15	14	1	1
1	146850613	146850777	15	14	1	1
1	146850778	146859308	17	16	1	1
1	146859309	146860731	17	16	1	1
1	146860732	146862280	16	14	2	1
1	146862281	147103692	14	12	2	2
1	147103693	147103911	14	13	1	1
1	147103912	147109503	21	19	2	2
1	147109504	147111355	21	19	2	2
1	147111356	147157355	21	19	2	2
1	147157356	147204482	17	16	1	1
1	147204483	147745360	13	12	1	1
1	147745361	147793786	19	18	1	1
1	147793787	147819201	13	12	1	1
1	147819202	149223440	13	12	1	1
1	149223441	150076357	4	2	2	2
1	150076358	150077435	4	2	2	2
1	150077436	150080362	4	2	2	2
1	150080363	150092105	6	4	2	2
1	150092106	150247275	4	2	2	2
1	150247276	150303366	10	8	2	2
1	150303367	150304218	10	8	2	1
1	150304219	150308953	8	6	2	1
1	150308954	150309929	6	4	2	1
1	150309930	150310304	6	4	2	1
1	150310305	150317888	6	4	2	1
1	150317889	150323665	10	8	2	2
1	150323666	150330158	15	14	1	1
1	150330159	150330260	15	14	1	1
1	150330261	150330277	10	8	2	1
1	150330278	150333402	7	6	1	1
1	150333403	150334985	7	6	1	1
1	150334986	150349027	5	3	2	1
1	150349028	150354727	5	3	2	1
1	150354728	150422549	12	10	2	2
1	150422550	150422626	13	11	2	1
1	150422627	150447976	13	11	2	1
1	150447977	151446457	4	2	2	2
1	151446458	151449139	5	3	2	1
1	151449140	151453048	4	2	2	1
1	151453049	151466537	6	4	2	1
1	151466538	151483075	24	23	1	1
1	151483076	151485501	6	4	2	1
1	151485502	151495247	11	10	1	1
1	151495248	151503805	10	9	1	1
1	151503806	151516919	10	9	1	1
1	151516920	151548725	4	2	2	2
1	151548726	151576108	4	2	2	2
1	151576109	152146252	4	2	2	2
1	152146253	152180586	6	4	2	2
1	152180587	152197999	11	9	2	1
1	152198000	152200091	12	11	1	1
1	152200092	152200164	12	11	1	1
1	152200165	152206551	11	10	1	1
1	152206552	152206880	11	10	1	1
1	152206881	152212945	11	9	2	1
1	152212946	152213066	10	9	1	1
1	152213067	152232831	4	2	2	2
1	152232832	152300952	14	13	1	1
1	152300953	152342199	6	4	2	2
1	152342200	152343248	5	3	2	2
1	152343249	152493133	6	4	2	2
1	152493134	152494014	6	4	2	2
1	152494015	152499003	6	4	2	2
1	152499004	152502525	5	3	2	2
1	152502526	152672039	6	4	2	2
1	152672040	152757624	8	6	2	1
1	152757625	152794893	16	14	2	1
1	152794894	152937535	8	6	2	2
1	152937536	152938026	8	6	2	1
1	152938027	152938220	28	26	2	1
1	152938221	153067022	15	14	1	1
1	153067023	153161521	8	6	2	2
1	153161522	153347465	6	4	2	2
1	153347466	153350207	10	8	2	1
1	153350208	153441485	10	8	2	1
1	153441486	153463828	10	8	2	1
1	153463829	153539539	12	10	2	1
1	153539540	153737423	12	10	2	2
1	153737424	153748552	12	11	1	1
1	153748553	153798551	12	11	1	1
1	153798552	153888771	12	11	1	1
1	153888772	153924773	31	31	0	1
1	153924774	153925753	31	31	0	1
1	153925754	153925862	34	32	2	1
1	153925863	153942021	28	28	0	1
1	153942022	153985811	22	21	1	1
1	153985812	154039020	12	10	2	1
1	154039021	154039675	12	10	2	1
1	154039676	154266877	12	10	2	2
1	154266878	154546779	6	4	2	2
1	154546780	154548309	6	4	2	2
1	154548310	154548366	6	4	2	2
1	154548367	154548923	8	5	3	1
1	154548924	154556924	6	4	2	2
1	154556925	154574709	8	6	2	2
1	154574710	154595573	6	4	2	2
1	154595574	154650623	8	6	2	2
1	154650624	154666920	6	4	2	2
1	154666921	154668111	6	4	2	2
1	154668112	154733074	6	4	2	3
1	154733075	154734818	4	2	2	1
1	154734819	154735594	4	2	2	1
1	154735595	155069250	4	2	2	3
1	155069251	155079610	4	2	2	2
1	155079611	155081672	4	2	2	2
1	155081673	155086328	4	2	2	2
1	155086329	155587075	4	2	2	3
1	155587076	155645382	8	6	2	2
1	155645383	155652557	16	16	0	1
1	155652558	155659252	7	5	2	1
1	155659253	155741754	4	2	2	3
1	155741755	156274961	6	4	2	2
1	156274962	156418651	11	10	1	1
1	156418652	156428242	8	6	2	2
1	156428243	156434542	9	8	1	1
1	156434543	156471757	5	3	2	2
1	156471758	156538949	14	13	1	1
1	156538950	156539067	14	13	1	1
1	156539068	156619468	17	16	1	1
1	156619469	156627518	17	16	1	1
1	156627519	156676179	22	20	2	1
1	156676180	156686229	21	20	1	1
1	156686230	156687129	13	11	2	1
1	156687130	156687174	13	11	2	1
1	156687175	156715243	21	20	1	1
1	156715244	156820803	19	18	1	1
1	156820804	156820936	19	18	1	1
1	156820937	156821238	13	11	2	1
1	156821239	156821646	13	11	2	1
1	156821647	156833807	13	11	2	2
1	156833808	156834571	9	8	1	1
1	156834572	156835614	9	8	1	1
1	156835615	156940887	12	10	2	2
1	156940888	156946290	11	10	1	1
1	156946291	157007606	11	9	2	1
1	157007607	157178761	15	13	2	2
1	157178762	157208126	19	18	1	1
1	157208127	157218805	21	20	1	1
1	157218806	157268804	22	20	2	2
1	157268805	157270211	27	25	2	1
1	157270212	157321347	25	23	2	1
1	157321348	157321964	26	24	2	1
1	157321965	157322648	24	24	0	1
1	157322649	157325296	24	23	1	1
1	157325297	157325669	24	23	1	1
1	157325670	157326080	28	26	2	1
1	157326081	157343410	23	23	0	1
1	157343411	157372984	25	24	1	1
1	157372985	157387755	23	22	1	1
1	157387756	157396102	13	11	2	1
1	157396103	157401656	14	13	1	1
1	157401657	157428010	21	20	1	1
1	157428011	157443031	19	18	1	1
1	157443032	157443596	19	18	1	1
1	157443597	157500552	15	14	1	1
1	157500553	157672050	14	13	1	1
1	157672051	157713041	11	10	1	1
1	157713042	157723690	20	19	1	1
1	157723691	157725776	20	19	1	1
1	157725777	157734267	26	23	3	1
1	157734268	157734304	20	18	2	1
1	157734305	157796276	20	18	2	1
1	157796277	157830264	23	22	1	1
1	157830265	157832008	26	26	0	1
1	157832009	157856963	26	26	0	1
1	157856964	157877000	26	26	0	1
1	157877001	157898015	33	33	0	1
1	157898016	157898181	33	33	0	1
1	157898182	157906945	36	36	0	1
1	157906946	157906962	36	36	0	1
1	157906963	157913062	28	27	1	1
1	157913063	157914772	26	25	1	1
1	157914773	157919325	27	26	1	1
1	157919326	157955595	26	25	1	1
1	157955596	157959462	26	25	1	1
1	157959463	157961746	36	35	1	1
1	157961747	157965364	36	35	1	1
1	157965365	157968994	38	36	2	1
1	157968995	157969947	29	28	1	1
1	157969948	157979877	35	35	0	1
1	157979878	157985169	29	28	1	1
1	157985170	157987048	32	32	0	1
1	157987049	157989019	32	32	0	1
1	157989020	158023299	34	32	2	1
1	158023300	158033800	30	30	0	1
1	158033801	158034074	30	30	0	1
1	158034075	158040189	30	30	0	1
1	158040190	158040906	30	30	0	1
1	158040907	158041353	30	30	0	1
1	158041354	158041507	34	33	1	1
1	158041508	158069796	34	33	1	1
1	158069797	158138514	32	32	0	1
1	158138515	158145395	33	31	2	2
1	158145396	158145549	28	28	0	1
1	158145550	158148775	27	26	1	1
1	158148776	158180661	23	21	2	2
1	158180662	158196687	23	22	1	1
1	158196688	158204173	37	35	2	1
1	158204174	158205387	34	32	2	1
1	158205388	158222220	27	26	1	1
1	158222221	158224835	27	26	1	1
1	158224836	158252171	23	22	1	1
1	158252172	158275865	22	21	1	1
1	158275866	158278586	27	27	0	1
1	158278587	158293149	27	27	0	1
1	158293150	158294394	31	30	1	1
1	158294395	158317785	22	22	0	1
1	158317786	158328929	26	25	1	1
1	158328930	158332072	22	21	1	1
1	158332073	158368782	28	27	1	1
1	158368783	158390844	22	21	1	1
1	158390845	158393366	22	21	1	1
1	158393367	158472348	12	11	1	2
1	158472349	158485017	16	14	2	1
1	158485018	158521587	19	18	1	1
1	158521588	158570666	23	21	2	1
1	158570667	158572944	23	21	2	1
1	158572945	158584440	18	16	2	1
1	158584441	158591367	18	16	2	1
1	158591368	158599844	18	16	2	1
1	158599845	158611695	18	16	2	1
1	158611696	158618447	18	16	2	1
1	158618448	158626833	23	22	1	1
1	158626834	158632711	23	22	1	1
1	158632712	158634034	18	16	2	1
1	158634035	158637193	21	20	1	1
1	158637194	158637336	21	20	1	1
1	158637337	158647655	16	15	1	1
1	158647656	158647905	16	15	1	1
1	158647906	158656475	16	15	1	1
1	158656476	158657274	16	15	1	1
1	158657275	158657299	16	15	1	1
1	158657300	158671405	16	15	1	1
1	158671406	158707491	4	2	2	2
1	158707492	158709486	10	8	2	2
1	158709487	158709703	13	11	2	1
1	158709704	158817542	12	10	2	2
1	158817543	158841930	14	12	2	1
1	158841931	158944126	4	2	2	2
1	158944127	159136757	6	4	2	2
1	159136758	159186756	6	4	2	2
1	159186757	159272559	8	6	2	3
1	159272560	159305507	14	13	1	1
1	159305508	159320538	8	6	2	1
1	159320539	159344232	17	16	1	1
1	159344233	159368774	8	6	2	2
1	159368775	159371360	6	4	2	1
1	159371361	159373944	24	24	0	1
1	159373945	159376110	25	24	1	1
1	159376111	159384942	33	32	1	1
1	159384943	159392878	27	27	0	1
1	159392879	159409830	33	33	0	1
1	159409831	159436341	22	21	1	1
1	159436342	159440581	15	13	2	1
1	159440582	159764757	6	4	2	3
1	159764758	160109295	11	10	1	1
1	160109296	160117702	16	15	1	1
1	160117703	160117964	16	15	1	1
1	160117965	160129644	18	17	1	1
1	160129645	160138164	27	26	1	1
1	160138165	160147925	33	33	0	1
1	160147926	160154680	24	23	1	1
1	160154681	160157590	30	30	0	1
1	160157591	160186948	34	34	0	1
1	160186949	160206072	34	34	0	1
1	160206073	160219576	19	18	1	1
1	160219577	160230341	27	27	0	1
1	160230342	160261395	20	19	1	1
1	160261396	160314885	8	6	2	1
1	160314886	160336438	13	12	1	1
1	160336439	160336648	13	12	1	1
1	160336649	160484758	14	12	2	1
1	160484759	160485156	14	12	2	1
1	160485157	160489942	12	11	1	1
1	160489943	160502339	12	11	1	1
1	160502340	160505208	13	11	2	1
1	160505209	160509138	13	11	2	2
1	160509139	160511627	15	13	2	1
1	160511628	160522952	19	18	1	1
1	160522953	160548045	19	18	1	1
1	160548046	160571088	19	18	1	1
1	160571089	160578124	15	14	1	1
1	160578125	160591630	9	8	1	1
1	160591631	160622020	14	12	2	1
1	160622021	160660118	8	6	2	2
1	160660119	160830355	6	4	2	2
1	160830356	160835784	6	4	2	1
1	160835785	160881190	6	4	2	1
1	160881191	160885302	6	4	2	1
1	160885303	160893202	16	15	1	1
1	160893203	160929441	23	22	1	1
1	160929442	160930990	25	24	1	1
1	160930991	160931189	25	24	1	1
1	160931190	160935089	25	24	1	1
1	160935090	160935598	23	22	1	1
1	160935599	160945575	24	24	0	1
1	160945576	160947446	23	22	1	1
1	160947447	160950295	25	25	0	1
1	160950296	160950420	25	25	0	1
1	160950421	161014294	25	24	1	1
1	161014295	161015608	18	17	1	1
1	161015609	161018300	18	17	1	1
1	161018301	161018566	18	17	1	1
1	161018567	161019952	20	19	1	1
1	161019953	161019998	20	19	1	1
1	161019999	161021288	22	21	1	1
1	161021289	161092926	19	18	1	1
1	161092927	161116692	31	31	0	1
1	161116693	161134597	22	21	1	1
1	161134598	161137373	38	37	1	1
1	161137374	161138429	38	37	1	1
1	161138430	161138452	24	22	2	1
1	161138453	161141876	25	24	1	1
1	161141877	161165802	23	22	1	1
1	161165803	161186020	19	18	1	1
1	161186021	161219999	21	20	1	1
1	161220000	161222145	21	20	1	1
1	161222146	161223254	38	35	3	1
1	161223255	161224646	38	35	3	1
1	161224647	161225786	38	35	3	1
1	161225787	161227679	38	35	3	1
1	161227680	161228505	38	35	3	1
1	161228506	161228727	38	35	3	1
1	161228728	161238535	32	31	1	1
1	161238536	161238613	32	31	1	1
1	161238614	161244852	33	33	0	1
1	161244853	161278636	25	25	0	1
1	161278637	161278928	16	14	2	1
1	161278929	161310478	16	14	2	1
1	161310479	161312481	16	14	2	1
1	161312482	161323556	22	20	2	1
1	161323557	161325478	22	20	2	1
1	161325479	161326517	22	20	2	1
1	161326518	161328740	22	20	2	1
1	161328741	161333509	22	20	2	1
1	161333510	161333658	22	20	2	1
1	161333659	161339280	22	20	2	1
1	161339281	161342290	22	20	2	1
1	161342291	161447445	19	18	1	1
1	161447446	161470823	19	18	1	1
1	161470824	161479111	17	16	1	1
1	161479112	161650932	16	15	1	1
1	161650933	161651063	4	2	2	1
1	161651064	161674654	4	2	2	3
1	161674655	161676103	9	8	1	1
1	161676104	161750641	4	2	2	2
1	161750642	161751642	4	2	2	2
1	161751643	161810481	4	2	2	2
1	161810482	161827825	6	4	2	2
1	161827826	161828149	6	4	2	1
1	161828150	161829254	10	7	3	1
1	161829255	161830036	10	7	3	1
1	161830037	161830089	10	7	3	1
1	161830090	161830345	10	7	3	1
1	161830346	161853146	9	7	2	1
1	161853147	161914114	4	2	2	2
1	161914115	161914225	4	2	2	2
1	161914226	161915177	4	2	2	2
1	161915178	162001605	17	16	1	1
1	162001606	162063273	4	2	2	2
1	162063274	162101019	16	14	2	2
1	162101020	162117422	29	27	2	2
1	162117423	162216282	16	14	2	2
1	162216283	162216793	15	14	1	1
1	162216794	162249891	18	17	1	1
1	162249892	162251910	18	17	1	1
1	162251911	162259012	20	17	3	1
1	162259013	162260852	20	17	3	1
1	162260853	162267754	12	11	1	1
1	162267755	162269225	12	11	1	1
1	162269226	162331754	17	16	1	1
1	162331755	162332636	4	2	2	1
1	162332637	162356692	18	17	1	1
1	162356693	162374456	19	16	3	2
1	162374457	162374805	22	20	2	1
1	162374806	162375183	22	20	2	1
1	162375184	162375756	23	21	2	1
1	162375757	162375958	19	18	1	1
1	162375959	162383790	19	18	1	1
1	162383791	162391522	21	20	1	1
1	162391523	162394544	16	15	1	1
1	162394545	162420112	20	19	1	1
1	162420113	162436208	17	16	1	1
1	162436209	162459892	28	28	0	1
1	162459893	162461165	28	28	0	1
1	162461166	162498149	14	12	2	2
1	162498150	162742567	4	2	2	3
1	162742568	162743335	4	2	2	3
1	162743336	162869642	4	2	2	3
1	162869643	162870357	4	2	2	2
1	162870358	162874648	3	2	1	1
1	162874649	162876736	3	2	1	1
1	162876737	162899207	8	6	2	2
1	162899208	162911107	4	3	1	1
1	162911108	162965846	6	4	2	2
1	162965847	162982009	5	3	2	2
1	162982010	163005145	31	30	1	1
1	163005146	163014978	29	28	1	1
1	163014979	163017377	29	28	1	1
1	163017378	163017903	30	27	3	1
1	163017904	163078619	25	24	1	1
1	163078620	163149195	34	32	2	1
1	163149196	163233985	21	20	1	1
1	163233986	163237438	21	20	1	1
1	163237439	163261500	21	20	1	1
1	163261501	163268868	30	30	0	1
1	163268869	163275057	21	20	1	1
1	163275058	163288659	25	25	0	1
1	163288660	163299511	21	20	1	1
1	163299512	163317929	24	24	0	1
1	163317930	163450934	25	24	1	1
1	163450935	163458785	22	21	1	1
1	163458786	163463920	22	21	1	1
1	163463921	163465141	22	21	1	1
1	163465142	163469800	30	28	2	1
1	163469801	163471852	28	27	1	1
1	163471853	163480306	28	27	1	1
1	163480307	163481136	28	27	1	1
1	163481137	163520370	28	27	1	1
1	163520371	163521851	28	27	1	1
1	163521852	163531135	26	25	1	1
1	163531136	163537098	26	25	1	1
1	163537099	163540669	9	7	2	1
1	163540670	163578993	28	28	0	1
1	163578994	163600186	20	18	2	1
1	163600187	163600484	20	19	1	1
1	163600485	163607987	20	19	1	1
1	163607988	163639326	24	24	0	1
1	163639327	163761455	8	6	2	2
1	163761456	163798253	6	4	2	2
1	163798254	163799949	6	4	2	1
1	163799950	163801525	5	3	2	1
1	163801526	163804724	5	3	2	1
1	163804725	163812048	23	22	1	1
1	163812049	163827958	26	25	1	1
1	163827959	163828487	26	25	1	1
1	163828488	163828663	5	3	2	1
1	163828664	163829747	5	3	2	1
1	163829748	163850671	5	3	2	2
1	163850672	163889744	4	2	2	2
1	163889745	163903456	13	11	2	2
1	163903457	163904543	15	14	1	1
1	163904544	163917805	15	14	1	1
1	163917806	163936172	22	21	1	1
1	163936173	163942666	31	30	1	1
1	163942667	163966822	22	21	1	1
1	163966823	163999895	26	24	2	1
1	163999896	163999932	26	24	2	1
1	163999933	164011522	18	16	2	1
1	164011523	164012416	18	16	2	1
1	164012417	164019556	18	16	2	1
1	164019557	164031048	9	8	1	1
1	164031049	164032876	9	8	1	1
1	164032877	164036843	18	16	2	1
1	164036844	164045895	18	16	2	1
1	164045896	164047540	18	16	2	1
1	164047541	164071584	18	16	2	1
1	164071585	164072824	18	16	2	1
1	164072825	164074025	18	16	2	1
1	164074026	164077484	18	16	2	1
1	164077485	164093020	34	34	0	1
1	164093021	164108490	23	22	1	1
1	164108491	164108726	23	22	1	1
1	164108727	164116907	23	21	2	1
1	164116908	164160426	23	22	1	1
1	164160427	164184648	34	33	1	1
1	164184649	164216587	23	21	2	1
1	164216588	164226415	23	21	2	1
1	164226416	164239691	16	15	1	1
1	164239692	164242207	16	15	1	1
1	164242208	164247772	18	16	2	1
1	164247773	164254496	18	17	1	1
1	164254497	164375884	16	15	1	1
1	164375885	164382012	16	15	1	1
1	164382013	164386327	31	30	1	1
1	164386328	164401592	31	30	1	1
1	164401593	164404381	31	30	1	1
1	164404382	164407129	21	19	2	1
1	164407130	164424308	21	20	1	1
1	164424309	164494834	23	22	1	1
1	164494835	164497041	9	6	3	1
1	164497042	164505670	18	17	1	1
1	164505671	164506561	18	17	1	1
1	164506562	164518208	18	17	1	1
1	164518209	164932526	8	6	2	2
1	164932527	164962990	11	10	1	1
1	164962991	164968341	11	10	1	1
1	164968342	164982525	11	10	1	1
1	164982526	165020496	4	2	2	2
1	165020497	165023770	16	14	2	1
1	165023771	165049892	15	14	1	1
1	165049893	165058631	26	25	1	1
1	165058632	165085614	21	20	1	1
1	165085615	165085665	21	20	1	1
1	165085666	165518052	10	8	2	1
1	165518053	165765630	16	14	2	2
1	165765631	165846809	25	24	1	1
1	165846810	165846829	25	24	1	1
1	165846830	165846964	28	26	2	1
1	165846965	165849370	28	26	2	1
1	165849371	165871917	19	18	1	1
1	165871918	165891613	19	18	1	1
1	165891614	165904723	30	29	1	1
1	165904724	165924914	36	36	0	1
1	165924915	165939298	34	32	2	1
1	165939299	165956733	33	32	1	1
1	165956734	166020353	17	16	1	1
1	166020354	166020747	17	16	1	1
1	166020748	166021502	20	18	2	1
1	166021503	166131876	12	10	2	2
1	166131877	166144254	21	20	1	1
1	166144255	166149310	21	20	1	1
1	166149311	166239472	25	24	1	1
1	166239473	166240386	25	24	1	1
1	166240387	166240770	27	25	2	1
1	166240771	166240937	27	25	2	1
1	166240938	166241376	27	25	2	1
1	166241377	166242377	27	25	2	1
1	166242378	166280605	19	18	1	1
1	166280606	166305128	19	18	1	1
1	166305129	166501890	25	23	2	1
1	166501891	166512954	26	25	1	1
1	166512955	166542727	27	27	0	1
1	166542728	166543182	27	27	0	1
1	166543183	166557214	22	20	2	1
1	166557215	166558453	22	20	2	1
1	166558454	166565046	22	20	2	1
1	166565047	166667865	22	21	1	1
1	166667866	166710741	22	21	1	1
1	166710742	166938832	20	18	2	2
1	166938833	167029232	22	21	1	1
1	167029233	167045049	24	23	1	1
1	167045050	167079494	26	25	1	1
1	167079495	167088292	22	21	1	1
1	167088293	167093119	20	19	1	1
1	167093120	167106994	25	24	1	1
1	167106995	167110593	25	24	1	1
1	167110594	167117681	24	23	1	1
1	167117682	167171765	21	20	1	1
1	167171766	167172404	21	20	1	1
1	167172405	167172599	21	20	1	1
1	167172600	167185115	25	23	2	1
1	167185116	167185333	25	23	2	1
1	167185334	167191040	23	20	3	1
1	167191041	167191535	23	20	3	1
1	167191536	167237206	25	24	1	1
1	167237207	167237374	25	24	1	1
1	167237375	167247122	23	22	1	1
1	167247123	167253369	20	19	1	1
1	167253370	167470007	20	19	1	1
1	167470008	167477078	10	8	2	1
1	167477079	167562518	19	17	2	2
1	167562519	167673964	16	15	1	1
1	167673965	167678051	16	15	1	1
1	167678052	168025971	16	14	2	2
1	168025972	168276205	10	8	2	1
1	168276206	168279839	10	8	2	2
1	168279840	168279904	10	8	2	1
1	168279905	168281866	10	8	2	1
1	168281867	168281981	10	8	2	1
1	168281982	168286914	10	8	2	1
1	168286915	168414968	4	2	2	2
1	168414969	168417340	8	7	1	1
1	168417341	168421151	11	10	1	1
1	168421152	168500875	8	6	2	2
1	168500876	168502257	8	6	2	1
1	168502258	168502409	8	6	2	1
1	168502410	168512342	12	10	2	1
1	168512343	168512555	12	10	2	1
1	168512556	168808904	12	11	1	1
1	168808905	168852825	17	15	2	2
1	168852826	168875577	12	10	2	1
1	168875578	168876205	12	11	1	1
1	168876206	168876238	12	10	2	1
1	168876239	168877318	12	10	2	1
1	168877319	169094587	12	10	2	1
1	169094588	169141664	18	16	2	2
1	169141665	169146909	13	11	2	1
1	169146910	169216740	14	12	2	2
1	169216741	169238449	5	3	2	2
1	169238450	169245456	14	12	2	2
1	169245457	169288448	14	12	2	2
1	169288449	169295455	14	12	2	1
1	169295456	169298199	13	12	1	1
1	169298200	169372573	40	38	2	1
1	169372574	169374703	38	36	2	2
1	169374704	169378599	36	35	1	1
1	169378600	169380268	37	36	1	1
1	169380269	169387309	39	39	0	1
1	169387310	169420165	38	38	0	1
1	169420166	169518314	12	10	2	2
1	169518315	169544672	16	15	1	1
1	169544673	169558302	11	9	2	1
1	169558303	169630610	19	17	2	2
1	169630611	169742798	12	10	2	2
1	169742799	169760226	15	13	2	1
1	169760227	169767058	16	15	1	1
1	169767059	169900611	14	12	2	2
1	169900612	169900649	14	13	1	1
1	169900650	169902672	16	14	2	1
1	169902673	169902911	9	7	2	1
1	169902912	169908727	12	10	2	1
1	169908728	169908837	12	10	2	1
1	169908838	169925095	11	10	1	1
1	169925096	169925175	11	10	1	1
1	169925176	169927606	9	8	1	1
1	169927607	169927835	7	5	2	2
1	169927836	169928596	7	5	2	2
1	169928597	170173830	8	6	2	2
1	170173831	170291904	14	13	1	1
1	170291905	170293805	14	13	1	1
1	170293806	170293928	24	21	3	1
1	170293929	170295494	24	21	3	1
1	170295495	170296491	13	12	1	1
1	170296492	170297263	14	12	2	1
1	170297264	170297317	11	10	1	1
1	170297318	170306834	17	16	1	1
1	170306835	170307159	17	16	1	1
1	170307160	170307271	24	21	3	1
1	170307272	170358644	22	21	1	1
1	170358645	170360847	15	13	2	1
1	170360848	170361445	15	13	2	1
1	170361446	170415559	16	15	1	1
1	170415560	170419575	14	12	2	1
1	170419576	170468663	16	15	1	1
1	170468664	170469357	16	15	1	1
1	170469358	170471896	10	9	1	1
1	170471897	170472731	8	6	2	2
1	170472732	170472898	8	6	2	2
1	170472899	170592360	8	6	2	2
1	170592361	170595883	14	12	2	1
1	170595884	170597081	8	6	2	1
1	170597082	170597765	14	12	2	2
1	170597766	170601709	8	6	2	1
1	170601710	170617635	14	13	1	2
1	170617636	170641034	4	2	2	2
1	170641035	170641442	8	6	2	1
1	170641443	170642576	6	4	2	1
1	170642577	170661909	14	12	2	1
1	170661910	170760870	8	6	2	2
1	170760871	170810783	14	13	1	1
1	170810784	170933877	23	21	2	1
1	170933878	170981926	25	23	2	1
1	170981927	170993823	27	26	1	1
1	170993824	170994281	27	26	1	1
1	170994282	170995583	29	27	2	1
1	170995584	170997626	29	27	2	1
1	170997627	170997660	29	27	2	1
1	170997661	170998117	29	27	2	1
1	170998118	171000825	29	27	2	1
1	171000826	171096087	27	25	2	2
1	171096088	171123790	24	22	2	2
1	171123791	171141476	15	14	1	1
1	171141477	171142235	16	15	1	1
1	171142236	171143507	16	15	1	1
1	171143508	171168846	16	14	2	2
1	171168847	171178483	18	17	1	2
1	171178484	171706141	16	15	1	1
1	171706142	171746432	17	16	1	1
1	171746433	171749388	17	16	1	1
1	171749389	171759275	23	20	3	1
1	171759276	171763192	23	20	3	1
1	171763193	171763800	23	20	3	1
1	171763801	171764109	23	20	3	1
1	171764110	171764661	23	20	3	1
1	171764662	171765072	23	20	3	1
1	171765073	171772008	23	20	3	1
1	171772009	171772260	23	20	3	1
1	171772261	171773597	23	20	3	1
1	171773598	171773839	23	20	3	1
1	171773840	171805654	23	20	3	1
1	171805655	171853811	19	18	1	1
1	171853812	171895992	24	22	2	2
1	171895993	171946867	4	2	2	2
1	171946868	171957618	21	20	1	1
1	171957619	171962387	21	20	1	1
1	171962388	172002017	49	44	5	1
1	172002018	172016034	49	44	5	1
1	172016035	172128135	17	16	1	1
1	172128136	172136384	17	16	1	1
1	172136385	172254110	18	17	1	1
1	172254111	172295058	31	30	1	1
1	172295059	172296106	31	30	1	1
1	172296107	172296658	49	44	5	1
1	172296659	172307079	49	44	5	1
1	172307080	172307322	49	44	5	1
1	172307323	172309833	49	44	5	1
1	172309834	172309907	2	2	0	1
1	172309908	172323548	2	2	0	1
1	172323549	172328988	2	2	0	1
1	172328989	172329546	2	2	0	1
1	172329547	172342166	2	2	0	1
1	172342167	172386601	2	2	0	1
1	172386602	172403218	2	2	0	1
1	172403219	172408348	2	2	0	2
1	172408349	189834002	2	2	0	3
1	189834003	189836694	2	2	0	3
1	189836695	247249600	2	2	0	3
1	247249601	249250620	2	2	0	2
2	22500	778239	2	2	0	2
2	778240	779695	2	2	0	2
2	779696	1619611	2	2	0	2
2	1619612	1644928	2	2	0	3
2	1644929	1647426	2	2	0	2
2	1647427	2351549	2	2	0	3
2	2351550	2359532	2	2	0	2
2	2359533	3914069	2	2	0	2
2	3914070	4224030	2	2	0	2
2	4224031	4603762	3	2	1	3
2	4603763	4649110	4	2	2	2
2	4649111	4652193	3	2	1	2
2	4652194	5449972	4	2	2	2
2	5449973	6131644	3	2	1	2
2	6131645	6230603	2	2	0	2
2	6230604	6246089	2	2	0	2
2	6246090	6246277	2	2	0	2
2	6246278	6507746	2	2	0	2
2	6507747	6515517	3	2	1	2
2	6515518	6770525	3	2	1	2
2	6770526	6806334	2	2	0	2
2	6806335	34695989	2	2	0	2
2	34695990	68268682	2	2	0	2
2	68268683	68300510	1	1	0	2
2	68300511	70485952	2	2	0	2
2	70485953	70511691	3	3	0	2
2	70511692	78970421	2	2	0	3
2	78970422	90499999	3	2	1	3
2	90500000	96799999	3	2	1	3
2	96800000	99198320	3	2	1	3
2	99198321	99252511	2	1	1	2
2	99252512	99809999	3	2	1	3
2	99810000	99996362	2	1	1	3
2	99996363	100464590	3	2	1	2
2	100464591	102274614	2	1	1	3
2	102274615	110681000	3	2	1	2
2	110681001	110982193	2	1	1	2
2	110982194	136489122	2	1	1	3
2	136489123	139197900	3	2	1	3
2	139197901	139204218	4	3	1	1
2	139204219	139213886	3	2	1	3
2	139213887	189809092	2	1	1	3
2	189809093	189850361	2	1	1	2
2	189850362	195331019	2	1	1	2
2	195331020	195337095	2	1	1	2
2	195337096	234449160	2	1	1	2
2	234449161	234464225	3	2	1	1
2	234464226	242974029	2	1	1	2
3	17500	80975	4	4	0	1
3	80976	88080	4	2	2	2
3	88081	1360999	4	2	2	2
3	1361000	1384140	5	3	2	2
3	1384141	3279481	4	2	2	3
3	3279482	4918988	5	3	2	3
3	4918989	5003449	7	5	2	2
3	5003450	5230810	6	4	2	3
3	5230811	5233741	4	2	2	2
3	5233742	5250311	5	3	2	2
3	5250312	5287041	4	2	2	2
3	5287042	5306759	5	3	2	2
3	5306760	5848215	4	2	2	2
3	5848216	5888975	4	2	2	2
3	5888976	5889573	5	3	2	2
3	5889574	5927476	5	3	2	2
3	5927477	5968068	4	2	2	2
3	5968069	6109054	4	2	2	2
3	6109055	6447479	5	3	2	3
3	6447480	6464013	6	4	2	1
3	6464014	8926009	5	3	2	3
3	8926010	8962123	4	2	2	2
3	8962124	8989823	5	3	2	2
3	8989824	9077891	4	2	2	2
3	9077892	9133256	5	3	2	2
3	9133257	9986035	4	2	2	3
3	9986036	9990419	4	2	2	2
3	9990420	10025512	4	2	2	3
3	10025513	10033746	4	2	2	2
3	10033747	10084250	4	2	2	3
3	10084251	10124865	5	3	2	2
3	10124866	10155844	7	5	2	2
3	10155845	10378892	7	5	2	2
3	10378893	10390358	12	10	2	1
3	10390359	10427725	12	10	2	1
3	10427726	10477303	14	12	2	2
3	10477304	10478150	14	12	2	2
3	10478151	10483023	13	11	2	1
3	10483024	10491649	13	11	2	1
3	10491650	11089816	12	11	1	1
3	11089817	11118457	12	10	2	2
3	11118458	11129923	12	11	1	1
3	11129924	11171895	15	12	3	2
3	11171896	11171945	15	12	3	2
3	11171946	11247609	13	12	1	1
3	11247610	11247651	13	12	1	1
3	11247652	11257079	13	12	1	1
3	11257080	11276407	12	10	2	1
3	11276408	11296857	12	10	2	1
3	11296858	11386165	12	11	1	1
3	11386166	11541186	13	12	1	1
3	11541187	11547525	10	8	2	1
3	11547526	11560230	12	11	1	1
3	11560231	11857741	11	9	2	1
3	11857742	12021495	14	13	1	1
3	12021496	12033972	15	13	2	1
3	12033973	12061858	14	12	2	1
3	12061859	12063351	14	12	2	1
3	12063352	12088590	15	14	1	1
3	12088591	12185831	14	13	1	1
3	12185832	12190223	15	14	1	1
3	12190224	12203313	14	12	2	1
3	12203314	12209774	14	12	2	1
3	12209775	12212978	17	15	2	1
3	12212979	12229361	15	14	1	1
3	12229362	12558080	16	14	2	1
3	12558081	12768141	15	13	2	2
3	12768142	12796987	4	2	2	2
3	12796988	12804909	15	13	2	2
3	12804910	12807133	12	10	2	1
3	12807134	12813564	14	13	1	1
3	12813565	13067247	13	12	1	1
3	13067248	13830426	12	11	1	1
3	13830427	13830845	12	11	1	1
3	13830846	13830891	15	13	2	1
3	13830892	13842090	14	13	1	1
3	13842091	14281889	13	12	1	1
3	14281890	14622606	4	2	2	2
3	14622607	14630797	9	8	1	1
3	14630798	14632277	9	8	1	1
3	14632278	14694980	12	10	2	2
3	14694981	14999457	10	8	2	2
3	14999458	15014651	10	8	2	1
3	15014652	15049509	11	9	2	1
3	15049510	15066650	13	12	1	1
3	15066651	15221777	13	12	1	1
3	15221778	15303560	13	12	1	1
3	15303561	15696397	13	11	2	2
3	15696398	15796341	7	5	2	2
3	15796342	15804466	7	5	2	2
3	15804467	16714092	7	5	2	2
3	16714093	16716364	7	5	2	2
3	16716365	16765435	7	5	2	2
3	16765436	16872918	8	6	2	2
3	16872919	16925678	7	5	2	2
3	16925679	17223744	9	7	2	2
3	17223745	17470442	7	5	2	2
3	17470443	18979936	9	7	2	1
3	18979937	19872056	6	4	2	3
3	19872057	19875823	6	4	2	2
3	19875824	22640498	6	4	2	3
3	22640499	22654856	4	2	2	2
3	22654857	22701526	5	3	2	2
3	22701527	23333348	4	2	2	3
3	23333349	23471310	5	3	2	2
3	23471311	23478802	5	3	2	1
3	23478803	23483886	5	3	2	1
3	23483887	23503330	4	2	2	1
3	23503331	23904882	6	4	2	3
3	23904883	25059387	9	7	2	1
3	25059388	25749979	6	4	2	3
3	25749980	25751890	6	4	2	3
3	25751891	28267099	6	4	2	3
3	28267100	28617911	6	4	2	2
3	28617912	28619735	6	4	2	1
3	28619736	28620006	6	4	2	1
3	28620007	28620531	6	4	2	1
3	28620532	28807979	6	4	2	1
3	28807980	28808922	6	4	2	1
3	28808923	28810475	6	4	2	1
3	28810476	28846088	6	4	2	1
3	28846089	28848749	6	4	2	1
3	28848750	28848790	6	4	2	1
3	28848791	28852725	6	4	2	1
3	28852726	29261715	6	4	2	1
3	29261716	29340492	9	9	0	1
3	29340493	29341776	9	9	0	1
3	29341777	30182698	6	4	2	1
3	30182699	30187460	6	4	2	1
3	30187461	30663775	6	4	2	1
3	30663776	31217355	6	4	2	1
3	31217356	31239082	6	4	2	1
3	31239083	31241148	6	4	2	1
3	31241149	31248599	6	4	2	1
3	31248600	31249573	6	4	2	1
3	31249574	31381935	6	4	2	1
3	31381936	31386191	6	4	2	1
3	31386192	31720450	6	4	2	1
3	31720451	31728263	6	4	2	2
3	31728264	31728450	6	4	2	2
3	31728451	32021403	6	4	2	3
3	32021404	32036177	6	4	2	2
3	32036178	32359991	6	4	2	3
3	32359992	32893054	7	5	2	2
3	32893055	33018419	4	2	2	2
3	33018420	33031172	5	3	2	2
3	33031173	34158720	4	2	2	3
3	34158721	34173969	4	2	2	2
3	34173970	34307907	4	2	2	3
3	34307908	35796041	3	2	1	3
3	35796042	35802917	4	2	2	2
3	35802918	35806461	4	2	2	2
3	35806462	36061176	4	2	2	3
3	36061177	36062975	4	2	2	2
3	36062976	36067156	4	2	2	3
3	36067157	36081382	4	2	2	2
3	36081383	37829332	4	2	2	3
3	37829333	39142821	5	3	2	3
3	39142822	39147194	5	3	2	3
3	39147195	40872994	5	3	2	3
3	40872995	41823534	3	2	1	3
3	41823535	41863255	6	4	2	2
3	41863256	41865098	5	3	2	2
3	41865099	42192253	3	2	1	3
3	42192254	42591721	4	2	2	3
3	42591722	42592172	4	2	2	2
3	42592173	42603071	4	2	2	2
3	42603072	42605951	3	2	1	2
3	42605952	42608038	3	2	1	2
3	42608039	42648739	3	2	1	2
3	42648740	43286240	4	2	2	3
3	43286241	43295882	4	2	2	2
3	43295883	43297145	5	3	2	1
3	43297146	43339866	5	3	2	1
3	43339867	43479183	4	2	2	2
3	43479184	43502705	4	2	2	2
3	43502706	43956639	4	2	2	3
3	43956640	45069081	3	2	1	3
3	45069082	45090623	4	3	1	2
3	45090624	45879895	3	2	1	3
3	45879896	87899999	2	2	0	3
3	87900000	93899999	NA	NA	NA	NA
3	93900000	94135705	4	2	2	2
3	94135706	94183334	3	2	1	3
3	94183335	94931420	4	2	2	3
3	94931421	96859964	3	2	1	3
3	96859965	98994168	4	2	2	3
3	98994169	101804670	5	3	2	3
3	101804671	101809865	5	3	2	3
3	101809866	103107465	5	3	2	3
3	103107466	103412714	4	2	2	3
3	103412715	103511326	5	3	2	2
3	103511327	105453995	4	2	2	3
3	105453996	111793259	3	2	1	3
3	111793260	113897772	4	2	2	3
3	113897773	115665707	3	2	1	3
3	115665708	115668186	3	2	1	3
3	115668187	117850055	3	2	1	3
3	117850056	119264153	4	2	2	3
3	119264154	138419966	3	2	1	3
3	138419967	145305022	2	1	1	3
3	145305023	146136678	3	2	1	3
3	146136679	149695186	2	1	1	3
3	149695187	150093758	3	2	1	3
3	150093759	150113368	3	2	1	3
3	150113369	160822755	2	1	1	3
3	160822756	160834283	3	2	1	1
3	160834284	161379021	2	1	1	3
3	161379022	161380294	2	1	1	2
3	161380295	161385365	4	3	1	2
3	161385366	161757380	2	1	1	3
3	161757381	161765671	2	1	1	1
3	161765672	161765742	2	1	1	2
3	161765743	161774263	3	2	1	2
3	161774264	168954365	2	1	1	3
3	168954366	168975366	3	2	1	1
3	168975367	170047653	2	1	1	3
3	170047654	170055296	2	1	1	3
3	170055297	170237633	2	1	1	3
3	170237634	170281782	5	4	1	2
3	170281783	170283229	5	4	1	2
3	170283230	170291166	2	1	1	2
3	170291167	171819260	2	1	1	3
3	171819261	173560401	2	1	1	3
3	173560402	173566426	2	1	1	3
3	173566427	173570609	2	1	1	3
3	173570610	173571803	2	1	1	2
3	173571804	176798321	2	1	1	3
3	176798322	176818018	2	1	1	2
3	176818019	180742707	2	1	1	3
3	180742708	181136365	2	1	1	3
3	181136366	181146739	4	3	1	1
3	181146740	182215106	2	1	1	3
3	182215107	182819850	3	2	1	3
3	182819851	182829812	3	2	1	3
3	182829813	183103049	3	2	1	3
3	183103050	183107401	3	2	1	3
3	183107402	184871969	3	2	1	3
3	184871970	184923745	4	3	1	3
3	184923746	186242244	3	2	1	3
3	186242245	186300997	4	3	1	2
3	186300998	186704445	3	2	1	3
3	186704446	186739781	4	3	1	3
3	186739782	187539272	3	2	1	3
3	187539273	187546130	3	2	1	3
3	187546131	187561216	3	2	1	3
3	187561217	187563515	4	2	2	1
3	187563516	187937444	3	2	1	3
3	187937445	187973249	4	3	1	3
3	187973250	188916728	3	2	1	3
3	188916729	188919475	3	2	1	2
3	188919476	190099725	3	2	1	3
3	190099726	190124091	4	3	1	3
3	190124092	190128197	4	3	1	2
3	190128198	190148084	4	3	1	2
3	190148085	191966334	3	2	1	3
3	191966335	192275116	4	3	1	2
3	192275117	192306496	5	4	1	3
3	192306497	192650435	4	3	1	3
3	192650436	195240918	3	2	1	3
3	195240919	195249033	4	3	1	1
3	195249034	195269135	3	2	1	2
3	195269136	195315782	4	3	1	2
3	195315783	196193240	3	2	1	3
3	196193241	196226872	4	3	1	2
3	196226873	196336929	3	2	1	3
3	196336930	196352821	9	9	0	1
3	196352822	196352866	9	9	0	1
3	196352867	196353309	8	7	1	1
3	196353310	196554025	3	2	1	3
3	196554026	196591939	3	2	1	2
3	196591940	196670438	4	3	1	2
3	196670439	197847500	3	2	1	3
4	27500	1192499	2	1	1	3
4	1192500	40479951	3	2	1	3
4	40479952	40535020	4	2	2	3
4	40535021	40720037	4	2	2	2
4	40720038	48199999	4	2	2	3
4	48200000	52699999	NA	NA	NA	NA
4	52700000	90332812	3	2	1	3
4	90332813	90364225	2	2	0	2
4	90364226	117232413	3	2	1	3
4	117232414	117395004	4	3	1	3
4	117395005	117399923	3	2	1	1
4	117399924	119011371	4	3	1	3
4	119011372	121551105	3	2	1	3
4	121551106	122889614	4	2	2	3
4	122889615	130329999	3	2	1	3
4	130330000	131063351	4	2	2	3
4	131063352	131517998	3	2	1	3
4	131517999	131518139	3	2	1	2
4	131518140	131518301	3	2	1	2
4	131518302	131518367	3	2	1	2
4	131518368	131518412	3	2	1	2
4	131518413	134544547	3	2	1	3
4	134544548	134873073	4	2	2	3
4	134873074	138696397	3	2	1	3
4	138696398	139134900	3	2	1	3
4	139134901	139827785	4	2	2	2
4	139827786	139831709	3	2	1	2
4	139831710	139832531	3	2	1	2
4	139832532	139832978	3	2	1	2
4	139832979	139836829	3	2	1	2
4	139836830	141682446	3	2	1	3
4	141682447	141814475	3	2	1	2
4	141814476	144302198	3	2	1	3
4	144302199	144960994	4	2	2	2
4	144960995	146101677	3	2	1	3
4	146101678	146528699	4	2	2	3
4	146528700	146532972	4	2	2	2
4	146532973	148011314	4	2	2	2
4	148011315	148011369	4	2	2	2
4	148011370	148022410	4	3	1	1
4	148022411	148089733	3	2	1	1
4	148089734	148273574	4	2	2	3
4	148273575	148300573	4	2	2	2
4	148300574	148491195	4	2	2	2
4	148491196	148801538	3	2	1	2
4	148801539	148925045	4	2	2	2
4	148925046	148925306	4	2	2	2
4	148925307	152147953	3	2	1	3
4	152147954	152982802	4	2	2	2
4	152982803	156916384	3	2	1	3
4	156916385	156916592	3	2	1	2
4	156916593	172192993	3	2	1	3
4	172192994	174223636	4	2	2	2
4	174223637	174223675	4	2	2	2
4	174223676	176537147	4	2	2	3
4	176537148	176545864	4	2	2	3
4	176545865	176889942	4	2	2	3
4	176889943	177204280	3	2	1	3
4	177204281	182406160	4	2	2	3
4	182406161	182410692	4	2	2	2
4	182410693	182834685	4	2	2	2
4	182834686	183850498	3	2	1	3
4	183850499	184492951	4	2	2	2
4	184492952	184499898	4	2	2	2
4	184499899	184672345	4	2	2	2
4	184672346	184674837	3	2	1	2
4	184674838	185803441	4	2	2	2
4	185803442	185803465	4	2	2	2
4	185803466	189543491	4	2	2	2
4	189543492	190987500	3	2	1	2
5	22500	308354	5	3	2	1
5	308355	312797	5	3	2	2
5	312798	320208	4	2	2	2
5	320209	320453	4	2	2	2
5	320454	321633	4	2	2	2
5	321634	530933	4	2	2	2
5	530934	531580	4	2	2	2
5	531581	603913	9	7	2	2
5	603914	698916	10	8	2	1
5	698917	703396	10	8	2	1
5	703397	779016	14	11	3	1
5	779017	780480	14	11	3	1
5	780481	793041	14	11	3	1
5	793042	817051	14	11	3	1
5	817052	830929	14	11	3	1
5	830930	921150	12	11	1	1
5	921151	1002365	11	9	2	1
5	1002366	1005315	11	9	2	1
5	1005316	1049268	12	8	4	1
5	1049269	1362285	11	9	2	2
5	1362286	1376418	13	12	1	1
5	1376419	1393684	11	10	1	1
5	1393685	1465935	12	11	1	1
5	1465936	1487100	13	12	1	1
5	1487101	1496721	12	11	1	1
5	1496722	1499304	13	12	1	1
5	1499305	1499333	13	12	1	1
5	1499334	1511987	13	12	1	1
5	1511988	1515724	13	12	1	1
5	1515725	1523001	10	9	1	1
5	1523002	1534147	10	9	1	1
5	1534148	1534160	13	11	2	1
5	1534161	1903336	11	9	2	1
5	1903337	1943298	11	9	2	2
5	1943299	2006086	4	2	2	2
5	2006087	2216865	11	10	1	1
5	2216866	2216988	10	8	2	1
5	2216989	2220258	10	8	2	1
5	2220259	2285186	5	3	2	2
5	2285187	2295334	11	10	1	1
5	2295335	2296353	11	10	1	1
5	2296354	2309465	12	11	1	1
5	2309466	2315116	12	11	1	1
5	2315117	2354988	11	10	1	1
5	2354989	2408133	10	8	2	2
5	2408134	2427481	10	8	2	2
5	2427482	2439148	9	7	2	1
5	2439149	2722036	11	9	2	2
5	2722037	2773526	11	9	2	2
5	2773527	2796912	4	2	2	2
5	2796913	2822789	12	10	2	2
5	2822790	2822920	12	10	2	2
5	2822921	2876210	12	10	2	2
5	2876211	2880149	5	3	2	2
5	2880150	2938548	5	3	2	2
5	2938549	3196706	5	3	2	2
5	3196707	3207723	11	9	2	2
5	3207724	3210027	11	9	2	1
5	3210028	3213184	13	10	3	1
5	3213185	3230382	12	9	3	1
5	3230383	3285643	12	9	3	2
5	3285644	3291171	12	9	3	2
5	3291172	3333963	5	3	2	2
5	3333964	3675984	10	8	2	2
5	3675985	4399323	4	2	2	2
5	4399324	4409540	12	9	3	2
5	4409541	4423504	5	3	2	2
5	4423505	4423539	5	3	2	2
5	4423540	4426867	5	3	2	2
5	4426868	4427291	5	3	2	1
5	4427292	4445104	5	3	2	1
5	4445105	4448904	5	3	2	1
5	4448905	4474671	5	3	2	1
5	4474672	4474803	5	3	2	1
5	4474804	4604678	4	2	2	1
5	4604679	4628288	4	2	2	1
5	4628289	4713307	4	2	2	2
5	4713308	4715758	4	2	2	2
5	4715759	4717609	4	2	2	2
5	4717610	4717634	4	2	2	2
5	4717635	4722935	5	3	2	1
5	4722936	5108913	4	2	2	3
5	5108914	5192611	6	4	2	2
5	5192612	5208830	4	2	2	2
5	5208831	5216215	4	2	2	2
5	5216216	6185344	4	2	2	3
5	6185345	6187817	5	3	2	1
5	6187818	6693157	4	2	2	3
5	6693158	6706878	4	2	2	2
5	6706879	6741872	4	2	2	2
5	6741873	6791400	5	3	2	2
5	6791401	6983933	7	5	2	2
5	6983934	6983971	7	5	2	2
5	6983972	7061974	8	6	2	2
5	7061975	7396727	6	4	2	2
5	7396728	7455730	8	6	2	2
5	7455731	7455778	8	6	2	2
5	7455779	7690358	8	6	2	2
5	7690359	8097231	8	6	2	2
5	8097232	8254691	6	4	2	2
5	8254692	8257449	6	4	2	2
5	8257450	9679006	6	4	2	3
5	9679007	9746222	8	6	2	2
5	9746223	9746267	8	6	2	2
5	9746268	10074847	8	6	2	2
5	10074848	10075956	6	4	2	1
5	10075957	10097897	8	6	2	1
5	10097898	10139973	5	3	2	2
5	10139974	10188960	5	3	2	2
5	10188961	10291057	5	3	2	2
5	10291058	10356367	6	4	2	2
5	10356368	10371482	7	5	2	1
5	10371483	10395760	6	4	2	2
5	10395761	10405043	8	6	2	2
5	10405044	11944642	6	4	2	3
5	11944643	12481571	8	6	2	2
5	12481572	12503418	6	5	1	1
5	12503419	12532047	6	5	1	1
5	12532048	13147328	6	4	2	2
5	13147329	13147934	5	3	2	2
5	13147935	13214078	8	6	2	2
5	13214079	13223899	6	4	2	2
5	13223900	14507959	8	6	2	2
5	14507960	14508162	8	6	2	2
5	14508163	15294366	8	6	2	2
5	15294367	15308906	7	5	2	2
5	15308907	15606813	8	6	2	2
5	15606814	15642555	6	6	0	2
5	15642556	16886612	8	6	2	2
5	16886613	18432916	6	4	2	2
5	18432917	18457563	7	4	3	2
5	18457564	20281737	6	4	2	2
5	20281738	21508678	7	5	2	2
5	21508679	21509164	7	5	2	2
5	21509165	21544144	8	6	2	2
5	21544145	21547285	7	5	2	2
5	21547286	21570963	7	5	2	2
5	21570964	21576766	8	6	2	2
5	21576767	21709979	7	5	2	2
5	21709980	22180851	9	7	2	2
5	22180852	22182873	9	7	2	1
5	22182874	22192348	8	7	1	1
5	22192349	22290739	5	3	2	2
5	22290740	22306805	9	7	2	1
5	22306806	22321899	10	8	2	2
5	22321900	22330926	8	7	1	1
5	22330927	22331062	8	7	1	1
5	22331063	22333920	9	7	2	1
5	22333921	22339814	8	6	2	1
5	22339815	22340896	8	6	2	1
5	22340897	22340920	8	6	2	1
5	22340921	22342652	9	8	1	1
5	22342653	22342843	9	8	1	1
5	22342844	22346801	11	9	2	1
5	22346802	22347074	11	9	2	1
5	22347075	22366944	10	8	2	1
5	22366945	22388008	10	8	2	1
5	22388009	22388049	10	8	2	1
5	22388050	22391094	1	1	0	1
5	22391095	22391489	9	7	2	1
5	22391490	22528959	10	8	2	2
5	22528960	22529000	11	8	3	2
5	22529001	22539422	11	8	3	1
5	22539423	22565556	9	7	2	1
5	22565557	22570491	9	7	2	1
5	22570492	22575278	9	7	2	1
5	22575279	22577850	9	7	2	1
5	22577851	22578077	9	7	2	1
5	22578078	22616172	10	8	2	1
5	22616173	22683508	9	7	2	1
5	22683509	23215439	5	3	2	2
5	23215440	24014398	5	3	2	2
5	24014399	24410915	5	3	2	2
5	24410916	24569985	7	5	2	2
5	24569986	24920694	5	3	2	2
5	24920695	24966642	4	2	2	2
5	24966643	24973714	5	3	2	1
5	24973715	24990298	4	3	1	1
5	24990299	25039457	5	3	2	2
5	25039458	25057688	4	2	2	2
5	25057689	25090874	5	3	2	2
5	25090875	25309701	4	2	2	2
5	25309702	25324761	6	4	2	2
5	25324762	25330957	5	3	2	1
5	25330958	25332713	6	4	2	2
5	25332714	25398676	6	4	2	2
5	25398677	25402425	4	2	2	2
5	25402426	25406552	5	3	2	2
5	25406553	25568308	4	2	2	2
5	25568309	25573565	5	3	2	2
5	25573566	25581564	4	2	2	2
5	25581565	25585202	6	4	2	2
5	25585203	25696611	4	2	2	2
5	25696612	25697010	4	2	2	2
5	25697011	25739450	4	2	2	3
5	25739451	25751667	4	2	2	2
5	25751668	25753572	4	2	2	2
5	25753573	25768187	4	2	2	2
5	25768188	25779304	4	2	2	1
5	25779305	25781623	4	2	2	1
5	25781624	25792639	4	2	2	2
5	25792640	25825391	4	2	2	2
5	25825392	25833766	4	2	2	2
5	25833767	25905040	4	2	2	2
5	25905041	25959574	5	3	2	2
5	25959575	25968554	4	2	2	2
5	25968555	25973307	11	9	2	1
5	25973308	25982077	12	11	1	1
5	25982078	25983386	11	9	2	2
5	25983387	26012330	12	10	2	2
5	26012331	26034521	11	9	2	2
5	26034522	26515816	4	2	2	2
5	26515817	26516099	4	2	2	2
5	26516100	26587650	3	2	1	2
5	26587651	26889313	2	2	0	2
5	26889314	26901464	3	2	1	2
5	26901465	26905107	2	2	0	1
5	26905108	26928008	3	2	1	2
5	26928009	27660342	2	2	0	3
5	27660343	27907346	3	2	1	2
5	27907347	27954231	4	3	1	3
5	27954232	27976488	3	2	1	1
5	27976489	28260967	4	3	1	2
5	28260968	30180904	3	2	1	2
5	30180905	30528216	2	2	0	2
5	30528217	30919675	4	4	0	2
5	30919676	30945160	5	4	1	2
5	30945161	30969471	7	6	1	2
5	30969472	32280058	5	4	1	3
5	32280059	33286113	6	5	1	2
5	33286114	33293095	7	6	1	2
5	33293096	33297187	4	3	1	1
5	33297188	33299495	7	7	0	1
5	33299496	33300122	7	7	0	1
5	33300123	33306359	9	8	1	1
5	33306360	35683709	6	5	1	2
5	35683710	35686969	5	4	1	2
5	35686970	35687021	5	4	1	2
5	35687022	35699213	5	4	1	2
5	35699214	35709433	6	5	1	2
5	35709434	36228546	6	5	1	2
5	36228547	36418718	3	2	1	2
5	36418719	36516742	3	2	1	2
5	36516743	36522341	3	2	1	2
5	36522342	36746066	3	2	1	2
5	36746067	37835763	6	5	1	2
5	37835764	37835786	6	5	1	2
5	37835787	38484841	3	2	1	3
5	38484842	38804513	4	2	2	2
5	38804514	39056507	3	2	1	3
5	39056508	39075200	2	2	0	1
5	39075201	39145959	3	2	1	2
5	39145960	41329963	2	2	0	3
5	41329964	41352262	3	3	0	3
5	41352263	41733232	2	2	0	3
5	41733233	41756000	3	3	0	1
5	41756001	41841707	2	2	0	3
5	41841708	43915044	3	2	1	2
5	43915045	46099999	4	2	2	2
5	46100000	50699999	NA	NA	NA	NA
5	50700000	166179538	3	2	1	3
5	166179539	166192781	3	2	1	2
5	166192782	180663035	3	2	1	3
6	39681	206091	3	2	1	1
6	206092	8032128	3	2	1	3
6	8032129	8090404	3	2	1	2
6	8090405	19937111	3	2	1	3
6	19937112	20467961	4	2	2	3
6	20467962	20500409	3	2	1	2
6	20500410	20538341	4	2	2	2
6	20538342	21098602	3	2	1	2
6	21098603	21107299	3	2	1	2
6	21107300	21110189	3	2	1	2
6	21110190	37989219	3	2	1	2
6	37989220	38400026	4	2	2	3
6	38400027	38908573	3	2	1	3
6	38908574	47333016	4	2	2	3
6	47333017	48302344	6	4	2	2
6	48302345	58699999	4	2	2	3
6	58700000	63299999	4	2	2	3
6	63300000	68180019	4	2	2	3
6	68180020	89363039	3	2	1	3
6	89363040	89499351	2	1	1	3
6	89499352	170919682	3	2	1	3
7	40386	57999999	4	2	2	3
7	58000000	61699999	4	2	2	3
7	61700000	69206612	4	2	2	3
7	69206613	69343105	3	2	1	2
7	69343106	81715748	4	2	2	3
7	81715749	82048885	3	2	1	3
7	82048886	112574001	4	2	2	3
7	112574002	113482278	6	4	2	3
7	113482279	113484942	6	4	2	2
7	113484943	113663449	4	2	2	3
7	113663450	113663592	4	2	2	3
7	113663593	113721517	4	2	2	3
7	113721518	113723660	6	4	2	1
7	113723661	113773659	6	4	2	2
7	113773660	113792680	4	3	1	1
7	113792681	113834665	10	8	2	1
7	113834666	113835284	10	8	2	1
7	113835285	113835435	10	7	3	1
7	113835436	113835634	10	7	3	1
7	113835635	113837276	10	7	3	1
7	113837277	113838323	10	7	3	1
7	113838324	113839670	6	4	2	1
7	113839671	113839728	6	4	2	1
7	113839729	113840809	6	4	2	1
7	113840810	113989412	6	4	2	3
7	113989413	114007656	4	3	1	1
7	114007657	114009795	4	2	2	2
7	114009796	116116621	4	2	2	3
7	116116622	116981739	6	4	2	3
7	116981740	117004828	6	4	2	2
7	117004829	117004998	6	4	2	2
7	117004999	117006853	6	4	2	2
7	117006854	118163788	6	4	2	3
7	118163789	118169596	8	6	2	1
7	118169597	118316197	6	4	2	3
7	118316198	121302537	4	2	2	3
7	121302538	121783797	6	4	2	3
7	121783798	121789604	6	4	2	3
7	121789605	122218060	6	4	2	3
7	122218061	122262655	4	2	2	2
7	122262656	122295482	6	4	2	2
7	122295483	122300473	6	4	2	2
7	122300474	122344135	6	4	2	2
7	122344136	122345233	5	3	2	2
7	122345234	122444181	12	10	2	1
7	122444182	122447438	12	10	2	1
7	122447439	122447914	13	11	2	1
7	122447915	122471214	21	20	1	1
7	122471215	122471805	21	20	1	1
7	122471806	122479753	13	11	2	1
7	122479754	122484282	13	11	2	1
7	122484283	122485254	13	11	2	1
7	122485255	122489062	13	11	2	1
7	122489063	122496370	13	11	2	1
7	122496371	122499103	13	11	2	1
7	122499104	122506757	17	16	1	1
7	122506758	122524250	17	16	1	1
7	122524251	122638256	12	11	1	1
7	122638257	122641422	5	3	2	1
7	122641423	122738731	6	4	2	3
7	122738732	124584929	4	2	2	3
7	124584930	124625755	4	2	2	2
7	124625756	125224519	4	2	2	3
7	125224520	125489297	6	4	2	3
7	125489298	125490915	16	15	1	1
7	125490916	125821801	6	4	2	3
7	125821802	125838427	5	3	2	2
7	125838428	125906203	4	2	2	2
7	125906204	125954813	19	18	1	1
7	125954814	125958347	23	22	1	1
7	125958348	125990112	23	22	1	1
7	125990113	126004878	24	24	0	1
7	126004879	126016678	37	36	1	1
7	126016679	126048760	35	33	2	2
7	126048761	126059788	33	31	2	2
7	126059789	126087389	29	29	0	1
7	126087390	126087576	29	29	0	1
7	126087577	126098114	20	19	1	1
7	126098115	126225567	5	3	2	2
7	126225568	126225634	18	17	1	1
7	126225635	126225865	18	17	1	1
7	126225866	126240102	19	17	2	1
7	126240103	126268691	19	17	2	1
7	126268692	126269261	18	17	1	1
7	126269262	126287323	26	24	2	2
7	126287324	126317513	18	16	2	2
7	126317514	126372379	28	26	2	1
7	126372380	126372416	29	27	2	1
7	126372417	126380451	30	30	0	1
7	126380452	126400194	24	24	0	1
7	126400195	126416485	26	26	0	1
7	126416486	126423003	28	27	1	1
7	126423004	126433918	27	26	1	1
7	126433919	126437453	27	26	1	1
7	126437454	126444590	26	25	1	1
7	126444591	126444623	23	23	0	1
7	126444624	126449369	23	23	0	1
7	126449370	126457701	17	16	1	1
7	126457702	126474542	15	14	1	1
7	126474543	126481358	17	16	1	1
7	126481359	126481384	17	16	1	1
7	126481385	126484927	16	15	1	1
7	126484928	126494245	14	13	1	1
7	126494246	126502724	17	16	1	1
7	126502725	126512081	22	22	0	1
7	126512082	126569699	16	15	1	1
7	126569700	126576466	13	12	1	1
7	126576467	126662547	21	20	1	1
7	126662548	126682522	30	29	1	1
7	126682523	126691312	24	23	1	1
7	126691313	126705842	22	21	1	1
7	126705843	126716721	22	21	1	1
7	126716722	126741761	24	24	0	1
7	126741762	126773453	23	22	1	1
7	126773454	126780926	25	24	1	1
7	126780927	126863030	23	22	1	1
7	126863031	126901861	20	18	2	2
7	126901862	126905124	26	25	1	1
7	126905125	126924386	20	19	1	1
7	126924387	126926221	11	9	2	1
7	126926222	127016449	18	16	2	2
7	127016450	127117862	6	4	2	2
7	127117863	127241788	5	3	2	2
7	127241789	128031318	4	2	2	3
7	128031319	128031710	4	2	2	3
7	128031711	128054199	4	2	2	2
7	128054200	128061019	12	10	2	1
7	128061020	128145532	11	10	1	1
7	128145533	128146334	11	10	1	1
7	128146335	128148910	13	11	2	1
7	128148911	128170386	18	17	1	1
7	128170387	128188182	18	17	1	1
7	128188183	128248385	21	20	1	1
7	128248386	128250738	22	21	1	1
7	128250739	128251080	22	21	1	1
7	128251081	128252136	22	21	1	1
7	128252137	128252459	22	21	1	1
7	128252460	128253970	22	21	1	1
7	128253971	128254050	22	21	1	1
7	128254051	128264774	22	21	1	1
7	128264775	128304056	22	21	1	1
7	128304057	128305142	23	22	1	1
7	128305143	128305483	23	22	1	1
7	128305484	128316641	22	21	1	1
7	128316642	128318291	22	21	1	1
7	128318292	128318339	22	21	1	1
7	128318340	128321060	23	22	1	1
7	128321061	128321154	23	22	1	1
7	128321155	128323473	25	24	1	1
7	128323474	128323491	25	24	1	1
7	128323492	128323572	26	24	2	1
7	128323573	128330494	20	19	1	1
7	128330495	128330633	20	19	1	1
7	128330634	128378956	23	22	1	1
7	128378957	128379501	21	21	0	1
7	128379502	128381041	21	21	0	1
7	128381042	128381574	21	21	0	1
7	128381575	128382079	11	9	2	1
7	128382080	128386863	11	9	2	2
7	128386864	128387268	11	9	2	1
7	128387269	128388011	11	9	2	1
7	128388012	128388025	8	6	2	1
7	128388026	128391141	8	6	2	1
7	128391142	128393464	10	9	1	1
7	128393465	128393602	9	8	1	1
7	128393603	128397500	9	8	1	1
7	128397501	128399353	7	5	2	1
7	128399354	128400643	7	5	2	1
7	128400644	128400731	13	11	2	1
7	128400732	128405454	11	10	1	1
7	128405455	128406231	13	12	1	1
7	128406232	128408340	16	15	1	1
7	128408341	128409794	14	13	1	1
7	128409795	128431999	11	10	1	1
7	128432000	128432576	9	7	2	1
7	128432577	128433927	10	8	2	1
7	128433928	128434284	5	4	1	2
7	128434285	128435720	9	8	1	1
7	128435721	128435851	9	8	1	1
7	128435852	128436927	8	6	2	1
7	128436928	128493444	8	6	2	2
7	128493445	128498097	11	10	1	1
7	128498098	128498474	11	10	1	1
7	128498475	128511562	12	11	1	1
7	128511563	128511658	7	5	2	1
7	128511659	128514228	11	10	1	1
7	128514229	128514520	11	10	1	1
7	128514521	128515660	8	6	2	1
7	128515661	128515938	7	5	2	1
7	128515939	128576245	12	10	2	2
7	128576246	128576721	11	10	1	1
7	128576722	128577422	10	9	1	1
7	128577423	128577631	7	6	1	1
7	128577632	128579313	9	8	1	1
7	128579314	128580074	7	5	2	1
7	128580075	128586476	12	10	2	1
7	128586477	128862899	8	6	2	3
7	128862900	129744696	6	4	2	3
7	129744697	129748610	6	4	2	2
7	129748611	129773416	6	4	2	2
7	129773417	129774056	6	4	2	1
7	129774057	129774136	16	13	3	1
7	129774137	129830341	14	13	1	1
7	129830342	129830426	14	13	1	1
7	129830427	129867714	15	13	2	2
7	129867715	129875107	13	11	2	2
7	129875108	129875531	13	11	2	1
7	129875532	129875853	13	11	2	1
7	129875854	129879696	13	11	2	1
7	129879697	129969864	12	10	2	2
7	129969865	130041431	4	2	2	2
7	130041432	130044184	4	2	2	2
7	130044185	130104409	15	13	2	2
7	130104410	130104783	15	13	2	2
7	130104784	130104919	15	13	2	1
7	130104920	130113494	19	18	1	1
7	130113495	130311355	19	18	1	1
7	130311356	130315462	21	19	2	2
7	130315463	130319572	20	19	1	1
7	130319573	130321980	14	12	2	1
7	130321981	130322941	24	24	0	1
7	130322942	130340510	26	25	1	1
7	130340511	130343629	8	6	2	1
7	130343630	130384606	8	6	2	2
7	130384607	130393628	6	4	2	2
7	130393629	130413607	14	13	1	1
7	130413608	130480016	14	13	1	1
7	130480017	130484351	14	13	1	1
7	130484352	130533393	14	12	2	1
7	130533394	130543251	16	15	1	1
7	130543252	130545031	16	15	1	1
7	130545032	130554942	15	13	2	1
7	130554943	130590289	13	12	1	1
7	130590290	130591565	13	12	1	1
7	130591566	130592023	13	12	1	1
7	130592024	130592807	18	16	2	1
7	130592808	130593602	18	16	2	1
7	130593603	130595516	18	16	2	1
7	130595517	130596858	18	16	2	1
7	130596859	130676322	16	14	2	2
7	130676323	130681956	16	15	1	1
7	130681957	130682110	29	27	2	1
7	130682111	130692556	25	24	1	1
7	130692557	130707424	31	30	1	1
7	130707425	130774103	25	24	1	1
7	130774104	130783889	24	24	0	1
7	130783890	130784167	24	24	0	1
7	130784168	130793016	24	24	0	1
7	130793017	130804979	26	25	1	1
7	130804980	130805356	26	25	1	1
7	130805357	130805667	26	25	1	1
7	130805668	130808259	35	35	0	1
7	130808260	130808365	35	35	0	1
7	130808366	130813588	30	29	1	1
7	130813589	130814396	30	29	1	1
7	130814397	130814731	24	24	0	1
7	130814732	130819433	24	24	0	1
7	130819434	130822841	24	24	0	1
7	130822842	130868921	27	25	2	2
7	130868922	130869126	30	28	2	1
7	130869127	130901933	25	25	0	1
7	130901934	130924738	48	48	0	1
7	130924739	130937196	49	49	0	1
7	130937197	130946757	53	53	0	1
7	130946758	130946802	53	53	0	1
7	130946803	130958058	49	49	0	1
7	130958059	130958174	49	49	0	1
7	130958175	130996757	49	49	0	1
7	130996758	131003848	49	49	0	1
7	131003849	131005992	49	47	2	1
7	131005993	131012431	47	47	0	1
7	131012432	131013172	47	47	0	1
7	131013173	131014895	49	47	2	1
7	131014896	131017156	49	47	2	1
7	131017157	131038026	56	56	0	1
7	131038027	131038180	56	56	0	1
7	131038181	131071034	54	54	0	1
7	131071035	131072219	54	54	0	1
7	131072220	131072249	49	47	2	1
7	131072250	131073524	58	58	0	1
7	131073525	131084314	58	58	0	1
7	131084315	131094657	58	58	0	1
7	131094658	131109555	56	56	0	1
7	131109556	131156771	52	52	0	1
7	131156772	131162964	52	52	0	1
7	131162965	131169933	51	51	0	1
7	131169934	131193108	49	49	0	1
7	131193109	131193172	49	49	0	1
7	131193173	131198183	48	48	0	1
7	131198184	156739268	2	2	0	3
7	156739269	158821400	3	2	1	2
8	10001	155756	3	3	0	2
8	155757	1219978	3	3	0	2
8	1219979	2168193	2	2	0	2
8	2168194	2302925	1	1	0	2
8	2302926	2586955	1	1	0	2
8	2586956	2601178	1	1	0	2
8	2601179	2717983	2	1	1	2
8	2717984	4497791	1	1	0	2
8	4497792	5774918	2	2	0	2
8	5774919	5776174	4	2	2	2
8	5776175	5777594	3	2	1	2
8	5777595	13471538	3	2	1	2
8	13471539	13590688	2	2	0	2
8	13590689	13597710	3	2	1	2
8	13597711	13601210	2	2	0	2
8	13601211	13631878	3	2	1	2
8	13631879	13642252	2	2	0	1
8	13642253	13644934	2	2	0	1
8	13644935	15216672	2	2	0	2
8	15216673	15223050	4	3	1	2
8	15223051	15273731	2	2	0	2
8	15273732	17092640	4	2	2	2
8	17092641	17116775	2	2	0	2
8	17116776	17123261	2	2	0	2
8	17123262	17645794	2	2	0	2
8	17645795	17672243	3	2	1	2
8	17672244	17718761	2	2	0	2
8	17718762	18161610	8	6	2	2
8	18161611	18353653	8	7	1	1
8	18353654	18451560	2	2	0	2
8	18451561	18512864	3	2	1	2
8	18512865	18937699	2	2	0	2
8	18937700	18991729	10	8	2	2
8	18991730	19115924	2	2	0	2
8	19115925	19126729	2	2	0	2
8	19126730	19553861	2	2	0	2
8	19553862	19560572	3	2	1	1
8	19560573	19575883	2	2	0	2
8	19575884	19577064	3	2	1	2
8	19577065	19583043	2	2	0	2
8	19583044	19585962	3	2	1	2
8	19585963	19702264	2	2	0	2
8	19702265	20997071	3	2	1	2
8	20997072	21026977	2	2	0	2
8	21026978	21035984	2	1	1	2
8	21035985	21044644	2	2	0	2
8	21044645	21045677	2	2	0	2
8	21045678	24876806	2	2	0	2
8	24876807	24907504	3	2	1	2
8	24907505	24914004	4	2	2	2
8	24914005	24930638	4	2	2	2
8	24930639	24954483	2	2	0	1
8	24954484	24966675	2	2	0	2
8	24966676	25782127	2	2	0	2
8	25782128	25827556	3	2	1	2
8	25827557	26375238	2	2	0	2
8	26375239	26454719	3	2	1	2
8	26454720	26465235	2	2	0	2
8	26465236	26469291	2	2	0	2
8	26469292	26801485	2	2	0	2
8	26801486	26870603	8	7	1	1
8	26870604	27054343	2	2	0	1
8	27054344	27075524	2	2	0	1
8	27075525	27076367	2	2	0	2
8	27076368	27080791	2	2	0	2
8	27080792	28521125	2	2	0	2
8	28521126	28547301	2	2	0	2
8	28547302	28679914	2	2	0	2
8	28679915	28985630	9	7	2	2
8	28985631	29008086	8	7	1	1
8	29008087	29010841	8	7	1	1
8	29010842	29023641	8	7	1	2
8	29023642	29032189	8	7	1	1
8	29032190	29047158	9	8	1	1
8	29047159	29432868	5	3	2	2
8	29432869	29434180	10	8	2	2
8	29434181	29451779	10	8	2	1
8	29451780	29508936	10	8	2	1
8	29508937	29665831	2	2	0	2
8	29665832	29697930	3	2	1	2
8	29697931	29994315	2	2	0	2
8	29994316	30055058	3	2	1	2
8	30055059	30077761	3	2	1	2
8	30077762	37106192	3	2	1	2
8	37106193	37108702	3	2	1	2
8	37108703	43099999	3	2	1	3
8	43100000	48099999	NA	NA	NA	NA
8	48100000	118977618	4	2	2	2
8	118977619	119012347	4	2	2	2
8	119012348	146364021	4	2	2	2
9	62780	220320	3	2	1	2
9	220321	5289606	2	1	1	2
9	5289607	16530588	4	3	1	2
9	16530589	16814120	3	3	0	2
9	16814121	18834975	4	3	1	2
9	18834976	20980052	4	3	1	2
9	20980053	20995521	4	3	1	2
9	20995522	20997927	3	3	0	2
9	20997928	21819006	3	3	0	2
9	21819007	22027402	0	0	0	2
9	22027403	23360552	3	3	0	2
9	23360553	26425217	3	3	0	2
9	26425218	26578987	4	3	1	2
9	26578988	26947493	4	2	2	2
9	26947494	27635984	4	2	2	2
9	27635985	27891666	4	2	2	2
9	27891667	27914369	4	2	2	2
9	27914370	28339155	5	3	2	2
9	28339156	28460788	5	3	2	2
9	28460789	28919040	5	3	2	2
9	28919041	29798927	4	2	2	2
9	29798928	29800328	4	2	2	2
9	29800329	30846731	4	2	2	2
9	30846732	30908470	4	2	2	2
9	30908471	30909927	2	2	0	2
9	30909928	32574601	2	2	0	2
9	32574602	34587889	3	2	1	2
9	34587890	36078084	2	2	0	2
9	36078085	36266302	2	2	0	2
9	36266303	47299999	3	2	1	2
9	47300000	50699999	3	2	1	2
9	50700000	71037499	3	2	1	2
9	71037500	71988803	4	2	2	2
9	71988804	72001723	4	2	2	2
9	72001724	91329742	4	2	2	2
9	91329743	91668851	4	2	2	2
9	91668852	95351632	4	2	2	2
9	95351633	95368179	5	3	2	2
9	95368180	128544634	4	2	2	2
9	128544635	128724329	4	2	2	2
9	128724330	129763801	4	2	2	2
9	129763802	130560667	3	2	1	2
9	130560668	140273200	3	2	1	3
9	140273201	141066491	3	2	1	2
10	10001	151577	2	1	1	2
10	151578	1936462	2	1	1	2
10	1936463	37999999	3	2	1	2
10	38000000	42606517	NA	NA	NA	NA
10	42606518	89656973	2	1	1	3
10	89656974	105383462	3	2	1	3
10	105383463	105384143	3	2	1	2
10	105384144	105384494	3	2	1	2
10	105384495	105385934	4	3	1	1
10	105385935	105386195	4	3	1	1
10	105386196	105386427	3	2	1	2
10	105386428	135389924	3	2	1	3
11	197337	5783950	2	2	0	2
11	5783951	18974859	2	2	0	2
11	18974860	19960852	2	2	0	2
11	19960853	19998732	1	1	0	2
11	19998733	51599999	2	2	0	2
11	51600000	55719910	NA	NA	NA	NA
11	55719911	79245470	4	2	2	3
11	79245471	79246740	3	2	1	1
11	79246741	82898828	4	2	2	3
11	82898829	112839849	3	2	1	3
11	112839850	133699095	2	1	1	3
11	133699096	134452200	3	2	1	3
12	110107	4640218	3	2	1	3
12	4640219	4646110	3	2	1	3
12	4646111	26030026	3	2	1	3
12	26030027	33299999	4	2	2	3
12	33300000	38287499	NA	NA	NA	NA
12	38287500	57198716	3	2	1	3
12	57198717	57518988	4	2	2	3
12	57518989	58369861	3	2	1	2
12	58369862	58843667	3	2	1	3
12	58843668	59066018	3	2	1	3
12	59066019	59383671	3	2	1	2
12	59383672	59390157	3	2	1	2
12	59390158	59396242	4	2	2	1
12	59396243	59396352	4	2	2	1
12	59396353	60188147	4	2	2	2
12	60188148	60195253	3	2	1	2
12	60195254	60213635	4	2	2	2
12	60213636	60702823	3	2	1	2
12	60702824	60929588	4	2	2	2
12	60929589	60942401	5	3	2	1
12	60942402	60943113	5	3	2	1
12	60943114	60947392	5	3	2	1
12	60947393	60947744	5	3	2	1
12	60947745	60959123	5	3	2	1
12	60959124	60973710	5	3	2	1
12	60973711	61010080	5	3	2	1
12	61010081	61176780	4	2	2	2
12	61176781	61509619	3	2	1	2
12	61509620	61524147	5	3	2	2
12	61524148	61524170	5	3	2	2
12	61524171	61536210	5	3	2	2
12	61536211	61536525	4	2	2	2
12	61536526	61568009	5	3	2	2
12	61568010	61569350	5	3	2	1
12	61569351	61573229	5	3	2	1
12	61573230	61573383	3	2	1	2
12	61573384	61573468	5	3	2	1
12	61573469	61574227	7	4	3	1
12	61574228	61575461	7	4	3	1
12	61575462	61592242	3	2	1	2
12	61592243	61675930	4	2	2	2
12	61675931	61676534	4	2	2	2
12	61676535	61699534	4	2	2	1
12	61699535	61715665	5	3	2	2
12	61715666	62054505	5	3	2	2
12	62054506	62063165	5	3	2	2
12	62063166	62070014	4	2	2	2
12	62070015	62346049	3	2	1	2
12	62346050	62660356	4	2	2	2
12	62660357	62673880	3	2	1	2
12	62673881	62683589	4	2	2	1
12	62683590	63111686	3	2	1	2
12	63111687	63111846	3	2	1	2
12	63111847	63112051	3	2	1	2
12	63112052	63112063	3	2	1	2
12	63112064	63961811	3	2	1	3
12	63961812	65072677	4	2	2	3
12	65072678	65108139	4	2	2	3
12	65108140	65128696	3	2	1	3
12	65128697	65133913	3	2	1	3
12	65133914	65188324	3	2	1	2
12	65188325	65468250	3	2	1	2
12	65468251	65474883	3	2	1	2
12	65474884	65496448	3	2	1	2
12	65496449	65498226	4	2	2	1
12	65498227	65500031	4	2	2	1
12	65500032	65506255	4	3	1	1
12	65506256	65510449	4	3	1	1
12	65510450	65524656	4	2	2	1
12	65524657	65538118	4	2	2	1
12	65538119	65538996	4	2	2	1
12	65538997	65760318	4	2	2	2
12	65760319	65762049	3	3	0	1
12	65762050	65763145	3	3	0	1
12	65763146	65764510	3	3	0	1
12	65764511	65767533	3	3	0	1
12	65767534	65770507	3	3	0	1
12	65770508	65795136	4	2	2	1
12	65795137	65812562	4	2	2	1
12	65812563	65872079	3	2	1	2
12	65872080	65891828	3	2	1	2
12	65891829	65959373	3	2	1	2
12	65959374	65980086	3	2	1	2
12	65980087	65996546	3	2	1	2
12	65996547	65999323	3	2	1	2
12	65999324	66009413	3	2	1	1
12	66009414	66068554	3	2	1	2
12	66068555	66143733	3	2	1	3
12	66143734	66151773	3	2	1	3
12	66151774	67030121	3	2	1	2
12	67030122	67038085	4	2	2	2
12	67038086	67038513	4	2	2	2
12	67038514	67475935	4	2	2	3
12	67475936	67486190	3	2	1	1
12	67486191	67492810	4	2	2	2
12	67492811	67509098	3	2	1	2
12	67509099	67514524	3	2	1	2
12	67514525	67859710	3	2	1	3
12	67859711	68071774	3	2	1	2
12	68071775	68071945	3	2	1	2
12	68071946	68757978	3	2	1	3
12	68757979	69058314	4	2	2	2
12	69058315	69068064	4	2	2	2
12	69068065	69079869	4	2	2	2
12	69079870	70258759	4	2	2	2
12	70258760	70984133	3	2	1	2
12	70984134	72095050	4	2	2	2
12	72095051	77238221	4	2	2	3
12	77238222	104940979	4	2	2	3
12	104940980	104943736	4	2	2	2
12	104943737	104945636	4	2	2	1
12	104945637	105091968	3	2	1	2
12	105091969	105676410	4	2	2	3
12	105676411	105677696	4	2	2	2
12	105677697	105698623	4	2	2	2
12	105698624	107683378	3	2	1	3
12	107683379	107684886	4	2	2	1
12	107684887	107692903	3	2	1	2
12	107692904	107748120	4	2	2	3
12	107748121	122759122	3	2	1	3
12	122759123	122851286	2	2	0	3
12	122851287	132349400	3	2	1	3
12	132349401	133851894	3	2	1	3
13	1	16299999	3	3	0	1
13	16300000	19499999	3	3	0	2
13	19500000	24967014	3	3	0	3
13	24967015	24970570	3	3	0	2
13	24970571	85893318	3	3	0	3
13	85893319	110743147	3	3	0	3
13	110743148	113799984	3	3	0	2
13	113799985	114142800	1	1	0	3
13	114142801	115036044	1	1	0	3
14	1	16099999	4	2	2	1
14	16100000	19099999	4	2	2	1
14	19100000	25016158	4	2	2	2
14	25016159	27018990	5	3	2	3
14	27018991	27043295	6	3	3	2
14	27043296	27044243	6	3	3	2
14	27044244	28988031	6	3	3	3
14	28988032	28990364	6	3	3	2
14	28990365	29026447	6	3	3	2
14	29026448	29620370	5	3	2	3
14	29620371	29873310	5	3	2	2
14	29873311	34743322	3	3	0	3
14	34743323	34743691	3	3	0	2
14	34743692	34787030	5	3	2	2
14	34787031	34915196	5	3	2	2
14	34915197	34918582	5	3	2	2
14	34918583	35558786	5	3	2	3
14	35558787	35561250	2	2	0	1
14	35561251	35576597	5	3	2	2
14	35576598	45828170	3	3	0	3
14	45828171	47149839	2	2	0	3
14	47149840	47149884	2	2	0	3
14	47149885	47150025	2	2	0	2
14	47150026	47150249	2	2	0	2
14	47150250	48677415	2	2	0	3
14	48677416	48677713	2	2	0	2
14	48677714	48677744	2	2	0	2
14	48677745	48678864	2	2	0	2
14	48678865	48701215	3	3	0	1
14	48701216	48701437	3	3	0	1
14	48701438	48743089	2	2	0	2
14	48743090	49028020	5	3	2	2
14	49028021	60337513	2	2	0	3
14	60337514	60339351	2	2	0	3
14	60339352	61152439	2	2	0	3
14	61152440	62211062	3	2	1	3
14	62211063	64944599	2	2	0	3
14	64944600	65094210	3	2	1	2
14	65094211	66647836	2	2	0	2
14	66647837	66719743	3	2	1	2
14	66719744	68816442	2	2	0	3
14	68816443	69184755	11	9	2	1
14	69184756	69204731	13	11	2	1
14	69204732	69953246	5	3	2	3
14	69953247	69958358	3	2	1	2
14	69958359	69964945	5	4	1	1
14	69964946	69965835	5	4	1	1
14	69965836	69966638	3	2	1	2
14	69966639	69966653	3	2	1	2
14	69966654	70489986	3	2	1	3
14	70489987	73237411	2	2	0	3
14	73237412	73238076	2	2	0	2
14	73238077	73238968	2	2	0	1
14	73238969	73243993	3	2	1	2
14	73243994	73266122	3	2	1	2
14	73266123	73281529	5	3	2	2
14	73281530	73598106	4	2	2	2
14	73598107	73605028	4	2	2	3
14	73605029	73706383	4	2	2	2
14	73706384	74042188	4	2	2	3
14	74042189	82116673	2	2	0	3
14	82116674	83692132	4	2	2	3
14	83692133	83731703	2	2	0	2
14	83731704	83751005	3	2	1	2
14	83751006	84373420	2	2	0	2
14	84373421	84374869	2	2	0	2
14	84374870	101480641	2	2	0	3
14	101480642	103087860	4	2	2	3
14	103087861	103129905	5	3	2	2
14	103129906	103129969	5	3	2	2
14	103129970	103288899	5	3	2	2
14	103288900	103342069	4	2	2	2
14	103342070	103354226	4	2	2	2
14	103354227	104187924	4	2	2	3
14	104187925	104194515	4	2	2	2
14	104194516	104208875	4	2	2	2
14	104208876	106368400	4	2	2	3
15	1	15799999	4	2	2	1
15	15800000	20699999	4	2	2	2
15	20700000	27609959	4	2	2	3
15	27609960	48606267	3	2	1	3
15	48606268	48725247	4	4	0	1
15	48725248	93802980	3	2	1	3
15	93802981	100338800	3	2	1	3
15	100338801	102417635	3	2	1	3
16	165855	5259814	2	2	0	3
16	5259815	5266248	2	2	0	3
16	5266249	32147038	2	2	0	3
16	32147039	34173201	3	2	1	2
16	34173202	38599999	NA	NA	NA	NA
16	38600000	46447499	3	2	1	1
16	46447500	75072942	3	2	1	2
16	75072943	88827200	2	2	0	2
16	88827201	90354752	2	2	0	2
17	7	21539973	5	3	2	2
17	21539974	22199999	4	2	2	2
17	22200000	25799999	NA	NA	NA	NA
17	25800000	27255566	3	2	1	3
17	27255567	30063318	3	2	1	3
17	30063319	38121351	3	2	1	3
17	38121352	38135862	3	2	1	2
17	38135863	41185799	3	2	1	3
17	41185800	41389991	2	2	0	2
17	41389992	49278514	3	2	1	3
17	49278515	58588449	4	2	2	3
17	58588450	58636080	4	2	2	2
17	58636081	58639013	4	2	2	2
17	58639014	58736843	5	3	2	1
17	58736844	58836288	4	2	2	3
17	58836289	58911469	5	3	2	2
17	58911470	58933447	4	2	2	1
17	58933448	58968392	4	2	2	2
17	58968393	58992180	4	2	2	2
17	58992181	59177107	4	2	2	2
17	59177108	59186099	4	2	2	2
17	59186100	59228278	4	2	2	2
17	59228279	59477630	5	3	2	2
17	59477631	59752711	10	8	2	2
17	59752712	59753826	9	7	2	2
17	59753827	59768997	10	8	2	1
17	59768998	59969023	9	7	2	1
17	59969024	59984242	10	8	2	1
17	59984243	60000967	9	7	2	1
17	60000968	60002701	8	6	2	1
17	60002702	60014404	9	7	2	1
17	60014405	60021299	8	6	2	1
17	60021300	60025506	8	6	2	1
17	60025507	60025988	11	9	2	1
17	60025989	60048542	10	9	1	1
17	60048543	60048566	10	9	1	1
17	60048567	60777708	5	3	2	2
17	60777709	60777937	10	8	2	2
17	60777938	60817612	10	8	2	1
17	60817613	60817754	9	8	1	1
17	60817755	60821642	10	8	2	1
17	60821643	60847740	9	7	2	2
17	60847741	60851915	5	3	2	2
17	60851916	60886340	9	7	2	1
17	60886341	61175968	5	3	2	2
17	61175969	61184587	4	2	2	2
17	61184588	61186424	4	2	2	2
17	61186425	61253045	4	2	2	3
17	61253046	61258202	5	3	2	2
17	61258203	61269793	4	2	2	2
17	61269794	61301308	4	2	2	1
17	61301309	62791118	4	2	2	3
17	62791119	62860216	4	2	2	2
17	62860217	63111451	4	2	2	2
17	63111452	64352879	5	3	2	2
17	64352880	64622499	5	3	2	3
17	64622500	66349901	6	4	2	2
17	66349902	69494766	5	3	2	3
17	69494767	69652499	5	3	2	2
17	69652500	69700415	5	3	2	2
17	69700416	70695530	5	3	2	2
17	70695531	70706481	5	3	2	2
17	70706482	70763530	5	3	2	2
17	70763531	70769156	5	3	2	2
17	70769157	70790403	5	3	2	2
17	70790404	74049863	6	4	2	3
17	74049864	74091724	4	2	2	2
17	74091725	74105895	4	2	2	2
17	74105896	74127369	4	2	2	2
17	74127370	74153292	5	3	2	1
17	74153293	74794467	4	2	2	3
17	74794468	74804550	4	2	2	3
17	74804551	74895593	4	2	2	2
17	74895594	75552938	6	4	2	2
17	75552939	75595547	6	4	2	2
17	75595548	75826243	5	3	2	3
17	75826244	77814792	3	2	1	3
17	77814793	77827216	3	2	1	2
17	77827217	78730626	3	2	1	3
17	78730627	78753479	9	7	2	1
17	78753480	79148611	3	2	1	2
17	79148612	79230627	4	2	2	2
17	79230628	79235513	1	1	0	1
17	79235514	79273071	4	2	2	2
17	79273072	80209771	3	2	1	2
17	80209772	80268824	4	2	2	2
17	80268825	80280883	4	2	2	1
17	80280884	80361232	3	2	1	1
17	80361233	80364457	4	2	2	2
17	80364458	80364471	4	2	2	1
17	80364472	80404499	4	2	2	2
17	80404500	80591896	3	2	1	2
17	80591897	80604521	3	2	1	2
17	80604522	80690469	3	2	1	2
17	80690470	80696806	3	2	1	2
17	80696807	80708041	3	2	1	2
17	80708042	80729886	3	2	1	1
18	42126	168994	4	3	1	2
18	168995	13047169	3	2	1	3
18	13047170	13047982	2	2	0	1
18	13047983	13060869	2	2	0	2
18	13060870	13485865	2	2	0	2
18	13485866	13611175	3	2	1	2
18	13611176	13727499	3	2	1	2
18	13727500	14262964	4	2	2	3
18	14262965	14304877	3	2	1	1
18	14304878	15399999	3	2	1	2
18	15400000	18999999	3	2	1	2
18	19000000	21042488	3	2	1	3
18	21042489	36410527	4	2	2	3
18	36410528	39172747	3	2	1	3
18	39172748	40990999	4	2	2	3
18	40991000	42117589	3	2	1	3
18	42117590	45896848	4	2	2	3
18	45896849	46296208	3	2	1	3
18	46296209	47381029	3	2	1	3
18	47381030	48941269	4	2	2	3
18	48941270	50075037	5	3	2	3
18	50075038	76117000	4	2	2	3
18	76117001	78077247	4	2	2	3
19	102500	226775	4	2	2	2
19	226776	3229908	4	2	2	3
19	3229909	4690019	5	3	2	3
19	4690020	5448544	6	4	2	2
19	5448545	9056473	4	2	2	3
19	9056474	9219573	6	4	2	2
19	9219574	11647313	4	2	2	3
19	11647314	11897462	6	4	2	3
19	11897463	13139977	4	2	2	3
19	13139978	13887929	6	4	2	3
19	13887930	14402722	4	2	2	2
19	14402723	14420509	6	4	2	1
19	14420510	15023262	4	2	2	3
19	15023263	15025354	4	2	2	1
19	15025355	15663135	6	4	2	3
19	15663136	24399999	4	2	2	3
19	24400000	28599999	NA	NA	NA	NA
19	28600000	29779907	3	2	1	2
19	29779908	59128982	4	3	1	2
20	17500	25599999	3	2	1	3
20	25600000	29452500	3	2	1	3
20	29452501	55210049	3	2	1	3
20	55210050	62432500	4	3	1	2
21	1	10899999	NA	NA	NA	NA
21	10900000	14969240	2	2	0	1
21	14969241	15230811	1	1	0	1
21	15230812	19678098	2	2	0	3
21	19678099	19682047	2	2	0	2
21	19682048	31155753	2	2	0	3
21	31155754	31172499	3	3	0	1
21	31172500	46937500	2	2	0	2
21	46937501	48129894	2	2	0	3
22	1	12199999	3	2	1	1
22	12200000	17899999	3	2	1	3
22	17900000	32381272	3	2	1	3
22	32381273	34977739	2	1	1	3
22	34977740	34979981	3	2	1	1
22	34979982	34980578	3	2	1	2
22	34980579	35060017	3	2	1	2
22	35060018	35909905	2	1	1	2
22	35909906	36747835	3	2	1	3
22	36747836	39218228	2	1	1	3
22	39218229	40398094	3	2	1	3
22	40398095	40434154	2	1	1	2
22	40434155	41663196	2	1	1	3
22	41663197	41664217	2	1	1	2
22	41664218	41683251	2	1	1	2
22	41683252	42106096	3	2	1	2
22	42106097	45060217	2	1	1	3
22	45060218	46428202	3	2	1	2
22	46428203	46433215	2	1	1	2
22	46433216	48135638	2	1	1	3
22	48135639	48145789	3	2	1	2
22	48145790	48153045	3	2	1	2
22	48153046	48174853	3	2	1	2
22	48174854	48174896	3	2	1	2
22	48174897	48578093	3	2	1	3
22	48578094	48585045	4	3	1	2
22	48585046	48585088	4	3	1	2
22	48585089	48629308	4	3	1	2
22	48629309	48630413	4	3	1	2
22	48630414	48981954	4	3	1	2
22	48981955	48987223	4	3	1	2
22	48987224	48990808	4	3	1	2
22	48990809	48992110	3	2	1	2
22	48992111	49011026	4	3	1	2
22	49011027	49011070	4	3	1	2
22	49011071	49275368	4	3	1	2
22	49275369	49275931	4	3	1	2
22	49275932	49276824	4	3	1	2
22	49276825	49277279	3	2	1	2
22	49277280	49315098	4	3	1	2
22	49315099	49332290	3	2	1	2
22	49332291	49332969	4	3	1	2
22	49332970	49333023	4	3	1	2
22	49333024	49345222	4	3	1	2
22	49345223	49346207	4	3	1	2
22	49346208	49348680	4	3	1	2
22	49348681	49365415	4	3	1	2
22	49365416	49481509	3	2	1	2
22	49481510	49517407	4	3	1	2
22	49517408	49533741	3	2	1	2
22	49533742	49539901	3	2	1	1
22	49539902	49541647	4	2	2	1
22	49541648	49546868	4	2	2	1
22	49546869	49550056	4	2	2	1
22	49550057	50671833	4	3	1	2
X	1	22888721	2	2	0	2
X	22888722	23056484	3	3	0	2
X	23056485	27618545	2	2	0	2
X	27618546	27626611	1	1	0	1
X	27626612	27643477	2	2	0	1
X	27643478	28421618	1	1	0	3
X	28421619	28437238	2	2	0	1
X	28437239	28525699	1	1	0	3
X	28525700	28537832	2	2	0	1
X	28537833	29037779	1	1	0	3
X	29037780	29207521	2	2	0	2
X	29207522	39137231	1	1	0	3
X	39137232	39725999	2	2	0	2
X	39726000	42694977	1	1	0	3
X	42694978	42758153	1	1	0	3
X	42758154	46850999	1	1	0	3
X	46851000	58099999	2	2	0	2
X	58100000	62999999	NA	NA	NA	NA
X	63000000	64891340	1	1	0	2
X	64891341	64893898	1	1	0	2
X	64893899	101523999	1	1	0	2
X	101524000	101954408	2	2	0	2
X	101954409	101954447	1	1	0	2
X	101954448	102195652	2	2	0	2
X	102195653	102195666	2	2	0	1
X	102195667	155270559	1	1	0	2
Y	1	8068585	3	3	0	1
Y	8068586	11599999	2	2	0	1
Y	11600000	13399999	2	2	0	1
Y	13400000	59373565	2	2	0	1
