chromosome	start	end	total_cn	major_cn	minor_cn	star
1	817500	26756655	2	1	1	3
1	26756656	27503691	1	1	0	2
1	27503692	81208912	2	1	1	3
1	81208913	81359429	1	1	0	3
1	81359430	121499999	2	1	1	3
1	121500000	128899999	2	1	1	3
1	128900000	142677500	2	1	1	2
1	142677501	149264742	2	1	1	3
1	149264743	247247500	2	1	1	3
1	247247501	249250620	2	1	1	3
2	20016	11403453	2	1	1	3
2	11403454	11434018	2	1	1	2
2	11434019	24105027	2	1	1	3
2	24105028	51882930	1	1	0	3
2	51882931	52415253	2	1	1	3
2	52415254	52613145	1	1	0	3
2	52613146	59627766	2	1	1	3
2	59627767	62143611	1	1	0	3
2	62143612	90499999	2	1	1	3
2	90500000	96799999	2	1	1	2
2	96800000	100998189	2	1	1	3
2	100998190	100998691	2	1	1	2
2	100998692	100999577	2	1	1	2
2	100999578	100999639	2	1	1	2
2	100999640	101008875	1	1	0	1
2	101008876	101011342	1	1	0	2
2	101011343	101012733	1	1	0	2
2	101012734	101013176	1	1	0	1
2	101013177	101022455	2	1	1	2
2	101022456	101379986	1	1	0	3
2	101379987	133657893	2	1	1	3
2	133657894	136052439	1	1	0	3
2	136052440	136086975	1	1	0	2
2	136086976	165592621	1	1	0	3
2	165592622	199170824	2	1	1	3
2	199170825	200485202	1	1	0	3
2	200485203	200505025	2	1	1	2
2	200505026	200505253	2	1	1	2
2	200505254	200519917	2	1	1	1
2	200519918	200533349	2	1	1	2
2	200533350	200533576	2	1	1	2
2	200533577	242986774	2	1	1	3
3	100074	46302468	2	1	1	3
3	46302469	54555774	1	1	0	3
3	54555775	59862218	2	1	1	3
3	59862219	59911715	1	1	0	3
3	59911716	87899999	2	1	1	3
3	87900000	93899999	2	1	1	3
3	93900000	128412133	2	1	1	3
3	128412134	128651330	1	1	0	3
3	128651331	198022429	2	1	1	3
4	9997	70813	3	2	1	2
4	70814	9457500	3	2	1	3
4	9457501	41338420	3	2	1	3
4	41338421	41387233	3	2	1	2
4	41387234	41387547	2	1	1	2
4	41387548	48199999	2	1	1	3
4	48200000	52699999	2	1	1	3
4	52700000	65699843	2	1	1	3
4	65699844	66015318	1	1	0	2
4	66015319	66019810	1	1	0	2
4	66019811	66019837	2	1	1	1
4	66019838	80294042	2	1	1	3
4	80294043	80406373	1	1	0	3
4	80406374	103894166	2	1	1	3
4	103894167	104948683	1	1	0	3
4	104948684	124581913	2	1	1	3
4	124581914	125637557	1	1	0	3
4	125637558	125995688	2	1	1	3
4	125995689	126368181	1	1	0	2
4	126368182	146125682	2	1	1	3
4	146125683	146797723	1	1	0	3
4	146797724	146945988	0	0	0	3
4	146945989	148071214	1	1	0	3
4	148071215	149771597	2	1	1	3
4	149771598	149771776	2	1	1	3
4	149771777	149809384	2	1	1	3
4	149809385	152435073	1	1	0	3
4	152435074	152511609	2	1	1	2
4	152511610	152512441	2	1	1	2
4	152512442	152521910	2	1	1	1
4	152521911	152694446	1	1	0	2
4	152694447	158128018	2	1	1	3
4	158128019	158816060	1	1	0	3
4	158816061	158851442	2	1	1	2
4	158851443	158858033	2	1	1	2
4	158858034	159159935	2	1	1	3
4	159159936	160605076	1	1	0	3
4	160605077	164211190	2	1	1	3
4	164211191	164212678	2	1	1	2
4	164212679	164310465	2	1	1	3
4	164310466	165633460	1	1	0	3
4	165633461	165689441	2	1	1	2
4	165689442	166729201	2	1	1	2
4	166729202	191154275	2	1	1	3
5	22500	6682571	2	1	1	2
5	6682572	7885459	1	1	0	3
5	7885460	11236613	2	1	1	2
5	11236614	12104334	1	1	0	2
5	12104335	46099999	2	1	1	3
5	46100000	50699999	2	1	1	3
5	50700000	180710431	2	1	1	3
6	39681	205799	1	1	0	2
6	205800	359118	1	1	0	2
6	359119	30565950	1	1	0	3
6	30565951	43285949	2	1	1	2
6	43285950	43424950	1	1	0	2
6	43424951	44396538	2	1	1	2
6	44396539	44396551	2	1	1	2
6	44396552	44398037	2	1	1	2
6	44398038	58699999	1	1	0	3
6	58700000	63299999	1	1	0	3
6	63300000	103739397	1	1	0	3
6	103739398	138333740	1	1	0	3
6	138333741	138485623	2	1	1	3
6	138485624	138555783	1	1	0	2
6	138555784	138562453	1	1	0	2
6	138562454	170919682	1	1	0	3
7	40386	57999999	2	1	1	3
7	58000000	61699999	2	1	1	3
7	61700000	85219287	2	1	1	3
7	85219288	85290518	2	1	1	1
7	85290519	158821400	2	1	1	3
8	10001	159435	2	1	1	2
8	159436	29860241	2	1	1	3
8	29860242	30167471	1	1	0	2
8	30167472	35676602	2	1	1	3
8	35676603	36872586	1	1	0	2
8	36872587	43099999	2	1	1	3
8	43100000	48099999	2	1	1	2
8	48100000	104876940	2	1	1	3
8	104876941	105065719	1	1	0	3
8	105065720	137597845	2	1	1	3
8	137597846	146364021	2	1	1	3
9	47500	153936	1	1	0	2
9	153937	207426	1	1	0	2
9	207427	9543306	1	1	0	2
9	9543307	9586112	0	0	0	2
9	9586113	9589106	1	1	0	2
9	9589107	21464734	1	1	0	2
9	21464735	22410224	0	0	0	3
9	22410225	22497293	1	1	0	2
9	22497294	22525784	1	1	0	2
9	22525785	31054570	1	1	0	2
9	31054571	31079342	0	0	0	2
9	31079343	31150581	1	1	0	2
9	31150582	31152172	1	1	0	2
9	31152173	31157309	1	1	0	2
9	31157310	31302903	0	0	0	2
9	31302904	31304001	0	0	0	2
9	31304002	31326747	0	0	0	2
9	31326748	44059009	1	1	0	2
9	44059010	47299999	1	1	0	2
9	47300000	50699999	1	1	0	2
9	50700000	66267499	1	1	0	2
9	66267500	140273200	1	1	0	3
9	140273201	141069765	1	1	0	3
10	10001	151577	1	1	0	2
10	151578	913874	1	1	0	3
10	913875	917491	2	1	1	1
10	917492	917505	2	1	1	2
10	917506	917525	2	1	1	2
10	917526	24102791	2	1	1	3
10	24102792	24103047	2	1	1	2
10	24103048	24103728	1	1	0	2
10	24103729	24955886	1	1	0	3
10	24955887	37999999	2	1	1	2
10	38000000	42422499	2	1	1	2
10	42422500	44041618	2	1	1	3
10	44041619	45482358	1	1	0	3
10	45482359	84498834	2	1	1	3
10	84498835	84627975	2	1	1	2
10	84627976	87932064	2	1	1	3
10	87932065	89712770	1	1	0	3
10	89712771	90368877	1	1	0	2
10	90368878	91861227	1	1	0	3
10	91861228	91881164	1	1	0	2
10	91881165	92123394	1	1	0	3
10	92123395	92279621	2	1	1	3
10	92279622	92761065	1	1	0	3
10	92761066	92761216	1	1	0	2
10	92761217	92761248	1	1	0	1
10	92761249	112699254	2	1	1	3
10	112699255	112699289	2	1	1	2
10	112699290	114847340	1	1	0	3
10	114847341	129472235	2	1	1	3
10	129472236	129472289	2	1	1	2
10	129472290	131233963	1	1	0	3
10	131233964	135229239	2	1	1	3
10	135229240	135389924	2	1	1	3
11	20721	217813	2	1	1	2
11	217814	51599999	2	1	1	3
11	51600000	55699999	2	1	1	3
11	55700000	134452200	2	1	1	3
12	110107	33299999	2	1	1	3
12	33300000	38199999	2	1	1	3
12	38200000	132349400	2	1	1	3
12	132349401	133851894	2	1	1	3
13	1	16299999	2	1	1	1
13	16300000	19499999	2	1	1	2
13	19500000	106910561	2	1	1	3
13	106910562	108233505	1	1	0	3
13	108233506	114142800	2	1	1	3
13	114142801	115169877	2	1	1	3
14	1	16099999	2	1	1	1
14	16100000	19099999	2	1	1	1
14	19100000	20375051	2	1	1	2
14	20375052	39858051	2	1	1	3
14	39858052	40038851	2	1	1	2
14	40038852	40077411	2	1	1	2
14	40077412	40077929	2	1	1	2
14	40077930	54673994	2	1	1	3
14	54673995	55283858	1	1	0	3
14	55283859	64329812	2	1	1	3
14	64329813	66058885	1	1	0	2
14	66058886	106368400	2	1	1	3
15	1	15799999	2	1	1	1
15	15800000	20699999	2	1	1	2
15	20700000	100338800	2	1	1	3
15	100338801	102531391	2	1	1	3
16	9999	115816	2	1	1	2
16	115817	6964847	2	1	1	2
16	6964848	7234692	1	1	0	3
16	7234693	34599999	2	1	1	3
16	34600000	38599999	2	1	1	3
16	38600000	46415802	2	1	1	2
16	46415803	80719014	2	1	1	3
16	80719015	80879037	1	1	0	2
16	80879038	88827200	2	1	1	3
16	88827201	90004693	2	1	1	3
17	12581	15127926	1	1	0	3
17	15127927	15130975	16	15	1	1
17	15130976	15290296	16	15	1	2
17	15290297	16133043	17	16	1	2
17	16133044	16516129	14	13	1	2
17	16516130	16518104	13	12	1	1
17	16518105	16657358	6	5	1	2
17	16657359	16756391	6	5	1	2
17	16756392	18522801	6	5	1	3
17	18522802	18844403	6	5	1	3
17	18844404	18845784	6	5	1	1
17	18845785	22199999	2	1	1	3
17	22200000	25799999	2	1	1	3
17	25800000	51421797	2	1	1	3
17	51421798	51448703	1	1	0	2
17	51448704	56259367	2	1	1	3
17	56259368	56508836	1	1	0	3
17	56508837	78774600	2	1	1	3
17	78774601	81195209	2	1	1	3
18	27500	15399999	3	2	1	2
18	15400000	18999999	NA	NA	NA	NA
18	19000000	24657031	2	1	1	2
18	24657032	25422119	1	1	0	3
18	25422120	28018443	2	1	1	2
18	28018444	28346629	1	1	0	2
18	28346630	29643336	3	2	1	2
18	29643337	29666275	3	2	1	1
18	29666276	29972067	3	2	1	2
18	29972068	30650631	2	1	1	2
18	30650632	30654069	2	1	1	2
18	30654070	30661444	2	1	1	2
18	30661445	30665113	2	1	1	2
18	30665114	30669817	2	1	1	2
18	30669818	32259438	2	1	1	2
18	32259439	34367468	1	1	0	2
18	34367469	34500132	3	2	1	2
18	34500133	34682499	3	2	1	1
18	34682500	35174900	3	2	1	2
18	35174901	48158190	1	1	0	2
18	48158191	48195948	0	0	0	2
18	48195949	48281245	1	1	0	3
18	48281246	48679517	0	0	0	3
18	48679518	71501975	1	1	0	2
18	71501976	72226171	0	0	0	2
18	72226172	76117000	1	1	0	2
18	76117001	78077247	1	1	0	3
19	102500	254303	2	1	1	2
19	254304	24399999	2	1	1	3
19	24400000	28599999	2	1	1	3
19	28600000	59128982	2	1	1	3
20	17500	14205179	2	1	1	2
20	14205180	14442324	1	1	0	2
20	14442325	14442470	1	1	0	2
20	14442471	15270559	1	1	0	2
20	15270560	25599999	2	1	1	3
20	25600000	29456167	2	1	1	3
20	29456168	62432500	2	1	1	3
21	1	9417499	NA	NA	NA	NA
21	9417500	10861526	NA	NA	NA	NA
21	10861527	15223232	1	1	0	2
21	15223233	15273231	1	1	0	2
21	15273232	15994697	1	1	0	3
21	15994698	16023484	2	1	1	3
21	16023485	16026941	2	1	1	2
21	16026942	17497556	1	1	0	3
21	17497557	18565258	2	1	1	3
21	18565259	18987891	1	1	0	3
21	18987892	22177055	2	1	1	3
21	22177056	27329017	1	1	0	3
21	27329018	27464518	2	1	1	3
21	27464519	28037404	1	1	0	3
21	28037405	28064709	2	1	1	1
21	28064710	28064737	2	1	1	2
21	28064738	30529512	2	1	1	3
21	30529513	30529569	2	1	1	2
21	30529570	30530034	2	1	1	1
21	30530035	30730659	1	1	0	3
21	30730660	30730877	1	1	0	2
21	30730878	30732839	2	1	1	2
21	30732840	31596034	2	1	1	3
21	31596035	31600410	2	1	1	2
21	31600411	31600586	1	1	0	1
21	31600587	31606037	1	1	0	1
21	31606038	35158440	1	1	0	3
21	35158441	46937500	2	1	1	3
21	46937501	48129894	2	1	1	3
22	1	12199999	2	1	1	1
22	12200000	17899999	2	1	1	3
22	17900000	29065503	2	1	1	3
22	29065504	49687500	2	1	1	3
22	49687501	51304565	2	1	1	3
X	1	9554889	2	1	1	2
X	9554890	9641151	1	1	0	2
X	9641152	58099999	2	1	1	2
X	58100000	62999999	2	1	1	2
X	63000000	73219865	2	1	1	2
X	73219866	153273665	1	1	0	2
X	153273666	154913600	2	1	1	2
