chromosome	start	end	total_cn	major_cn	minor_cn	star
1	1	840008	2	1	1	2
1	840009	2317195	2	1	1	3
1	2317196	5023261	1	1	0	3
1	5023262	32177013	2	1	1	3
1	32177014	32400205	1	1	0	3
1	32400206	121499999	2	1	1	3
1	121500000	128899999	2	1	1	2
1	128900000	247247500	2	1	1	3
1	247247501	249250620	2	1	1	2
2	20016	5762197	2	1	1	3
2	5762198	5772101	2	1	1	2
2	5772102	54404122	2	1	1	3
2	54404123	54820208	1	1	0	3
2	54820209	54978434	2	1	1	1
2	54978435	54986956	2	1	1	1
2	54986957	54987774	2	1	1	1
2	54987775	55043110	2	1	1	2
2	55043111	89207621	2	1	1	3
2	89207622	89285073	1	1	0	2
2	89285074	90499999	2	1	1	2
2	90500000	96799999	2	1	1	2
2	96800000	218357499	2	1	1	3
2	218357500	218431841	1	1	0	2
2	218431842	242979528	2	1	1	3
3	100074	87899999	2	1	1	3
3	87900000	93899999	2	1	1	3
3	93900000	197847500	2	1	1	3
4	31303	48199999	2	1	1	3
4	48200000	52699999	2	1	1	3
4	52700000	191154275	2	1	1	3
5	14676	46099999	2	1	1	3
5	46100000	50699999	2	1	1	2
5	50700000	180689978	2	1	1	3
6	39681	202330	2	2	0	1
6	202331	32484985	2	2	0	3
6	32484986	32845006	2	2	0	2
6	32845007	32941338	1	1	0	2
6	32941339	54169290	2	2	0	3
6	54169291	58699999	2	1	1	3
6	58700000	63299999	2	1	1	2
6	63300000	170899934	2	1	1	3
7	40386	12266816	3	2	1	3
7	12266817	12266954	3	2	1	2
7	12266955	57999999	3	2	1	3
7	58000000	61699999	3	2	1	2
7	61700000	94173672	3	2	1	3
7	94173673	94177362	2	1	1	1
7	94177363	101359878	2	1	1	3
7	101359879	111212678	2	1	1	3
7	111212679	111369272	2	1	1	2
7	111369273	130592460	2	1	1	3
7	130592461	139886875	1	1	0	3
7	139886876	153188768	2	1	1	3
7	153188769	153188792	2	1	1	2
7	153188793	158817500	2	1	1	3
8	10001	170011	2	1	1	2
8	170012	43099999	2	1	1	3
8	43100000	48099999	2	1	1	3
8	48100000	146364021	2	1	1	3
9	47500	200100	2	1	1	2
9	200101	44102499	2	1	1	3
9	44102500	47299999	2	1	1	2
9	47300000	50699999	2	1	1	1
9	50700000	66462499	2	1	1	2
9	66462500	140267500	2	1	1	3
10	102500	37999999	4	3	1	2
10	38000000	42397125	NA	NA	NA	NA
10	42397126	135389924	2	1	1	3
11	20721	190009	2	1	1	2
11	190010	51599999	2	1	1	3
11	51600000	55699999	2	1	1	3
11	55700000	134442500	2	1	1	3
12	110107	33299999	2	1	1	3
12	33300000	38199999	2	1	1	2
12	38200000	132342500	2	1	1	3
12	132342501	133851894	2	1	1	2
13	1	16299999	NA	NA	NA	NA
13	16300000	19499999	2	1	1	2
13	19500000	81999037	2	1	1	3
13	81999038	81999068	2	1	1	2
13	81999069	87766513	3	2	1	3
13	87766514	87766661	3	2	1	2
13	87766662	114137500	3	2	1	3
13	114137501	115169877	3	2	1	2
14	1	16099999	NA	NA	NA	NA
14	16100000	19099999	2	2	0	1
14	19100000	20375050	2	1	1	1
14	20375051	106089616	2	1	1	3
14	106089617	106212108	0	0	0	1
14	106212109	106326658	0	0	0	1
14	106326659	106329517	2	1	1	2
14	106329518	106382687	1	1	0	2
14	106382688	106743163	1	1	0	2
15	1	15799999	NA	NA	NA	NA
15	15800000	20699999	2	1	1	2
15	20700000	22392499	2	1	1	2
15	22392500	100332500	2	1	1	3
15	100332501	102431166	2	1	1	2
16	100010	14729470	2	1	1	3
16	14729471	34599999	2	1	1	3
16	34600000	38599999	2	1	1	3
16	38600000	88819982	2	1	1	3
16	88819983	90354752	2	1	1	3
17	12500	22199999	2	1	1	3
17	22200000	25799999	2	1	1	3
17	25800000	78772500	2	1	1	3
17	78772501	81195209	2	1	1	2
18	27500	15399999	2	1	1	3
18	15400000	18999999	2	1	1	3
18	19000000	27492373	2	1	1	3
18	27492374	28309561	3	2	1	3
18	28309562	60793555	2	1	1	3
18	60793556	60793601	2	1	1	2
18	60793602	76117000	2	1	1	3
18	76117001	78077247	2	1	1	2
19	102500	260136	2	1	1	2
19	260137	24399999	2	1	1	3
19	24400000	28599999	2	1	1	2
19	28600000	59128982	2	1	1	3
20	17500	25599999	2	1	1	3
20	25600000	29399999	2	1	1	3
20	29400000	62432500	2	1	1	3
21	1	9417499	NA	NA	NA	NA
21	9417500	10899999	NA	NA	NA	NA
21	10900000	14299999	2	1	1	2
21	14300000	46937500	2	1	1	3
21	46937501	48129894	2	1	1	2
22	1	12199999	NA	NA	NA	NA
22	12200000	17899999	2	1	1	3
22	17900000	49687500	2	1	1	3
22	49687501	51304565	2	1	1	2
X	1	58099999	1	1	0	3
X	58100000	62999999	1	1	0	3
X	63000000	155270559	1	1	0	3
Y	1	11599999	1	1	0	1
Y	11600000	13399999	1	1	0	1
Y	13400000	59373565	1	1	0	1
