chromosome	start	end	total_cn	major_cn	minor_cn	star
1	10001	790008	3	2	1	3
1	790009	4753192	3	2	1	3
1	4753193	8422146	1	1	0	3
1	8422147	16903420	3	2	1	3
1	16903421	21422266	3	2	1	3
1	21422267	23620927	2	2	0	3
1	23620928	23928663	0	0	0	2
1	23928664	24231129	2	2	0	2
1	24231130	26759987	3	2	1	3
1	26759988	121499999	2	1	1	3
1	121500000	128899999	2	1	1	2
1	128900000	143733938	2	1	1	2
1	143733939	144812889	2	1	1	2
1	144812890	149852500	3	2	1	2
1	149852501	247247500	3	2	1	2
1	247247501	249250620	3	2	1	2
2	55926	89159119	2	1	1	3
2	89159120	89161435	2	1	1	2
2	89161436	90499999	2	1	1	2
2	90500000	96799999	2	1	1	3
2	96800000	242955889	2	1	1	3
3	100074	87899999	2	1	1	3
3	87900000	93899999	2	1	1	3
3	93900000	197847500	2	1	1	3
4	17501	64269	2	1	1	2
4	64270	48199999	2	1	1	3
4	48200000	52699999	2	1	1	3
4	52700000	191154275	2	1	1	3
5	22500	46099999	2	1	1	3
5	46100000	50699999	2	1	1	3
5	50700000	180689978	2	1	1	3
6	39681	201975	2	1	1	2
6	201976	58699999	2	1	1	3
6	58700000	63299999	2	1	1	3
6	63300000	170899934	2	1	1	3
7	40386	57999999	2	1	1	3
7	58000000	61699999	2	1	1	2
7	61700000	158817500	2	1	1	3
8	10001	170011	2	1	1	2
8	170012	43099999	2	1	1	3
8	43100000	48099999	2	1	1	3
8	48100000	128747627	2	1	1	3
8	128747628	128747663	2	1	1	3
8	128747664	146364021	2	1	1	3
9	47500	200620	2	1	1	2
9	200621	47299999	2	1	1	3
9	47300000	50699999	2	1	1	2
9	50700000	140267500	2	1	1	3
10	10001	130012	2	1	1	2
10	130013	37999999	2	1	1	3
10	38000000	42299999	2	1	1	3
10	42300000	135389924	2	1	1	3
11	20721	190009	2	1	1	2
11	190010	51599999	2	1	1	3
11	51600000	55699999	2	1	1	3
11	55700000	134442500	2	1	1	3
12	110107	193817	2	1	1	2
12	193818	33299999	2	1	1	3
12	33300000	38199999	2	1	1	3
12	38200000	132342500	2	1	1	3
12	132342501	133851894	2	1	1	2
13	1	16299999	2	1	1	1
13	16300000	19499999	2	1	1	2
13	19500000	114137500	2	1	1	3
13	114137501	115169877	2	1	1	2
14	1	16099999	2	1	1	1
14	16100000	19099999	2	1	1	2
14	19100000	106212688	2	1	1	3
14	106212689	106329469	1	1	0	1
14	106329470	106330376	4	3	1	2
14	106330377	106330458	2	1	1	2
14	106330459	106452800	1	1	0	1
14	106452801	106829592	1	1	0	1
15	1	15799999	2	1	1	1
15	15800000	20699999	2	1	1	2
15	20700000	100332500	2	1	1	3
15	100332501	102531391	2	1	1	2
16	100010	34599999	2	1	1	3
16	34600000	38599999	2	1	1	3
16	38600000	46447499	2	1	1	2
16	46447500	88822500	2	1	1	3
16	88822501	90354752	2	1	1	3
17	12500	22199999	2	1	1	3
17	22200000	25799999	2	1	1	2
17	25800000	78772500	2	1	1	3
17	78772501	81195209	2	1	1	3
18	27500	15399999	2	1	1	3
18	15400000	18999999	2	1	1	3
18	19000000	76112500	2	1	1	3
18	76112501	78077247	2	1	1	3
19	102500	260136	2	1	1	3
19	260137	24399999	2	1	1	3
19	24400000	28599999	2	1	1	2
19	28600000	59128982	2	1	1	3
20	32012	25599999	2	1	1	3
20	25600000	29399999	2	1	1	3
20	29400000	62432500	2	1	1	3
21	1	9417499	NA	NA	NA	NA
21	9417500	10899999	NA	NA	NA	NA
21	10900000	15277511	2	1	1	2
21	15277512	46937500	2	1	1	3
21	46937501	48129894	2	1	1	2
22	1	12199999	2	1	1	1
22	12200000	17899999	2	1	1	3
22	17900000	22677313	2	1	1	3
22	22677314	23241800	1	1	0	2
22	23241801	49687500	2	1	1	3
22	49687501	51304565	2	1	1	3
X	1	58099999	1	1	0	3
X	58100000	62999999	1	1	0	3
X	63000000	155270559	1	1	0	3
Y	1	11599999	1	1	0	1
Y	11600000	13399999	1	1	0	1
Y	13400000	59373565	1	1	0	1
