chromosome	start	end	total_cn	major_cn	minor_cn	star
1	1	14235879	4	2	2	3
1	14235880	14243629	4	2	2	3
1	14243630	15023897	4	2	2	3
1	15023898	15025738	4	2	2	3
1	15025739	27662750	4	2	2	3
1	27662751	27662942	4	2	2	3
1	27662943	63951125	4	2	2	3
1	63951126	63992234	4	2	2	2
1	63992235	70783934	4	2	2	2
1	70783935	70802323	4	2	2	2
1	70802324	73337580	4	2	2	3
1	73337581	73339101	4	2	2	2
1	73339102	121499999	4	2	2	3
1	121500000	128899999	4	2	2	2
1	128900000	143209938	4	2	2	2
1	143209939	144921819	4	2	2	2
1	144921820	173250465	3	2	1	2
1	173250466	173250490	3	2	1	2
1	173250491	174170889	3	2	1	2
1	174170890	174496708	3	2	1	1
1	174496709	189750040	3	2	1	2
1	189750041	190721803	5	3	2	3
1	190721804	191683205	5	3	2	3
1	191683206	191685502	5	3	2	3
1	191685503	194664290	5	3	2	2
1	194664291	194668246	6	3	3	2
1	194668247	196382147	5	3	2	3
1	196382148	196382178	5	3	2	2
1	196382179	223305804	5	3	2	3
1	223305805	223322739	4	2	2	3
1	223322740	226332639	5	3	2	3
1	226332640	226333671	5	3	2	3
1	226333672	226333693	5	3	2	2
1	226333694	226334129	5	3	2	2
1	226334130	248711856	5	3	2	3
1	248711857	248900514	5	3	2	1
2	20016	18781062	4	2	2	3
2	18781063	18945180	4	2	2	3
2	18945181	19457797	2	2	0	2
2	19457798	21585398	4	2	2	3
2	21585399	42332416	4	2	2	3
2	42332417	42340605	4	2	2	1
2	42340606	44333549	4	2	2	3
2	44333550	44334283	4	2	2	3
2	44334284	78033015	4	2	2	3
2	78033016	78034051	4	2	2	3
2	78034052	80919906	4	2	2	3
2	80919907	80921458	4	2	2	1
2	80921459	85086271	4	2	2	3
2	85086272	85087367	4	2	2	3
2	85087368	86569705	4	2	2	3
2	86569706	86571226	4	2	2	3
2	86571227	90499999	4	2	2	3
2	90500000	96799999	4	2	2	3
2	96800000	116875598	4	2	2	3
2	116875599	116875654	4	2	2	3
2	116875655	133715053	4	2	2	3
2	133715054	133876725	4	2	2	2
2	133876726	141892369	4	2	2	3
2	141892370	141961626	2	2	0	2
2	141961627	142644468	4	2	2	2
2	142644469	142644958	4	2	2	1
2	142644959	142648338	6	4	2	2
2	142648339	142650273	6	4	2	2
2	142650274	142677572	6	4	2	2
2	142677573	142745329	4	2	2	3
2	142745330	142756995	4	2	2	1
2	142756996	143608315	4	2	2	3
2	143608316	147691785	4	2	2	3
2	147691786	147691836	4	2	2	3
2	147691837	159974245	4	2	2	3
2	159974246	160037000	4	2	2	2
2	160037001	166020550	4	2	2	2
2	166020551	185641750	4	2	2	3
2	185641751	185641772	4	2	2	2
2	185641773	185641863	4	2	2	2
2	185641864	185895045	4	2	2	2
2	185895046	186225101	2	2	0	2
2	186225102	186441517	4	2	2	2
2	186441518	186516712	5	3	2	2
2	186516713	186928505	4	2	2	2
2	186928506	187162220	2	2	0	2
2	187162221	187379603	4	2	2	2
2	187379604	187426295	5	3	2	2
2	187426296	212845405	4	2	2	3
2	212845406	212845436	4	2	2	3
2	212845437	212845485	4	2	2	2
2	212845486	232501568	4	2	2	3
2	232501569	238090633	2	2	0	3
2	238090634	240298741	4	2	2	2
2	240298742	240329872	6	4	2	2
2	240329873	242985695	4	2	2	2
3	100074	635009	0	0	0	2
3	635010	2962009	2	2	0	2
3	2962010	2964158	2	2	0	2
3	2964159	6998142	2	2	0	2
3	6998143	6998332	2	2	0	2
3	6998333	21037237	2	2	0	2
3	21037238	22646494	2	2	0	2
3	22646495	29195191	2	2	0	2
3	29195192	31481060	0	0	0	2
3	31481061	33490759	2	2	0	2
3	33490760	33491778	2	2	0	2
3	33491779	61912500	2	2	0	2
3	61912501	61920075	2	2	0	2
3	61920076	75432499	2	2	0	2
3	75432500	75562500	2	2	0	2
3	75562501	84571431	2	2	0	2
3	84571432	84572237	2	2	0	2
3	84572238	87411833	2	2	0	3
3	87411834	87412782	2	2	0	3
3	87412783	87899999	2	2	0	2
3	87900000	93899999	NA	NA	NA	NA
3	93900000	99709613	6	5	1	2
3	99709614	99715696	6	5	1	2
3	99715697	104425927	6	5	1	2
3	104425928	104427308	6	5	1	2
3	104427309	106739396	4	3	1	2
3	106739397	106739430	4	3	1	2
3	106739431	134196548	4	3	1	2
3	134196549	134197595	4	3	1	2
3	134197596	134201821	4	3	1	2
3	134201822	151146123	4	3	1	2
3	151146124	151148045	4	3	1	2
3	151148046	155934320	4	3	1	2
3	155934321	155934550	4	3	1	2
3	155934551	174055405	4	3	1	2
3	174055406	174061284	4	3	1	2
3	174061285	174710378	4	3	1	2
3	174710379	175115317	3	2	1	2
3	175115318	198022429	4	3	1	2
4	57930	21167279	3	2	1	2
4	21167280	21168396	3	2	1	2
4	21168397	21789039	3	2	1	2
4	21789040	21819416	3	2	1	2
4	21819417	29147082	3	2	1	2
4	29147083	29154059	5	3	2	2
4	29154060	37670759	3	2	1	2
4	37670760	37708279	3	2	1	2
4	37708280	39745058	3	2	1	2
4	39745059	39745223	3	2	1	2
4	39745224	43855844	3	2	1	2
4	43855845	48199999	3	2	1	2
4	48200000	52699999	3	2	1	2
4	52700000	64842423	3	2	1	2
4	64842424	64846335	2	2	0	2
4	64846336	75199045	3	2	1	2
4	75199046	75328232	4	2	2	2
4	75328233	86638519	3	2	1	2
4	86638520	86876678	1	1	0	2
4	86876679	113575239	3	2	1	2
4	113575240	113578400	3	2	1	2
4	113578401	113578728	3	2	1	2
4	113578729	113578785	3	2	1	2
4	113578786	118655484	3	2	1	2
4	118655485	118659364	3	2	1	2
4	118659365	129939967	3	2	1	2
4	129939968	137142930	3	2	1	2
4	137142931	160979945	3	2	1	2
4	160979946	161231075	2	2	0	3
4	161231076	164976743	3	2	1	2
4	164976744	165213153	1	1	0	2
4	165213154	182396585	3	2	1	2
4	182396586	182563104	1	1	0	2
4	182563105	187379781	3	2	1	2
4	187379782	187549942	1	1	0	2
4	187549943	189699435	3	2	1	2
4	189699436	190790246	1	1	0	2
5	50084	850202	7	5	2	2
5	850203	1681091	7	5	2	2
5	1681092	1683086	7	5	2	1
5	1683087	8702760	7	5	2	2
5	8702761	12762493	7	5	2	2
5	12762494	12890899	7	5	2	1
5	12890900	19397351	7	5	2	2
5	19397352	19398470	7	5	2	2
5	19398471	21900071	7	5	2	2
5	21900072	27782213	7	5	2	2
5	27782214	30548750	7	5	2	2
5	30548751	45717337	7	5	2	3
5	45717338	46099999	6	4	2	2
5	46100000	50699999	NA	NA	NA	NA
5	50700000	100948281	2	2	0	2
5	100948282	100951913	2	2	0	2
5	100951914	103170876	2	2	0	2
5	103170877	103172617	2	2	0	2
5	103172618	124944279	2	2	0	2
5	124944280	150207971	2	2	0	2
5	150207972	150252734	2	2	0	2
5	150252735	180712500	2	2	0	2
6	39681	203396	4	4	0	1
6	203397	13191014	4	4	0	3
6	13191015	13191325	4	4	0	3
6	13191326	13191344	4	4	0	2
6	13191345	13191440	4	4	0	2
6	13191441	13191457	4	4	0	2
6	13191458	13191476	4	4	0	2
6	13191477	18046178	4	4	0	2
6	18046179	18046211	4	4	0	2
6	18046212	19771759	4	4	0	3
6	19771760	28334696	4	4	0	2
6	28334697	29844385	4	4	0	2
6	29844386	29855401	4	4	0	2
6	29855402	29919999	1	1	0	1
6	29920000	32477277	4	4	0	2
6	32477278	32534985	4	4	0	2
6	32534986	37948382	4	4	0	3
6	37948383	37995072	4	4	0	2
6	37995073	49769859	4	4	0	3
6	49769860	49769925	4	4	0	3
6	49769926	58699999	4	4	0	3
6	58700000	63299999	4	4	0	2
6	63300000	72451000	4	4	0	2
6	72451001	72451054	4	4	0	2
6	72451055	72756096	4	4	0	2
6	72756097	72756157	4	4	0	2
6	72756158	85567959	4	4	0	2
6	85567960	89050492	4	4	0	2
6	89050493	103762601	4	4	0	2
6	103762602	104674135	4	4	0	2
6	104674136	104680946	4	4	0	2
6	104680947	114987040	4	4	0	2
6	114987041	114989927	4	4	0	2
6	114989928	118105131	4	4	0	2
6	118105132	118105349	4	4	0	2
6	118105350	125851874	4	4	0	2
6	125851875	139567779	4	4	0	2
6	139567780	139568551	4	4	0	2
6	139568552	152957364	4	4	0	2
6	152957365	152958563	4	4	0	2
6	152958564	170924324	4	4	0	2
7	40386	2235761	4	2	2	3
7	2235762	2311316	4	2	2	1
7	2311317	5427288	4	2	2	3
7	5427289	5480558	6	4	2	1
7	5480559	5480571	6	4	2	1
7	5480572	5646238	6	4	2	1
7	5646239	53648489	4	2	2	3
7	53648490	53648840	4	2	2	2
7	53648841	53648873	4	2	2	2
7	53648874	53649664	4	2	2	2
7	53649665	57999999	4	2	2	3
7	58000000	61699999	4	2	2	2
7	61700000	61900320	4	2	2	2
7	61900321	72195871	2	2	0	3
7	72195872	72201127	2	2	0	3
7	72201128	73610698	2	2	0	3
7	73610699	73611425	2	2	0	3
7	73611426	82163273	2	2	0	2
7	82163274	108401108	4	2	2	3
7	108401109	114856540	4	2	2	3
7	114856541	114856590	4	2	2	3
7	114856591	121267179	4	2	2	3
7	121267180	121654139	6	4	2	2
7	121654140	146474671	4	2	2	3
7	146474672	146474688	4	2	2	3
7	146474689	152680218	4	2	2	2
7	152680219	152680272	4	2	2	2
7	152680273	158821400	4	2	2	2
8	1	163225	3	3	0	2
8	163226	3462161	3	3	0	2
8	3462162	3571628	2	2	0	2
8	3571629	3599950	3	3	0	2
8	3599951	3654190	3	3	0	2
8	3654191	3744025	1	1	0	2
8	3744026	3919181	3	3	0	2
8	3919182	3969525	1	1	0	2
8	3969526	4029640	3	3	0	2
8	4029641	4029693	3	3	0	1
8	4029694	4078462	1	1	0	2
8	4078463	4286434	0	0	0	2
8	4286435	4384025	2	2	0	2
8	4384026	8089601	3	3	0	2
8	8089602	19880249	3	3	0	2
8	19880250	43099999	3	3	0	2
8	43100000	48099999	3	3	0	2
8	48100000	48366145	3	3	0	2
8	48366146	48381837	2	2	0	1
8	48381838	48413282	2	2	0	1
8	48413283	48673668	2	2	0	2
8	48673669	72370319	3	3	0	2
8	72370320	77612911	3	3	0	2
8	77612912	84328291	3	3	0	2
8	84328292	84755258	2	2	0	2
8	84755259	86137904	3	3	0	3
8	86137905	86171447	1	1	0	3
8	86171448	89993267	3	3	0	3
8	89993268	89993311	3	3	0	3
8	89993312	108196560	3	3	0	2
8	108196561	125544551	4	4	0	2
8	125544552	125545471	4	4	0	2
8	125545472	132628801	4	4	0	2
8	132628802	132632024	4	4	0	1
8	132632025	132805904	6	6	0	2
8	132805905	132806039	5	5	0	2
8	132806040	132807001	6	6	0	1
8	132807002	135082455	2	2	0	3
8	135082456	135083011	2	2	0	3
8	135083012	146364021	2	2	0	3
9	47500	9885026	5	5	0	2
9	9885027	9987383	4	4	0	2
9	9987384	10027953	4	4	0	2
9	10027954	11832001	5	5	0	2
9	11832002	21975743	5	5	0	2
9	21975744	22010642	5	5	0	2
9	22010643	24123412	5	5	0	2
9	24123413	26792670	5	5	0	2
9	26792671	28724637	4	4	0	3
9	28724638	28811638	3	3	0	2
9	28811639	30045881	4	4	0	3
9	30045882	47299999	4	2	2	3
9	47300000	50699999	4	2	2	2
9	50700000	83025569	4	2	2	3
9	83025570	83027156	4	2	2	3
9	83027157	95361121	4	2	2	3
9	95361122	95361998	4	2	2	3
9	95361999	97488898	4	2	2	3
9	97488899	97827307	4	2	2	1
9	97827308	130233807	4	2	2	3
9	130233808	130234527	4	2	2	2
9	130234528	140273200	4	2	2	3
10	90127	7961431	4	2	2	3
10	7961432	14933532	4	2	2	2
10	14933533	14933609	4	2	2	2
10	14933610	37999999	4	2	2	3
10	38000000	42299999	4	2	2	3
10	42300000	56076797	4	2	2	3
10	56076798	56076864	4	2	2	3
10	56076865	56076927	4	2	2	2
10	56076928	116191758	4	2	2	3
10	116191759	135389924	4	2	2	3
11	20721	198449	3	2	1	2
11	198450	30340692	3	2	1	3
11	30340693	30616762	4	2	2	2
11	30616763	30627880	4	2	2	2
11	30627881	44159444	4	2	2	3
11	44159445	48560886	4	2	2	2
11	48560887	48567560	4	2	2	2
11	48567561	49984741	4	2	2	3
11	49984742	49985542	4	2	2	2
11	49985543	49991413	4	2	2	1
11	49991414	50607457	5	3	2	2
11	50607458	51419763	4	2	2	3
11	51419764	51422498	4	2	2	2
11	51422499	51424465	4	2	2	2
11	51424466	55699999	4	2	2	2
11	55700000	60590206	4	2	2	3
11	60590207	60591850	4	2	2	2
11	60591851	60604405	6	4	2	2
11	60604406	67919993	5	3	2	2
11	67919994	68260283	5	3	2	2
11	68260284	68358081	11	9	2	2
11	68358082	68385942	5	3	2	2
11	68385943	68820319	8	6	2	2
11	68820320	69183679	9	7	2	2
11	69183680	69186025	8	6	2	2
11	69186026	69188093	8	6	2	2
11	69188094	69193961	8	6	2	2
11	69193962	69396493	5	3	2	2
11	69396494	69396895	9	7	2	2
11	69396896	70049422	5	3	2	2
11	70049423	70314311	11	9	2	1
11	70314312	70314350	11	9	2	1
11	70314351	70316454	11	9	2	1
11	70316455	70316473	6	4	2	2
11	70316474	71739795	6	4	2	3
11	71739796	71757831	6	4	2	2
11	71757832	71760278	4	2	2	1
11	71760279	71761179	4	2	2	1
11	71761180	82462879	4	2	2	3
11	82462880	82545426	2	2	0	2
11	82545427	92876412	4	2	2	3
11	92876413	92880954	4	2	2	3
11	92880955	92882381	4	2	2	2
11	92882382	92884839	4	2	2	2
11	92884840	92886117	4	2	2	2
11	92886118	93161830	4	2	2	3
11	93161831	127262291	4	2	2	3
11	127262292	127262334	4	2	2	3
11	127262335	134452200	4	2	2	3
12	110107	210681	4	2	2	2
12	210682	18988716	4	2	2	3
12	18988717	18988733	4	2	2	3
12	18988734	26515047	4	2	2	3
12	26515048	26532953	6	4	2	2
12	26532954	33299999	4	2	2	2
12	33300000	38321452	4	2	2	3
12	38321453	38321463	4	2	2	3
12	38321464	66451370	4	2	2	3
12	66451371	66451473	4	2	2	3
12	66451474	71020033	4	2	2	3
12	71020034	71020243	4	2	2	3
12	71020244	71020752	4	2	2	2
12	71020753	129634292	4	2	2	3
12	129634293	132349400	4	2	2	3
12	132349401	133851894	4	2	2	3
13	1	16299999	4	2	2	1
13	16300000	19499999	4	2	2	2
13	19500000	20141758	4	2	2	2
13	20141759	35660297	4	2	2	2
13	35660298	35662445	4	2	2	2
13	35662446	36070029	3	2	1	2
13	36070030	36605485	4	2	2	2
13	36605486	36605531	4	2	2	2
13	36605532	54619989	4	2	2	2
13	54619990	56699997	5	3	2	2
13	56699998	61460278	4	2	2	2
13	61460279	61460674	4	2	2	2
13	61460675	61461588	4	2	2	2
13	61461589	61461621	4	2	2	2
13	61461622	61461632	4	2	2	2
13	61461633	61461770	4	2	2	2
13	61461771	61461827	4	2	2	2
13	61461828	61461879	4	2	2	2
13	61461880	66282176	4	2	2	2
13	66282177	67519866	4	2	2	2
13	67519867	73199562	4	2	2	2
13	73199563	74364228	7	5	2	2
13	74364229	87890289	4	2	2	2
13	87890290	87972781	6	4	2	2
13	87972782	88005649	6	4	2	1
13	88005650	97233922	6	4	2	2
13	97233923	97234018	6	4	2	2
13	97234019	114848960	6	4	2	2
13	114848961	114880694	6	4	2	1
14	1	16099999	4	2	2	1
14	16100000	19099999	4	2	2	2
14	19100000	22550009	4	2	2	3
14	22550010	23015873	4	2	2	2
14	23015874	41041440	4	2	2	3
14	41041441	41041482	4	2	2	3
14	41041483	49883953	4	2	2	3
14	49883954	50748643	4	2	2	3
14	50748644	50822172	6	4	2	3
14	50822173	59220491	4	2	2	3
14	59220492	59220607	4	2	2	3
14	59220608	65638770	4	2	2	3
14	65638771	65640022	4	2	2	3
14	65640023	91527184	4	2	2	3
14	91527185	91667038	4	2	2	2
14	91667039	106399989	4	2	2	3
15	1	15799999	4	2	2	1
15	15800000	20699999	4	2	2	2
15	20700000	27083723	4	2	2	2
15	27083724	27292937	6	4	2	2
15	27292938	71791050	4	2	2	3
15	71791051	71857451	6	4	2	2
15	71857452	94403326	4	2	2	3
15	94403327	97854211	7	5	2	2
15	97854212	97892624	4	2	2	2
15	97892625	100338800	7	5	2	2
15	100338801	102431166	7	5	2	2
16	83807	15959575	4	2	2	3
16	15959576	15959787	4	2	2	2
16	15959788	34599999	4	2	2	3
16	34600000	38599999	4	2	2	2
16	38600000	46447499	4	2	2	2
16	46447500	71075160	4	2	2	3
16	71075161	78996061	4	2	2	3
16	78996062	79386136	6	4	2	2
16	79386137	88827200	4	2	2	3
16	88827201	90354752	4	2	2	2
17	20080	4848947	4	4	0	3
17	4848948	4850162	4	4	0	2
17	4850163	4851869	4	4	0	2
17	4851870	16691291	4	4	0	3
17	16691292	16726201	1	1	0	1
17	16726202	18319170	4	4	0	2
17	18319171	18454656	4	4	0	2
17	18454657	22199999	4	4	0	3
17	22200000	25799999	NA	NA	NA	NA
17	25800000	39775692	4	2	2	3
17	39775693	39779285	4	2	2	2
17	39779286	39780195	4	2	2	2
17	39780196	39780873	4	2	2	2
17	39780874	79762286	4	2	2	3
17	79762287	79867959	4	2	2	1
17	79867960	81195209	4	2	2	2
18	27500	5289671	4	2	2	3
18	5289672	5290714	4	2	2	2
18	5290715	11294310	4	2	2	3
18	11294311	11294359	4	2	2	3
18	11294360	15399999	4	2	2	3
18	15400000	18999999	4	2	2	3
18	19000000	48312998	4	2	2	2
18	48312999	48313908	4	2	2	2
18	48313909	75790803	4	2	2	2
18	75790804	76117000	5	3	2	2
18	76117001	76500028	5	3	2	2
18	76500029	78077247	2	2	0	2
19	102500	226775	2	2	0	2
19	226776	3816324	2	2	0	2
19	3816325	16212263	3	2	1	3
19	16212264	16212724	3	2	1	2
19	16212725	16212747	3	2	1	2
19	16212748	16213815	3	2	1	2
19	16213816	24399999	3	2	1	3
19	24400000	28599999	3	2	1	3
19	28600000	59128982	3	2	1	3
20	32139	8401529	6	4	2	2
20	8401530	8491537	5	3	2	2
20	8491538	15299080	6	4	2	2
20	15299081	25599999	6	4	2	2
20	25600000	29399999	6	4	2	2
20	29400000	43869632	6	4	2	2
20	43869633	62432500	6	4	2	2
21	1	10899999	NA	NA	NA	NA
21	10900000	14405442	5	4	1	1
21	14405443	15240034	2	2	0	2
21	15240035	15273231	0	0	0	1
21	15273232	30554918	2	2	0	2
21	30554919	43485113	2	2	0	2
21	43485114	46937500	2	2	0	3
21	46937501	48129894	2	2	0	3
22	1	12199999	4	2	2	1
22	12200000	17899999	4	2	2	3
22	17900000	29065220	4	2	2	3
22	29065221	29065411	4	2	2	3
22	29065412	29065466	4	2	2	2
22	29065467	29065499	4	2	2	2
22	29065500	29065541	4	2	2	2
22	29065542	29065721	4	2	2	2
22	29065722	29065870	4	2	2	2
22	29065871	29065956	4	2	2	2
22	29065957	29065975	4	2	2	2
22	29065976	29066135	4	2	2	2
22	29066136	29066158	4	2	2	2
22	29066159	31827085	4	2	2	3
22	31827086	31829392	4	2	2	3
22	31829393	33899656	4	2	2	3
22	33899657	34345588	2	2	0	3
22	34345589	49687500	4	2	2	3
22	49687501	51304565	4	2	2	2
X	1	11951627	2	2	0	3
X	11951628	11952982	2	2	0	1
X	11952983	11953190	1	1	0	1
X	11953191	11953430	NA	NA	NA	NA
X	11953431	36558512	2	2	0	3
X	36558513	58099999	2	2	0	3
X	58100000	62999999	2	2	0	3
X	63000000	93756574	2	2	0	3
X	93756575	93756714	2	2	0	1
X	93756715	96269953	2	2	0	3
X	96269954	96295436	2	2	0	1
X	96295437	96295854	1	1	0	1
X	96295855	96322437	1	1	0	3
X	96322438	96435688	1	1	0	1
X	96435689	96499631	2	2	0	1
X	96499632	96501378	2	2	0	1
X	96501379	150206744	2	2	0	3
X	150206745	150206799	2	2	0	1
X	150206800	151682496	2	2	0	3
X	151682497	155270559	2	2	0	3
Y	1	10085802	0	0	0	1
Y	10085803	11599999	0	0	0	1
Y	11600000	13522001	NA	NA	NA	NA
Y	13522002	59373565	0	0	0	1
