chromosome	start	end	total_cn	major_cn	minor_cn	star
1	1	840008	3	2	1	2
1	840009	5737319	3	2	1	2
1	5737320	21481784	3	2	1	2
1	21481785	21517068	4	3	1	2
1	21517069	21553395	3	2	1	2
1	21553396	22359293	2	1	1	2
1	22359294	38320157	2	1	1	2
1	38320158	38323875	1	1	0	2
1	38323876	72582054	2	1	1	2
1	72582055	121499999	2	1	1	3
1	121500000	128899999	2	1	1	3
1	128900000	142537002	2	1	1	2
1	142537003	142677938	2	1	1	2
1	142677939	168601924	2	1	1	3
1	168601925	168884362	3	2	1	3
1	168884363	189428071	2	1	1	3
1	189428072	189579065	1	1	0	2
1	189579066	196050888	2	1	1	3
1	196050889	196050937	2	1	1	3
1	196050938	247247500	2	1	1	3
1	247247501	249250620	2	1	1	3
2	42991	11133500	2	1	1	3
2	11133501	11133971	2	1	1	3
2	11133972	52431112	2	1	1	3
2	52431113	52432422	2	1	1	3
2	52432423	60264392	2	1	1	3
2	60264393	60281295	1	1	0	2
2	60281296	90499999	2	1	1	3
2	90500000	96799999	2	1	1	3
2	96800000	141598379	2	1	1	3
2	141598380	163072348	2	1	1	3
2	163072349	182867426	2	1	1	3
2	182867427	182867483	2	1	1	3
2	182867484	227863153	2	1	1	3
2	227863154	227863925	2	1	1	3
2	227863926	232863977	2	1	1	3
2	232863978	242985493	2	1	1	2
3	100074	29093135	1	1	0	2
3	29093136	60272712	1	1	0	2
3	60272713	60649278	0	0	0	3
3	60649279	75423244	1	1	0	2
3	75423245	75583202	1	1	0	2
3	75583203	87899999	1	1	0	2
3	87900000	93899999	1	1	0	2
3	93900000	103784355	1	1	0	2
3	103784356	103784377	1	1	0	2
3	103784378	103784420	1	1	0	2
3	103784421	118727515	1	1	0	2
3	118727516	118819890	3	3	0	2
3	118819891	186374123	1	1	0	2
3	186374124	186374335	1	1	0	2
3	186374336	188193774	1	1	0	2
3	188193775	188197964	1	1	0	2
3	188197965	198022429	1	1	0	2
4	44436	21062478	1	1	0	2
4	21062479	21105890	1	1	0	2
4	21105891	31048136	1	1	0	2
4	31048137	31048168	1	1	0	2
4	31048169	31048273	1	1	0	2
4	31048274	31048448	1	1	0	2
4	31048449	31048470	1	1	0	2
4	31048471	31048481	1	1	0	2
4	31048482	31048529	1	1	0	2
4	31048530	31048572	1	1	0	2
4	31048573	31048705	1	1	0	2
4	31048706	31048725	1	1	0	2
4	31048726	31048742	1	1	0	2
4	31048743	31048765	1	1	0	2
4	31048766	31048796	1	1	0	2
4	31048797	31048845	1	1	0	2
4	31048846	35381441	1	1	0	2
4	35381442	35381479	1	1	0	2
4	35381480	48199999	1	1	0	2
4	48200000	52699999	1	1	0	2
4	52700000	67756046	1	1	0	2
4	67756047	67756110	1	1	0	3
4	67756111	70128959	1	1	0	2
4	70128960	126206172	1	1	0	2
4	126206173	127197677	3	2	1	2
4	127197678	127197802	3	2	1	2
4	127197803	131169851	3	2	1	2
4	131169852	131171454	3	2	1	2
4	131171455	149432751	3	2	1	2
4	149432752	149434081	3	2	1	2
4	149434082	152732488	3	2	1	2
4	152732489	152732635	3	2	1	2
4	152732636	152732649	3	2	1	2
4	152732650	152732670	3	2	1	2
4	152732671	173522019	3	2	1	2
4	173522020	173522076	3	2	1	2
4	173522077	175877227	3	2	1	2
4	175877228	189986871	2	2	0	2
4	189986872	190987500	3	2	1	2
5	49928	851581	1	1	0	2
5	851582	16464563	1	1	0	2
5	16464564	46099999	1	1	0	2
5	46100000	50699999	1	1	0	2
5	50700000	59167443	1	1	0	2
5	59167444	59169066	1	1	0	2
5	59169067	59219066	0	0	0	2
5	59219067	59275696	1	1	0	2
5	59275697	59543807	0	0	0	3
5	59543808	87812600	1	1	0	2
5	87812601	141906104	1	1	0	2
5	141906105	141907267	1	1	0	2
5	141907268	158639018	1	1	0	2
5	158639019	158639945	1	1	0	2
5	158639946	180689978	1	1	0	2
6	97750	4886456	2	1	1	3
6	4886457	4889004	2	1	1	3
6	4889005	18647041	2	1	1	3
6	18647042	18647160	2	1	1	3
6	18647161	18647350	2	1	1	2
6	18647351	18647361	2	1	1	2
6	18647362	18647773	2	1	1	2
6	18647774	18647916	2	1	1	2
6	18647917	18648045	2	1	1	2
6	18648046	18648529	2	1	1	2
6	18648530	58699999	2	1	1	3
6	58700000	63299999	2	1	1	3
6	63300000	68567440	2	1	1	3
6	68567441	69230310	1	1	0	2
6	69230311	75666078	2	1	1	2
6	75666079	75666118	2	1	1	2
6	75666119	76883707	2	1	1	2
6	76883708	77016873	2	1	1	2
6	77016874	92798523	1	1	0	2
6	92798524	92798542	1	1	0	2
6	92798543	92799276	1	1	0	2
6	92799277	92806245	1	1	0	2
6	92806246	92806385	1	1	0	2
6	92806386	92806564	1	1	0	2
6	92806565	124260115	1	1	0	2
6	124260116	136469871	2	1	1	3
6	136469872	136469915	2	1	1	3
6	136469916	160532160	2	1	1	3
6	160532161	160532269	2	1	1	3
6	160532270	162622354	2	1	1	3
6	162622355	163000668	1	1	0	2
6	163000669	166657858	2	1	1	3
6	166657859	166659039	2	1	1	3
6	166659040	170899934	2	1	1	3
7	40386	38116564	2	1	1	3
7	38116565	38118484	2	1	1	1
7	38118485	40589029	2	1	1	3
7	40589030	57999999	2	1	1	3
7	58000000	62183843	2	1	1	2
7	62183844	62183891	2	1	1	2
7	62183892	82381974	2	1	1	3
7	82381975	82381993	2	1	1	3
7	82381994	82382038	2	1	1	2
7	82382039	86119280	2	1	1	3
7	86119281	154076602	2	1	1	3
7	154076603	154077596	2	1	1	3
7	154077597	158821400	2	1	1	3
8	10001	170011	2	1	1	2
8	170012	5722289	2	1	1	2
8	5722290	5722332	2	1	1	2
8	5722333	43099999	2	1	1	2
8	43100000	48099999	2	1	1	2
8	48100000	71898983	2	1	1	2
8	71898984	71898995	2	1	1	2
8	71898996	117060352	2	1	1	2
8	117060353	146364021	2	1	1	2
9	47500	9589713	1	1	0	2
9	9589714	9597004	0	0	0	2
9	9597005	13468860	1	1	0	2
9	13468861	13470176	1	1	0	2
9	13470177	44790748	1	1	0	2
9	44790749	47299999	1	1	0	2
9	47300000	50699999	1	1	0	2
9	50700000	66598866	1	1	0	2
9	66598867	69999201	2	1	1	2
9	69999202	86890766	2	1	1	3
9	86890767	86891110	2	1	1	3
9	86891111	91469887	2	1	1	3
9	91469888	91469925	2	1	1	3
9	91469926	93247914	2	1	1	3
9	93247915	93249031	2	1	1	1
9	93249032	140273200	2	1	1	3
9	140273201	141019790	2	1	1	3
10	94426	29637002	2	1	1	3
10	29637003	29637030	2	1	1	3
10	29637031	37999999	2	1	1	3
10	38000000	42299999	2	1	1	3
10	42300000	67140010	2	1	1	3
10	67140011	67156239	3	2	1	2
10	67156240	78020053	2	1	1	3
10	78020054	78069432	1	1	0	3
10	78069433	82833022	2	1	1	3
10	82833023	82834285	2	1	1	2
10	82834286	85982824	2	1	1	3
10	85982825	85982920	2	1	1	3
10	85982921	103584928	2	1	1	3
10	103584929	103584941	2	1	1	3
10	103584942	105573010	2	1	1	3
10	105573011	105573923	2	1	1	2
10	105573924	107120865	2	1	1	3
10	107120866	107241096	1	1	0	3
10	107241097	107773857	2	1	1	3
10	107773858	107773909	2	1	1	3
10	107773910	107966638	2	1	1	3
10	107966639	112286775	1	1	0	3
10	112286776	114979426	2	1	1	3
10	114979427	114979477	2	1	1	2
10	114979478	115018784	2	1	1	2
10	115018785	115147991	1	1	0	3
10	115147992	122770621	2	1	1	2
10	122770622	123979527	2	1	1	2
10	123979528	129234414	2	1	1	2
10	129234415	129727581	2	1	1	3
10	129727582	129728052	2	1	1	2
10	129728053	135221262	2	1	1	2
11	234257	40975501	2	1	1	3
11	40975502	40975562	2	1	1	3
11	40975563	51599999	2	1	1	3
11	51600000	55699999	2	1	1	2
11	55700000	81074387	2	1	1	3
11	81074388	81074487	2	1	1	3
11	81074488	88966396	2	1	1	3
11	88966397	88966442	2	1	1	3
11	88966443	109104954	2	1	1	3
11	109104955	109104989	2	1	1	3
11	109104990	111466864	2	1	1	3
11	111466865	111566052	3	2	1	3
11	111566053	124389197	2	1	1	2
11	124389198	127561374	2	1	1	2
11	127561375	127562505	2	1	1	2
11	127562506	134452200	2	1	1	2
12	110107	3607431	2	1	1	2
12	3607432	3607616	2	1	1	2
12	3607617	22391871	2	1	1	2
12	22391872	22391932	2	1	1	2
12	22391933	33299999	2	1	1	2
12	33300000	38199999	NA	NA	NA	NA
12	38200000	46137032	1	1	0	2
12	46137033	46336219	0	0	0	3
12	46336220	50286880	1	1	0	2
12	50286881	51769861	2	1	1	3
12	51769862	55438333	1	1	0	3
12	55438334	56048672	2	1	1	3
12	56048673	61939143	1	1	0	2
12	61939144	67970629	2	1	1	3
12	67970630	67970888	2	1	1	3
12	67970889	99692297	2	1	1	3
12	99692298	101569910	2	1	1	3
12	101569911	101570040	2	1	1	3
12	101570041	124499612	2	1	1	3
12	124499613	124500030	2	1	1	3
12	124500031	132349400	2	1	1	3
12	132349401	133851894	2	1	1	3
13	1	16299999	2	1	1	1
13	16300000	19499999	2	1	1	2
13	19500000	29602947	2	1	1	3
13	29602948	29603674	2	1	1	3
13	29603675	40161845	2	1	1	3
13	40161846	60347983	2	1	1	3
13	60347984	88026053	2	1	1	3
13	88026054	88027113	2	1	1	3
13	88027114	96914167	2	1	1	3
13	96914168	97056932	3	2	1	3
13	97056933	114142800	2	1	1	3
13	114142801	115169877	2	1	1	3
14	1	16099999	1	1	0	1
14	16100000	19099999	1	1	0	1
14	19100000	20375050	1	1	0	2
14	20375051	27621172	1	1	0	2
14	27621173	27622206	1	1	0	2
14	27622207	31147743	1	1	0	2
14	31147744	31150672	1	1	0	2
14	31150673	62448834	1	1	0	2
14	62448835	62450426	1	1	0	2
14	62450427	106040989	1	1	0	2
14	106040990	106368400	1	1	0	2
15	1	15799999	2	1	1	1
15	15800000	20699999	2	1	1	2
15	20700000	55353404	2	1	1	3
15	55353405	55354228	2	1	1	2
15	55354229	87157651	2	1	1	3
15	87157652	87157693	2	1	1	3
15	87157694	91075399	2	1	1	3
15	91075400	91082171	2	1	1	1
15	91082172	100338800	2	1	1	3
15	100338801	102531391	2	1	1	3
16	100010	6316757	2	1	1	3
16	6316758	6504923	1	1	0	3
16	6504924	6635791	0	0	0	3
16	6635792	6915922	1	1	0	2
16	6915923	7177528	2	1	1	2
16	7177529	7190706	2	1	1	2
16	7190707	34599999	2	1	1	3
16	34600000	38599999	2	1	1	3
16	38600000	62584826	2	1	1	3
16	62584827	62584838	2	1	1	3
16	62584839	82863948	2	1	1	3
16	82863949	88827200	2	1	1	3
16	88827201	90354752	2	1	1	3
17	12500	6875416	1	1	0	3
17	6875417	13485436	1	1	0	3
17	13485437	13485456	1	1	0	3
17	13485457	18343080	1	1	0	3
17	18343081	22199999	1	1	0	3
17	22200000	25799999	NA	NA	NA	NA
17	25800000	55423453	2	1	1	3
17	55423454	55425500	2	1	1	3
17	55425501	78774600	2	1	1	3
17	78774601	81195209	2	1	1	3
18	27500	9277412	2	1	1	3
18	9277413	15239593	2	1	1	3
18	15239594	15244872	2	1	1	2
18	15244873	18999999	2	1	1	3
18	19000000	22848022	2	1	1	3
18	22848023	39070764	2	1	1	3
18	39070765	39070786	2	1	1	3
18	39070787	47868683	2	1	1	3
18	47868684	47868920	2	1	1	3
18	47868921	51234164	2	1	1	3
18	51234165	51234220	2	1	1	3
18	51234221	76117000	2	1	1	3
18	76117001	78077247	2	1	1	3
19	102500	260136	1	1	0	2
19	260137	9710567	1	1	0	3
19	9710568	14181107	2	1	1	3
19	14181108	24399999	2	1	1	3
19	24400000	28599999	2	1	1	2
19	28600000	54039427	2	1	1	3
19	54039428	54039553	2	1	1	3
19	54039554	59128982	2	1	1	3
20	17500	7127780	3	2	1	2
20	7127781	14134775	3	2	1	2
20	14134776	14635580	3	2	1	2
20	14635581	14966750	2	2	0	2
20	14966751	25599999	3	2	1	2
20	25600000	29399999	3	2	1	2
20	29400000	34633547	3	2	1	2
20	34633548	34634062	3	2	1	2
20	34634063	62432500	3	2	1	2
21	1	10899999	NA	NA	NA	NA
21	10900000	15273231	1	1	0	2
21	15273232	20965957	1	1	0	2
21	20965958	21080834	2	2	0	2
21	21080835	21395100	1	1	0	3
21	21395101	21395118	1	1	0	3
21	21395119	46937500	1	1	0	3
21	46937501	48129894	1	1	0	3
22	1	12199999	2	1	1	1
22	12200000	17899999	2	1	1	3
22	17900000	29065318	2	1	1	2
22	29065319	29065683	2	1	1	2
22	29065684	29065707	2	1	1	2
22	29065708	29065812	2	1	1	2
22	29065813	29065846	2	1	1	2
22	29065847	29065895	2	1	1	2
22	29065896	29065906	2	1	1	2
22	29065907	29065929	2	1	1	2
22	29065930	29065965	2	1	1	2
22	29065966	29066120	2	1	1	2
22	29066121	29066136	2	1	1	2
22	29066137	34909276	2	1	1	2
22	34909277	34910332	2	1	1	2
22	34910333	49687500	2	1	1	2
22	49687501	51304565	2	1	1	3
X	1	2700026	1	1	0	2
X	2700027	11257583	1	1	0	3
X	11257584	11274715	1	1	0	2
X	11274716	11731366	1	1	0	3
X	11731367	11731503	1	1	0	2
X	11731504	11732501	1	1	0	2
X	11732502	11732726	1	1	0	2
X	11732727	11732761	1	1	0	2
X	11732762	11733859	1	1	0	2
X	11733860	11735744	1	1	0	2
X	11735745	31950072	1	1	0	3
X	31950073	32001853	1	1	0	3
X	32001854	32070981	1	1	0	3
X	32070982	32450862	2	2	0	2
X	32450863	58099999	1	1	0	3
X	58100000	62999999	1	1	0	3
X	63000000	66493202	1	1	0	3
X	66493203	66636708	2	2	0	2
X	66636709	143503874	1	1	0	3
X	143503875	155270559	1	1	0	3
Y	1	11599999	0	0	0	1
Y	11600000	13399999	0	0	0	1
Y	13400000	59373565	NA	NA	NA	NA
