chromosome	start	end	total_cn	major_cn	minor_cn	star
1	1	6889905	3	2	1	2
1	6889906	12942119	3	2	1	1
1	12942120	22419592	3	2	1	2
1	22419593	23440001	3	2	1	2
1	23440002	31500072	3	2	1	2
1	31500073	51125504	3	2	1	2
1	51125505	51127859	3	2	1	2
1	51127860	52056291	2	1	1	2
1	52056292	52067446	3	2	1	2
1	52067447	121499999	3	2	1	2
1	121500000	128899999	3	2	1	1
1	128900000	143343001	3	2	1	2
1	143343002	151863601	3	2	1	1
1	151863602	153460034	6	4	2	2
1	153460035	160769999	6	4	2	2
1	160770000	161426401	5	3	2	2
1	161426402	171309993	6	4	2	2
1	171309994	171672201	6	4	2	2
1	171672202	181190007	6	4	2	2
1	181190008	199840086	6	4	2	2
1	199840087	205050325	5	3	2	2
1	205050326	205053956	4	3	1	2
1	205053957	205749956	4	2	2	2
1	205749957	229741801	6	4	2	2
1	229741802	236729646	6	4	2	2
1	236729647	236729698	4	2	2	2
1	236729699	238265344	6	4	2	2
1	238265345	238363545	10	8	2	2
1	238363546	240926201	6	4	2	2
1	240926202	244380550	6	4	2	2
1	244380551	247339320	5	3	2	2
1	247339321	247371285	7	5	2	2
1	247371286	249250620	6	4	2	2
2	20016	24031159	3	3	0	2
2	24031160	24288357	2	2	0	2
2	24288358	24349045	1	1	0	2
2	24349046	60854200	3	3	0	2
2	60854201	90499999	3	3	0	2
2	90500000	96799999	3	3	0	2
2	96800000	239143073	3	3	0	2
2	239143074	239148142	3	3	0	1
2	239148143	242951000	3	3	0	2
3	62425	9523802	5	3	2	2
3	9523803	10310376	3	2	1	2
3	10310377	33465723	5	3	2	2
3	33465724	33467797	5	3	2	2
3	33467798	75470000	5	3	2	2
3	75470001	87899999	5	3	2	2
3	87900000	93899999	NA	NA	NA	NA
3	93900000	159211612	2	2	0	2
3	159211613	164372005	5	3	2	2
3	164372006	183297789	2	2	0	2
3	183297790	183310063	2	2	0	1
3	183310064	185644885	2	2	0	2
3	185644886	185653375	1	1	0	2
3	185653376	197790227	2	2	0	2
4	27500	15040432	3	2	1	3
4	15040433	15056983	3	2	1	2
4	15056984	48199999	3	2	1	2
4	48200000	52699999	3	2	1	2
4	52700000	111535128	3	2	1	2
4	111535129	111542200	3	2	1	2
4	111542201	143277548	3	2	1	2
4	143277549	143279500	3	2	1	2
4	143279501	182083548	3	2	1	2
4	182083549	182103416	2	1	1	2
4	182103417	182105759	2	1	1	2
4	182105760	182195586	2	1	1	2
4	182195587	182241267	1	1	0	2
4	182241268	182352879	0	0	0	2
4	182352880	182460252	1	1	0	2
4	182460253	182462070	2	1	1	2
4	182462071	182818203	1	1	0	2
4	182818204	183162167	2	1	1	2
4	183162168	190790246	3	2	1	3
5	22500	46099999	2	1	1	2
5	46100000	50699999	2	1	1	2
5	50700000	85419698	2	1	1	2
5	85419699	85428134	2	1	1	2
5	85428135	155952798	2	1	1	2
5	155952799	155953070	2	1	1	2
5	155953071	155959591	2	1	1	2
5	155959592	155962048	2	1	1	2
5	155962049	180685900	2	1	1	2
6	39681	242500	5	3	2	1
6	242501	378969	5	3	2	2
6	378970	8954648	6	4	2	2
6	8954649	10265802	6	4	2	2
6	10265803	13860013	6	4	2	2
6	13860014	14845079	6	4	2	2
6	14845080	15348001	4	3	1	2
6	15348002	17059993	6	4	2	2
6	17059994	18380004	5	3	2	1
6	18380005	20570004	6	4	2	2
6	20570005	21970529	5	3	2	2
6	21970530	25943202	6	4	2	2
6	25943203	28970202	6	4	2	2
6	28970203	32243109	5	3	2	2
6	32243110	33189980	6	4	2	2
6	33189981	43718601	6	4	2	1
6	43718602	57567106	6	4	2	2
6	57567107	57575487	4	2	2	2
6	57575488	58147243	7	5	2	2
6	58147244	63299999	NA	NA	NA	NA
6	63300000	64106959	6	4	2	2
6	64106960	64239556	4	3	1	2
6	64239557	64985023	2	2	0	2
6	64985024	65050838	3	2	1	2
6	65050839	65581197	2	2	0	2
6	65581198	65642278	3	2	1	2
6	65642279	68225501	2	2	0	2
6	68225502	68308592	4	2	2	2
6	68308593	71265858	2	2	0	2
6	71265859	71371776	2	2	0	2
6	71371777	72729877	2	2	0	2
6	72729878	72803504	3	2	1	2
6	72803505	72820930	2	2	0	1
6	72820931	72837314	2	2	0	1
6	72837315	114930203	2	2	0	2
6	114930204	115095588	3	2	1	2
6	115095589	115322228	3	2	1	2
6	115322229	121703759	2	2	0	2
6	121703760	121954816	3	2	1	2
6	121954817	122837757	4	2	2	2
6	122837758	123471725	2	2	0	2
6	123471726	123752755	4	2	2	2
6	123752756	123757833	4	2	2	1
6	123757834	123759748	2	1	1	2
6	123759749	123808779	2	1	1	2
6	123808780	123911140	4	2	2	2
6	123911141	123914205	4	2	2	1
6	123914206	124065463	4	2	2	2
6	124065464	124395802	3	2	1	2
6	124395803	124398569	4	2	2	2
6	124398570	125118180	4	2	2	2
6	125118181	127183717	2	2	0	2
6	127183718	127198045	2	1	1	2
6	127198046	127204447	2	1	1	2
6	127204448	127402382	4	2	2	2
6	127402383	127402440	4	2	2	2
6	127402441	127402574	4	2	2	2
6	127402575	127403280	2	1	1	2
6	127403281	128209004	4	2	2	2
6	128209005	128497162	2	2	0	2
6	128497163	128701961	3	2	1	2
6	128701962	128726846	3	2	1	1
6	128726847	129129966	3	2	1	2
6	129129967	129786802	2	2	0	2
6	129786803	129863529	4	2	2	2
6	129863530	130004671	2	1	1	2
6	130004672	130013737	4	2	2	2
6	130013738	130014482	2	1	1	2
6	130014483	130017121	2	1	1	2
6	130017122	131206870	4	2	2	2
6	131206871	170915126	2	2	0	2
7	40386	7049066	5	3	2	2
7	7049067	26399950	4	2	2	2
7	26399951	33215201	4	2	2	2
7	33215202	36649973	4	2	2	2
7	36649974	37678645	4	2	2	2
7	37678646	37680341	4	2	2	2
7	37680342	57999999	4	2	2	2
7	58000000	61699999	4	2	2	1
7	61700000	104505031	4	2	2	2
7	104505032	132770033	4	2	2	2
7	132770034	132991200	4	2	2	2
7	132991201	148358562	4	2	2	2
7	148358563	148375638	4	2	2	1
7	148375639	158821400	4	2	2	2
8	10001	162395	2	2	0	1
8	162396	39230024	2	2	0	2
8	39230025	43099999	2	2	0	2
8	43100000	48099999	NA	NA	NA	NA
8	48100000	142997980	7	7	0	2
8	142997981	143246942	0	0	0	2
8	143246943	146364021	6	6	0	2
9	47500	284741	2	2	0	2
9	284742	43925889	2	2	0	2
9	43925890	47299999	1	1	0	2
9	47300000	50699999	NA	NA	NA	NA
9	50700000	71769455	2	2	0	2
9	71769456	71808313	3	3	0	2
9	71808314	140273200	2	2	0	2
9	140273201	140778630	1	1	0	2
10	95096	37999999	2	1	1	2
10	38000000	42299999	2	1	1	2
10	42300000	126832368	2	1	1	2
10	126832369	126835525	2	1	1	2
10	126835526	135389924	2	1	1	2
11	20721	196943	3	3	0	1
11	196944	19762833	2	2	0	2
11	19762834	19767314	2	2	0	1
11	19767315	48162829	2	2	0	2
11	48162830	48166053	2	2	0	1
11	48166054	51599999	2	2	0	2
11	51600000	55699999	NA	NA	NA	NA
11	55700000	55813935	13	11	2	1
11	55813936	55823506	13	11	2	1
11	55823507	55871446	20	19	1	2
11	55871447	56084601	13	11	2	2
11	56084602	56117036	20	19	1	2
11	56117037	56163844	20	19	1	2
11	56163845	56213843	14	12	2	1
11	56213844	56702829	15	13	2	1
11	56702830	56721470	15	13	2	1
11	56721471	56729081	15	13	2	1
11	56729082	56830314	15	13	2	1
11	56830315	56908585	17	15	2	1
11	56908586	57062768	15	13	2	2
11	57062769	57105135	12	10	2	2
11	57105136	57272815	11	9	2	2
11	57272816	57418461	14	12	2	2
11	57418462	57526295	14	12	2	1
11	57526296	57871479	12	10	2	1
11	57871480	58002704	12	10	2	1
11	58002705	58129886	8	6	2	2
11	58129887	58129905	8	6	2	2
11	58129906	58130721	8	6	2	1
11	58130722	58755273	13	11	2	2
11	58755274	58790785	11	9	2	2
11	58790786	58803170	20	19	1	2
11	58803171	58851071	20	19	1	2
11	58851072	58863565	16	14	2	2
11	58863566	58902981	15	12	3	1
11	58902982	58916864	15	13	2	2
11	58916865	58917081	15	13	2	2
11	58917082	58947973	15	13	2	2
11	58947974	59087982	13	11	2	2
11	59087983	59119078	20	19	1	2
11	59119079	59539496	20	19	1	2
11	59539497	59543639	20	19	1	2
11	59543640	59546244	20	19	1	2
11	59546245	59585924	20	19	1	2
11	59585925	66456995	2	2	0	2
11	66456996	68384698	2	2	0	2
11	68384699	68391091	12	10	2	2
11	68391092	68407746	12	10	2	2
11	68407747	68613581	12	10	2	1
11	68613582	68637628	17	16	1	2
11	68637629	68639162	10	8	2	1
11	68639163	68766625	11	9	2	1
11	68766626	68965784	13	11	2	2
11	68965785	69057321	18	17	1	2
11	69057322	69086749	14	12	2	2
11	69086750	69418769	13	11	2	1
11	69418770	69471610	15	14	1	2
11	69471611	69666393	11	9	2	1
11	69666394	69866572	12	10	2	2
11	69866573	69939727	13	11	2	1
11	69939728	70157664	10	8	2	1
11	70157665	70181102	11	9	2	1
11	70181103	70293724	12	10	2	2
11	70293725	70342799	13	11	2	2
11	70342800	70355466	12	10	2	1
11	70355467	70405067	12	10	2	1
11	70405068	70424955	13	11	2	1
11	70424956	70424968	13	11	2	1
11	70424969	70425035	13	11	2	1
11	70425036	70425277	13	11	2	1
11	70425278	70425346	13	11	2	1
11	70425347	70425394	13	11	2	1
11	70425395	70425573	13	11	2	1
11	70425574	70425775	13	11	2	1
11	70425776	70425988	13	11	2	1
11	70425989	70515363	13	11	2	1
11	70515364	71192466	7	5	2	2
11	71192467	71192675	5	4	1	2
11	71192676	71208687	7	5	2	2
11	71208688	71880752	7	5	2	2
11	71880753	71893822	8	6	2	1
11	71893823	72076751	8	6	2	1
11	72076752	72320900	9	7	2	2
11	72320901	72367358	8	6	2	1
11	72367359	72417357	8	6	2	1
11	72417358	72493831	13	11	2	2
11	72493832	72525333	4	2	2	2
11	72525334	72652079	18	17	1	2
11	72652080	72662902	18	17	1	2
11	72662903	72924277	13	11	2	1
11	72924278	72971166	15	13	2	2
11	72971167	72971822	18	17	1	2
11	72971823	72972011	18	17	1	2
11	72972012	72997663	18	17	1	2
11	72997664	73068212	15	13	2	1
11	73068213	73068223	15	13	2	1
11	73068224	73120412	18	17	1	2
11	73120413	73120505	18	17	1	2
11	73120506	73120520	18	17	1	2
11	73120521	73120537	18	17	1	2
11	73120538	73120600	18	17	1	2
11	73120601	73120938	18	17	1	2
11	73120939	73121011	18	17	1	2
11	73121012	73121079	18	17	1	2
11	73121080	73121112	18	17	1	2
11	73121113	73142076	18	17	1	2
11	73142077	73142268	18	17	1	2
11	73142269	73142392	18	17	1	2
11	73142393	73144351	18	17	1	2
11	73144352	73144506	18	17	1	2
11	73144507	73147168	18	17	1	2
11	73147169	73147202	18	17	1	2
11	73147203	73147403	18	17	1	2
11	73147404	73156590	18	17	1	2
11	73156591	73156690	18	17	1	2
11	73156691	73302436	13	11	2	1
11	73302437	73314898	11	9	2	1
11	73314899	73638538	11	9	2	2
11	73638539	73813719	14	12	2	2
11	73813720	74068635	8	6	2	1
11	74068636	74274678	10	8	2	2
11	74274679	74560550	10	8	2	2
11	74560551	74649615	10	8	2	2
11	74649616	74739410	11	9	2	2
11	74739411	74739490	6	5	1	2
11	74739491	74739511	6	5	1	2
11	74739512	74739702	6	5	1	2
11	74739703	74771425	6	5	1	2
11	74771426	74771908	11	9	2	1
11	74771909	74773000	11	9	2	1
11	74773001	74773123	9	7	2	1
11	74773124	74773415	9	7	2	1
11	74773416	74773457	9	7	2	1
11	74773458	74773573	9	7	2	1
11	74773574	74776188	9	7	2	1
11	74776189	74776208	9	7	2	1
11	74776209	74776389	9	7	2	1
11	74776390	74776412	9	7	2	1
11	74776413	74776738	9	7	2	1
11	74776739	74776757	9	7	2	1
11	74776758	74776927	9	7	2	1
11	74776928	74777073	9	7	2	1
11	74777074	74777188	9	7	2	1
11	74777189	74777237	9	7	2	1
11	74777238	74777364	9	7	2	1
11	74777365	74777449	9	7	2	1
11	74777450	74777530	9	7	2	1
11	74777531	74777657	9	7	2	1
11	74777658	74782059	9	7	2	1
11	74782060	74782075	9	7	2	1
11	74782076	74782096	9	7	2	1
11	74782097	74782204	9	7	2	1
11	74782205	74782271	9	7	2	1
11	74782272	74782288	9	7	2	1
11	74782289	74782299	9	7	2	1
11	74782300	74782327	9	7	2	1
11	74782328	74782343	9	7	2	1
11	74782344	74782354	9	7	2	1
11	74782355	74789740	9	7	2	1
11	74789741	74790745	9	7	2	1
11	74790746	74790842	9	7	2	1
11	74790843	74790855	9	7	2	1
11	74790856	74803422	9	7	2	1
11	74803423	74803491	9	7	2	1
11	74803492	74838880	9	7	2	2
11	74838881	74938813	10	8	2	2
11	74938814	75009671	4	2	2	2
11	75009672	75031420	9	7	2	2
11	75031421	75069580	9	7	2	1
11	75069581	75071254	5	4	1	1
11	75071255	75075707	5	4	1	1
11	75075708	75078610	6	4	2	2
11	75078611	75097723	6	4	2	2
11	75097724	75098136	5	4	1	2
11	75098137	75314786	7	5	2	1
11	75314787	75519413	9	7	2	2
11	75519414	75545751	6	5	1	2
11	75545752	75733078	10	8	2	2
11	75733079	75733113	10	8	2	2
11	75733114	75733371	10	8	2	2
11	75733372	75734521	10	8	2	2
11	75734522	75734806	10	8	2	2
11	75734807	75737701	10	8	2	2
11	75737702	75875221	10	8	2	2
11	75875222	75881894	3	2	1	2
11	75881895	75914639	10	8	2	1
11	75914640	75956166	8	6	2	2
11	75956167	76436714	13	11	2	2
11	76436715	76483226	19	18	1	2
11	76483227	76483516	19	18	1	2
11	76483517	76483639	19	18	1	2
11	76483640	76483656	19	18	1	2
11	76483657	76483705	19	18	1	2
11	76483706	76485380	19	18	1	2
11	76485381	76487448	14	12	2	2
11	76487449	76813654	14	12	2	2
11	76813655	76831571	15	13	2	2
11	76831572	77149336	14	12	2	2
11	77149337	77149417	19	18	1	2
11	77149418	77149619	19	18	1	2
11	77149620	77149793	19	18	1	2
11	77149794	77150233	19	18	1	2
11	77150234	77150251	19	18	1	2
11	77150252	77150484	19	18	1	2
11	77150485	77150575	19	18	1	2
11	77150576	77150602	19	18	1	2
11	77150603	77150614	19	18	1	2
11	77150615	77150715	19	18	1	2
11	77150716	77150736	19	18	1	2
11	77150737	77150854	19	18	1	2
11	77150855	77151244	19	18	1	2
11	77151245	77151634	19	18	1	2
11	77151635	77151889	19	18	1	2
11	77151890	77152305	19	18	1	2
11	77152306	77152415	19	18	1	2
11	77152416	77152508	19	18	1	2
11	77152509	77167206	19	18	1	2
11	77167207	77167339	19	18	1	2
11	77167340	77167392	19	18	1	2
11	77167393	77186765	19	18	1	2
11	77186766	77208474	13	11	2	1
11	77208475	77522772	3	2	1	2
11	77522773	77545700	11	9	2	2
11	77545701	77862791	11	9	2	2
11	77862792	77888901	12	11	1	1
11	77888902	78010506	12	10	2	1
11	78010507	78125521	15	13	2	1
11	78125522	78294168	15	13	2	1
11	78294169	78316545	15	13	2	1
11	78316546	78459166	15	13	2	1
11	78459167	78596927	17	15	2	1
11	78596928	78597362	17	15	2	1
11	78597363	78705324	16	14	2	1
11	78705325	78717552	18	15	3	1
11	78717553	78717589	20	19	1	2
11	78717590	78717700	20	19	1	2
11	78717701	78717744	20	19	1	2
11	78717745	78725150	20	19	1	2
11	78725151	78725222	18	15	3	1
11	78725223	78725249	18	15	3	1
11	78725250	78725263	18	15	3	1
11	78725264	78725296	18	15	3	1
11	78725297	78763881	18	15	3	1
11	78763882	78786735	22	21	1	2
11	78786736	78805817	22	21	1	2
11	78805818	78832919	20	19	1	2
11	78832920	78833440	20	19	1	2
11	78833441	78846789	16	14	2	2
11	78846790	78867668	20	19	1	2
11	78867669	78868846	20	19	1	2
11	78868847	78896697	16	14	2	2
11	78896698	78922215	15	13	2	1
11	78922216	78962326	16	14	2	2
11	78962327	79026894	15	13	2	1
11	79026895	79028761	20	19	1	2
11	79028762	79064372	16	14	2	1
11	79064373	79064742	20	19	1	2
11	79064743	79065274	20	19	1	1
11	79065275	79065285	20	19	1	2
11	79065286	79065365	20	19	1	2
11	79065366	79065390	20	19	1	2
11	79065391	79065408	20	19	1	2
11	79065409	79065446	20	19	1	2
11	79065447	79065473	20	19	1	2
11	79065474	79065695	20	19	1	2
11	79065696	79065713	20	19	1	2
11	79065714	79065780	20	19	1	2
11	79065781	79065865	20	19	1	2
11	79065866	79065924	20	19	1	2
11	79065925	79065944	20	19	1	2
11	79065945	79066099	20	19	1	2
11	79066100	79066158	20	19	1	2
11	79066159	79066259	20	19	1	2
11	79066260	79066346	20	19	1	2
11	79066347	79066593	20	19	1	2
11	79066594	79067174	20	19	1	1
11	79067175	79106013	18	15	3	1
11	79106014	79181880	16	14	2	1
11	79181881	79237919	15	13	2	1
11	79237920	79262511	20	19	1	2
11	79262512	79355520	12	10	2	2
11	79355521	79380667	15	14	1	2
11	79380668	79381490	15	14	1	2
11	79381491	79601610	12	10	2	1
11	79601611	79779687	12	10	2	1
11	79779688	79779913	15	14	1	2
11	79779914	79791387	15	14	1	2
11	79791388	79792079	15	14	1	2
11	79792080	79792096	15	14	1	2
11	79792097	79817867	12	10	2	2
11	79817868	80015643	5	3	2	2
11	80015644	80203136	5	3	2	1
11	80203137	80269472	5	3	2	2
11	80269473	80269749	5	3	2	2
11	80269750	80269796	5	3	2	2
11	80269797	80270182	5	3	2	2
11	80270183	80270309	6	3	3	1
11	80270310	80483518	5	3	2	2
11	80483519	80695411	6	4	2	2
11	80695412	80842695	5	3	2	2
11	80842696	80843000	3	2	1	2
11	80843001	80843036	3	2	1	2
11	80843037	80843070	3	2	1	2
11	80843071	80843276	3	2	1	2
11	80843277	80919375	5	3	2	2
11	80919376	80921232	6	4	2	1
11	80921233	80922888	6	4	2	1
11	80922889	81276566	6	4	2	2
11	81276567	81279254	6	4	2	1
11	81279255	81568642	6	4	2	2
11	81568643	81568710	6	4	2	1
11	81568711	81569347	6	4	2	2
11	81569348	81571363	6	3	3	1
11	81571364	81571578	6	3	3	1
11	81571579	81571702	6	3	3	1
11	81571703	81572320	6	3	3	1
11	81572321	81572332	6	3	3	1
11	81572333	81572359	6	3	3	1
11	81572360	81572374	6	3	3	1
11	81572375	81572548	6	3	3	1
11	81572549	81634029	5	3	2	2
11	81634030	81634153	3	2	1	2
11	81634154	81634235	3	2	1	2
11	81634236	81634340	3	2	1	2
11	81634341	81634358	3	2	1	2
11	81634359	81760031	6	3	3	1
11	81760032	81916076	5	3	2	2
11	81916077	81954200	4	2	2	2
11	81954201	82078853	5	3	2	2
11	82078854	82541294	4	2	2	2
11	82541295	82569486	5	3	2	2
11	82569487	82759995	5	3	2	2
11	82759996	83634425	4	2	2	2
11	83634426	83695770	7	5	2	1
11	83695771	83709060	6	4	2	2
11	83709061	83802337	5	3	2	1
11	83802338	83849044	8	7	1	1
11	83849045	83886074	9	6	3	1
11	83886075	84144446	9	7	2	2
11	84144447	84164117	4	2	2	2
11	84164118	84186308	7	5	2	1
11	84186309	84849936	7	5	2	2
11	84849937	85149843	6	4	2	2
11	85149844	85568773	7	5	2	2
11	85568774	85579244	8	6	2	1
11	85579245	85579503	8	6	2	1
11	85579504	85592355	5	4	1	2
11	85592356	86192316	8	6	2	2
11	86192317	86198075	5	4	1	2
11	86198076	86202804	7	6	1	2
11	86202805	86326990	10	8	2	2
11	86326991	86337931	9	7	2	2
11	86337932	86915065	9	7	2	2
11	86915066	87225256	7	5	2	2
11	87225257	87245523	8	6	2	2
11	87245524	87257580	7	5	2	1
11	87257581	87257690	7	5	2	1
11	87257691	87257703	7	5	2	1
11	87257704	87257729	7	5	2	1
11	87257730	87257833	7	5	2	1
11	87257834	87257999	7	5	2	1
11	87258000	87258143	7	5	2	1
11	87258144	87258584	7	5	2	1
11	87258585	87258601	7	5	2	1
11	87258602	87258635	7	5	2	1
11	87258636	87258654	7	5	2	1
11	87258655	87258681	7	5	2	1
11	87258682	87258736	7	5	2	1
11	87258737	87258807	7	5	2	1
11	87258808	87258854	7	5	2	1
11	87258855	87258899	7	5	2	1
11	87258900	87259043	7	5	2	1
11	87259044	87259097	7	5	2	1
11	87259098	87270017	7	5	2	1
11	87270018	87270052	7	5	2	1
11	87270053	87270288	7	5	2	1
11	87270289	87270300	7	5	2	1
11	87270301	87270368	7	5	2	1
11	87270369	87270392	7	5	2	1
11	87270393	87270505	7	5	2	1
11	87270506	87270535	7	5	2	1
11	87270536	87342518	7	5	2	2
11	87342519	87581287	13	11	2	2
11	87581288	87596962	5	3	2	2
11	87596963	87744127	8	6	2	2
11	87744128	87748163	5	4	1	2
11	87748164	87770683	5	4	1	2
11	87770684	87774221	NA	NA	NA	NA
11	87774222	87775903	NA	NA	NA	NA
11	87775904	88189769	8	6	2	2
11	88189770	88230072	12	10	2	1
11	88230073	88240282	14	11	3	1
11	88240283	88241467	16	15	1	2
11	88241468	88275542	14	11	3	1
11	88275543	88528483	4	2	2	2
11	88528484	88572196	6	5	1	2
11	88572197	89015345	8	6	2	1
11	89015346	89065923	8	7	1	2
11	89065924	89083536	1	1	0	1
11	89083537	89132965	1	1	0	2
11	89132966	90473104	3	2	1	2
11	90473105	91780602	2	1	1	2
11	91780603	92059985	3	2	1	2
11	92059986	92346175	3	2	1	2
11	92346176	92397173	2	1	1	2
11	92397174	92662021	3	2	1	2
11	92662022	93479364	1	1	0	2
11	93479365	93742009	2	1	1	2
11	93742010	94054948	2	1	1	2
11	94054949	94560675	3	2	1	2
11	94560676	94939306	10	9	1	1
11	94939307	94939593	7	6	1	2
11	94939594	95033471	7	6	1	2
11	95033472	95403837	3	2	1	2
11	95403838	95404732	3	2	1	2
11	95404733	95672963	3	2	1	2
11	95672964	95970098	6	5	1	2
11	95970099	96827978	8	7	1	2
11	96827979	97015136	6	5	1	2
11	97015137	97021467	6	5	1	2
11	97021468	97039938	6	5	1	2
11	97039939	97116457	7	6	1	2
11	97116458	97418343	1	1	0	2
11	97418344	97432005	1	1	0	2
11	97432006	126245533	1	1	0	2
11	126245534	126263371	4	4	0	1
11	126263372	126272081	4	4	0	1
11	126272082	134452200	2	2	0	2
12	110107	220228	8	7	1	1
12	220229	2907464	9	8	1	1
12	2907465	33299999	10	9	1	2
12	33300000	38199999	NA	NA	NA	NA
12	38200000	54790717	3	2	1	2
12	54790718	75360889	3	2	1	2
12	75360890	85689197	2	1	1	2
12	85689198	85690564	2	1	1	2
12	85690565	100242113	2	1	1	2
12	100242114	100498948	1	1	0	2
12	100498949	125423003	2	1	1	2
12	125423004	132349400	3	2	1	2
12	132349401	133851894	3	2	1	2
13	1	16299999	NA	NA	NA	NA
13	16300000	19499999	3	2	1	2
13	19500000	75071104	3	2	1	2
13	75071105	75154624	4	2	2	2
13	75154625	114142800	3	2	1	2
13	114142801	115169877	3	2	1	2
14	1	16099999	NA	NA	NA	NA
14	16100000	19099999	2	1	1	1
14	19100000	22133415	4	2	2	2
14	22133416	23015860	4	2	2	2
14	23015861	34900021	4	2	2	2
14	34900022	38255675	4	2	2	2
14	38255676	38272132	2	1	1	2
14	38272133	38273499	2	1	1	2
14	38273500	38281285	2	1	1	2
14	38281286	106368400	4	2	2	2
15	1	15799999	NA	NA	NA	NA
15	15800000	20699999	2	2	0	2
15	20700000	21212639	2	2	0	2
15	21212640	23095402	2	2	0	2
15	23095403	32463801	3	3	0	2
15	32463802	38636747	3	3	0	2
15	38636748	38643775	3	3	0	1
15	38643776	61091258	3	3	0	2
15	61091259	63365802	6	3	3	2
15	63365803	82588202	6	3	3	2
15	82588203	93270219	6	3	3	2
15	93270220	100377394	6	3	3	2
15	100377395	102397824	6	3	3	2
16	94168	4943151	3	2	1	2
16	4943152	4946875	3	2	1	2
16	4946876	6490491	3	2	1	2
16	6490492	6507929	2	1	1	2
16	6507930	6679794	1	1	0	2
16	6679795	6809805	2	1	1	2
16	6809806	10290051	3	2	1	2
16	10290052	11905029	3	2	1	1
16	11905030	11916505	3	2	1	2
16	11916506	16858475	3	2	1	1
16	16858476	20899854	3	2	1	2
16	20899855	22729982	3	2	1	1
16	22729983	23162431	3	2	1	2
16	23162432	28221493	3	2	1	2
16	28221494	34599999	3	2	1	2
16	34600000	38599999	NA	NA	NA	NA
16	38600000	46486171	2	1	1	2
16	46486172	47063469	3	2	1	2
16	47063470	47081064	3	2	1	2
16	47081065	48439047	3	2	1	2
16	48439048	78371001	3	3	0	2
16	78371002	78387866	1	1	0	2
16	78387867	88827200	3	3	0	2
16	88827201	90354752	2	2	0	2
17	12500	4430033	3	2	1	2
17	4430034	4436981	4	3	1	2
17	4436982	22199999	4	3	1	2
17	22200000	25799999	NA	NA	NA	NA
17	25800000	45702829	3	2	1	2
17	45702830	54519234	4	3	1	2
17	54519235	54520826	4	3	1	2
17	54520827	78774600	4	3	1	2
17	78774601	81195209	4	3	1	2
18	27500	156873	4	2	2	2
18	156874	15399999	4	2	2	2
18	15400000	18999999	4	2	2	2
18	19000000	38344794	4	2	2	2
18	38344795	38345767	4	2	2	2
18	38345768	38598215	4	2	2	2
18	38598216	38599638	4	2	2	1
18	38599639	49650539	4	2	2	2
18	49650540	67758757	3	2	1	2
18	67758758	67806179	5	3	2	2
18	67806180	76117000	3	2	1	2
18	76117001	78077247	3	2	1	1
19	102500	255095	3	2	1	1
19	255096	19062793	3	2	1	2
19	19062794	19079658	3	2	1	2
19	19079659	24399999	5	3	2	1
19	24400000	28599999	5	3	2	2
19	28600000	30107421	5	3	2	2
19	30107422	30440024	3	2	1	2
19	30440025	33023352	5	3	2	2
19	33023353	40096382	3	2	1	2
19	40096383	40319978	5	3	2	2
19	40319979	41947635	3	2	1	2
19	41947636	43883123	5	3	2	2
19	43883124	44343242	3	2	1	2
19	44343243	46555008	3	2	1	2
19	46555009	56723491	3	2	1	2
19	56723492	59128982	5	3	2	1
20	32012	25599999	4	2	2	2
20	25600000	29399999	4	2	2	2
20	29400000	39499983	4	2	2	2
20	39499984	41935402	4	2	2	2
20	41935403	48306849	4	2	2	2
20	48306850	48310251	4	2	2	2
20	48310252	52570031	4	2	2	2
20	52570032	62432500	4	2	2	2
21	1	9417499	NA	NA	NA	NA
21	9417500	10720000	NA	NA	NA	NA
21	10720001	15273231	3	2	1	2
21	15273232	46937500	2	2	0	1
21	46937501	48129894	2	2	0	1
22	1	12199999	NA	NA	NA	NA
22	12200000	17899999	5	3	2	1
22	17900000	18210800	3	2	1	2
22	18210801	22315021	5	3	2	1
22	22315022	29290020	5	3	2	2
22	29290021	38138517	5	3	2	2
22	38138518	38240858	5	3	2	2
22	38240859	43563433	3	2	1	2
22	43563434	49687500	5	3	2	2
22	49687501	51304565	5	3	2	2
X	1	8038696	2	2	0	2
X	8038697	8420854	1	1	0	3
X	8420855	31203870	2	2	0	2
X	31203871	32020617	1	1	0	2
X	32020618	58099999	2	2	0	2
X	58100000	62999999	2	2	0	1
X	63000000	128656880	2	2	0	2
X	128656881	128674792	3	3	0	2
X	128674793	155270559	2	2	0	2
Y	1	11599999	0	0	0	1
Y	11600000	13399999	0	0	0	1
Y	13400000	59373565	0	0	0	1
