chromosome	start	end	total_cn	major_cn	minor_cn	star
1	1	16870420	2	2	0	2
1	16870421	22560012	2	2	0	2
1	22560013	25611401	1	1	0	2
1	25611402	30039539	1	1	0	2
1	30039540	39810218	3	2	1	2
1	39810219	47136441	3	2	1	2
1	47136442	47146097	2	1	1	2
1	47146098	47890912	3	2	1	2
1	47890913	47902181	3	2	1	2
1	47902182	53298069	3	2	1	2
1	53298070	53300169	3	2	1	2
1	53300170	62322950	3	2	1	2
1	62322951	62334344	2	1	1	2
1	62334345	74709020	3	2	1	2
1	74709021	83172338	2	1	1	3
1	83172339	83183476	2	1	1	2
1	83183477	102262479	2	1	1	3
1	102262480	102302133	1	1	0	2
1	102302134	103318746	2	1	1	3
1	103318747	103321316	2	1	1	2
1	103321317	113262257	2	1	1	3
1	113262258	113340615	1	1	0	3
1	113340616	121499999	2	1	1	3
1	121500000	128899999	2	1	1	3
1	128900000	143495802	2	1	1	2
1	143495803	150552235	2	1	1	3
1	150552236	150552279	2	1	1	3
1	150552280	207387040	2	1	1	3
1	207387041	247249600	1	1	0	2
1	247249601	249250620	1	1	0	2
2	55115	6457508	4	3	1	2
2	6457509	6459253	4	3	1	2
2	6459254	10902738	4	3	1	2
2	10902739	23014947	3	2	1	2
2	23014948	32125855	3	2	1	2
2	32125856	32128375	3	2	1	2
2	32128376	50468582	3	2	1	3
2	50468583	50529793	3	2	1	2
2	50529794	61698239	3	2	1	3
2	61698240	61703755	3	2	1	3
2	61703756	73811285	3	2	1	3
2	73811286	73811583	3	2	1	2
2	73811584	73812383	3	2	1	1
2	73812384	80114926	2	1	1	3
2	80114927	83078638	2	1	1	3
2	83078639	83162194	2	1	1	2
2	83162195	83556374	2	1	1	3
2	83556375	83569648	2	1	1	2
2	83569649	90499999	2	1	1	3
2	90500000	96799999	2	1	1	3
2	96800000	117312943	2	1	1	3
2	117312944	117322171	2	1	1	3
2	117322172	126886121	2	1	1	3
2	126886122	126975280	1	1	0	3
2	126975281	156198713	2	1	1	3
2	156198714	156284233	1	1	0	2
2	156284234	169011512	2	1	1	3
2	169011513	169019093	2	1	1	3
2	169019094	182078014	2	1	1	3
2	182078015	182099623	2	1	1	3
2	182099624	184240220	2	1	1	3
2	184240221	184242348	2	1	1	3
2	184242349	194390431	2	1	1	3
2	194390432	194413379	2	1	1	2
2	194413380	199787499	2	1	1	3
2	199787500	233413132	2	1	1	3
2	233413133	233437306	1	1	0	2
2	233437307	239244186	2	1	1	3
2	239244187	239245039	2	1	1	3
2	239245040	242979674	2	1	1	3
3	17500	107500	2	1	1	2
3	107501	839154	2	1	1	2
3	839155	840877	1	1	0	2
3	840878	2793547	2	1	1	2
3	2793548	6834553	3	2	1	2
3	6834554	6834573	3	2	1	1
3	6834574	8890882	2	1	1	2
3	8890883	8933507	2	1	1	2
3	8933508	14814181	2	1	1	2
3	14814182	14848968	1	1	0	3
3	14848969	30361714	2	1	1	2
3	30361715	30373594	1	1	0	2
3	30373595	35507156	2	1	1	2
3	35507157	35547672	1	1	0	2
3	35547673	57484981	2	1	1	2
3	57484982	79281964	1	1	0	3
3	79281965	79283097	1	1	0	3
3	79283098	87899999	1	1	0	3
3	87900000	93899999	NA	NA	NA	NA
3	93900000	95127017	2	1	1	3
3	95127018	102391567	4	3	1	2
3	102391568	102391586	4	3	1	2
3	102391587	127395221	4	3	1	2
3	127395222	127395266	4	3	1	2
3	127395267	132609351	3	3	0	2
3	132609352	132717215	2	2	0	2
3	132717216	157710347	3	3	0	2
3	157710348	157711973	2	2	0	2
3	157711974	162510025	3	3	0	2
3	162510026	166871896	3	3	0	2
3	166871897	182396298	4	4	0	2
3	182396299	182396772	4	4	0	2
3	182396773	192348647	4	4	0	2
3	192348648	192348684	4	4	0	2
3	192348685	195462499	4	4	0	2
3	195462500	198022429	4	4	0	2
4	27500	50083	2	1	1	2
4	50084	129001	3	2	1	2
4	129002	1227022	4	3	1	3
4	1227023	3556177	3	2	1	2
4	3556178	4284299	2	1	1	2
4	4284300	5046926	3	2	1	2
4	5046927	22564281	2	1	1	3
4	22564282	22613006	1	1	0	2
4	22613007	41563711	2	1	1	3
4	41563712	41584410	2	1	1	3
4	41584411	45797219	2	1	1	3
4	45797220	45810082	1	1	0	1
4	45810083	48199999	2	1	1	3
4	48200000	52699999	2	1	1	3
4	52700000	87771061	2	1	1	3
4	87771062	189098349	1	1	0	3
4	189098350	189100226	1	1	0	3
4	189100227	191154275	1	1	0	3
5	47867	35815888	2	1	1	3
5	35815889	35834696	2	1	1	2
5	35834697	46099999	2	1	1	3
5	46100000	50699999	2	1	1	3
5	50700000	53048823	2	1	1	3
5	53048824	72888403	1	1	0	3
5	72888404	72904625	1	1	0	2
5	72904626	78482987	1	1	0	3
5	78482988	78483096	1	1	0	3
5	78483097	85619254	1	1	0	3
5	85619255	85910383	2	1	1	3
5	85910384	86116948	1	1	0	2
5	86116949	86467905	2	1	1	3
5	86467906	88720167	2	1	1	3
5	88720168	91230172	2	1	1	3
5	91230173	91230583	2	1	1	3
5	91230584	91230594	2	1	1	2
5	91230595	97039463	2	1	1	3
5	97039464	97039480	2	1	1	3
5	97039481	97039603	2	1	1	2
5	97039604	97817874	2	1	1	3
5	97817875	97857551	2	1	1	3
5	97857552	99304108	2	1	1	3
5	99304109	99307126	2	1	1	3
5	99307127	120170539	2	1	1	3
5	120170540	120173183	2	1	1	2
5	120173184	120908717	2	1	1	3
5	120908718	120960839	1	1	0	2
5	120960840	142900215	2	1	1	3
5	142900216	142901427	2	1	1	3
5	142901428	147625590	2	1	1	3
5	147625591	147636615	2	1	1	2
5	147636616	162835366	2	1	1	3
5	162835367	163127913	1	1	0	3
5	163127914	172361697	2	1	1	3
5	172361698	172383176	1	1	0	1
5	172383177	180714439	2	1	1	3
6	39681	205932	2	1	1	1
6	205933	995711	2	1	1	2
6	995712	7321594	2	1	1	2
6	7321595	7331543	1	1	0	2
6	7331544	29298342	2	1	1	2
6	29298343	29311316	1	1	0	1
6	29311317	34168215	2	1	1	2
6	34168216	34177998	2	1	1	2
6	34177999	38858416	2	1	1	2
6	38858417	38865951	2	1	1	2
6	38865952	42095750	2	1	1	2
6	42095751	42100611	2	1	1	2
6	42100612	55314059	2	1	1	2
6	55314060	55336501	1	1	0	3
6	55336502	58699999	2	1	1	2
6	58700000	63299999	2	1	1	2
6	63300000	80542813	2	1	1	2
6	80542814	80542833	2	1	1	2
6	80542834	98308492	2	1	1	2
6	98308493	98309936	2	1	1	2
6	98309937	99082470	2	1	1	3
6	99082471	99083009	2	1	1	2
6	99083010	99085234	2	1	1	1
6	99085235	99085936	1	1	0	2
6	99085937	99086106	1	1	0	2
6	99086107	105696777	1	1	0	3
6	105696778	105707385	1	1	0	2
6	105707386	110515997	1	1	0	3
6	110515998	110517143	1	1	0	3
6	110517144	116267959	1	1	0	3
6	116267960	116274590	1	1	0	2
6	116274591	128957596	1	1	0	3
6	128957597	170881989	1	1	0	3
7	40386	11187006	1	1	0	3
7	11187007	11201701	0	0	0	1
7	11201702	28724713	1	1	0	3
7	28724714	28732691	1	1	0	2
7	28732692	34207133	1	1	0	3
7	34207134	34311148	1	1	0	2
7	34311149	41964607	1	1	0	3
7	41964608	57999999	2	1	1	3
7	58000000	61699999	2	1	1	3
7	61700000	70828237	2	1	1	3
7	70828238	70828253	2	1	1	3
7	70828254	75796084	2	1	1	3
7	75796085	93124124	2	1	1	3
7	93124125	93126053	2	1	1	2
7	93126054	106458849	2	1	1	3
7	106458850	106465451	2	1	1	3
7	106465452	115516727	2	1	1	3
7	115516728	115524707	2	1	1	3
7	115524708	131298259	2	1	1	3
7	131298260	131302915	2	1	1	3
7	131302916	134750513	2	1	1	3
7	134750514	134752159	2	1	1	3
7	134752160	155839067	2	1	1	3
7	155839068	158821400	1	1	0	2
8	10001	143206	2	1	1	2
8	143207	2283081	2	1	1	3
8	2283082	2283106	2	1	1	3
8	2283107	2283780	2	1	1	2
8	2283781	2284033	2	1	1	2
8	2284034	2284063	2	1	1	2
8	2284064	2284670	2	1	1	2
8	2284671	11451345	2	1	1	3
8	11451346	11451376	2	1	1	3
8	11451377	43099999	2	1	1	3
8	43100000	49027942	2	1	1	3
8	49027943	49030241	2	1	1	2
8	49030242	52491321	2	1	1	3
8	52491322	52495424	2	1	1	3
8	52495425	69197684	2	1	1	3
8	69197685	69202302	2	1	1	2
8	69202303	80113335	2	1	1	3
8	80113336	80113581	2	1	1	3
8	80113582	80118917	2	1	1	2
8	80118918	80121530	2	1	1	2
8	80121531	84804336	2	1	1	3
8	84804337	84869864	2	1	1	2
8	84869865	86508055	2	1	1	3
8	86508056	86518613	2	1	1	3
8	86518614	95359870	2	1	1	3
8	95359871	95376943	1	1	0	1
8	95376944	96996877	2	1	1	3
8	96996878	97000786	2	1	1	2
8	97000787	113362739	2	1	1	3
8	113362740	113364432	2	1	1	2
8	113364433	113371423	2	1	1	2
8	113371424	113375329	1	1	0	1
8	113375330	114161589	2	1	1	3
8	114161590	114176657	1	1	0	1
8	114176658	124088774	2	1	1	3
8	124088775	124090066	2	1	1	3
8	124090067	145250190	2	1	1	3
8	145250191	145250366	2	1	1	2
8	145250367	145252330	2	1	1	1
8	145252331	145261663	1	1	0	2
8	145261664	146364021	2	1	1	3
9	47500	153638	2	1	1	2
9	153639	5098222	2	1	1	2
9	5098223	5231787	2	1	1	2
9	5231788	12040602	2	1	1	3
9	12040603	12047666	2	1	1	2
9	12047667	36172639	2	1	1	3
9	36172640	36198217	1	1	0	2
9	36198218	47299999	2	1	1	3
9	47300000	50699999	2	1	1	3
9	50700000	95407172	2	1	1	3
9	95407173	95407186	2	1	1	3
9	95407187	112984954	2	1	1	3
9	112984955	112985989	2	1	1	3
9	112985990	117821436	2	1	1	3
9	117821437	140273200	1	1	0	2
10	92066	1046367	3	2	1	2
10	1046368	9785873	2	1	1	3
10	9785874	9785911	2	1	1	2
10	9785912	9786288	1	1	0	2
10	9786289	10016647	1	1	0	3
10	10016648	10017302	1	1	0	2
10	10017303	10017324	1	1	0	2
10	10017325	10017355	1	1	0	2
10	10017356	10018966	1	1	0	2
10	10018967	10019018	2	1	1	2
10	10019019	10019268	2	1	1	2
10	10019269	10021735	2	1	1	2
10	10021736	10021883	2	1	1	2
10	10021884	10021894	2	1	1	2
10	10021895	14696818	2	1	1	2
10	14696819	14705259	2	1	1	2
10	14705260	14744185	2	1	1	2
10	14744186	14745497	2	1	1	2
10	14745498	14753919	2	1	1	2
10	14753920	14773657	1	1	0	2
10	14773658	30147161	2	1	1	2
10	30147162	30147617	2	1	1	2
10	30147618	37999999	2	1	1	3
10	38000000	42299999	2	1	1	3
10	42300000	49719800	2	1	1	3
10	49719801	49732493	2	1	1	3
10	49732494	54949681	2	1	1	3
10	54949682	54972963	2	1	1	3
10	54972964	58510927	2	1	1	3
10	58510928	58582319	1	1	0	3
10	58582320	60456897	2	1	1	3
10	60456898	60590061	2	1	1	2
10	60590062	74416936	2	1	1	3
10	74416937	74425401	2	1	1	2
10	74425402	87606524	2	1	1	3
10	87606525	87606554	2	1	1	2
10	87606555	87607840	2	1	1	1
10	87607841	89617293	1	1	0	3
10	89617294	89633134	1	1	0	3
10	89633135	89685202	1	1	0	2
10	89685203	89745154	0	0	0	1
10	89745155	89840237	1	1	0	3
10	89840238	89841059	1	1	0	3
10	89841060	90101782	1	1	0	3
10	90101783	90104107	1	1	0	3
10	90104108	90182831	1	1	0	3
10	90182832	90183267	2	1	1	2
10	90183268	90184671	2	1	1	2
10	90184672	90188170	2	1	1	2
10	90188171	90188234	2	1	1	2
10	90188235	90188713	2	1	1	2
10	90188714	90188735	2	1	1	2
10	90188736	90189345	2	1	1	2
10	90189346	90196084	1	1	0	2
10	90196085	114780593	2	1	1	3
10	114780594	114782027	2	1	1	3
10	114782028	116659532	2	1	1	3
10	116659533	133239539	1	1	0	2
10	133239540	135389924	1	1	0	2
11	20721	197336	2	1	1	2
11	197337	24588094	2	1	1	3
11	24588095	24589218	2	1	1	2
11	24589219	33791085	2	1	1	3
11	33791086	33792387	2	1	1	3
11	33792388	42462539	2	1	1	3
11	42462540	42479555	1	1	0	1
11	42479556	50120091	2	1	1	3
11	50120092	51192869	2	1	1	1
11	51192870	55699999	2	1	1	3
11	55700000	102063012	2	1	1	3
11	102063013	102091679	2	1	1	3
11	102091680	115903330	2	1	1	3
11	115903331	115903381	2	1	1	3
11	115903382	115904930	2	1	1	2
11	115904931	115904968	2	1	1	2
11	115904969	115905889	2	1	1	2
11	115905890	115905935	2	1	1	2
11	115905936	133521465	2	1	1	3
11	133521466	133522265	2	1	1	2
11	133522266	134452200	2	1	1	2
12	110107	4016678	2	1	1	3
12	4016679	4016722	2	1	1	2
12	4016723	4120256	1	1	0	2
12	4120257	4133791	2	1	1	2
12	4133792	4133982	2	1	1	2
12	4133983	6450486	2	1	1	3
12	6450487	6459177	2	1	1	2
12	6459178	6992361	2	1	1	3
12	6992362	7004673	2	1	1	2
12	7004674	11900014	2	1	1	3
12	11900015	11900029	2	1	1	3
12	11900030	17465545	2	1	1	3
12	17465546	17470184	1	1	0	1
12	17470185	17736774	2	1	1	3
12	17736775	17768565	1	1	0	3
12	17768566	30640283	2	1	1	3
12	30640284	33299999	2	1	1	3
12	33300000	38199999	2	1	1	3
12	38200000	41069470	2	1	1	3
12	41069471	41096160	1	1	0	3
12	41096161	49226739	2	1	1	3
12	49226740	49231516	2	1	1	3
12	49231517	49232649	2	1	1	2
12	49232650	49241469	2	1	1	3
12	49241470	65800088	2	1	1	3
12	65800089	65818781	1	1	0	1
12	65818782	75229845	2	1	1	3
12	75229846	75238325	2	1	1	2
12	75238326	92028889	2	1	1	3
12	92028890	92031567	2	1	1	3
12	92031568	98675563	2	1	1	3
12	98675564	100900363	1	1	0	2
12	100900364	100904961	1	1	0	2
12	100904962	132349400	1	1	0	2
12	132349401	133851894	1	1	0	3
13	1	16299999	1	1	0	1
13	16300000	19499999	1	1	0	2
13	19500000	23877504	1	1	0	2
13	23877505	23893296	0	0	0	2
13	23893297	48944070	1	1	0	2
13	48944071	49137969	0	0	0	2
13	49137970	114142800	1	1	0	2
13	114142801	115169877	1	1	0	2
14	1	16099999	2	1	1	1
14	16100000	19099999	2	1	1	1
14	19100000	20378591	2	1	1	1
14	20378592	21792366	2	1	1	3
14	21792367	21795034	2	1	1	3
14	21795035	29564243	2	1	1	3
14	29564244	29566289	2	1	1	2
14	29566290	41893300	2	1	1	2
14	41893301	45690652	3	2	1	2
14	45690653	45704756	3	2	1	2
14	45704757	48267315	3	2	1	2
14	48267316	63093854	2	2	0	2
14	63093855	63094140	2	2	0	2
14	63094141	63106214	1	1	0	2
14	63106215	63154328	2	2	0	2
14	63154329	63154570	2	2	0	2
14	63154571	64799667	2	2	0	2
14	64799668	64800008	2	2	0	2
14	64800009	70359740	2	2	0	2
14	70359741	70392369	2	2	0	2
14	70392370	80574091	2	2	0	2
14	80574092	80574395	1	1	0	2
14	80574396	80575609	1	1	0	2
14	80575610	80575648	2	2	0	2
14	80575649	101260423	2	2	0	2
14	101260424	101279153	1	1	0	2
14	101279154	106368400	2	2	0	2
15	1	15799999	2	1	1	1
15	15800000	20699999	2	1	1	2
15	20700000	21908197	2	1	1	2
15	21908198	21910007	2	1	1	2
15	21910008	23833812	2	1	1	2
15	23833813	23902880	1	1	0	2
15	23902881	32218827	2	1	1	3
15	32218828	32222359	2	1	1	2
15	32222360	65443325	2	1	1	2
15	65443326	65458094	2	1	1	2
15	65458095	72591844	2	1	1	2
15	72591845	72593184	2	1	1	2
15	72593185	88447554	2	1	1	2
15	88447555	88448126	2	1	1	2
15	88448127	88448516	2	1	1	2
15	88448517	90465088	2	1	1	2
15	90465089	90465124	2	1	1	2
15	90465125	98119074	2	1	1	2
15	98119075	98119319	2	1	1	2
15	98119320	98140345	3	2	1	1
15	98140346	100338800	3	2	1	2
15	100338801	102431166	3	2	1	2
16	84170	20998998	1	1	0	2
16	20998999	25715908	2	2	0	2
16	25715909	25716656	2	2	0	2
16	25716657	32063190	2	2	0	2
16	32063191	34599999	1	1	0	2
16	34600000	38599999	1	1	0	3
16	38600000	88827200	1	1	0	3
16	88827201	90354752	1	1	0	3
17	28382	6842059	1	1	0	2
17	6842060	6843502	1	1	0	3
17	6843503	17524669	1	1	0	3
17	17524670	17565116	1	1	0	2
17	17565117	18415401	1	1	0	3
17	18415402	22199999	1	1	0	3
17	22200000	25799999	1	1	0	3
17	25800000	29506955	1	1	0	3
17	29506956	29533201	1	1	0	3
17	29533202	38194721	1	1	0	3
17	38194722	38210764	1	1	0	2
17	38210765	44652195	1	1	0	2
17	44652196	49581002	1	1	0	2
17	49581003	49600193	0	0	0	1
17	49600194	49602163	1	1	0	2
17	49602164	49602213	1	1	0	2
17	49602214	49858498	0	0	0	2
17	49858499	54638925	1	1	0	3
17	54638926	78774600	2	2	0	2
17	78774601	81195209	2	2	0	3
18	27500	1631652	2	1	1	3
18	1631653	1646777	2	1	1	3
18	1646778	15399999	2	1	1	3
18	15400000	18999999	2	1	1	3
18	19000000	28941588	2	1	1	3
18	28941589	28945633	1	1	0	1
18	28945634	36328094	2	1	1	3
18	36328095	36347529	2	1	1	3
18	36347530	52349720	2	1	1	3
18	52349721	52353688	2	1	1	3
18	52353689	64697848	2	1	1	3
18	64697849	64697875	2	1	1	3
18	64697876	76117000	2	1	1	3
18	76117001	78077247	2	1	1	3
19	102500	255923	1	1	0	2
19	255924	5472003	1	1	0	2
19	5472004	5478514	1	1	0	2
19	5478515	13333784	1	1	0	2
19	13333785	13334973	1	1	0	2
19	13334974	16335369	1	1	0	2
19	16335370	17849670	2	1	1	2
19	17849671	17849708	2	1	1	2
19	17849709	17863283	2	1	1	2
19	17863284	17864235	2	1	1	2
19	17864236	19837292	2	1	1	2
19	19837293	22440425	2	1	1	2
19	22440426	23382098	2	1	1	2
19	23382099	23385995	2	1	1	2
19	23385996	24399999	2	1	1	2
19	24400000	28599999	2	1	1	3
19	28600000	35876100	2	1	1	3
19	35876101	35880306	2	1	1	3
19	35880307	42144768	2	1	1	3
19	42144769	42144806	2	1	1	3
19	42144807	42145246	2	1	1	2
19	42145247	42145269	2	1	1	2
19	42145270	42145302	2	1	1	2
19	42145303	45977090	2	1	1	3
19	45977091	45977124	2	1	1	2
19	45977125	45977696	2	1	1	1
19	45977697	49210868	1	1	0	2
19	49210869	59128982	2	2	0	2
20	17500	671301	2	1	1	2
20	671302	696417	1	1	0	2
20	696418	752385	1	1	0	2
20	752386	25599999	2	1	1	3
20	25600000	29399999	2	1	1	3
20	29400000	42916843	2	1	1	3
20	42916844	42917065	2	1	1	2
20	42917066	42918149	2	1	1	2
20	42918150	42918520	2	1	1	2
20	42918521	42918569	2	1	1	2
20	42918570	43366856	2	1	1	3
20	43366857	43366886	2	1	1	2
20	43366887	43367216	2	1	1	2
20	43367217	47646594	2	1	1	3
20	47646595	47657331	2	1	1	2
20	47657332	48422886	2	1	1	3
20	48422887	48428332	1	1	0	1
20	48428333	48534353	2	1	1	3
20	48534354	48539984	2	1	1	2
20	48539985	62432500	2	1	1	2
21	1	9417499	NA	NA	NA	NA
21	9417500	10899999	NA	NA	NA	NA
21	10900000	14299999	2	1	1	2
21	14300000	21008879	2	1	1	3
21	21008880	21028347	1	1	0	2
21	21028348	31133770	2	1	1	3
21	31133771	31141687	2	1	1	2
21	31141688	46937500	2	1	1	3
21	46937501	48129894	2	1	1	3
22	1	12199999	1	1	0	2
22	12200000	17899999	1	1	0	3
22	17900000	22345035	1	1	0	2
22	22345036	22580002	1	1	0	2
22	22580003	27678923	1	1	0	3
22	27678924	27678954	1	1	0	3
22	27678955	27680135	1	1	0	2
22	27680136	27680588	1	1	0	2
22	27680589	27681276	1	1	0	2
22	27681277	27681652	1	1	0	2
22	27681653	27682274	1	1	0	2
22	27682275	49687500	1	1	0	3
22	49687501	51304565	1	1	0	3
X	1	11732319	1	1	0	2
X	11732320	11732741	1	1	0	2
X	11732742	48168354	1	1	0	2
X	48168355	48174119	1	1	0	2
X	48174120	58099999	1	1	0	2
X	58100000	63495235	1	1	0	2
X	63495236	63521624	1	1	0	2
X	63521625	92893487	1	1	0	2
X	92893488	92893510	1	1	0	2
X	92893511	117583402	1	1	0	2
X	117583403	117595800	0	0	0	2
X	117595801	146614051	1	1	0	2
X	146614052	146614078	1	1	0	2
X	146614079	154913600	1	1	0	2
