chromosome	start	end	total_cn	major_cn	minor_cn	star
1	1	53862263	2	1	1	3
1	53862264	53862363	2	1	1	3
1	53862364	54611897	2	1	1	3
1	54611898	54726409	2	1	1	2
1	54726410	55021935	2	1	1	2
1	55021936	69879993	2	1	1	3
1	69879994	69919997	2	1	1	2
1	69919998	80750110	2	1	1	3
1	80750111	80785388	2	1	1	3
1	80785389	83186902	2	1	1	3
1	83186903	83310114	2	1	1	2
1	83310115	121499999	2	1	1	3
1	121500000	128899999	2	1	1	3
1	128900000	144019969	2	1	1	2
1	144019970	153760530	2	1	1	3
1	153760531	153760541	2	1	1	3
1	153760542	191015022	2	1	1	3
1	191015023	191054022	1	1	0	2
1	191054023	194433883	2	1	1	3
1	194433884	197519657	2	1	1	3
1	197519658	197598602	2	1	1	2
1	197598603	228829619	2	1	1	3
1	228829620	229622316	2	1	1	2
1	229622317	247249600	2	1	1	3
1	247249601	249250620	2	1	1	3
2	20016	81661024	2	1	1	3
2	81661025	89858801	2	1	1	3
2	89858802	90499999	2	1	1	2
2	90500000	96799999	2	1	1	3
2	96800000	97836802	2	1	1	3
2	97836803	116699947	2	1	1	3
2	116699948	116701003	2	1	1	3
2	116701004	156224601	2	1	1	3
2	156224602	156402802	2	1	1	2
2	156402803	163822868	2	1	1	3
2	163822869	163848124	2	1	1	2
2	163848125	167282674	2	1	1	3
2	167282675	167288245	1	1	0	1
2	167288246	180989577	2	1	1	3
2	180989578	181539645	2	1	1	3
2	181539646	181540018	2	1	1	3
2	181540019	185101117	2	1	1	3
2	185101118	191862840	2	1	1	3
2	191862841	191863181	2	1	1	3
2	191863182	193542725	2	1	1	3
2	193542726	193543357	2	1	1	3
2	193543358	193554779	2	1	1	2
2	193554780	195858801	2	1	1	3
2	195858802	195888389	0	0	0	2
2	195888390	201550604	2	1	1	3
2	201550605	211419190	2	1	1	3
2	211419191	212159995	2	1	1	2
2	212159996	213130035	2	1	1	3
2	213130036	213198793	2	1	1	3
2	213198794	242951000	2	1	1	3
3	62309	6144001	2	1	1	3
3	6144002	6229990	2	1	1	2
3	6229991	26962776	2	1	1	3
3	26962777	30000074	2	1	1	3
3	30000075	35360002	2	1	1	3
3	35360003	35400006	2	1	1	2
3	35400007	71477329	2	1	1	3
3	71477330	76802397	1	1	0	2
3	76802398	87899999	1	1	0	2
3	87900000	93899999	1	1	0	3
3	93900000	98352319	1	1	0	2
3	98352320	110979793	2	1	1	3
3	110979794	110984049	2	1	1	2
3	110984050	136693925	2	1	1	3
3	136693926	137239385	1	1	0	2
3	137239386	137264204	2	1	1	2
3	137264205	137264241	2	1	1	2
3	137264242	161539724	2	1	1	3
3	161539725	164461801	2	1	1	3
3	164461802	164498224	2	1	1	3
3	164498225	168441307	2	1	1	3
3	168441308	168446716	2	1	1	2
3	168446717	186530635	2	1	1	3
3	186530636	198022429	1	1	0	2
4	49939	29314597	2	1	1	3
4	29314598	29340121	4	3	1	2
4	29340122	48199999	2	1	1	3
4	48200000	52699999	2	1	1	3
4	52700000	63769335	2	1	1	3
4	63769336	63845626	2	1	1	2
4	63845627	73306445	2	1	1	3
4	73306446	77976251	2	1	1	3
4	77976252	77976277	2	1	1	3
4	77976278	97019989	2	1	1	3
4	97019990	101861152	2	1	1	3
4	101861153	101863255	2	1	1	2
4	101863256	102838580	2	1	1	2
4	102838581	136132647	2	1	1	3
4	136132648	136140651	0	0	0	1
4	136140652	161952010	2	1	1	3
4	161952011	162004964	2	1	1	2
4	162004965	191154275	2	1	1	3
5	22500	45940968	2	1	1	3
5	45940969	46099999	0	0	0	2
5	46100000	50789989	NA	NA	NA	NA
5	50789990	50878242	1	1	0	2
5	50878243	60392218	2	1	1	3
5	60392219	60577214	1	1	0	3
5	60577215	60665895	2	1	1	2
5	60665896	60780706	2	1	1	2
5	60780707	83826989	2	1	1	3
5	83826990	84704340	1	1	0	2
5	84704341	84756459	0	0	0	2
5	84756460	98489937	1	1	0	2
5	98489938	98570406	1	1	0	2
5	98570407	100664655	1	1	0	2
5	100664656	100768160	1	1	0	2
5	100768161	125829508	1	1	0	2
5	125829509	180710431	2	1	1	3
6	39681	205799	2	1	1	1
6	205800	30567649	2	1	1	3
6	30567650	30567714	2	1	1	3
6	30567715	30583409	2	1	1	2
6	30583410	30583537	2	1	1	2
6	30583538	54931476	2	1	1	3
6	54931477	54932358	2	1	1	3
6	54932359	58699999	2	1	1	3
6	58700000	63299999	2	1	1	2
6	63300000	65053826	2	1	1	3
6	65053827	65074011	4	3	1	2
6	65074012	67155016	2	1	1	3
6	67155017	82390001	2	1	1	2
6	82390002	82449273	2	1	1	2
6	82449274	103927012	2	1	1	3
6	103927013	103929319	2	1	1	3
6	103929320	170878886	2	1	1	3
7	40386	9731815	2	1	1	3
7	9731816	11764002	2	1	1	3
7	11764003	14023786	2	1	1	3
7	14023787	14023831	2	1	1	3
7	14023832	14657825	2	1	1	3
7	14657826	14658713	2	1	1	3
7	14658714	19729544	2	1	1	3
7	19729545	20657690	1	1	0	2
7	20657691	20659891	2	1	1	2
7	20659892	20661351	2	1	1	2
7	20661352	53555881	2	1	1	3
7	53555882	53559312	2	1	1	3
7	53559313	57999999	2	1	1	3
7	58000000	61699999	2	1	1	2
7	61700000	62153706	2	1	1	2
7	62153707	62155511	2	1	1	2
7	62155512	62219485	2	1	1	2
7	62219486	62221547	1	1	0	1
7	62221548	62427265	2	1	1	2
7	62427266	62460063	4	3	1	2
7	62460064	88577807	2	1	1	3
7	88577808	88609413	2	1	1	2
7	88609414	149507860	2	1	1	3
7	149507861	158821400	2	1	1	3
8	10001	156652	1	1	0	2
8	156653	39230024	1	1	0	2
8	39230025	42661528	1	1	0	3
8	42661529	42694843	2	1	1	2
8	42694844	42695140	2	1	1	2
8	42695141	43099999	2	1	1	3
8	43100000	48099999	2	1	1	2
8	48100000	78422076	2	1	1	3
8	78422077	83278855	2	1	1	3
8	83278856	83281457	2	1	1	3
8	83281458	113887540	2	1	1	3
8	113887541	113919902	2	1	1	2
8	113919903	146364021	2	1	1	3
9	10001	220069	2	1	1	2
9	220070	22923777	2	1	1	3
9	22923778	47299999	2	1	1	3
9	47300000	50699999	2	1	1	2
9	50700000	66799971	2	1	1	2
9	66799972	76001823	2	1	1	3
9	76001824	120829961	2	1	1	3
9	120829962	140273200	2	1	1	3
10	96595	37999999	2	1	1	3
10	38000000	42299999	2	1	1	2
10	42300000	65582867	2	1	1	3
10	65582868	65630080	2	1	1	3
10	65630081	65981428	1	1	0	3
10	65981429	66152505	2	1	1	2
10	66152506	68498359	1	1	0	3
10	68498360	68541786	2	1	1	3
10	68541787	68806734	1	1	0	2
10	68806735	68848429	2	1	1	3
10	68848430	87914770	2	1	1	3
10	87914771	87950884	2	1	1	3
10	87950885	88572930	1	1	0	2
10	88572931	88611392	1	1	0	2
10	88611393	88611634	2	1	1	1
10	88611635	89064867	2	1	1	2
10	89064868	89694634	1	1	0	3
10	89694635	89694649	0	0	0	1
10	89694650	90144987	0	0	0	2
10	90144988	91714708	1	1	0	3
10	91714709	91781723	2	1	1	3
10	91781724	102679462	2	1	1	3
10	102679463	102722993	2	1	1	2
10	102722994	102726131	2	1	1	2
10	102726132	102726669	2	1	1	2
10	102726670	130184911	2	1	1	3
10	130184912	135389924	2	1	1	3
11	20721	202071	2	1	1	2
11	202072	37089394	2	1	1	3
11	37089395	48924801	2	1	1	3
11	48924802	50377003	2	1	1	2
11	50377004	50427002	2	1	1	2
11	50427003	50429955	2	1	1	2
11	50429956	51255337	2	1	1	2
11	51255338	51258030	2	1	1	2
11	51258031	51403182	2	1	1	2
11	51403183	51557653	2	1	1	2
11	51557654	55699999	2	1	1	2
11	55700000	60024600	2	1	1	3
11	60024601	60030377	2	1	1	3
11	60030378	60030494	2	1	1	2
11	60030495	65271938	2	1	1	3
11	65271939	65271956	2	1	1	2
11	65271957	65280577	2	1	1	2
11	65280578	65281110	2	1	1	2
11	65281111	82065237	2	1	1	3
11	82065238	82090716	2	1	1	2
11	82090717	90588050	2	1	1	3
11	90588051	90593176	2	1	1	3
11	90593177	116736170	2	1	1	3
11	116736171	116736321	2	1	1	3
11	116736322	117020398	2	1	1	3
11	117020399	117020755	2	1	1	2
11	117020756	117499172	2	1	1	3
11	117499173	117760198	2	1	1	2
11	117760199	121218540	2	1	1	3
11	121218541	121280918	1	1	0	3
11	121280919	134452200	2	1	1	3
12	110107	33299999	2	1	1	3
12	33300000	38199999	2	1	1	2
12	38200000	38370397	2	1	1	2
12	38370398	38420554	0	0	0	2
12	38420555	38871703	2	1	1	3
12	38871704	38890048	2	1	1	2
12	38890049	59780032	2	1	1	3
12	59780033	59819994	2	1	1	2
12	59819995	89973905	2	1	1	3
12	89973906	90005160	2	1	1	2
12	90005161	90470796	2	1	1	3
12	90470797	90555894	2	1	1	3
12	90555895	90588395	1	1	0	1
12	90588396	123839487	2	1	1	3
12	123839488	123851730	2	1	1	2
12	123851731	132994099	2	1	1	3
12	132994100	133459575	2	1	1	2
13	1	16299999	2	1	1	1
13	16300000	19499999	2	1	1	2
13	19500000	30417335	2	1	1	3
13	30417336	30417449	2	1	1	3
13	30417450	31130688	2	1	1	3
13	31130689	31142705	2	1	1	3
13	31142706	57509203	2	1	1	3
13	57509204	68128662	2	1	1	3
13	68128663	68154209	2	1	1	2
13	68154210	83788705	2	1	1	3
13	83788706	83815341	2	1	1	2
13	83815342	92010217	2	1	1	3
13	92010218	96351927	1	1	0	2
13	96351928	114142800	2	1	1	3
13	114142801	115169877	2	1	1	3
14	1	16099999	2	1	1	1
14	16100000	19099999	2	1	1	1
14	19100000	46399914	2	1	1	3
14	46399915	46450054	2	1	1	2
14	46450055	46589990	2	1	1	3
14	46589991	46625680	4	3	1	2
14	46625681	106037468	2	1	1	3
14	106037469	106157539	2	1	1	2
14	106157540	106368400	2	1	1	1
15	1	15799999	2	1	1	1
15	15800000	20699999	2	1	1	2
15	20700000	31498290	2	1	1	3
15	31498291	46675114	2	1	1	3
15	46675115	46780519	2	1	1	2
15	46780520	92684198	2	1	1	3
15	92684199	92918992	2	1	1	3
15	92918993	92919701	2	1	1	3
15	92919702	100338800	2	1	1	3
15	100338801	102392572	2	1	1	3
16	83807	11918985	2	1	1	3
16	11918986	11920974	2	1	1	2
16	11920975	14022068	2	1	1	3
16	14022069	14022118	2	1	1	2
16	14022119	14032468	2	1	1	2
16	14032469	14754959	2	1	1	2
16	14754960	32494474	2	1	1	3
16	32494475	33879246	2	1	1	2
16	33879247	34599999	2	1	1	3
16	34600000	38599999	2	1	1	2
16	38600000	56329693	2	1	1	3
16	56329694	56330775	2	1	1	3
16	56330776	56330829	2	1	1	2
16	56330830	61699418	2	1	1	3
16	61699419	69794045	2	1	1	3
16	69794046	69794154	2	1	1	3
16	69794155	72608249	2	1	1	3
16	72608250	72873678	2	1	1	2
16	72873679	72893128	2	1	1	3
16	72893129	72893438	2	1	1	2
16	72893439	78803223	2	1	1	3
16	78803224	80914359	2	1	1	3
16	80914360	80914400	2	1	1	3
16	80914401	80921428	2	1	1	2
16	80921429	80926551	4	3	1	2
16	80926552	81433998	2	1	1	3
16	81433999	88777200	1	1	0	3
16	88777201	90133064	1	1	0	3
17	1869	22199999	2	1	1	3
17	22200000	25799999	2	1	1	3
17	25800000	36487656	2	1	1	3
17	36487657	36488137	2	1	1	3
17	36488138	36551712	2	1	1	2
17	36551713	37651168	2	1	1	2
17	37651169	42078210	2	1	1	3
17	42078211	42560120	1	1	0	3
17	42560121	78774600	2	1	1	3
17	78774601	81195209	2	1	1	2
18	49032	15399999	2	1	1	3
18	15400000	18999999	2	1	1	3
18	19000000	26625775	2	1	1	3
18	26625776	26740002	2	1	1	2
18	26740003	32532361	2	1	1	3
18	32532362	38606447	2	1	1	2
18	38606448	38767200	2	1	1	2
18	38767201	41502287	2	1	1	2
18	41502288	64460020	2	1	1	2
18	64460021	64610015	2	1	1	2
18	64610016	66726940	2	1	1	2
18	66726941	66730175	2	1	1	2
18	66730176	76117000	2	1	1	2
18	76117001	78077247	2	1	1	2
19	102500	296901	2	1	1	2
19	296902	1872388	2	1	1	3
19	1872389	1872475	2	1	1	3
19	1872476	7564574	2	1	1	3
19	7564575	7774396	2	1	1	2
19	7774397	7784348	2	1	1	2
19	7784349	24394960	2	1	1	3
19	24394961	28599999	2	1	1	2
19	28600000	59128982	2	1	1	3
20	37112	25599999	2	1	1	3
20	25600000	29435800	2	1	1	3
20	29435801	62432500	2	1	1	3
21	1	9417499	NA	NA	NA	NA
21	9417500	10670000	NA	NA	NA	NA
21	10670001	10892500	NA	NA	NA	NA
21	10892501	14369601	NA	NA	NA	NA
21	14369602	15235839	2	2	0	1
21	15235840	34759969	1	1	0	3
21	34759970	37556238	2	1	1	3
21	37556239	39812843	2	1	1	2
21	39812844	39813212	2	1	1	2
21	39813213	39814575	2	1	1	2
21	39814576	39987379	2	1	1	3
21	39987380	42519955	2	1	1	2
21	42519956	42838052	2	1	1	3
21	42838053	42838091	2	1	1	3
21	42838092	42867469	2	1	1	3
21	42867470	42867705	2	1	1	3
21	42867706	45074998	2	1	1	3
21	45074999	45075021	2	1	1	3
21	45075022	46937500	2	1	1	3
21	46937501	48129894	2	1	1	3
22	1	12199999	1	1	0	1
22	12200000	17899999	NA	NA	NA	NA
22	17900000	33411666	1	1	0	3
22	33411667	33411914	1	1	0	3
22	33411915	49687500	1	1	0	3
22	49687501	51304565	1	1	0	3
X	1	58099999	1	1	0	3
X	58100000	62999999	1	1	0	2
X	63000000	155270559	1	1	0	3
Y	1	11599999	1	1	0	1
Y	11600000	13399999	1	1	0	1
Y	13400000	59373565	1	1	0	1
