chromosome	start	end	total_cn	major_cn	minor_cn	star
1	1	40037917	3	2	1	2
1	40037918	40038161	3	2	1	2
1	40038162	40039329	3	2	1	2
1	40039330	40090737	2	1	1	2
1	40090738	121499999	3	2	1	2
1	121500000	128899999	3	2	1	1
1	128900000	143117801	3	2	1	2
1	143117802	149242499	3	2	1	2
1	149242500	161754461	4	3	1	2
1	161754462	162017202	3	3	0	2
1	162017203	162017518	4	3	1	1
1	162017519	171833394	4	3	1	2
1	171833395	232208725	5	3	2	2
1	232208726	232210340	4	2	2	2
1	232210341	232215777	4	2	2	2
1	232215778	232707530	4	2	2	2
1	232707531	245271157	5	3	2	2
1	245271158	245271726	5	3	2	2
1	245271727	245274303	5	3	2	2
1	245274304	245275026	5	3	2	2
1	245275027	246563022	5	3	2	2
1	246563023	247249600	4	3	1	2
1	247249601	249250620	4	3	1	2
2	20016	9513683	4	2	2	2
2	9513684	23843257	2	2	0	2
2	23843258	23843680	2	2	0	2
2	23843681	24471329	2	2	0	2
2	24471330	24513668	4	2	2	2
2	24513669	25244923	2	2	0	2
2	25244924	31849925	3	2	1	2
2	31849926	34033006	2	2	0	2
2	34033007	35919602	4	2	2	2
2	35919603	47717009	2	2	0	2
2	47717010	47728464	4	2	2	2
2	47728465	47728497	4	2	2	2
2	47728498	49162351	4	2	2	2
2	49162352	49445829	2	2	0	2
2	49445830	49466775	3	2	1	2
2	49466776	49466819	2	2	0	1
2	49466820	49497113	2	2	0	2
2	49497114	58077462	2	2	0	2
2	58077463	58078121	2	2	0	1
2	58078122	58080395	2	2	0	1
2	58080396	64192176	3	2	1	2
2	64192177	64203697	2	2	0	2
2	64203698	65450165	2	2	0	2
2	65450166	90499999	3	2	1	2
2	90500000	96799999	NA	NA	NA	NA
2	96800000	138512715	4	2	2	2
2	138512716	156175180	4	2	2	2
2	156175181	163643512	4	2	2	2
2	163643513	163646681	3	2	1	2
2	163646682	163647205	3	2	1	2
2	163647206	163647247	3	2	1	2
2	163647248	167861259	4	2	2	2
2	167861260	169801447	3	2	1	2
2	169801448	185102276	4	2	2	2
2	185102277	185389205	3	2	1	2
2	185389206	186609602	4	2	2	2
2	186609603	242988297	4	2	2	2
3	60363	87899999	4	2	2	2
3	87900000	93899999	4	2	2	2
3	93900000	168468784	4	2	2	2
3	168468785	168471591	4	2	2	2
3	168471592	197847500	4	2	2	2
4	44436	48199999	3	2	1	2
4	48200000	52699999	3	2	1	2
4	52700000	55669058	3	2	1	2
4	55669059	57422576	4	2	2	2
4	57422577	57534254	5	3	2	2
4	57534255	57538747	5	3	2	2
4	57538748	57539019	4	2	2	1
4	57539020	57570438	4	2	2	2
4	57570439	57722708	5	3	2	2
4	57722709	57725892	5	3	2	2
4	57725893	57921038	5	3	2	2
4	57921039	58164209	4	2	2	2
4	58164210	60940852	6	4	2	2
4	60940853	61050838	3	2	1	2
4	61050839	61166728	5	3	2	2
4	61166729	61955173	3	2	1	2
4	61955174	62904705	3	2	1	2
4	62904706	63270577	3	2	1	2
4	63270578	63277229	3	2	1	2
4	63277230	63593001	5	3	2	2
4	63593002	64168109	6	4	2	2
4	64168110	64176508	6	4	2	2
4	64176509	64210479	3	2	1	2
4	64210480	77544835	3	2	1	2
4	77544836	77552683	3	2	1	2
4	77552684	78929452	3	2	1	2
4	78929453	78929508	3	2	1	2
4	78929509	173968958	3	2	1	2
4	173968959	190823184	2	1	1	2
5	22500	46099999	4	2	2	2
5	46100000	50699999	4	2	2	2
5	50700000	180731326	4	2	2	2
6	39681	205799	4	2	2	1
6	205800	27405700	4	2	2	2
6	27405701	27405767	4	2	2	2
6	27405768	27647795	4	2	2	2
6	27647796	27647899	4	2	2	2
6	27647900	35459937	4	2	2	2
6	35459938	35467430	4	2	2	2
6	35467431	47613074	4	2	2	2
6	47613075	47613117	4	2	2	2
6	47613118	47635099	2	2	0	2
6	47635100	49959247	2	2	0	2
6	49959248	58699999	4	2	2	2
6	58700000	63299999	NA	NA	NA	NA
6	63300000	103807424	3	2	1	2
6	103807425	118628559	4	2	2	2
6	118628560	118628576	4	2	2	2
6	118628577	118667364	4	2	2	2
6	118667365	118667558	4	2	2	2
6	118667559	118680092	4	2	2	1
6	118680093	118680130	4	2	2	2
6	118680131	118680165	4	2	2	2
6	118680166	119284954	4	2	2	2
6	119284955	119285022	4	2	2	2
6	119285023	169271363	4	2	2	2
6	169271364	169273940	4	2	2	2
6	169273941	170863051	4	2	2	2
7	40386	17280475	2	2	0	2
7	17280476	17417402	2	2	0	2
7	17417403	41651676	2	2	0	2
7	41651677	41652771	2	2	0	2
7	41652772	42063803	10	8	2	2
7	42063804	42096554	22	20	2	2
7	42096555	42162097	14	12	2	2
7	42162098	42163706	6	4	2	1
7	42163707	48626499	6	4	2	2
7	48626500	57949987	4	2	2	2
7	57949988	61878601	4	2	2	2
7	61878602	158821400	4	2	2	2
8	10001	155756	2	2	0	2
8	155757	6929202	2	2	0	2
8	6929203	39231769	2	2	0	1
8	39231770	41747860	2	2	0	1
8	41747861	41747914	2	2	0	1
8	41747915	41956576	7	4	3	1
8	41956577	42990801	14	11	3	1
8	42990802	43099999	8	6	2	1
8	43100000	48099999	8	6	2	1
8	48100000	51594456	8	6	2	2
8	51594457	51595660	8	6	2	2
8	51595661	51599505	3	2	1	2
8	51599506	53491854	4	2	2	2
8	53491855	56636071	9	6	3	1
8	56636072	59625102	13	10	3	2
8	59625103	68699307	23	21	2	1
8	68699308	68704282	25	23	2	2
8	68704283	68720940	25	23	2	2
8	68720941	70930991	29	26	3	1
8	70930992	70949071	30	27	3	1
8	70949072	71032795	30	27	3	1
8	71032796	71034918	8	6	2	2
8	71034919	74200740	4	2	2	2
8	74200741	77545530	27	25	2	1
8	77545531	77977816	15	12	3	2
8	77977817	78002477	15	12	3	2
8	78002478	78076167	15	12	3	2
8	78076168	80127499	13	10	3	1
8	80127500	81894779	15	12	3	2
8	81894780	82822827	13	10	3	1
8	82822828	82827084	15	12	3	1
8	82827085	82836986	4	2	2	2
8	82836987	86197696	15	12	3	1
8	86197697	86283486	29	26	3	1
8	86283487	88095586	4	2	2	2
8	88095587	88123102	8	6	2	2
8	88123103	88123240	8	6	2	2
8	88123241	88123271	8	6	2	2
8	88123272	88265813	13	11	2	1
8	88265814	91576335	13	10	3	1
8	91576336	93302738	13	10	3	1
8	93302739	105385779	14	11	3	1
8	105385780	146364021	13	11	2	2
9	60444	47299999	4	2	2	2
9	47300000	50699999	4	2	2	2
9	50700000	68227380	4	2	2	2
9	68227381	86410802	4	2	2	2
9	86410803	88069766	2	2	0	2
9	88069767	107660423	3	2	1	2
9	107660424	116440884	2	2	0	2
9	116440885	116463620	2	2	0	2
9	116463621	116472564	2	2	0	2
9	116472565	117376913	2	2	0	2
9	117376914	118390830	4	2	2	2
9	118390831	118390874	4	2	2	2
9	118390875	118408638	4	2	2	2
9	118408639	119087228	2	2	0	2
9	119087229	119089735	4	2	2	2
9	119089736	119103139	2	2	0	2
9	119103140	123140679	4	2	2	2
9	123140680	123140721	4	2	2	2
9	123140722	123146619	2	2	0	1
9	123146620	123819496	2	2	0	2
9	123819497	132309458	3	2	1	2
9	132309459	132309843	3	2	1	2
9	132309844	132310702	3	2	1	1
9	132310703	132314564	4	2	2	2
9	132314565	133009260	2	2	0	2
9	133009261	133905171	3	2	1	1
9	133905172	134980824	2	2	0	2
9	134980825	134986005	3	2	1	2
9	134986006	138523348	2	2	0	2
9	138523349	140223200	4	2	2	2
10	94426	3139613	3	2	1	2
10	3139614	3759945	8	6	2	2
10	3759946	6867994	7	5	2	2
10	6867995	7055066	8	6	2	2
10	7055067	7227986	7	5	2	2
10	7227987	8491857	8	6	2	2
10	8491858	9370149	7	5	2	2
10	9370150	9949670	8	6	2	2
10	9949671	11142823	7	5	2	2
10	11142824	11346761	7	5	2	2
10	11346762	11551123	7	5	2	2
10	11551124	13467059	8	6	2	2
10	13467060	14304764	7	5	2	2
10	14304765	18437658	8	6	2	2
10	18437659	18442899	7	5	2	2
10	18442900	19276013	7	5	2	2
10	19276014	21163142	8	6	2	2
10	21163143	21845583	7	5	2	2
10	21845584	21850547	8	6	2	1
10	21850548	22971865	8	6	2	2
10	22971866	23115178	6	4	2	2
10	23115179	23119022	6	4	2	2
10	23119023	23119185	6	4	2	2
10	23119186	23158139	6	4	2	2
10	23158140	23195456	7	5	2	2
10	23195457	23195670	6	4	2	2
10	23195671	23196267	6	4	2	2
10	23196268	23206349	6	4	2	2
10	23206350	24730310	7	5	2	2
10	24730311	24936811	6	4	2	2
10	24936812	24937685	6	4	2	2
10	24937686	25190589	7	5	2	2
10	25190590	25233347	8	6	2	2
10	25233348	25521381	7	5	2	2
10	25521382	25521412	7	5	2	2
10	25521413	25521655	7	5	2	2
10	25521656	25521712	7	5	2	2
10	25521713	26075963	7	5	2	2
10	26075964	26403480	6	4	2	2
10	26403481	26455201	7	5	2	2
10	26455202	26455233	7	5	2	2
10	26455234	26455646	7	5	2	2
10	26455647	26455769	7	5	2	2
10	26455770	28059225	7	5	2	2
10	28059226	29146474	7	5	2	2
10	29146475	30536017	8	6	2	2
10	30536018	30610875	6	4	2	2
10	30610876	30890975	5	3	2	2
10	30890976	32247641	6	4	2	2
10	32247642	33481110	5	3	2	2
10	33481111	37999999	3	2	1	2
10	38000000	42481201	NA	NA	NA	NA
10	42481202	135389924	4	2	2	2
11	20721	196943	4	2	2	2
11	196944	48921600	4	2	2	2
11	48921601	50334809	4	2	2	2
11	50334810	51161157	6	3	3	1
11	51161158	51558001	7	5	2	2
11	51558002	55699999	NA	NA	NA	NA
11	55700000	56219968	16	14	2	1
11	56219969	57822534	4	2	2	2
11	57822535	57822555	4	2	2	1
11	57822556	57825489	4	2	2	1
11	57825490	57825693	5	3	2	2
11	57825694	57828983	2	2	0	2
11	57828984	58466801	2	2	0	2
11	58466802	58490122	20	18	2	1
11	58490123	59028012	20	18	2	1
11	59028013	59072515	24	21	3	1
11	59072516	59122333	24	21	3	1
11	59122334	59122514	24	21	3	1
11	59122515	59131805	24	21	3	1
11	59131806	59145670	24	21	3	1
11	59145671	59214736	24	21	3	1
11	59214737	59279631	3	2	1	2
11	59279632	59279773	3	2	1	2
11	59279774	59290255	4	2	2	2
11	59290256	59290311	4	2	2	2
11	59290312	59290404	4	2	2	2
11	59290405	59313409	4	2	2	1
11	59313410	59330239	4	2	2	2
11	59330240	59330409	4	2	2	2
11	59330410	59381051	4	2	2	2
11	59381052	59381102	4	2	2	2
11	59381103	59381189	4	2	2	1
11	59381190	59382320	6	4	2	1
11	59382321	60139102	6	4	2	2
11	60139103	60289987	24	22	2	1
11	60289988	61164529	6	4	2	2
11	61164530	61407246	12	10	2	2
11	61407247	66180361	2	2	0	2
11	66180362	67636993	2	2	0	2
11	67636994	67923920	4	2	2	2
11	67923921	67941232	2	2	0	1
11	67941233	69087122	2	2	0	2
11	69087123	69145709	2	2	0	2
11	69145710	69147731	4	2	2	2
11	69147732	69165675	4	2	2	2
11	69165676	69165960	4	2	2	2
11	69165961	69180174	4	2	2	2
11	69180175	69180382	3	2	1	1
11	69180383	69199976	4	2	2	2
11	69199977	69200052	4	2	2	1
11	69200053	69200344	4	2	2	1
11	69200345	69200359	4	2	2	1
11	69200360	69749978	22	20	2	2
11	69749979	69886974	31	29	2	1
11	69886975	69887040	31	29	2	1
11	69887041	70229801	20	18	2	1
11	70229802	70256168	2	2	0	1
11	70256169	72267359	2	2	0	2
11	72267360	72378609	7	5	2	2
11	72378610	72711180	20	18	2	2
11	72711181	72714168	36	34	2	2
11	72714169	72714225	36	34	2	2
11	72714226	72723513	36	34	2	2
11	72723514	72724274	36	34	2	2
11	72724275	72751968	36	34	2	2
11	72751969	72752021	36	34	2	2
11	72752022	73078633	36	34	2	2
11	73078634	73080096	38	36	2	1
11	73080097	73129666	53	51	2	2
11	73129667	73129843	53	51	2	2
11	73129844	73167573	53	51	2	2
11	73167574	73170574	53	51	2	2
11	73170575	73170708	53	51	2	2
11	73170709	73171999	53	51	2	2
11	73172000	73709619	53	51	2	2
11	73709620	73771344	53	51	2	2
11	73771345	74528614	53	51	2	2
11	74528615	74530943	37	35	2	1
11	74530944	74615809	25	23	2	1
11	74615810	74615835	25	23	2	1
11	74615836	74637795	25	23	2	1
11	74637796	74638328	25	23	2	1
11	74638329	74638595	25	23	2	1
11	74638596	74678111	25	23	2	1
11	74678112	75234710	26	24	2	2
11	75234711	76129085	6	4	2	2
11	76129086	78606431	12	10	2	2
11	78606432	78606476	13	11	2	1
11	78606477	79251964	5	3	2	2
11	79251965	79947999	12	10	2	2
11	79948000	134452200	2	2	0	2
12	110107	193310	4	2	2	2
12	193311	33299999	4	2	2	2
12	33300000	38424228	4	2	2	2
12	38424229	123445140	4	2	2	2
12	123445141	123719297	2	2	0	2
12	123719298	132349400	4	2	2	2
12	132349401	133851894	4	2	2	2
13	1	16299999	2	2	0	1
13	16300000	19499999	2	2	0	2
13	19500000	114142800	2	2	0	2
13	114142801	115169877	2	2	0	2
14	1	16099999	4	2	2	1
14	16100000	19099999	NA	NA	NA	NA
14	19100000	19229841	3	2	1	1
14	19229842	20433515	4	2	2	2
14	20433516	20590007	4	2	2	2
14	20590008	106368400	4	2	2	2
15	1	15799999	3	2	1	1
15	15800000	20699999	NA	NA	NA	NA
15	20700000	100338800	3	2	1	2
15	100338801	102531391	3	2	1	2
16	84870	32599898	2	2	0	2
16	32599899	33882400	2	2	0	2
16	33882401	34599999	2	2	0	2
16	34600000	38599999	NA	NA	NA	NA
16	38600000	46447499	6	4	2	1
16	46447500	86118549	2	2	0	2
16	86118550	86243007	6	4	2	2
16	86243008	86280562	2	2	0	2
16	86280563	87119321	6	4	2	2
16	87119322	87130870	7	5	2	2
16	87130871	87371870	6	4	2	2
16	87371871	88088894	2	2	0	2
16	88088895	88147847	6	4	2	2
16	88147848	88985722	2	2	0	2
16	88985723	89108860	6	4	2	2
16	89108861	90146043	2	2	0	2
17	12500	2957977	2	2	0	2
17	2957978	5794514	6	4	2	2
17	5794515	5893484	2	2	0	2
17	5893485	6249955	6	4	2	2
17	6249956	7730932	2	2	0	2
17	7730933	7746714	6	4	2	1
17	7746715	7746879	6	4	2	2
17	7746880	10388858	6	4	2	2
17	10388859	10388901	6	4	2	2
17	10388902	10416483	6	4	2	2
17	10416484	10416524	6	4	2	2
17	10416525	10449070	2	2	0	2
17	10449071	10795924	6	4	2	2
17	10795925	22199999	2	2	0	2
17	22200000	25799999	NA	NA	NA	NA
17	25800000	26184919	4	2	2	2
17	26184920	26793464	3	2	1	2
17	26793465	26793582	3	2	1	2
17	26793583	26796698	2	2	0	1
17	26796699	26799712	2	2	0	1
17	26799713	27115783	2	2	0	1
17	27115784	27117881	2	2	0	1
17	27117882	27119419	2	2	0	1
17	27119420	27148349	2	2	0	1
17	27148350	29329239	2	2	0	2
17	29329240	29384768	6	4	2	2
17	29384769	29485473	7	5	2	2
17	29485474	29822120	7	5	2	2
17	29822121	30420543	2	2	0	2
17	30420544	35836420	2	2	0	2
17	35836421	35851938	5	3	2	2
17	35851939	35852168	5	3	2	2
17	35852169	36405601	5	3	2	2
17	36405602	37408980	5	3	2	2
17	37408981	37521885	15	13	2	1
17	37521886	37641243	15	13	2	1
17	37641244	37777118	15	13	2	1
17	37777119	37837068	15	13	2	1
17	37837069	37839352	15	13	2	1
17	37839353	37966042	28	26	2	1
17	37966043	37969256	24	22	2	1
17	37969257	37985378	24	22	2	1
17	37985379	37999323	24	22	2	1
17	37999324	38012727	24	22	2	1
17	38012728	38015226	24	22	2	1
17	38015227	38016670	24	22	2	1
17	38016671	38025696	24	22	2	1
17	38025697	38026789	24	22	2	1
17	38026790	38068740	23	21	2	1
17	38068741	38140527	24	22	2	1
17	38140528	38267061	27	25	2	1
17	38267062	38267403	27	25	2	1
17	38267404	38267416	27	25	2	1
17	38267417	38268792	27	25	2	1
17	38268793	38268989	27	25	2	1
17	38268990	38342024	27	25	2	1
17	38342025	38344944	27	25	2	1
17	38344945	38344983	20	17	3	1
17	38344984	38365599	20	17	3	2
17	38365600	38405687	4	2	2	1
17	38405688	38420221	4	2	2	1
17	38420222	38603869	4	2	2	2
17	38603870	38769373	8	7	1	1
17	38769374	38795743	8	7	1	1
17	38795744	38795807	8	7	1	1
17	38795808	38802096	2	2	0	1
17	38802097	39702896	2	2	0	2
17	39702897	39843525	7	5	2	2
17	39843526	39876180	2	2	0	2
17	39876181	39876473	2	2	0	2
17	39876474	41417442	2	2	0	2
17	41417443	41729887	6	4	2	2
17	41729888	41753874	16	14	2	1
17	41753875	41932209	16	14	2	1
17	41932210	42020040	3	2	1	1
17	42020041	42404126	2	2	0	2
17	42404127	42502087	2	2	0	1
17	42502088	42502422	14	12	2	1
17	42502423	42640850	7	5	2	2
17	42640851	42703427	6	4	2	1
17	42703428	42703754	6	4	2	1
17	42703755	42843549	6	4	2	2
17	42843550	42844021	6	4	2	1
17	42844022	42846993	7	5	2	2
17	42846994	42925101	6	4	2	2
17	42925102	43181232	5	3	2	2
17	43181233	43564951	2	2	0	2
17	43564952	43612800	7	5	2	1
17	43612801	43655712	7	5	2	1
17	43655713	43742975	7	5	2	1
17	43742976	43787554	8	6	2	2
17	43787555	44093242	7	5	2	2
17	44093243	44098130	6	5	1	1
17	44098131	44153532	7	5	2	2
17	44153533	44216708	2	2	0	2
17	44216709	44252390	5	4	1	1
17	44252391	44327757	2	2	0	2
17	44327758	44328098	NA	NA	NA	NA
17	44328099	44339092	5	4	1	1
17	44339093	44339109	5	4	1	1
17	44339110	44339407	5	4	1	1
17	44339408	44347360	4	3	1	1
17	44347361	44347513	4	3	1	1
17	44347514	44348844	4	3	1	1
17	44348845	44358706	7	6	1	1
17	44358707	44820214	10	8	2	1
17	44820215	45068031	16	14	2	1
17	45068032	45119133	16	14	2	1
17	45119134	45148161	15	13	2	1
17	45148162	45687529	9	7	2	2
17	45687530	45702653	9	7	2	1
17	45702654	46458089	11	9	2	2
17	46458090	46466815	12	10	2	1
17	46466816	46654322	12	10	2	1
17	46654323	46714933	12	10	2	1
17	46714934	46930990	12	10	2	2
17	46930991	47287002	14	12	2	1
17	47287003	47287425	14	12	2	1
17	47287426	47288196	14	12	2	1
17	47288197	47288389	14	12	2	1
17	47288390	47987530	13	11	2	1
17	47987531	47988288	13	11	2	1
17	47988289	47988372	13	11	2	1
17	47988373	47994109	11	9	2	1
17	47994110	48121691	11	9	2	1
17	48121692	48132499	18	16	2	1
17	48132500	48134172	18	16	2	1
17	48134173	48134605	18	16	2	1
17	48134606	48135887	18	16	2	1
17	48135888	48137195	18	16	2	1
17	48137196	48137212	18	16	2	1
17	48137213	48295977	18	16	2	1
17	48295978	48296091	18	16	2	1
17	48296092	48306196	4	2	2	1
17	48306197	48539369	4	2	2	2
17	48539370	49288431	5	3	2	2
17	49288432	49321427	5	3	2	2
17	49321428	51457679	4	2	2	2
17	51457680	51599887	18	16	2	1
17	51599888	51600344	18	16	2	1
17	51600345	51702306	10	8	2	2
17	51702307	52575666	7	5	2	2
17	52575667	54166710	5	3	2	2
17	54166711	56395642	6	4	2	2
17	56395643	58384721	5	3	2	2
17	58384722	71667016	5	3	2	2
17	71667017	71697611	9	7	2	1
17	71697612	72986121	5	3	2	2
17	72986122	78957673	5	3	2	2
17	78957674	79405640	5	3	2	1
17	79405641	79603187	11	9	2	2
17	79603188	79603674	11	9	2	1
17	79603675	79998457	19	17	2	2
17	79998458	79998469	19	17	2	1
17	79998470	80070970	5	3	2	1
17	80070971	81117474	5	3	2	1
18	27500	105711	4	2	2	2
18	105712	15367961	4	2	2	2
18	15367962	18999999	4	2	2	2
18	19000000	76117000	4	2	2	2
18	76117001	78077247	4	2	2	2
19	102500	226775	4	2	2	2
19	226776	24379451	4	2	2	2
19	24379452	28599999	NA	NA	NA	NA
19	28600000	29486525	6	4	2	2
19	29486526	29497625	6	4	2	2
19	29497626	36859366	6	4	2	2
19	36859367	36939723	7	5	2	2
19	36939724	46700935	6	4	2	2
19	46700936	48961353	8	6	2	2
19	48961354	48979448	8	6	2	2
19	48979449	48979526	9	7	2	2
19	48979527	51179591	9	7	2	2
19	51179592	51179759	9	7	2	1
19	51179760	51179948	9	7	2	1
19	51179949	51188803	8	6	2	1
19	51188804	51867945	8	6	2	2
19	51867946	51870269	8	6	2	2
19	51870270	51872348	9	7	2	1
19	51872349	51872438	9	7	2	1
19	51872439	52543186	9	7	2	2
19	52543187	52901941	8	6	2	2
19	52901942	53104887	9	7	2	2
19	53104888	53573649	8	6	2	2
19	53573650	54104087	9	7	2	2
19	54104088	54107395	9	7	2	2
19	54107396	54390255	11	8	3	1
19	54390256	54641317	8	6	2	2
19	54641318	54685142	9	7	2	2
19	54685143	55329525	8	6	2	2
19	55329526	56817061	8	6	2	2
19	56817062	56999096	8	6	2	2
19	56999097	57431955	7	5	2	2
19	57431956	58347529	8	6	2	2
19	58347530	58598008	9	7	2	2
19	58598009	58600956	9	7	2	1
19	58600957	58701872	14	12	2	2
19	58701873	58702599	16	14	2	1
19	58702600	58733082	26	24	2	1
19	58733083	58733447	26	24	2	1
20	24347	4186489	5	3	2	2
20	4186490	4332500	4	2	2	2
20	4332501	4407240	3	2	1	2
20	4407241	4520337	4	2	2	2
20	4520338	4567094	4	2	2	1
20	4567095	6674016	4	2	2	2
20	6674017	6699983	3	2	1	2
20	6699984	23658313	4	2	2	2
20	23658314	23658394	4	2	2	2
20	23658395	24157670	6	4	2	2
20	24157671	24160580	4	2	2	1
20	24160581	24160670	4	2	2	1
20	24160671	24160841	4	2	2	2
20	24160842	24161202	4	2	2	2
20	24161203	25599999	4	2	2	2
20	25600000	29468506	NA	NA	NA	NA
20	29468507	29830201	6	4	2	2
20	29830202	30610014	3	2	1	2
20	30610015	30820311	5	3	2	2
20	30820312	30863779	5	3	2	2
20	30863780	30865254	5	3	2	2
20	30865255	30865836	3	2	1	2
20	30865837	32072942	3	2	1	2
20	32072943	32218575	5	3	2	2
20	32218576	32494801	5	3	2	2
20	32494802	32552291	7	5	2	2
20	32552292	32585048	7	5	2	1
20	32585049	32656541	7	5	2	2
20	32656542	32667008	6	4	2	2
20	32667009	32667029	7	5	2	2
20	32667030	32667052	7	5	2	2
20	32667053	32667273	8	6	2	2
20	32667274	32667455	7	5	2	2
20	32667456	33050946	7	5	2	2
20	33050947	33058320	7	5	2	2
20	33058321	33313055	7	5	2	2
20	33313056	33313347	6	4	2	2
20	33313348	33313367	6	4	2	2
20	33313368	33313626	6	4	2	1
20	33313627	34064978	6	4	2	2
20	34064979	34068527	6	4	2	2
20	34068528	34081082	6	4	2	2
20	34081083	34155928	3	2	1	2
20	34155929	34155955	3	2	1	2
20	34155956	34156182	3	2	1	2
20	34156183	34156412	3	2	1	2
20	34156413	34159088	3	2	1	2
20	34159089	34176407	3	2	1	2
20	34176408	62435800	3	2	1	2
21	1	9417499	NA	NA	NA	NA
21	9417500	10670000	NA	NA	NA	NA
21	10670001	14299999	4	3	1	1
21	14300000	19658709	4	2	2	2
21	19658710	19659744	4	2	2	2
21	19659745	36100985	4	2	2	2
21	36100986	36101172	4	2	2	2
21	36101173	46944200	4	2	2	2
21	46944201	48129894	4	2	2	2
22	1	12199999	4	2	2	1
22	12200000	17899999	4	2	2	2
22	17900000	24093005	4	2	2	2
22	24093006	24605353	7	5	2	2
22	24605354	26340951	4	2	2	2
22	26340952	26722061	3	2	1	2
22	26722062	26735752	4	2	2	2
22	26735753	26757334	3	2	1	2
22	26757335	26879677	4	2	2	2
22	26879678	26885173	4	2	2	2
22	26885174	26889023	4	2	2	1
22	26889024	27171043	4	2	2	2
22	27171044	27171070	4	2	2	2
22	27171071	27171316	4	2	2	2
22	27171317	27432300	3	2	1	2
22	27432301	27530716	4	2	2	2
22	27530717	27551828	6	4	2	1
22	27551829	27886398	6	4	2	2
22	27886399	27891154	6	4	2	2
22	27891155	28604202	6	4	2	2
22	28604203	28857175	3	2	1	1
22	28857176	29513136	3	2	1	2
22	29513137	29602435	5	3	2	2
22	29602436	30143598	2	2	0	2
22	30143599	30264313	4	2	2	1
22	30264314	30280603	4	2	2	1
22	30280604	30283044	4	2	2	2
22	30283045	31098971	4	2	2	2
22	31098972	31470595	3	2	1	2
22	31470596	32672207	2	2	0	2
22	32672208	33043453	3	2	1	2
22	33043454	39284968	2	2	0	2
22	39284969	40603337	4	2	2	2
22	40603338	42012286	6	4	2	2
22	42012287	43259893	2	2	0	2
22	43259894	46648803	6	4	2	2
22	46648804	48787245	2	2	0	2
22	48787246	48812723	2	2	0	2
22	48812724	49691400	2	2	0	2
22	49691401	51304565	2	2	0	2
X	1	21879055	4	2	2	2
X	21879056	24261688	3	2	1	2
X	24261689	58099999	4	2	2	2
X	58100000	62999999	NA	NA	NA	NA
X	63000000	75425964	4	2	2	2
X	75425965	75429056	4	2	2	2
X	75429057	75429258	2	1	1	2
X	75429259	75430046	2	1	1	2
X	75430047	75430967	2	1	1	2
X	75430968	87840016	4	2	2	2
X	87840017	133547018	3	2	1	2
X	133547019	154913600	4	2	2	2
