chromosome	start	end	total_cn	major_cn	minor_cn	star
1	1	121499999	2	1	1	3
1	121500000	128899999	2	1	1	3
1	128900000	249250620	2	1	1	3
2	20016	90499999	2	1	1	3
2	90500000	96799999	2	1	1	2
2	96800000	242985493	2	1	1	3
3	62437	87899999	2	1	1	3
3	87900000	93899999	NA	NA	NA	NA
3	93900000	197847500	3	2	1	3
4	74639	48199999	2	1	1	3
4	48200000	52699999	2	1	1	2
4	52700000	187178765	2	1	1	3
4	187178766	187178776	2	1	1	3
4	187178777	187196939	2	1	1	2
4	187196940	187196950	2	1	1	2
4	187196951	191154275	2	1	1	2
5	22500	46099999	2	1	1	3
5	46100000	50699999	2	1	1	2
5	50700000	180712500	2	1	1	3
6	242501	58699999	2	1	1	2
6	58700000	63299999	2	1	1	2
6	63300000	170899934	2	1	1	3
7	52500	57999987	2	1	1	3
7	57999988	61699999	2	1	1	2
7	61700000	95371744	2	1	1	2
7	95371745	109218633	1	1	0	2
7	109218634	159138662	2	1	1	3
8	199547	43099999	2	1	1	2
8	43100000	48099999	2	1	1	2
8	48100000	146364021	2	1	1	2
9	47500	200100	2	1	1	2
9	200101	47299999	2	1	1	2
9	47300000	50699999	2	1	1	2
9	50700000	71019409	2	1	1	2
9	71019410	141213430	2	1	1	3
10	102500	32348107	3	2	1	2
10	32348108	37999999	2	1	1	3
10	38000000	42299999	2	1	1	2
10	42300000	52651411	2	1	1	2
10	52651412	135534746	1	1	0	2
11	187500	51599999	2	1	1	3
11	51600000	55699999	2	1	1	2
11	55700000	135006515	2	1	1	3
12	110107	33299999	2	1	1	3
12	33300000	38199999	2	1	1	2
12	38200000	133851894	2	1	1	3
13	1	16299999	2	1	1	1
13	16300000	19499999	2	1	1	2
13	19500000	115169877	2	1	1	3
14	1	16099999	2	1	1	1
14	16100000	19099999	2	1	1	2
14	19100000	107349539	2	1	1	3
15	1	15799999	2	1	1	1
15	15800000	20699999	2	1	1	2
15	20700000	22373414	2	1	1	2
15	22373415	102353326	2	1	1	3
16	100010	33377500	2	1	1	2
16	33377501	34599999	2	1	1	2
16	34600000	38599999	2	1	1	2
16	38600000	48835636	2	1	1	3
16	48835637	66096336	1	1	0	2
16	66096337	80006078	2	1	1	3
16	80006079	80007342	2	1	1	3
16	80007343	90146510	2	1	1	3
17	1665	22199999	2	1	1	2
17	22200000	25799999	NA	NA	NA	NA
17	25800000	81195209	2	2	0	2
18	75729	14154573	2	1	1	2
18	14154574	15399999	2	1	1	2
18	15400000	18999999	2	1	1	2
18	19000000	78077247	2	1	1	3
19	108847	255095	2	1	1	2
19	255096	24399999	2	1	1	2
19	24400000	28599999	2	1	1	2
19	28600000	59128982	2	1	1	2
20	60479	25599999	2	1	1	2
20	25600000	29509956	2	1	1	2
20	29509957	63025519	2	1	1	2
21	1	9417499	NA	NA	NA	NA
21	9417500	10899999	NA	NA	NA	NA
21	10900000	15273144	2	1	1	2
21	15273145	48129894	2	1	1	2
22	1	12199999	2	1	1	1
22	12200000	17899999	2	1	1	2
22	17900000	51304565	2	1	1	2
X	1	58099999	1	1	0	3
X	58100000	62999999	1	1	0	3
X	63000000	155270559	1	1	0	3
Y	1	11599999	1	1	0	1
Y	11600000	13399999	NA	NA	NA	NA
Y	13400000	59373565	1	1	0	1
