chromosome	start	end	total_cn	major_cn	minor_cn	star
1	10001	8223433	1	1	0	3
1	8223434	85981753	2	1	1	3
1	85981754	121453802	2	1	1	3
1	121453803	128899999	NA	NA	NA	NA
1	128900000	143542500	2	2	0	1
1	143542501	144843267	4	3	1	1
1	144843268	145382601	5	4	1	1
1	145382602	146773854	5	4	1	2
1	146773855	148007499	6	5	1	2
1	148007500	192542252	5	4	1	2
1	192542253	192543906	7	6	1	2
1	192543907	194948427	9	8	1	2
1	194948428	194949385	6	5	1	2
1	194949386	196777500	7	6	1	2
1	196777501	196819802	4	3	1	2
1	196819803	198252272	3	2	1	2
1	198252273	198273783	6	5	1	1
1	198273784	198275354	6	5	1	1
1	198275355	198275736	3	2	1	1
1	198275737	242960601	3	2	1	2
1	242960602	247247500	4	3	1	2
1	247247501	249250620	4	3	1	2
2	20016	78737499	2	1	1	3
2	78737500	78782487	1	1	0	1
2	78782488	89845401	2	1	1	3
2	89845402	96799999	2	1	1	3
2	96800000	242654796	2	1	1	3
2	242654797	242985493	3	2	1	2
3	100074	23802941	3	2	1	2
3	23802942	23802964	3	2	1	2
3	23802965	46080579	3	2	1	2
3	46080580	46080599	1	1	0	2
3	46080600	46081570	1	1	0	2
3	46081571	50428522	1	1	0	3
3	50428523	50428645	1	1	0	2
3	50428646	50428684	3	2	1	2
3	50428685	53332000	3	2	1	3
3	53332001	85339918	1	1	0	3
3	85339919	85899370	5	4	1	3
3	85899371	85912429	7	6	1	1
3	85912430	86006733	7	6	1	2
3	86006734	86033776	10	9	1	1
3	86033777	86033837	10	9	1	1
3	86033838	86035557	4	3	1	1
3	86035558	86044907	3	2	1	2
3	86044908	86046057	4	3	1	1
3	86046058	86908125	4	3	1	3
3	86908126	87899999	2	1	1	3
3	87900000	93899999	2	1	1	2
3	93900000	197304500	2	1	1	3
4	31303	48199999	1	1	0	2
4	48200000	52699999	1	1	0	2
4	52700000	84220092	1	1	0	2
4	84220093	84307065	2	1	1	3
4	84307066	87710137	2	1	1	3
4	87710138	87755104	2	1	1	2
4	87755105	145360026	1	1	0	2
4	145360027	145419888	2	2	0	1
4	145419889	191154275	1	1	0	2
5	17501	1296718	2	1	1	2
5	1296719	45929980	1	1	0	2
5	45929981	50699999	1	1	0	2
5	50700000	180370033	1	1	0	2
5	180370034	180443399	1	1	0	2
5	180443400	180689978	1	1	0	2
6	39681	201975	2	1	1	2
6	201976	58699999	2	1	1	3
6	58700000	63299999	2	1	1	3
6	63300000	170897500	2	1	1	3
7	43042	57988105	2	1	1	3
7	57988106	61699999	2	1	1	2
7	61700000	158817500	2	1	1	3
8	10001	172499	1	1	0	2
8	172500	3189523	1	1	0	2
8	3189524	3189851	1	1	0	2
8	3189852	33657878	1	1	0	2
8	33657879	33779566	1	1	0	2
8	33779567	34141077	1	1	0	2
8	34141078	39230024	1	1	0	2
8	39230025	41285341	1	1	0	2
8	41285342	41288184	1	1	0	2
8	41288185	41311104	1	1	0	2
8	41311105	41453513	1	1	0	2
8	41453514	43099999	2	1	1	2
8	43100000	48099999	2	1	1	2
8	48100000	48716593	2	1	1	3
8	48716594	48761886	1	1	0	2
8	48761887	52429587	2	1	1	3
8	52429588	52430277	2	1	1	2
8	52430278	53054613	2	1	1	3
8	53054614	61149385	1	1	0	3
8	61149386	128953711	2	1	1	2
8	128953712	129424164	2	1	1	2
8	129424165	146364021	2	1	1	2
9	10001	216998	2	1	1	2
9	216999	43852499	2	1	1	2
9	43852500	45405950	2	1	1	2
9	45405951	47299999	2	2	0	1
9	47300000	50699999	2	2	0	1
9	50700000	70199802	2	2	0	1
9	70199803	119430044	1	1	0	3
9	119430045	140267500	2	1	1	3
10	94426	37999999	2	1	1	2
10	38000000	42559399	2	1	1	2
10	42559400	65899960	2	1	1	2
10	65899961	135389924	1	1	0	3
11	20721	190009	2	1	1	2
11	190010	5270056	2	1	1	2
11	5270057	6147237	1	1	0	3
11	6147238	50334402	2	1	1	3
11	50334403	51260088	2	1	1	2
11	51260089	55699999	2	1	1	2
11	55700000	134452200	2	1	1	3
12	110107	193310	2	1	1	2
12	193311	33299999	2	1	1	3
12	33300000	38199999	2	1	1	3
12	38200000	38323345	2	1	1	2
12	38323346	38418362	4	2	2	1
12	38418363	132349400	2	1	1	3
12	132349401	133851894	2	1	1	2
13	1	16299999	2	2	0	1
13	16300000	19499999	2	2	0	2
13	19500000	23300017	2	2	0	3
13	23300018	23512104	3	2	1	2
13	23512105	23512966	3	2	1	1
13	23512967	23852500	3	2	1	3
13	23852501	114142800	2	2	0	3
13	114142801	115169877	2	2	0	2
14	1	16099999	1	1	0	1
14	16100000	19099999	1	1	0	2
14	19100000	20375050	1	1	0	2
14	20375051	106368400	1	1	0	2
15	1	15799999	2	1	1	1
15	15800000	20699999	NA	NA	NA	NA
15	20700000	23645629	1	1	0	2
15	23645630	100338800	2	1	1	3
15	100338801	102399919	2	1	1	2
16	100010	32607500	1	1	0	2
16	32607501	34599999	1	1	0	2
16	34600000	38599999	1	1	0	2
16	38600000	88827200	1	1	0	2
16	88827201	90354752	1	1	0	2
17	3980	14934244	1	1	0	3
17	14934245	21917499	2	1	1	3
17	21917500	22199999	1	1	0	2
17	22200000	25799999	NA	NA	NA	NA
17	25800000	34752602	2	1	1	3
17	34752603	78774600	2	1	1	3
17	78774601	81195209	2	1	1	2
18	27500	15399999	2	1	1	3
18	15400000	18999999	2	1	1	2
18	19000000	76117000	2	1	1	3
18	76117001	78077247	2	1	1	2
19	102500	260136	1	1	0	2
19	260137	24394584	1	1	0	3
19	24394585	24399999	2	1	1	2
19	24400000	28599999	2	1	1	2
19	28600000	59128982	2	1	1	2
20	37112	25599999	2	1	1	2
20	25600000	29399999	2	1	1	2
20	29400000	62432500	2	1	1	2
21	1	9417499	NA	NA	NA	NA
21	9417500	9842499	NA	NA	NA	NA
21	9842500	10899999	NA	NA	NA	NA
21	10900000	14299999	2	1	1	2
21	14300000	24521969	2	1	1	2
21	24521970	24942499	1	1	0	2
21	24942500	46937500	2	1	1	2
21	46937501	48129894	2	1	1	2
22	1	12199999	2	1	1	1
22	12200000	17899999	2	1	1	3
22	17900000	49687500	2	1	1	3
22	49687501	51304565	2	1	1	2
X	1	58099999	1	1	0	3
X	58100000	62999999	1	1	0	3
X	63000000	155270559	1	1	0	3
Y	1	11599999	NA	NA	NA	NA
Y	11600000	13591001	NA	NA	NA	NA
Y	13591002	13885605	NA	NA	NA	NA
Y	13885606	27221401	NA	NA	NA	NA
Y	27221402	59373565	NA	NA	NA	NA
