chromosome	start	end	total_cn	major_cn	minor_cn	star
1	807501	1888705	5	3	2	2
1	1888706	5588756	4	2	2	2
1	5588757	5730288	5	3	2	2
1	5730289	12897499	4	2	2	2
1	12897500	15282499	4	2	2	2
1	15282500	15447264	7	5	2	2
1	15447265	15886343	8	4	4	2
1	15886344	19252459	4	2	2	2
1	19252460	19584677	3	2	1	2
1	19584678	20100717	5	4	1	2
1	20100718	22777110	3	2	1	2
1	22777111	23040042	5	4	1	2
1	23040043	28047423	3	2	1	2
1	28047424	40434224	3	2	1	2
1	40434225	49281014	3	2	1	2
1	49281015	50062499	2	2	0	3
1	50062500	116768568	3	2	1	2
1	116768569	118255568	2	1	1	3
1	118255569	121499999	3	2	1	3
1	121500000	128899999	3	2	1	1
1	128900000	143747499	NA	NA	NA	NA
1	143747500	153326073	2	1	1	2
1	153326074	153747449	3	2	1	2
1	153747450	181087471	2	1	1	2
1	181087472	181171893	3	2	1	2
1	181171894	189351956	2	1	1	2
1	189351957	189388169	1	1	0	2
1	189388170	196180007	2	1	1	2
1	196180008	202087981	3	2	1	2
1	202087982	202171094	6	5	1	2
1	202171095	206794311	3	2	1	2
1	206794312	207372499	3	2	1	1
1	207372500	234576280	3	2	1	2
1	234576281	234842499	6	5	1	2
1	234842500	235382848	6	5	1	2
1	235382849	245911606	3	2	1	2
1	245911607	246038661	2	2	0	2
1	246038662	246057500	3	2	1	3
1	246057501	246147499	3	2	1	2
1	246147500	249250620	3	2	1	2
2	42283	7474206	3	2	1	2
2	7474207	10331729	4	3	1	2
2	10331730	39542499	3	2	1	3
2	39542500	44347994	3	2	1	2
2	44347995	44634456	4	2	2	2
2	44634457	57323601	3	2	1	3
2	57323602	57482306	2	1	1	2
2	57482307	64899377	3	2	1	3
2	64899378	65860727	4	3	1	2
2	65860728	80440077	3	2	1	3
2	80440078	81415678	4	3	1	3
2	81415679	84852723	3	2	1	3
2	84852724	85547375	4	2	2	3
2	85547376	90499999	3	2	1	3
2	90500000	96799999	3	2	1	2
2	96800000	133830236	3	2	1	2
2	133830237	133926722	4	2	2	2
2	133926723	135086419	3	2	1	2
2	135086420	135524930	2	2	0	2
2	135524931	142489777	3	2	1	2
2	142489778	142892931	2	2	0	2
2	142892932	150902499	3	2	1	2
2	150902500	150941672	1	1	0	3
2	150941673	158647918	3	2	1	2
2	158647919	212662500	3	2	1	2
2	212662501	213180077	3	2	1	2
2	213180078	213244075	2	1	1	2
2	213244076	215473643	3	2	1	2
2	215473644	218078555	4	2	2	2
2	218078556	223605467	3	2	1	2
2	223605468	223838418	5	4	1	2
2	223838419	224369383	3	2	1	2
2	224369384	224436723	5	4	1	2
2	224436724	238327788	3	2	1	2
2	238327789	238418369	4	2	2	2
2	238418370	238800705	3	2	1	2
2	238800706	239610152	4	2	2	2
2	239610153	243014433	3	2	1	2
3	67500	50038266	2	2	0	3
3	50038267	50334325	4	4	0	2
3	50334326	60005535	2	2	0	3
3	60005536	60475657	0	0	0	2
3	60475658	87899999	2	2	0	3
3	87900000	93899999	NA	NA	NA	NA
3	93900000	95157499	5	3	2	2
3	95157500	97538628	4	3	1	2
3	97538629	99302050	5	3	2	2
3	99302051	116942865	4	3	1	3
3	116942866	117093900	5	4	1	3
3	117093901	117878508	4	3	1	3
3	117878509	118929430	5	4	1	3
3	118929431	121698262	4	3	1	3
3	121698263	123468165	5	3	2	3
3	123468166	131674048	4	3	1	3
3	131674049	132497499	3	3	0	2
3	132497500	132573318	4	3	1	2
3	132573319	134513929	5	3	2	2
3	134513930	163781052	3	3	0	3
3	163781053	165156596	5	3	2	2
3	165156597	165650264	3	3	0	2
3	165650265	166128088	1	1	0	2
3	166128089	166708746	3	3	0	2
3	166708747	167130251	5	3	2	2
3	167130252	168687499	7	5	2	2
3	168687500	170022499	5	3	2	2
3	170022500	170167499	4	2	2	2
3	170167500	170202499	6	3	3	2
3	170202500	170377499	8	6	2	2
3	170377500	171309620	6	4	2	2
3	171309621	171495179	8	5	3	2
3	171495180	171768047	7	4	3	2
3	171768048	171882117	6	4	2	2
3	171882118	172042455	2	2	0	2
3	172042456	172098645	6	4	2	2
3	172098646	172410406	5	3	2	2
3	172410407	173576604	4	2	2	2
3	173576605	179556317	3	2	1	2
3	179556318	179874280	2	1	1	2
3	179874281	182977168	3	2	1	2
3	182977169	183542055	2	2	0	2
3	183542056	184256438	3	2	1	2
3	184256439	184550359	2	2	0	2
3	184550360	185087707	4	2	2	2
3	185087708	186449658	3	2	1	2
3	186449659	186507499	5	4	1	2
3	186507500	190785206	3	2	1	2
3	190785207	191266447	4	2	2	2
3	191266448	192062185	3	2	1	2
3	192062186	192350983	4	2	2	3
3	192350984	193420475	3	2	1	2
3	193420476	194619304	5	3	2	3
3	194619305	195151372	3	2	1	2
3	195151373	195447853	2	2	0	2
3	195447854	195785725	6	4	2	2
3	195785726	196702495	4	2	2	2
3	196702496	197107981	3	2	1	2
3	197107982	197337500	4	2	2	2
3	197337501	197864657	6	4	2	2
4	27500	270226	2	1	1	2
4	270227	38667672	3	2	1	2
4	38667673	40080951	2	1	1	2
4	40080952	48199999	3	2	1	2
4	48200000	52699999	NA	NA	NA	NA
4	52700000	53119340	4	3	1	2
4	53119341	54684161	3	2	1	2
4	54684162	68262796	2	1	1	3
4	68262797	68810245	1	1	0	2
4	68810246	74567499	2	1	1	3
4	74567500	75067499	3	2	1	2
4	75067500	90891180	2	1	1	2
4	90891181	91068612	1	1	0	2
4	91068613	91147499	0	0	0	2
4	91147500	91173963	1	1	0	2
4	91173964	106570018	2	1	1	3
4	106570019	107035873	1	1	0	2
4	107035874	117817499	2	1	1	3
4	117817500	122517953	3	2	1	2
4	122517954	122762499	2	1	1	3
4	122762500	126717499	3	2	1	2
4	126717500	127772499	4	3	1	2
4	127772500	134939760	3	2	1	2
4	134939761	136657499	4	3	1	2
4	136657500	169194734	3	2	1	2
4	169194735	187557499	2	1	1	3
4	187557500	187879077	3	2	1	3
4	187879078	187982750	2	1	1	2
4	187982751	188126045	3	2	1	3
4	188126046	191154275	2	1	1	3
5	50017	14681996	6	4	2	2
5	14681997	14823983	8	5	3	2
5	14823984	15143352	8	4	4	2
5	15143353	46099999	6	4	2	2
5	46100000	50699999	NA	NA	NA	NA
5	50700000	52474585	2	2	0	3
5	52474586	52895232	3	2	1	3
5	52895233	67519263	2	2	0	3
5	67519264	67952152	3	3	0	2
5	67952153	78995532	2	2	0	3
5	78995533	79558392	3	3	0	2
5	79558393	79941250	4	3	1	2
5	79941251	80160272	3	3	0	3
5	80160273	96109609	2	2	0	3
5	96109610	96300313	1	1	0	2
5	96300314	103592320	2	2	0	3
5	103592321	103734556	1	1	0	2
5	103734557	104167499	2	2	0	2
5	104167500	104212499	1	1	0	2
5	104212500	112087326	2	2	0	3
5	112087327	112476509	4	4	0	2
5	112476510	120710185	2	2	0	2
5	120710186	122937845	3	2	1	3
5	122937846	140096378	2	2	0	2
5	140096379	142122499	3	2	1	2
5	142122500	142886671	5	4	1	2
5	142886672	168531707	3	2	1	3
5	168531708	170726797	5	4	1	3
5	170726798	171837499	4	4	0	2
5	171837500	180712500	2	2	0	2
6	212500	1685553	3	2	1	2
6	1685554	2007499	2	2	0	3
6	2007500	2055027	2	1	1	2
6	2055028	2357499	1	1	0	1
6	2357500	11009706	3	2	1	2
6	11009707	11493136	4	2	2	2
6	11493137	39041803	3	2	1	2
6	39041804	47252499	3	2	1	2
6	47252500	47471647	4	3	1	3
6	47471648	57312500	3	2	1	3
6	57312501	58074769	2	1	1	3
6	58074770	58699999	3	2	1	2
6	58700000	63299999	NA	NA	NA	NA
6	63300000	107242795	2	1	1	3
6	107242796	107406770	3	2	1	2
6	107406771	115030033	2	1	1	2
6	115030034	115202531	3	2	1	2
6	115202532	159600007	2	1	1	3
6	159600008	162802500	3	2	1	2
6	162802501	168729447	3	2	1	2
6	168729448	170907623	2	1	1	3
7	58384	5195160	3	2	1	2
7	5195161	5503995	7	4	3	2
7	5503996	5835717	3	2	1	2
7	5835718	6199165	5	4	1	2
7	6199166	16672499	3	2	1	2
7	16672500	16783943	4	3	1	2
7	16783944	17191215	5	4	1	2
7	17191216	46409967	3	2	1	2
7	46409968	46707590	5	4	1	2
7	46707591	57999999	6	4	2	2
7	58000000	61922500	NA	NA	NA	NA
7	61922501	76758308	2	1	1	2
7	76758309	77978675	3	2	1	2
7	77978676	99427499	2	1	1	2
7	99427500	99824134	3	2	1	2
7	99824135	107146747	2	1	1	2
7	107146748	107249019	1	1	0	2
7	107249020	127452499	2	1	1	2
7	127452500	129432093	3	2	1	2
7	129432094	129531323	4	3	1	2
7	129531324	129857233	3	2	1	2
7	129857234	157122500	2	1	1	2
7	157122501	157139846	4	3	1	2
7	157139847	159138662	2	1	1	2
8	172500	4828206	3	3	0	2
8	4828207	5802499	7	7	0	2
8	5802500	6582499	9	9	0	1
8	6582500	7227487	11	11	0	1
8	7227488	10312499	6	6	0	2
8	10312500	11987499	8	8	0	2
8	11987500	14374353	6	6	0	2
8	14374354	21862499	2	2	0	3
8	21862500	22113976	4	4	0	2
8	22113977	22294380	7	7	0	2
8	22294381	43099999	2	2	0	3
8	43100000	48099999	2	2	0	2
8	48100000	66942928	2	2	0	3
8	66942929	67245499	3	2	1	2
8	67245500	67663261	2	2	0	2
8	67663262	68512253	3	2	1	2
8	68512254	68736265	2	1	1	2
8	68736266	69862421	3	2	1	2
8	69862422	84952499	4	3	1	2
8	84952500	93199036	4	3	1	2
8	93199037	128192499	5	3	2	2
8	128192500	141042499	5	3	2	2
8	141042500	141177083	4	3	1	2
8	141177084	146364021	5	3	2	2
9	95800	206153	2	2	0	2
9	206154	21701004	2	2	0	2
9	21701005	22173074	0	0	0	2
9	22173075	25616604	2	2	0	2
9	25616605	25932499	2	1	1	2
9	25932500	26142499	3	2	1	2
9	26142500	26342500	1	1	0	1
9	26342501	26707499	3	2	1	2
9	26707500	30197499	2	2	0	2
9	30197500	30532500	1	1	0	2
9	30532501	47299999	2	2	0	2
9	47300000	50699999	2	2	0	2
9	50700000	76002499	2	2	0	2
9	76002500	76385388	3	3	0	2
9	76385389	114507588	2	2	0	3
9	114507589	114684686	0	0	0	2
9	114684687	130581661	2	2	0	3
9	130581662	141213430	2	2	0	2
10	102500	10245216	1	1	0	2
10	10245217	12922499	5	4	1	2
10	12922500	13393019	3	2	1	2
10	13393020	14318440	1	1	0	2
10	14318441	14700242	2	1	1	2
10	14700243	14854422	7	4	3	2
10	14854423	23932499	2	1	1	2
10	23932500	24647499	4	3	1	2
10	24647500	37999999	2	1	1	2
10	38000000	42409999	NA	NA	NA	NA
10	42410000	52842499	3	2	1	3
10	52842500	53572500	4	3	1	3
10	53572501	54372283	3	2	1	2
10	54372284	71251716	2	1	1	2
10	71251717	71538349	3	2	1	2
10	71538350	78232499	2	1	1	2
10	78232500	78333874	3	2	1	2
10	78333875	84152821	2	1	1	2
10	84152822	84301283	1	1	0	2
10	84301284	84386973	2	1	1	3
10	84386974	84536610	1	1	0	2
10	84536611	110379787	2	1	1	2
10	110379788	111040020	3	2	1	3
10	111040021	135235689	2	1	1	3
11	187500	646656	2	2	0	2
11	646657	1643603	3	3	0	2
11	1643604	15832499	2	2	0	2
11	15832500	16167499	3	3	0	2
11	16167500	28870463	2	2	0	2
11	28870464	40467500	2	2	0	2
11	40467501	41553818	2	2	0	2
11	41553819	44636728	2	2	0	2
11	44636729	44761323	4	2	2	2
11	44761324	51599999	2	2	0	2
11	51600000	55699999	2	2	0	2
11	55700000	57913107	2	2	0	2
11	57913108	67317499	3	2	1	2
11	67317500	67609377	5	4	1	2
11	67609378	67822499	3	2	1	2
11	67822500	68382499	4	2	2	2
11	68382500	78297240	3	2	1	2
11	78297241	80864175	2	2	0	2
11	80864176	81705173	4	2	2	2
11	81705174	81856097	2	2	0	3
11	81856098	81983974	1	1	0	2
11	81983975	84547499	2	2	0	2
11	84547500	84680003	4	2	2	2
11	84680004	99742499	2	2	0	3
11	99742500	103273097	4	2	2	2
11	103273098	106747499	2	2	0	2
11	106747500	107178942	4	2	2	2
11	107178943	109467499	6	4	2	2
11	109467500	110753769	4	2	2	2
11	110753770	111007499	2	2	0	2
11	111007500	111172713	4	2	2	2
11	111172714	111206668	6	4	2	2
11	111206669	112439653	4	2	2	2
11	112439654	112479264	2	2	0	3
11	112479265	115137499	4	2	2	2
11	115137500	115922499	2	2	0	2
11	115922500	118917813	4	2	2	2
11	118917814	121422499	3	2	1	2
11	121422500	121691522	1	1	0	2
11	121691523	122402499	3	2	1	2
11	122402500	122427729	5	4	1	2
11	122427730	122595046	3	2	1	2
11	122595047	126561683	4	3	1	2
11	126561684	126787499	2	1	1	2
11	126787500	127767499	1	1	0	3
11	127767500	130742499	3	2	1	2
11	130742500	130801648	1	1	0	2
11	130801649	130970023	3	2	1	3
11	130970024	135006515	1	1	0	2
12	110107	190979	5	3	2	2
12	190980	859450	5	3	2	3
12	859451	7016867	4	2	2	3
12	7016868	10739488	3	2	1	2
12	10739489	18719990	4	2	2	2
12	18719991	27120011	3	2	1	2
12	27120012	33299999	4	2	2	3
12	33300000	38199999	NA	NA	NA	NA
12	38200000	50037499	2	2	0	3
12	50037500	50185537	4	4	0	1
12	50185538	50279093	4	4	0	2
12	50279094	50489300	3	3	0	2
12	50489301	55561813	2	2	0	2
12	55561814	56410877	3	2	1	2
12	56410878	57509054	5	3	2	2
12	57509055	58063027	2	2	0	3
12	58063028	58487054	3	3	0	3
12	58487055	68396134	2	2	0	3
12	68396135	69054029	3	2	1	2
12	69054030	69270647	49	47	2	1
12	69270648	69428621	38	36	2	1
12	69428622	69517833	43	41	2	1
12	69517834	69705681	36	34	2	1
12	69705682	72922353	5	3	2	2
12	72922354	89792499	2	2	0	2
12	89792500	90017499	0	0	0	2
12	90017500	91152499	2	2	0	2
12	91152500	91850864	4	2	2	2
12	91850865	92047500	2	2	0	2
12	92047501	92657499	4	4	0	2
12	92657500	93525229	2	2	0	2
12	93525230	93697499	1	1	0	2
12	93697500	97127499	2	2	0	2
12	97127500	97152499	4	2	2	1
12	97152500	105787019	2	2	0	3
12	105787020	107352499	4	2	2	3
12	107352500	111683899	2	2	0	3
12	111683900	111937499	5	4	1	2
12	111937500	113023352	4	3	1	1
12	113023353	113543827	3	2	1	3
12	113543828	115044302	2	2	0	2
12	115044303	117644287	3	2	1	3
12	117644288	118874360	4	2	2	3
12	118874361	119852499	3	2	1	2
12	119852500	120337270	2	2	0	3
12	120337271	120343128	2	2	0	1
12	120343129	122743071	2	2	0	2
12	122743072	122787500	5	3	2	2
12	122787501	122934846	4	2	2	2
12	122934847	123366880	2	2	0	2
12	123366881	123532499	4	2	2	2
12	123532500	124150621	2	2	0	2
12	124150622	124159755	5	3	2	2
12	124159756	124337499	5	3	2	2
12	124337500	124727499	3	2	1	2
12	124727500	125235678	5	3	2	2
12	125235679	133851894	2	2	0	3
13	1	16299999	NA	NA	NA	NA
13	16300000	19499999	2	2	0	2
13	19500000	26049276	2	2	0	3
13	26049277	32037062	3	2	1	2
13	32037063	32087499	2	2	0	2
13	32087500	32115074	3	2	1	2
13	32115075	53244766	4	3	1	2
13	53244767	53862499	5	3	2	1
13	53862500	59664294	4	3	1	2
13	59664295	69970277	3	2	1	2
13	69970278	73826398	3	2	1	2
13	73826399	73979984	5	4	1	2
13	73979985	99602499	3	2	1	2
13	99602500	100289997	2	1	1	2
13	100289998	110388277	3	2	1	2
13	110388278	115169877	2	1	1	2
14	1	16099999	NA	NA	NA	NA
14	16100000	19099999	2	1	1	2
14	19100000	22807067	2	1	1	2
14	22807068	23102852	3	2	1	2
14	23102853	30907746	2	1	1	3
14	30907747	33312154	3	2	1	3
14	33312155	44987918	2	1	1	3
14	44987919	45057639	1	1	0	2
14	45057640	45349657	2	1	1	3
14	45349658	61824410	2	1	1	3
14	61824411	62262709	3	2	1	2
14	62262710	68175945	2	1	1	3
14	68175946	68422499	1	1	0	2
14	68422500	92337773	2	1	1	3
14	92337774	92728904	3	2	1	2
14	92728905	100222530	2	1	1	3
14	100222531	101401473	3	2	1	3
14	101401474	107349539	2	1	1	3
15	1	15799999	NA	NA	NA	NA
15	15800000	20699999	2	1	1	2
15	20700000	25667499	2	1	1	2
15	25667500	25712499	1	1	0	2
15	25712500	46732664	2	1	1	3
15	46732665	46846205	1	1	0	3
15	46846206	51462499	2	1	1	3
15	51462500	60569188	2	1	1	2
15	60569189	60782499	3	2	1	2
15	60782500	65930635	2	1	1	2
15	65930636	66297499	4	2	2	2
15	66297500	95502499	2	1	1	3
15	95502500	95542499	3	2	1	3
15	95542500	101874762	2	1	1	3
15	101874763	102190056	3	2	1	2
16	117500	602312	1	1	0	2
16	602313	1382297	2	1	1	3
16	1382298	1547499	3	2	1	2
16	1547500	4667500	2	1	1	2
16	4667501	4753623	3	2	1	3
16	4753624	6580274	2	1	1	3
16	6580275	6803390	1	1	0	3
16	6803391	19184564	2	1	1	3
16	19184565	19322499	1	1	0	2
16	19322500	21542500	2	1	1	3
16	21542501	22745007	2	1	1	2
16	22745008	24579396	3	2	1	3
16	24579397	32277499	2	1	1	3
16	32277500	34599999	3	2	1	2
16	34600000	38599999	3	2	1	2
16	38600000	46447499	3	2	1	2
16	46447500	48712499	3	2	1	3
16	48712500	58898651	2	2	0	2
16	58898652	59123376	3	2	1	2
16	59123377	59337499	2	2	0	2
16	59337500	60229360	2	2	0	2
16	60229361	60398062	3	2	1	3
16	60398063	61242500	2	2	0	2
16	61242501	62042499	2	2	0	2
16	62042500	62132313	3	2	1	2
16	62132314	62445098	2	2	0	2
16	62445099	63971284	3	2	1	2
16	63971285	65117499	2	2	0	2
16	65117500	65397359	3	2	1	3
16	65397360	66363410	2	2	0	3
16	66363411	67513743	3	2	1	2
16	67513744	67950612	2	1	1	2
16	67950613	68362499	3	2	1	2
16	68362500	68600439	2	1	1	2
16	68600440	77682071	3	2	1	2
16	77682072	78347215	2	2	0	2
16	78347216	78370775	0	0	0	2
16	78370776	81558717	2	2	0	2
16	81558718	81835865	3	3	0	2
16	81835866	82884291	2	2	0	3
16	82884292	82986970	1	1	0	3
16	82986971	90354752	2	2	0	2
17	50243	53491	3	3	0	1
17	53492	973753	3	3	0	2
17	973754	3717499	2	2	0	3
17	3717500	4108062	4	4	0	2
17	4108063	7842101	2	2	0	3
17	7842102	8073096	4	4	0	2
17	8073097	20652499	2	2	0	3
17	20652500	22199999	3	2	1	2
17	22200000	25799999	3	2	1	2
17	25800000	38891162	3	2	1	2
17	38891163	39760618	4	2	2	2
17	39760619	39979005	5	3	2	2
17	39979006	41455305	3	2	1	2
17	41455306	41589478	6	5	1	2
17	41589479	45277499	3	2	1	3
17	45277500	48465089	3	2	1	3
17	48465090	48849956	4	2	2	2
17	48849957	48964655	5	3	2	2
17	48964656	49245503	5	4	1	2
17	49245504	61186937	3	2	1	3
17	61186938	61495053	3	2	1	2
17	61495054	69987499	3	2	1	3
17	69987500	70453790	5	4	1	2
17	70453791	70539129	4	3	1	2
17	70539130	70692694	5	4	1	2
17	70692695	72972018	3	2	1	3
17	72972019	76755302	2	1	1	2
17	76755303	77276515	4	3	1	3
17	77276516	79010543	3	2	1	2
17	79010544	81195209	1	1	0	2
18	27500	80030	1	1	0	2
18	80031	563814	1	1	0	2
18	563815	641023	0	0	0	2
18	641024	1682499	1	1	0	2
18	1682500	2107499	2	2	0	2
18	2107500	6394161	3	3	0	3
18	6394162	15399999	2	2	0	3
18	15400000	18999999	NA	NA	NA	NA
18	19000000	19891324	5	4	1	3
18	19891325	39690480	3	2	1	3
18	39690481	39767499	2	1	1	2
18	39767500	59932499	3	2	1	3
18	59932500	60462499	4	2	2	2
18	60462500	67501075	3	2	1	3
18	67501076	68672488	4	3	1	3
18	68672489	77246537	3	2	1	2
18	77246538	77290108	2	2	0	2
19	102500	267212	3	3	0	2
19	267213	9277259	2	2	0	2
19	9277260	10489026	4	4	0	2
19	10489027	10752500	6	5	1	2
19	10752501	11663510	4	3	1	3
19	11663511	12186147	3	2	1	2
19	12186148	12567499	2	2	0	2
19	12567500	19056726	3	3	0	2
19	19056727	24399999	2	2	0	3
19	24400000	29022499	NA	NA	NA	NA
19	29022500	29712499	6	6	0	2
19	29712500	29836219	10	9	1	2
19	29836220	29959452	9	8	1	2
19	29959453	30072499	10	8	2	2
19	30072500	31042499	13	11	2	2
19	31042500	32292499	16	14	2	2
19	32292500	32728539	9	7	2	2
19	32728540	35466659	7	7	0	2
19	35466660	36267003	2	2	0	2
19	36267004	37029044	3	3	0	2
19	37029045	37426075	2	2	0	2
19	37426076	38839103	4	2	2	2
19	38839104	39514279	3	2	1	2
19	39514280	40407727	2	2	0	2
19	40407728	40671689	8	8	0	2
19	40671690	41407499	8	7	1	2
19	41407500	43468019	6	5	1	2
19	43468020	43860764	3	2	1	2
19	43860765	45008552	4	2	2	2
19	45008553	45493132	8	6	2	2
19	45493133	45968797	4	2	2	2
19	45968798	46941710	3	2	1	2
19	46941711	50210005	2	2	0	3
19	50210006	59128982	5	5	0	2
20	82139	2215181	3	2	1	2
20	2215182	2389797	4	3	1	2
20	2389798	3741515	3	2	1	2
20	3741516	3935681	4	2	2	2
20	3935682	14418776	3	2	1	2
20	14418777	14492175	2	2	0	2
20	14492176	14767500	1	1	0	2
20	14767501	14792292	1	1	0	2
20	14792293	14892499	2	2	0	2
20	14892500	15132538	2	2	0	2
20	15132539	25599999	3	2	1	2
20	25600000	29399999	3	2	1	2
20	29400000	35794720	3	2	1	2
20	35794721	36098645	5	4	1	2
20	36098646	48002588	3	2	1	2
20	48002589	48219206	4	2	2	2
20	48219207	49336814	5	3	2	2
20	49336815	49573617	4	2	2	2
20	49573618	62190144	3	2	1	2
20	62190145	62382500	5	4	1	2
21	1	9417499	NA	NA	NA	NA
21	9417500	10899999	NA	NA	NA	NA
21	10900000	14299999	2	2	0	1
21	14300000	15429678	2	1	1	2
21	15429679	15531007	3	2	1	2
21	15531008	48129894	2	2	0	3
22	1	12199999	NA	NA	NA	NA
22	12200000	17899999	1	1	0	2
22	17900000	37781918	3	2	1	2
22	37781919	38223989	5	3	2	2
22	38223990	38689926	6	5	1	2
22	38689927	39011145	5	4	1	2
22	39011146	51304565	3	2	1	2
X	1	50447999	1	1	0	3
X	50448000	51556999	4	4	0	2
X	51557000	58099999	1	1	0	3
X	58100000	62999999	1	1	0	3
X	63000000	155270559	1	1	0	3
Y	1	11599999	2	2	0	1
Y	11600000	13399999	NA	NA	NA	NA
Y	13400000	59373565	1	1	0	1
