chromosome	start	end	total_cn	major_cn	minor_cn	star
1	1	18148908	3	2	1	3
1	18148909	29729968	1	1	0	3
1	29729969	49421003	3	2	1	3
1	49421004	49421060	3	2	1	2
1	49421061	49421207	3	2	1	2
1	49421208	49421250	3	2	1	2
1	49421251	49554738	3	2	1	2
1	49554739	49561038	3	2	1	2
1	49561039	121499999	3	2	1	3
1	121500000	128899999	3	2	1	2
1	128900000	143544202	3	2	1	2
1	143544203	149015002	3	2	1	3
1	149015003	150333218	3	2	1	2
1	150333219	150370352	2	1	1	2
1	150370353	181401970	3	2	1	3
1	181401971	181521234	1	1	0	2
1	181521235	190663408	3	2	1	3
1	190663409	190784842	4	2	2	3
1	190784843	195689577	3	2	1	3
1	195689578	196341710	2	2	0	3
1	196341711	209190283	3	2	1	2
1	209190284	209191495	3	2	1	1
1	209191496	209211703	3	2	1	2
1	209211704	209981491	1	1	0	2
1	209981492	236024956	3	2	1	2
1	236024957	237092525	3	2	1	2
1	237092526	238357949	1	1	0	2
1	238357950	242791291	3	2	1	2
1	242791292	244279020	1	1	0	2
1	244279021	247249600	3	2	1	2
1	247249601	249250620	3	2	1	2
2	20016	33811227	3	2	1	3
2	33811228	33811561	3	2	1	2
2	33811562	33811604	3	2	1	2
2	33811605	33874782	3	2	1	3
2	33874783	33874881	3	2	1	2
2	33874882	33882374	3	2	1	2
2	33882375	36346315	1	1	0	3
2	36346316	36479317	3	2	1	2
2	36479318	37113336	1	1	0	3
2	37113337	37123477	3	2	1	2
2	37123478	37123998	3	2	1	2
2	37123999	37198428	3	2	1	2
2	37198429	37198444	3	2	1	2
2	37198445	37337860	3	2	1	3
2	37337861	43470531	3	2	1	3
2	43470532	43498373	3	2	1	2
2	43498374	76228050	3	2	1	3
2	76228051	76344967	1	1	0	2
2	76344968	76374965	1	1	0	1
2	76374966	76396721	1	1	0	1
2	76396722	76405135	1	1	0	1
2	76405136	76408985	1	1	0	2
2	76408986	76419059	1	1	0	2
2	76419060	78261633	1	1	0	3
2	78261634	78261698	1	1	0	2
2	78261699	78262052	1	1	0	2
2	78262053	78262251	1	1	0	1
2	78262252	78881427	3	2	1	3
2	78881428	78888988	3	2	1	2
2	78888989	78889058	1	1	0	2
2	78889059	78889146	1	1	0	1
2	78889147	78902636	1	1	0	1
2	78902637	78921683	1	1	0	2
2	78921684	78921768	1	1	0	2
2	78921769	78936996	3	2	1	1
2	78936997	80665613	1	1	0	3
2	80665614	80725279	3	2	1	2
2	80725280	80725290	3	2	1	2
2	80725291	90499999	3	2	1	3
2	90500000	96799999	3	2	1	3
2	96800000	126451601	3	2	1	3
2	126451602	164348254	3	2	1	3
2	164348255	164360019	3	2	1	2
2	164360020	217277174	3	2	1	3
2	217277175	217329243	4	2	2	2
2	217329244	239426227	3	2	1	3
2	239426228	240755232	1	1	0	3
2	240755233	242985493	3	2	1	3
3	64189	20024758	3	2	1	2
3	20024759	20297100	2	1	1	2
3	20297101	21544865	3	2	1	2
3	21544866	21858059	2	1	1	2
3	21858060	87899999	3	2	1	2
3	87900000	93899999	3	2	1	2
3	93900000	106398147	3	2	1	2
3	106398148	106400625	3	2	1	2
3	106400626	147832499	3	2	1	2
3	147832500	151146124	3	2	1	2
3	151146125	151146632	3	2	1	2
3	151146633	168986302	3	2	1	2
3	168986303	168988948	3	2	1	2
3	168988949	198022429	3	2	1	2
4	27500	34998034	3	2	1	3
4	34998035	34998833	1	1	0	1
4	34998834	48199999	3	2	1	3
4	48200000	52699999	NA	NA	NA	NA
4	52700000	130612094	2	2	0	3
4	130612095	132425197	0	0	0	2
4	132425198	181608349	2	2	0	3
4	181608350	182454047	0	0	0	3
4	182454048	191154275	2	2	0	3
5	22500	1930937	3	2	1	2
5	1930938	1940457	3	2	1	2
5	1940458	1965997	3	2	1	2
5	1965998	2601489	1	1	0	3
5	2601490	2710751	0	0	0	3
5	2710752	2927909	2	2	0	2
5	2927910	19425079	3	2	1	3
5	19425080	20371463	1	1	0	2
5	20371464	46099999	3	2	1	3
5	46100000	50699999	3	2	1	2
5	50700000	60893618	3	2	1	3
5	60893619	91046339	2	2	0	3
5	91046340	172098076	3	2	1	3
5	172098077	172419983	1	1	0	3
5	172419984	180719705	3	2	1	3
6	39681	180247	3	2	1	1
6	180248	9916201	2	1	1	2
6	9916202	57445001	2	1	1	2
6	57445002	58699999	2	2	0	2
6	58700000	63299999	NA	NA	NA	NA
6	63300000	146614471	2	1	1	2
6	146614472	146915628	1	1	0	2
6	146915629	151720850	2	1	1	2
6	151720851	152248790	2	2	0	2
6	152248791	159880623	2	1	1	2
6	159880624	161159625	1	1	0	3
6	161159626	164014123	2	1	1	2
6	164014124	166226326	1	1	0	3
6	166226327	170899456	2	1	1	2
7	40386	25335152	3	2	1	2
7	25335153	25730873	1	1	0	2
7	25730874	57999999	3	2	1	2
7	58000000	61699999	3	2	1	1
7	61700000	83562674	3	2	1	2
7	83562675	83564175	3	2	1	1
7	83564176	100891693	3	2	1	2
7	100891694	101154784	2	1	1	2
7	101154785	110902404	3	2	1	2
7	110902405	110911373	3	2	1	2
7	110911374	120329779	3	2	1	2
7	120329780	120351276	4	2	2	2
7	120351277	159034320	3	2	1	2
7	159034321	159117441	2	1	1	1
8	185668	10072187	4	2	2	2
8	10072188	10205818	2	2	0	2
8	10205819	18689949	4	2	2	2
8	18689950	18689988	4	2	2	2
8	18689989	43099999	4	2	2	2
8	43100000	48099999	4	2	2	2
8	48100000	52115103	4	2	2	2
8	52115104	52376873	2	2	0	2
8	52376874	52377538	2	2	0	2
8	52377539	137917563	4	2	2	2
8	137917564	137948034	4	2	2	2
8	137948035	141744386	4	2	2	2
8	141744387	141744407	4	2	2	2
8	141744408	146364021	4	2	2	2
9	10001	233533	2	2	0	2
9	233534	9401841	2	2	0	3
9	9401842	10378184	1	1	0	3
9	10378185	10553334	2	2	0	2
9	10553335	21744143	2	2	0	3
9	21744144	22186321	0	0	0	3
9	22186322	26571079	2	2	0	3
9	26571080	26878923	0	0	0	3
9	26878924	43438449	2	2	0	3
9	43438450	44009813	1	1	0	1
9	44009814	47299999	1	1	0	1
9	47300000	50699999	NA	NA	NA	NA
9	50700000	65549210	2	2	0	1
9	65549211	95760042	2	2	0	3
9	95760043	96516743	1	1	0	3
9	96516744	122296927	2	2	0	3
9	122296928	123303411	0	0	0	3
9	123303412	128776423	2	2	0	3
9	128776424	129471655	0	0	0	3
9	129471656	140273200	2	2	0	3
10	94426	17421022	4	2	2	2
10	17421023	27282398	2	2	0	3
10	27282399	37999999	4	2	2	3
10	38000000	42437499	4	2	2	3
10	42437500	104250390	4	2	2	2
10	104250391	104387933	4	2	2	2
10	104387934	117185739	4	2	2	2
10	117185740	117186378	4	2	2	2
10	117186379	117187663	4	2	2	1
10	117187664	117347582	3	2	1	1
10	117347583	131293504	4	2	2	2
10	131293505	133499668	2	2	0	3
10	133499669	135389924	4	2	2	3
11	20721	230463	3	2	1	2
11	230464	43510108	3	2	1	3
11	43510109	44137857	1	1	0	3
11	44137858	51593038	3	2	1	3
11	51593039	55699999	3	2	1	3
11	55700000	108832069	3	2	1	3
11	108832070	109321121	1	1	0	3
11	109321122	111729718	3	2	1	3
11	111729719	111742041	2	2	0	1
11	111742042	111904473	3	2	1	3
11	111904474	111906940	2	2	0	1
11	111906941	133447071	3	2	1	3
11	133447072	133811134	1	1	0	2
11	133811135	134452200	3	2	1	3
12	110107	199493	3	2	1	2
12	199494	4455407	3	2	1	2
12	4455408	4654952	5	3	2	3
12	4654953	4665807	5	3	2	1
12	4665808	4673116	3	2	1	1
12	4673117	33299999	3	2	1	2
12	33300000	38199999	3	2	1	2
12	38200000	111939963	3	2	1	2
12	111939964	112579892	2	1	1	2
12	112579893	132349400	3	2	1	3
12	132349401	133851894	3	2	1	2
13	1	16299999	4	2	2	1
13	16300000	19499999	4	2	2	2
13	19500000	23605929	4	2	2	2
13	23605930	23605978	4	2	2	2
13	23605979	32920044	4	2	2	2
13	32920045	32947315	3	2	1	2
13	32947316	45381657	4	2	2	2
13	45381658	45394546	4	2	2	2
13	45394547	114142800	4	2	2	2
13	114142801	115169877	4	2	2	2
14	1	16099999	2	2	0	1
14	16100000	19099999	2	2	0	2
14	19100000	20137145	2	2	0	2
14	20137146	20375050	2	2	0	2
14	20375051	27221796	2	2	0	3
14	27221797	28140204	0	0	0	3
14	28140205	73994535	2	2	0	3
14	73994536	86924015	2	2	0	3
14	86924016	87141058	0	0	0	2
14	87141059	106368400	2	2	0	3
15	1	15799999	3	2	1	1
15	15800000	20699999	NA	NA	NA	NA
15	20700000	23632499	4	3	1	2
15	23632500	24365776	3	2	1	2
15	24365777	24385980	4	2	2	1
15	24385981	50274398	3	2	1	2
15	50274399	50522933	2	1	1	2
15	50522934	95016020	3	2	1	2
15	95016021	96407462	1	1	0	2
15	96407463	100362767	3	2	1	2
15	100362768	102397836	3	2	1	2
16	83807	19946270	2	2	0	3
16	19946271	29144660	2	2	0	3
16	29144661	34486425	3	2	1	2
16	34486426	34599999	3	2	1	2
16	34600000	38599999	3	2	1	2
16	38600000	56779970	3	2	1	2
16	56779971	57394036	2	2	0	3
16	57394037	59827751	3	2	1	2
16	59827752	59829873	3	2	1	1
16	59829874	78136955	3	2	1	2
16	78136956	78143954	4	2	2	2
16	78143955	88827200	3	2	1	2
16	88827201	90354752	3	2	1	2
17	12500	21557500	2	2	0	3
17	21557501	25799999	NA	NA	NA	NA
17	25800000	52924282	4	2	2	3
17	52924283	53724638	2	2	0	3
17	53724639	54876200	3	2	1	2
17	54876201	57278518	2	2	0	3
17	57278519	58994724	3	2	1	3
17	58994725	59394797	2	1	1	2
17	59394798	78774600	3	2	1	3
17	78774601	81195209	3	2	1	3
18	27500	125370	5	3	2	1
18	125371	15399999	5	3	2	2
18	15400000	18999999	NA	NA	NA	NA
18	19000000	23852712	3	2	1	2
18	23852713	23879229	3	2	1	2
18	23879230	26672456	1	1	0	3
18	26672457	26675306	3	2	1	1
18	26675307	28874891	3	2	1	2
18	28874892	33431635	1	1	0	3
18	33431636	33432178	1	1	0	2
18	33432179	34167705	3	2	1	2
18	34167706	48079930	1	1	0	3
18	48079931	49186695	0	0	0	3
18	49186696	76117000	1	1	0	3
18	76117001	78077247	1	1	0	3
19	102500	254446	4	2	2	2
19	254447	12513548	4	2	2	2
19	12513549	13066800	2	2	0	2
19	13066801	13253441	4	2	2	2
19	13253442	13261055	4	2	2	2
19	13261056	21540646	4	2	2	2
19	21540647	21563070	2	2	0	2
19	21563071	22844985	2	2	0	3
19	22844986	24399999	4	2	2	2
19	24400000	28599999	4	2	2	2
19	28600000	59128982	4	2	2	2
20	17500	14947667	4	2	2	2
20	14947668	14962765	4	2	2	1
20	14962766	15055396	2	1	1	1
20	15055397	15305000	3	2	1	2
20	15305001	25599999	4	2	2	2
20	25600000	29399999	4	2	2	2
20	29400000	54296611	4	2	2	2
20	54296612	54949785	3	2	1	2
20	54949786	62432500	4	2	2	2
21	1	9417499	NA	NA	NA	NA
21	9417500	10011480	NA	NA	NA	NA
21	10011481	14299999	NA	NA	NA	NA
21	14300000	15770298	3	2	1	2
21	15770299	16548178	4	2	2	2
21	16548179	16551085	3	2	1	2
21	16551086	16561065	3	2	1	2
21	16561066	17090054	3	2	1	2
21	17090055	18479275	2	2	0	2
21	18479276	18971860	3	2	1	2
21	18971861	29219925	2	2	0	2
21	29219926	29657327	3	2	1	2
21	29657328	30553179	2	2	0	2
21	30553180	30559117	3	2	1	2
21	30559118	30559344	3	2	1	2
21	30559345	30938257	3	2	1	2
21	30938258	30941529	3	2	1	2
21	30941530	30993129	4	2	2	2
21	30993130	33488159	3	2	1	2
21	33488160	34456556	2	2	0	2
21	34456557	34850826	3	2	1	2
21	34850827	35902536	4	2	2	2
21	35902537	36046841	3	2	1	2
21	36046842	36047195	4	2	2	2
21	36047196	36194871	4	2	2	2
21	36194872	36626356	4	2	2	2
21	36626357	38306766	3	2	1	2
21	38306767	39122281	4	2	2	2
21	39122282	40115019	3	2	1	2
21	40115020	40218200	3	2	1	2
21	40218201	40498324	3	2	1	2
21	40498325	40510157	4	2	2	2
21	40510158	40960935	4	2	2	2
21	40960936	41093661	4	2	2	2
21	41093662	41101283	3	2	1	2
21	41101284	41101758	4	2	2	2
21	41101759	41692767	4	2	2	2
21	41692768	42593615	3	2	1	2
21	42593616	42608548	3	2	1	2
21	42608549	42613928	3	2	1	2
21	42613929	43343318	4	2	2	2
21	43343319	43344362	4	2	2	2
21	43344363	43355740	4	2	2	2
21	43355741	43563751	3	2	1	2
21	43563752	43579139	3	2	1	2
21	43579140	44610956	3	2	1	2
21	44610957	45023456	3	2	1	2
21	45023457	45712107	3	2	1	2
21	45712108	46482255	4	2	2	2
21	46482256	47546354	3	2	1	2
22	1	12199999	3	2	1	1
22	12200000	17899999	3	2	1	2
22	17900000	39586526	3	2	1	2
22	39586527	39684699	2	1	1	3
22	39684700	49691400	3	2	1	2
22	49691401	51304565	3	2	1	2
X	1	2228441	3	2	1	2
X	2228442	2414604	3	3	0	1
X	2414605	51314208	3	2	1	3
X	51314209	51782302	2	2	0	3
X	51782303	58099999	3	2	1	3
X	58100000	62999999	NA	NA	NA	NA
X	63000000	63843378	0	0	0	2
X	63843379	85806292	2	2	0	3
X	85806293	96471053	4	2	2	3
X	96471054	96765043	2	2	0	2
X	96765044	154913600	4	2	2	3
