chromosome	start	end	total_cn	major_cn	minor_cn	star
1	10001	114111740	1	1	0	2
1	114111741	114156157	1	1	0	3
1	114156158	121357500	1	1	0	3
1	121357501	128899999	NA	NA	NA	NA
1	128900000	147917197	3	2	1	2
1	147917198	247247500	3	2	1	2
1	247247501	249250620	3	2	1	2
2	55219	7542065	2	1	1	3
2	7542066	7547604	1	1	0	1
2	7547605	46533748	2	1	1	3
2	46533749	46533824	2	1	1	2
2	46533825	46537626	2	1	1	3
2	46537627	46558460	1	1	0	2
2	46558461	90499999	2	1	1	3
2	90500000	96799999	2	1	1	3
2	96800000	242985695	2	1	1	3
3	62309	1244966	1	1	0	3
3	1244967	24380375	2	1	1	3
3	24380376	24514943	1	1	0	2
3	24514944	41359436	2	1	1	2
3	41359437	41738769	2	1	1	2
3	41738770	87899999	2	1	1	2
3	87900000	93899999	2	1	1	3
3	93900000	197779891	2	1	1	3
4	29975	48199999	2	1	1	2
4	48200000	52699999	2	1	1	2
4	52700000	68039995	2	1	1	2
4	68039996	96291785	1	1	0	2
4	96291786	96357261	2	2	0	3
4	96357262	191154275	1	1	0	2
5	22500	578017	1	1	0	2
5	578018	1311513	3	2	1	2
5	1311514	1311667	3	2	1	2
5	1311668	1312468	3	2	1	2
5	1312469	1312523	1	1	0	1
5	1312524	9643579	1	1	0	3
5	9643580	13451858	2	1	1	2
5	13451859	13452003	3	2	1	1
5	13452004	13985213	3	2	1	2
5	13985214	36975291	2	1	1	2
5	36975292	37285720	3	2	1	2
5	37285721	46099999	2	1	1	2
5	46100000	50699999	2	1	1	3
5	50700000	86730605	2	1	1	3
5	86730606	87295316	2	1	1	3
5	87295317	87295513	2	1	1	3
5	87295514	87296090	2	1	1	2
5	87296091	115461554	2	1	1	3
5	115461555	115670866	2	1	1	3
5	115670867	180689978	2	1	1	2
6	39681	180247	2	2	0	2
6	180248	42688166	2	2	0	3
6	42688167	54650927	2	1	1	3
6	54650928	54662239	2	1	1	2
6	54662240	58699999	2	1	1	3
6	58700000	63299999	2	1	1	3
6	63300000	170905598	2	1	1	3
7	40386	57999999	2	1	1	3
7	58000000	61699999	2	1	1	3
7	61700000	127527447	2	1	1	3
7	127527448	127689701	2	1	1	1
7	127689702	158821400	2	1	1	3
8	10001	161221	2	1	1	2
8	161222	43099999	2	1	1	3
8	43100000	48099999	2	1	1	2
8	48100000	76516424	2	1	1	2
8	76516425	76517869	2	1	1	2
8	76517870	106464714	2	1	1	2
8	106464715	146364021	3	2	1	2
9	47500	210127	1	1	0	2
9	210128	43398703	1	1	0	2
9	43398704	47299999	1	1	0	2
9	47300000	50699999	1	1	0	2
9	50700000	69937621	1	1	0	2
9	69937622	140273200	1	1	0	2
10	96244	20816949	1	1	0	2
10	20816950	20819837	1	1	0	2
10	20819838	37999999	1	1	0	2
10	38000000	42405319	1	1	0	2
10	42405320	131961168	1	1	0	2
10	131961169	132032898	0	0	0	2
10	132032899	135389924	1	1	0	2
11	20721	209996	2	1	1	2
11	209997	35703484	2	1	1	2
11	35703485	35794669	1	1	0	2
11	35794670	51599999	2	1	1	2
11	51600000	55699999	2	1	1	3
11	55700000	58873958	2	1	1	2
11	58873959	58896588	3	2	1	2
11	58896589	78069645	2	1	1	2
11	78069646	78077417	2	1	1	2
11	78077418	99180066	2	1	1	2
11	99180067	125761213	2	1	1	2
11	125761214	125782150	2	1	1	2
11	125782151	134452200	2	1	1	2
12	110107	227181	2	1	1	2
12	227182	18311761	2	1	1	2
12	18311762	18318677	1	1	0	2
12	18318678	19574821	2	1	1	2
12	19574822	33299999	1	1	0	2
12	33300000	38199999	1	1	0	2
12	38200000	44914517	1	1	0	2
12	44914518	44914645	1	1	0	2
12	44914646	52005003	1	1	0	2
12	52005004	52005172	1	1	0	2
12	52005173	52009902	3	2	1	1
12	52009903	52222259	3	2	1	2
12	52222260	132349400	1	1	0	2
12	132349401	133851894	1	1	0	2
13	1	16299999	1	1	0	1
13	16300000	19499999	NA	NA	NA	NA
13	19500000	32645647	2	1	1	2
13	32645648	32720262	2	1	1	2
13	32720263	70095656	2	1	1	2
13	70095657	88229274	2	1	1	2
13	88229275	90093863	3	2	1	2
13	90093864	91126842	2	1	1	2
13	91126843	114142800	3	2	1	2
13	114142801	115169877	1	1	0	1
14	1	16099999	2	1	1	1
14	16100000	19432812	2	1	1	2
14	19432813	106368400	2	1	1	2
15	1	15799999	2	1	1	1
15	15800000	20699999	2	1	1	2
15	20700000	45751126	2	1	1	3
15	45751127	45764360	2	1	1	2
15	45764361	45764713	4	3	1	2
15	45764714	100338800	4	3	1	2
15	100338801	102425427	4	3	1	2
16	90538	14305375	2	1	1	3
16	14305376	14311547	2	1	1	3
16	14311548	33437499	2	1	1	3
16	33437500	34212649	2	1	1	3
16	34212650	34212893	1	1	0	1
16	34212894	34215147	1	1	0	1
16	34215148	34215315	NA	NA	NA	NA
16	34215316	34254060	5	3	2	1
16	34254061	34258714	25	24	1	1
16	34258715	34391307	5	5	0	1
16	34391308	34486690	5	5	0	1
16	34486691	34489407	25	24	1	1
16	34489408	34563950	5	5	0	1
16	34563951	34599999	12	11	1	1
16	34600000	38599999	NA	NA	NA	NA
16	38600000	46415802	10	9	1	1
16	46415803	88827200	1	1	0	2
16	88827201	90354752	1	1	0	3
17	15222	22199999	1	1	0	2
17	22200000	25799999	NA	NA	NA	NA
17	25800000	34382500	2	1	1	2
17	34382501	78774600	2	1	1	2
17	78774601	81195209	1	1	0	2
18	27500	156738	2	1	1	2
18	156739	15399999	2	1	1	3
18	15400000	18999999	2	1	1	3
18	19000000	36608136	2	1	1	3
18	36608137	76117000	1	1	0	2
18	76117001	78077247	1	1	0	2
19	102500	268307	2	1	1	2
19	268308	24399999	2	1	1	2
19	24400000	28599999	2	1	1	2
19	28600000	59128982	2	1	1	2
20	38827	9328167	3	2	1	2
20	9328168	10454758	2	1	1	2
20	10454759	10516204	1	1	0	1
20	10516205	25599999	2	1	1	2
20	25600000	29399999	2	1	1	2
20	29400000	37558438	2	1	1	2
20	37558439	37613087	1	1	0	2
20	37613088	47640568	2	1	1	2
20	47640569	47753518	2	1	1	2
20	47753519	53884991	2	1	1	2
20	53884992	53938393	3	2	1	2
20	53938394	62432500	2	1	1	2
21	1	10899999	NA	NA	NA	NA
21	10900000	14299999	2	1	1	2
21	14300000	46937500	2	1	1	3
21	46937501	48129894	2	1	1	2
22	1	12199999	2	1	1	1
22	12200000	17899999	2	1	1	2
22	17900000	49687500	2	1	1	2
22	49687501	51304565	2	1	1	2
X	1	27222000	1	1	0	3
X	27222001	58099999	1	1	0	3
X	58100000	62999999	1	1	0	2
X	63000000	155270559	1	1	0	3
Y	1	11599999	0	0	0	1
Y	11600000	13399999	0	0	0	1
Y	13400000	59373565	NA	NA	NA	NA
