chromosome	start	end	total_cn	major_cn	minor_cn	star
1	1	69233519	2	1	1	2
1	69233520	81260014	2	1	1	2
1	81260015	90639655	2	1	1	2
1	90639656	107138530	2	1	1	2
1	107138531	107259963	2	1	1	2
1	107259964	121499999	2	1	1	2
1	121500000	128899999	2	1	1	2
1	128900000	142658172	2	1	1	2
1	142658173	163457977	2	1	1	2
1	163457978	197607361	2	1	1	2
1	197607362	215001272	2	1	1	2
1	215001273	222198823	2	1	1	2
1	222198824	239888437	2	1	1	2
1	239888438	249250620	2	1	1	2
2	14004	21980260	2	1	1	2
2	21980261	22262937	2	1	1	2
2	22262938	31924979	2	1	1	2
2	31924980	56651657	2	1	1	2
2	56651658	60356516	2	1	1	2
2	60356517	67460377	2	1	1	2
2	67460378	69254779	2	1	1	2
2	69254780	81711639	2	1	1	2
2	81711640	89887499	2	1	1	2
2	89887500	96799999	2	1	1	2
2	96800000	115121854	2	1	1	2
2	115121855	123901222	2	1	1	2
2	123901223	145644454	2	1	1	2
2	145644455	193239130	2	1	1	2
2	193239131	212174689	2	1	1	2
2	212174690	213107500	2	1	1	2
2	213107501	213175704	0	0	0	2
2	213175705	242985493	2	1	1	2
3	100074	19640044	2	1	1	2
3	19640045	26929153	2	1	1	2
3	26929154	30952300	2	1	1	2
3	30952301	35415314	2	1	1	2
3	35415315	35749961	2	1	1	2
3	35749962	63499998	2	1	1	2
3	63499999	83079967	2	1	1	2
3	83079968	87899999	2	1	1	2
3	87900000	93899999	2	1	1	2
3	93900000	105280054	2	1	1	2
3	105280055	131853016	2	1	1	2
3	131853017	144719935	2	1	1	2
3	144719936	197847500	2	1	1	2
4	60707	29299946	2	1	1	2
4	29299947	43758689	2	1	1	2
4	43758690	48199999	2	1	1	2
4	48200000	52699999	2	1	1	2
4	52700000	63781764	2	1	1	2
4	63781765	63839996	2	1	1	2
4	63839997	64219998	2	1	1	2
4	64219999	64259993	2	1	1	2
4	64259994	90458894	2	1	1	2
4	90458895	90466010	3	2	1	2
4	90466011	91340337	3	2	1	2
4	91340338	91929439	2	1	1	2
4	91929440	108439999	2	1	1	2
4	108440000	118789370	2	1	1	2
4	118789371	130810020	2	1	1	2
4	130810021	191154275	2	1	1	2
5	14676	13148913	2	1	1	2
5	13148914	13408640	2	1	1	2
5	13408641	37567614	2	1	1	2
5	37567615	46099999	2	1	1	2
5	46100000	50699999	2	1	1	2
5	50700000	86940054	2	1	1	2
5	86940055	86941457	2	1	1	2
5	86941458	90976489	2	1	1	2
5	90976490	97263515	2	1	1	2
5	97263516	98574838	2	1	1	2
5	98574839	99722674	2	1	1	2
5	99722675	109519997	2	1	1	2
5	109519998	117466328	2	1	1	2
5	117466329	123418817	2	1	1	2
5	123418818	125294932	2	1	1	2
5	125294933	135127220	2	1	1	2
5	135127221	135139946	2	1	1	2
5	135139947	147655024	2	1	1	2
5	147655025	160584366	2	1	1	2
5	160584367	180712500	2	1	1	2
6	212500	23017731	2	1	1	2
6	23017732	23038880	2	1	1	2
6	23038881	23851984	2	1	1	2
6	23851985	48893108	2	1	1	2
6	48893109	50070030	2	1	1	2
6	50070031	54239939	2	1	1	2
6	54239940	58019981	2	1	1	2
6	58019982	58699999	2	1	1	2
6	58700000	63299999	2	1	1	2
6	63300000	63524852	2	1	1	2
6	63524853	63610880	2	1	1	2
6	63610881	72411651	2	1	1	2
6	72411652	78117882	2	1	1	2
6	78117883	78130001	2	1	1	2
6	78130002	82749910	2	1	1	2
6	82749911	93881092	2	1	1	2
6	93881093	103981885	2	1	1	2
6	103981886	115979398	2	1	1	2
6	115979399	127170010	2	1	1	2
6	127170011	127459960	2	1	1	2
6	127459961	170897500	2	1	1	2
7	40386	9080021	2	1	1	2
7	9080022	25529984	2	1	1	2
7	25529985	57999999	2	1	1	2
7	58000000	61822499	2	1	1	2
7	61822500	93193241	2	1	1	2
7	93193242	113480892	2	1	1	2
7	113480893	159138662	2	1	1	2
8	172500	12247499	2	1	1	2
8	12247500	27612499	1	1	0	2
8	27612500	43099999	2	1	1	2
8	43100000	48099999	2	1	1	2
8	48100000	60642411	2	1	1	2
8	60642412	69399987	2	1	1	2
8	69399988	92876513	2	1	1	2
8	92876514	94197814	2	1	1	2
8	94197815	146364021	2	1	1	2
9	10001	239312	2	1	1	2
9	239313	10130520	2	1	1	2
9	10130521	10612245	2	1	1	2
9	10612246	41962499	2	1	1	2
9	41962500	47299999	2	1	1	2
9	47300000	50699999	NA	NA	NA	NA
9	50700000	66799971	2	1	1	1
9	66799972	105496833	2	1	1	2
9	105496834	106647320	2	1	1	2
9	106647321	109449984	2	1	1	2
9	109449985	118184714	2	1	1	2
9	118184715	121445855	2	1	1	2
9	121445856	122320781	2	1	1	2
9	122320782	141213430	2	1	1	2
10	130013	37999999	2	1	1	2
10	38000000	42451528	2	1	1	2
10	42451529	57464166	2	1	1	2
10	57464167	90072512	2	1	1	2
10	90072513	90880005	2	1	1	2
10	90880006	135534746	2	1	1	2
11	187500	21609931	2	1	1	2
11	21609932	41449992	2	1	1	2
11	41449993	42788996	2	1	1	2
11	42788997	42852676	0	0	0	2
11	42852677	48941170	2	1	1	2
11	48941171	50405906	2	1	1	2
11	50405907	51599999	0	0	0	2
11	51600000	55699999	NA	NA	NA	NA
11	55700000	79917182	2	1	1	2
11	79917183	90200028	2	1	1	2
11	90200029	103322821	2	1	1	2
11	103322822	128012646	2	1	1	2
11	128012647	135006515	2	1	1	2
12	188285	8030846	2	1	1	2
12	8030847	10618723	1	1	0	2
12	10618724	12821270	2	1	1	2
12	12821271	15146089	1	1	0	2
12	15146090	19357961	2	1	1	2
12	19357962	21871837	1	1	0	2
12	21871838	29140870	2	1	1	2
12	29140871	32783300	2	1	1	2
12	32783301	33299999	1	1	0	2
12	33300000	38199999	NA	NA	NA	NA
12	38200000	38467467	0	0	0	2
12	38467468	38630938	2	1	1	2
12	38630939	59820268	2	1	1	2
12	59820269	98358272	2	1	1	2
12	98358273	107285775	2	1	1	2
12	107285776	108788160	1	1	0	2
12	108788161	133851894	2	1	1	2
13	1	16299999	NA	NA	NA	NA
13	16300000	19499999	2	1	1	2
13	19500000	64155181	2	1	1	2
13	64155182	75072460	2	1	1	2
13	75072461	83815945	2	1	1	2
13	83815946	87964191	2	1	1	2
13	87964192	106669976	2	1	1	2
13	106669977	115169877	2	1	1	2
14	1	16099999	NA	NA	NA	NA
14	16100000	19099999	1	1	0	1
14	19100000	20375050	2	1	1	2
14	20375051	28582972	2	1	1	2
14	28582973	39049286	2	1	1	2
14	39049287	78570062	2	1	1	2
14	78570063	79640029	2	1	1	2
14	79640030	86489970	2	1	1	2
14	86489971	107349539	2	1	1	2
15	1	15799999	NA	NA	NA	NA
15	15800000	20699999	2	1	1	2
15	20700000	24361961	2	1	1	2
15	24361962	36517092	2	1	1	2
15	36517093	61984736	2	1	1	2
15	61984737	102531391	2	1	1	2
16	117500	32494474	2	1	1	2
16	32494475	34599999	2	1	1	2
16	34600000	38599999	2	1	1	2
16	38600000	51903321	2	1	1	2
16	51903322	60760145	2	1	1	2
16	60760146	61249988	2	1	1	2
16	61249989	64159996	2	1	1	2
16	64159997	64832499	2	1	1	2
16	64832500	90354752	2	1	1	2
17	7	22199999	2	1	1	2
17	22200000	25799999	2	1	1	2
17	25800000	50679276	2	1	1	2
17	50679277	68401507	2	1	1	2
17	68401508	81195209	2	1	1	2
18	76995	130030	2	1	1	2
18	130031	15399999	2	1	1	2
18	15400000	18999999	2	1	1	2
18	19000000	35759971	2	1	1	2
18	35759972	78077247	2	1	1	2
19	102500	254303	2	1	1	2
19	254304	21097557	2	1	1	2
19	21097558	21709995	2	1	1	2
19	21709996	22054986	2	1	1	2
19	22054987	24399999	2	1	1	2
19	24400000	28599999	NA	NA	NA	NA
19	28600000	59128982	2	1	1	2
20	106967	11029962	2	1	1	2
20	11029963	25599999	2	1	1	2
20	25600000	29399999	2	1	1	2
20	29400000	38691745	2	1	1	2
20	38691746	43670948	2	1	1	2
20	43670949	63025519	2	1	1	2
21	1	9411193	NA	NA	NA	NA
21	9411194	10899999	NA	NA	NA	NA
21	10900000	14299999	2	1	1	1
21	14300000	15307042	2	1	1	2
21	15307043	48129894	2	1	1	2
22	1	12199999	NA	NA	NA	NA
22	12200000	17899999	2	1	1	2
22	17900000	51304565	2	1	1	2
X	1	58099999	1	1	0	3
X	58100000	62999999	1	1	0	2
X	63000000	155270559	1	1	0	3
Y	1	11599999	1	1	0	1
Y	11600000	13399999	1	1	0	1
Y	13400000	59373565	1	1	0	1
