chromosome	start	end	total_cn	major_cn	minor_cn	star
1	10001	7560780	2	2	0	3
1	7560781	7571708	3	2	1	1
1	7571709	7573704	2	2	0	2
1	7573705	7576384	3	2	1	2
1	7576385	13354001	2	2	0	3
1	13354002	19257028	3	2	1	2
1	19257029	19904960	2	2	0	3
1	19904961	26057128	3	2	1	3
1	26057129	27222399	2	1	1	3
1	27222400	33360329	3	2	1	2
1	33360330	35189532	3	2	1	3
1	35189533	37151388	3	2	1	3
1	37151389	37151417	3	2	1	3
1	37151418	38271451	3	2	1	3
1	38271452	38273958	3	2	1	2
1	38273959	60939171	3	2	1	3
1	60939172	60946590	3	2	1	2
1	60946591	68826291	3	2	1	3
1	68826292	68828658	3	2	1	2
1	68828659	68915308	3	2	1	3
1	68915309	79530044	3	2	1	3
1	79530045	87144814	3	2	1	3
1	87144815	89296440	3	2	1	3
1	89296441	89302276	3	2	1	3
1	89302277	101043631	3	2	1	3
1	101043632	114046084	3	2	1	3
1	114046085	114057215	3	2	1	3
1	114057216	115503635	3	2	1	3
1	115503636	119086549	2	2	0	3
1	119086550	119093213	3	2	1	2
1	119093214	119097837	3	2	1	2
1	119097838	119233759	3	2	1	3
1	119233760	119233810	3	2	1	2
1	119233811	119235279	3	2	1	2
1	119235280	119235532	3	2	1	2
1	119235533	119235558	3	2	1	2
1	119235559	119754218	3	2	1	3
1	119754219	119754423	3	2	1	2
1	119754424	121499999	3	2	1	3
1	121500000	128899999	3	2	1	2
1	128900000	143884801	3	2	1	2
1	143884802	144881745	3	2	1	2
1	144881746	154179254	4	2	2	2
1	154179255	157465982	4	2	2	2
1	157465983	160780657	4	2	2	2
1	160780658	160780857	4	2	2	2
1	160780858	160780891	4	2	2	2
1	160780892	160780938	4	2	2	2
1	160780939	160781019	4	2	2	2
1	160781020	160781155	4	2	2	2
1	160781156	160781436	4	2	2	2
1	160781437	160788590	4	2	2	2
1	160788591	163096237	4	2	2	2
1	163096238	165469998	4	2	2	2
1	165469999	165472034	4	2	2	2
1	165472035	165825943	4	2	2	2
1	165825944	165839353	3	2	1	2
1	165839354	167557098	4	2	2	2
1	167557099	167583199	3	2	1	2
1	167583200	169534898	4	2	2	2
1	169534899	169535195	4	2	2	2
1	169535196	173414187	3	2	1	2
1	173414188	173415684	3	2	1	2
1	173415685	173833038	3	2	1	2
1	173833039	173833305	3	2	1	2
1	173833306	176325037	3	2	1	2
1	176325038	204457893	3	2	1	2
1	204457894	204584332	4	2	2	2
1	204584333	206310089	3	2	1	2
1	206310090	218180354	3	2	1	2
1	218180355	231946975	3	2	1	2
1	231946976	232071144	1	1	0	2
1	232071145	239786524	3	2	1	2
1	239786525	244805834	3	2	1	2
1	244805835	244836529	4	2	2	2
1	244836530	246160602	3	2	1	2
1	246160603	246186395	4	2	2	2
1	246186396	247249600	3	2	1	3
1	247249601	249250620	3	2	1	2
2	20016	8281805	3	2	1	2
2	8281806	10104525	3	2	1	2
2	10104526	10108750	3	2	1	2
2	10108751	22981612	3	2	1	2
2	22981613	32079888	3	2	1	2
2	32079889	33060762	1	1	0	2
2	33060763	36562458	3	2	1	2
2	36562459	36562498	4	2	2	2
2	36562499	38709579	3	2	1	2
2	38709580	75856309	3	2	1	2
2	75856310	75870940	3	2	1	1
2	75870941	78654988	3	2	1	2
2	78654989	78782040	1	1	0	2
2	78782041	80089001	3	2	1	2
2	80089002	82085821	3	2	1	2
2	82085822	82087059	3	2	1	2
2	82087060	83053168	3	2	1	2
2	83053169	87579463	3	2	1	2
2	87579464	90499999	3	2	1	2
2	90500000	96799999	3	2	1	2
2	96800000	136542232	3	2	1	2
2	136542233	138854671	3	2	1	2
2	138854672	138863662	1	1	0	2
2	138863663	142321730	3	2	1	2
2	142321731	156528107	3	2	1	2
2	156528108	156531549	3	2	1	2
2	156531550	156531725	3	2	1	2
2	156531726	156531804	3	2	1	2
2	156531805	156532008	3	2	1	2
2	156532009	158412409	3	2	1	2
2	158412410	165169097	3	2	1	2
2	165169098	182524545	3	2	1	2
2	182524546	189119196	3	2	1	2
2	189119197	189126787	3	2	1	2
2	189126788	189130253	5	3	2	1
2	189130254	189134141	3	2	1	2
2	189134142	195460208	4	3	1	2
2	195460209	195513291	4	3	1	1
2	195513292	196633859	4	3	1	2
2	196633860	196636263	3	3	0	2
2	196636264	209145729	4	3	1	2
2	209145730	209157232	3	2	1	2
2	209157233	218069081	4	3	1	2
2	218069082	218070844	4	3	1	2
2	218070845	219314753	4	3	1	2
2	219314754	219315153	4	3	1	2
2	219315154	223728866	4	3	1	2
2	223728867	223728882	4	3	1	2
2	223728883	242168654	4	3	1	2
2	242168655	242176234	4	3	1	2
2	242176235	242178063	3	2	1	2
2	242178064	242179407	3	2	1	2
2	242179408	242179580	3	2	1	2
2	242179581	242181874	3	2	1	2
2	242181875	242182028	3	2	1	2
2	242182029	242852391	4	3	1	2
2	242852392	242951000	4	3	1	1
3	112498	3341998	3	3	0	2
3	3341999	3679140	0	0	0	2
3	3679141	10859243	3	3	0	3
3	10859244	18944239	3	3	0	3
3	18944240	41261345	3	3	0	3
3	41261346	41270984	3	3	0	2
3	41270985	51408158	3	3	0	3
3	51408159	51408178	3	3	0	3
3	51408179	56533815	3	3	0	3
3	56533816	56536589	2	2	0	1
3	56536590	58769456	3	3	0	3
3	58769457	58769726	3	3	0	2
3	58769727	58790504	3	3	0	2
3	58790505	58792099	3	3	0	2
3	58792100	59398129	3	3	0	3
3	59398130	60318815	3	3	0	3
3	60318816	60641109	0	0	0	3
3	60641110	73043457	3	3	0	3
3	73043458	73071452	3	3	0	2
3	73071453	73086635	1	1	0	1
3	73086636	73091378	3	3	0	1
3	73091379	75739183	3	3	0	3
3	75739184	87899999	3	3	0	3
3	87900000	93899999	3	3	0	3
3	93900000	96558376	3	3	0	3
3	96558377	96558744	3	3	0	3
3	96558745	96558780	3	3	0	2
3	96558781	96560204	3	3	0	2
3	96560205	96560232	3	3	0	2
3	96560233	96560562	3	3	0	2
3	96560563	96560595	3	3	0	2
3	96560596	96560649	3	3	0	2
3	96560650	98293975	3	3	0	3
3	98293976	123591007	3	3	0	3
3	123591008	123593154	3	3	0	3
3	123593155	126279277	3	3	0	3
3	126279278	126279299	3	3	0	2
3	126279300	126280018	3	3	0	2
3	126280019	126280427	3	3	0	2
3	126280428	126280441	3	3	0	2
3	126280442	126280592	3	3	0	2
3	126280593	126280611	3	3	0	2
3	126280612	126281179	3	3	0	2
3	126281180	126281296	3	3	0	2
3	126281297	126281343	3	3	0	2
3	126281344	126282495	3	3	0	2
3	126282496	126282664	3	3	0	2
3	126282665	126282794	3	3	0	2
3	126282795	126282846	3	3	0	2
3	126282847	126283390	3	3	0	2
3	126283391	126291741	1	1	0	2
3	126291742	126292098	1	1	0	1
3	126292099	126292213	3	3	0	2
3	126292214	126292234	3	3	0	2
3	126292235	136403375	3	3	0	3
3	136403376	136415618	2	2	0	1
3	136415619	140641681	3	3	0	3
3	140641682	140872655	3	3	0	3
3	140872656	140875234	3	3	0	3
3	140875235	159486281	3	3	0	3
3	159486282	159486373	3	3	0	2
3	159486374	162513175	4	4	0	2
3	162513176	176784972	4	4	0	2
3	176784973	176788901	4	4	0	1
3	176788902	176847903	0	0	0	2
3	176847904	176854163	2	2	0	2
3	176854164	176877715	0	0	0	2
3	176877716	176881850	2	2	0	2
3	176881851	178470831	4	4	0	2
3	178470832	179339184	4	4	0	2
3	179339185	179411191	3	3	0	3
3	179411192	197867127	4	4	0	3
4	74927	19269031	2	2	0	2
4	19269032	21167376	2	2	0	2
4	21167377	21169144	2	2	0	2
4	21169145	21169175	2	2	0	2
4	21169176	24562002	2	2	0	2
4	24562003	24566747	2	2	0	2
4	24566748	33625096	2	2	0	2
4	33625097	33692369	2	2	0	2
4	33692370	33692422	2	2	0	2
4	33692423	48199999	2	2	0	2
4	48200000	52699999	2	2	0	2
4	52700000	61762144	2	2	0	2
4	61762145	61762622	2	2	0	2
4	61762623	78343700	2	2	0	2
4	78343701	89688035	2	2	0	3
4	89688036	89742064	1	1	0	2
4	89742065	122121453	2	2	0	2
4	122121454	122125143	2	2	0	2
4	122125144	136144362	2	2	0	2
4	136144363	148730049	4	4	0	2
4	148730050	149534710	2	2	0	2
4	149534711	150702600	2	2	0	2
4	150702601	150703493	2	2	0	2
4	150703494	150705866	2	2	0	2
4	150705867	150705904	2	2	0	2
4	150705905	152222485	2	2	0	2
4	152222486	152335049	2	2	0	2
4	152335050	181781825	2	2	0	2
4	181781826	181782630	2	2	0	2
4	181782631	190987500	2	2	0	2
5	52533	851581	2	2	0	2
5	851582	4994377	3	3	0	2
5	4994378	12378318	3	3	0	2
5	12378319	12511123	3	3	0	2
5	12511124	12512106	3	3	0	2
5	12512107	32585673	3	3	0	2
5	32585674	32591665	3	3	0	2
5	32591666	44549754	3	3	0	2
5	44549755	44554909	3	3	0	2
5	44554910	46099999	3	3	0	2
5	46100000	50699999	NA	NA	NA	NA
5	50700000	56426054	1	1	0	3
5	56426055	56497279	0	0	0	2
5	56497280	63070028	1	1	0	3
5	63070029	87300951	3	3	0	3
5	87300952	88672216	3	3	0	2
5	88672217	98740528	2	2	0	2
5	98740529	98790498	2	2	0	2
5	98790499	99696193	4	4	0	2
5	99696194	99700089	4	4	0	2
5	99700090	104346313	0	0	0	2
5	104346314	127542962	2	2	0	2
5	127542963	127642327	1	1	0	1
5	127642328	161527269	2	2	0	3
5	161527270	161535609	2	2	0	3
5	161535610	167773921	2	2	0	2
5	167773922	167776800	2	2	0	2
5	167776801	167816506	2	2	0	2
5	167816507	168306434	3	3	0	2
5	168306435	180689978	3	3	0	2
6	39681	242500	4	4	0	1
6	242501	380900	4	4	0	2
6	380901	2239433	5	5	0	2
6	2239434	2292971	3	3	0	2
6	2292972	3656190	5	5	0	2
6	3656191	3664787	4	4	0	2
6	3664788	10731204	5	5	0	2
6	10731205	17689525	5	5	0	2
6	17689526	17694181	4	4	0	2
6	17694182	18557085	5	5	0	2
6	18557086	24227665	5	5	0	2
6	24227666	24232870	5	5	0	2
6	24232871	26094753	5	5	0	2
6	26094754	27055713	5	5	0	2
6	27055714	27088374	3	3	0	2
6	27088375	27923139	5	5	0	2
6	27923140	27925321	5	5	0	2
6	27925322	32551946	5	5	0	2
6	32551947	32882437	5	5	0	2
6	32882438	36612163	5	5	0	2
6	36612164	36613168	5	5	0	2
6	36613169	43397500	5	5	0	2
6	43397501	43964039	5	5	0	2
6	43964040	44643730	5	5	0	2
6	44643731	58699999	5	5	0	2
6	58700000	63299999	5	5	0	2
6	63300000	70393595	5	5	0	2
6	70393596	77552681	4	4	0	2
6	77552682	77783388	3	3	0	3
6	77783389	86326218	4	4	0	2
6	86326219	87848455	3	3	0	2
6	87848456	87882693	1	1	0	2
6	87882694	90431288	3	3	0	2
6	90431289	94779895	3	3	0	2
6	94779896	94804903	4	4	0	2
6	94804904	97079128	4	4	0	2
6	97079129	97154464	3	3	0	2
6	97154465	100992740	4	4	0	2
6	100992741	100992786	4	4	0	2
6	100992787	101076025	2	2	0	2
6	101076026	103732589	4	4	0	2
6	103732590	107798798	4	4	0	2
6	107798799	107826139	3	3	0	2
6	107826140	112185458	4	4	0	2
6	112185459	130579238	4	4	0	2
6	130579239	130581388	4	4	0	2
6	130581389	131348274	4	4	0	2
6	131348275	133308527	2	2	0	2
6	133308528	142570426	4	4	0	2
6	142570427	142571695	4	4	0	2
6	142571696	155081156	2	2	0	2
6	155081157	159535867	2	2	0	2
6	159535868	159538995	2	2	0	2
6	159538996	162658301	2	2	0	2
6	162658302	162658327	2	2	0	2
6	162658328	162658824	2	2	0	2
6	162658825	162658875	2	2	0	2
6	162658876	170935993	2	2	0	2
7	40386	1433076	5	3	2	2
7	1433077	9285638	4	3	1	1
7	9285639	9287231	3	3	0	2
7	9287232	26252908	5	3	2	2
7	26252909	27567769	4	3	1	1
7	27567770	27579210	3	3	0	2
7	27579211	32777130	4	2	2	2
7	32777131	32809762	5	3	2	2
7	32809763	38835947	4	2	2	2
7	38835948	40006022	4	2	2	2
7	40006023	40023349	3	2	1	2
7	40023350	42741995	5	3	2	2
7	42741996	43914816	4	2	2	2
7	43914817	43988065	3	2	1	2
7	43988066	57082500	4	2	2	2
7	57082501	61987499	NA	NA	NA	NA
7	61987500	65390141	3	3	0	2
7	65390142	70989594	3	3	0	2
7	70989595	77269107	3	3	0	2
7	77269108	84316794	3	3	0	2
7	84316795	86895819	3	3	0	2
7	86895820	86898940	2	2	0	2
7	86898941	86992317	3	3	0	2
7	86992318	86994340	3	3	0	2
7	86994341	95379778	3	3	0	2
7	95379779	95382279	2	2	0	2
7	95382280	99461372	3	3	0	2
7	99461373	101487742	3	3	0	2
7	101487743	101530331	1	1	0	2
7	101530332	102758527	3	3	0	2
7	102758528	102763516	3	3	0	2
7	102763517	104159178	3	3	0	2
7	104159179	104161434	2	2	0	2
7	104161435	105731150	3	3	0	2
7	105731151	109474604	3	3	0	2
7	109474605	141617912	3	3	0	2
7	141617913	141618205	3	3	0	2
7	141618206	141619634	3	3	0	2
7	141619635	142171570	3	3	0	2
7	142171571	142174279	2	2	0	2
7	142174280	148544483	3	3	0	2
7	148544484	148554714	3	3	0	2
7	148554715	148561021	2	2	0	2
7	148561022	148568162	1	1	0	2
7	148568163	158844498	3	3	0	2
8	10001	170011	2	2	0	2
8	170012	11647459	2	2	0	2
8	11647460	26180446	2	2	0	2
8	26180447	26184507	2	2	0	2
8	26184508	33960813	2	2	0	2
8	33960814	38665970	2	2	0	2
8	38665971	38667536	2	2	0	2
8	38667537	43039890	2	2	0	2
8	43039891	43055643	2	2	0	2
8	43055644	43099999	2	2	0	2
8	43100000	48099999	NA	NA	NA	NA
8	48100000	49759530	6	4	2	2
8	49759531	52384810	7	5	2	2
8	52384811	52526708	3	2	1	2
8	52526709	56129874	7	5	2	2
8	56129875	56494044	6	5	1	2
8	56494045	56586673	5	5	0	2
8	56586674	56616395	3	3	0	2
8	56616396	56699747	5	5	0	2
8	56699748	56858069	3	3	0	2
8	56858070	58084340	5	5	0	2
8	58084341	59245476	4	4	0	2
8	59245477	59246899	3	3	0	1
8	59246900	59248300	4	4	0	1
8	59248301	59249869	4	4	0	1
8	59249870	59250136	4	3	1	1
8	59250137	59250304	4	3	1	1
8	59250305	59250741	3	3	0	2
8	59250742	59252161	2	2	0	1
8	59252162	59252656	2	2	0	1
8	59252657	59252704	4	4	0	1
8	59252705	61600998	4	4	0	2
8	61600999	61621912	2	2	0	1
8	61621913	61639373	1	1	0	2
8	61639374	61645755	3	3	0	1
8	61645756	61660345	1	1	0	2
8	61660346	61662268	1	1	0	1
8	61662269	62987100	4	4	0	2
8	62987101	62988746	4	4	0	2
8	62988747	92504090	4	4	0	2
8	92504091	94741127	4	4	0	2
8	94741128	97722296	4	4	0	2
8	97722297	100890499	4	4	0	2
8	100890500	110164377	4	4	0	2
8	110164378	110165429	4	4	0	2
8	110165430	112410258	4	4	0	2
8	112410259	112424928	3	3	0	1
8	112424929	117706259	4	4	0	2
8	117706260	118360669	4	4	0	2
8	118360670	118368066	4	4	0	2
8	118368067	120736807	4	4	0	2
8	120736808	120741975	4	4	0	2
8	120741976	130020293	4	4	0	2
8	130020294	130204207	3	3	0	1
8	130204208	141587058	4	4	0	2
8	141587059	141624561	3	3	0	2
8	141624562	146364021	4	4	0	2
9	47500	200594	4	2	2	2
9	200595	12054284	4	2	2	3
9	12054285	12060270	4	2	2	3
9	12060271	15128655	4	2	2	2
9	15128656	15129076	4	2	2	2
9	15129077	15177311	4	2	2	2
9	15177312	15803797	2	2	0	3
9	15803798	17186601	4	2	2	2
9	17186602	18208383	2	2	0	2
9	18208384	18273614	2	2	0	2
9	18273615	22399642	4	2	2	3
9	22399643	29060644	2	2	0	3
9	29060645	29067612	3	3	0	1
9	29067613	37444771	2	2	0	3
9	37444772	37460366	2	2	0	3
9	37460367	41276003	2	2	0	3
9	41276004	43445852	2	2	0	2
9	43445853	47299999	3	3	0	1
9	47300000	50699999	3	3	0	1
9	50700000	66586001	3	3	0	1
9	66586002	68392682	3	3	0	1
9	68392683	71749824	3	2	1	2
9	71749825	71751241	3	2	1	2
9	71751242	91015203	3	2	1	3
9	91015204	91040345	3	2	1	2
9	91040346	93395439	3	2	1	3
9	93395440	93404403	2	2	0	1
9	93404404	95057260	3	2	1	2
9	95057261	95060012	3	2	1	2
9	95060013	112432405	3	2	1	3
9	112432406	113560441	3	2	1	3
9	113560442	116122785	3	2	1	3
9	116122786	116128531	3	2	1	2
9	116128532	122931967	3	2	1	3
9	122931968	137888586	3	2	1	3
9	137888587	137888617	3	2	1	2
9	137888618	137890490	3	2	1	2
9	137890491	140273200	3	2	1	3
10	10001	130012	3	2	1	2
10	130013	1269796	3	2	1	2
10	1269797	1292936	1	1	0	2
10	1292937	8006348	3	2	1	2
10	8006349	8036294	2	2	0	2
10	8036295	37999999	3	2	1	2
10	38000000	42414753	3	2	1	2
10	42414754	45895225	3	2	1	2
10	45895226	45900650	2	2	0	2
10	45900651	66604115	3	2	1	2
10	66604116	66604161	3	2	1	1
10	66604162	66832037	3	2	1	2
10	66832038	72974546	3	2	1	2
10	72974547	73023220	2	2	0	3
10	73023221	74213318	3	2	1	2
10	74213319	75878879	3	2	1	2
10	75878880	90582172	3	2	1	2
10	90582173	90598300	1	1	0	2
10	90598301	116519862	3	2	1	2
10	116519863	116551584	1	1	0	2
10	116551585	117135077	3	2	1	2
10	117135078	131566487	3	2	1	2
10	131566488	135404646	3	2	1	2
11	190010	2708192	4	4	0	2
11	2708193	3003285	2	2	0	3
11	3003286	6103835	4	4	0	2
11	6103836	6119052	3	3	0	2
11	6119053	6635683	4	4	0	2
11	6635684	6778137	4	4	0	2
11	6778138	11956399	4	4	0	2
11	11956400	11957992	4	4	0	2
11	11957993	28578353	4	4	0	2
11	28578354	28582597	4	4	0	2
11	28582598	32287369	4	4	0	2
11	32287370	32294841	3	3	0	2
11	32294842	34021184	4	4	0	2
11	34021185	34088897	2	2	0	2
11	34088898	36781285	4	4	0	2
11	36781286	36781347	4	4	0	2
11	36781348	37301737	4	4	0	2
11	37301738	51338799	4	4	0	2
11	51338800	55699999	4	4	0	2
11	55700000	61735112	4	4	0	2
11	61735113	61735135	4	4	0	2
11	61735136	86673201	4	4	0	2
11	86673202	86676427	3	3	0	2
11	86676428	95973108	4	4	0	2
11	95973109	118454926	4	4	0	2
11	118454927	123438819	4	4	0	2
11	123438820	134452200	4	4	0	2
12	22500	83055	2	2	0	2
12	83056	3606983	2	2	0	3
12	3606984	3608243	2	2	0	3
12	3608244	14336988	2	2	0	3
12	14336989	14337366	2	2	0	3
12	14337367	14354815	1	1	0	2
12	14354816	14417362	1	1	0	3
12	14417363	14417835	1	1	0	3
12	14417836	14593322	1	1	0	2
12	14593323	17678378	2	2	0	3
12	17678379	22822506	4	2	2	3
12	22822507	22839547	4	2	2	3
12	22839548	32511680	4	2	2	3
12	32511681	32512839	3	2	1	2
12	32512840	32513386	3	2	1	2
12	32513387	33299999	3	2	1	3
12	33300000	38199999	3	2	1	3
12	38200000	39590502	3	2	1	3
12	39590503	39612167	1	1	0	3
12	39612168	39996737	3	2	1	3
12	39996738	39997749	2	2	0	1
12	39997750	53434307	3	2	1	3
12	53434308	53435801	3	2	1	3
12	53435802	68791349	3	2	1	3
12	68791350	71519095	3	2	1	3
12	71519096	98993719	3	2	1	3
12	98993720	98995538	3	2	1	3
12	98995539	99626833	3	2	1	2
12	99626834	108116797	3	2	1	3
12	108116798	108121077	3	2	1	2
12	108121078	108987815	3	2	1	3
12	108987816	109021645	2	2	0	2
12	109021646	132349400	3	2	1	3
12	132349401	133851894	3	2	1	3
13	1	16299999	3	2	1	1
13	16300000	19499999	3	2	1	2
13	19500000	23632924	3	2	1	2
13	23632925	23632974	3	2	1	2
13	23632975	26787210	3	2	1	2
13	26787211	45912922	3	2	1	2
13	45912923	61460431	3	2	1	2
13	61460432	61460538	3	2	1	2
13	61460539	61460614	3	2	1	2
13	61460615	61460695	3	2	1	2
13	61460696	61461051	3	2	1	2
13	61461052	61461206	3	2	1	2
13	61461207	61461220	3	2	1	2
13	61461221	65530592	3	2	1	2
13	65530593	91401234	3	2	1	2
13	91401235	102015828	3	2	1	2
13	102015829	109036845	3	2	1	2
13	109036846	114142800	3	2	1	2
13	114142801	115169877	3	2	1	2
14	1	16099999	4	2	2	1
14	16100000	19099999	4	2	2	1
14	19100000	19110113	4	2	2	2
14	19110114	31091487	4	2	2	3
14	31091488	31091534	4	2	2	2
14	31091535	31091585	3	2	1	1
14	31091586	37734628	3	2	1	3
14	37734629	46527052	3	2	1	3
14	46527053	59220618	3	2	1	3
14	59220619	59220729	3	2	1	2
14	59220730	59220820	3	2	1	2
14	59220821	59220986	3	2	1	2
14	59220987	59221025	3	2	1	2
14	59221026	68136115	3	2	1	3
14	68136116	68152226	3	2	1	3
14	68152227	69046377	3	2	1	3
14	69046378	69046488	3	2	1	3
14	69046489	69047253	3	2	1	3
14	69047254	69047566	3	2	1	2
14	69047567	69047661	3	2	1	2
14	69047662	69047710	3	2	1	2
14	69047711	69048178	3	2	1	2
14	69048179	69048388	3	2	1	2
14	69048389	69048412	3	2	1	2
14	69048413	69048536	3	2	1	2
14	69048537	72787027	3	2	1	3
14	72787028	78957436	3	2	1	3
14	78957437	78958621	3	2	1	3
14	78958622	97394792	3	2	1	3
14	97394793	97453246	1	1	0	2
14	97453247	103973571	3	2	1	3
14	103973572	103976207	3	2	1	2
14	103976208	105235579	3	2	1	3
14	105235580	106209796	3	2	1	3
14	106209797	106368400	3	2	1	2
15	1	15799999	2	2	0	1
15	15800000	20699999	2	2	0	3
15	20700000	25619007	2	2	0	3
15	25619008	60715559	2	2	0	3
15	60715560	67217035	2	2	0	3
15	67217036	75215111	2	2	0	3
15	75215112	82578689	3	3	0	2
15	82578690	91044015	3	3	0	2
15	91044016	100338800	3	3	0	2
15	100338801	102399213	3	3	0	3
16	100010	32499467	2	2	0	3
16	32499468	33827499	2	2	0	2
16	33827500	38599999	2	2	0	3
16	38600000	46415802	2	2	0	2
16	46415803	48281375	2	2	0	2
16	48281376	77151030	2	2	0	2
16	77151031	77158050	2	2	0	2
16	77158051	78592178	2	2	0	2
16	78592179	78595293	2	2	0	2
16	78595294	88827200	2	2	0	2
16	88827201	90146043	2	2	0	3
17	22197	4408997	2	2	0	3
17	4408998	4410963	2	2	0	2
17	4410964	7577912	2	2	0	3
17	7577913	7586834	4	4	0	1
17	7586835	9549751	2	2	0	3
17	9549752	9554847	2	2	0	3
17	9554848	10618875	2	2	0	3
17	10618876	13238721	1	1	0	3
17	13238722	15849517	2	2	0	3
17	15849518	22199999	2	2	0	3
17	22200000	25799999	2	2	0	2
17	25800000	36516735	2	2	0	2
17	36516736	36530631	4	2	2	2
17	36530632	37893860	2	2	0	3
17	37893861	38032278	4	2	2	3
17	38032279	41354876	2	2	0	2
17	41354877	44212578	3	2	1	3
17	44212579	47405687	3	2	1	3
17	47405688	47745285	5	3	2	2
17	47745286	65959831	3	2	1	3
17	65959832	66694241	2	2	0	3
17	66694242	68129868	3	2	1	3
17	68129869	68151548	5	3	2	2
17	68151549	75481714	3	2	1	3
17	75481715	75492248	3	2	1	3
17	75492249	78774600	3	2	1	3
17	78774601	79009989	3	2	1	2
17	79009990	81195209	5	3	2	2
18	27500	1875597	2	2	0	3
18	1875598	2680959	3	2	1	2
18	2680960	2681089	3	2	1	2
18	2681090	3778203	3	2	1	2
18	3778204	3779422	3	2	1	2
18	3779423	4630445	3	2	1	2
18	4630446	5043815	4	2	2	2
18	5043816	5047760	3	2	1	2
18	5047761	5592550	3	2	1	2
18	5592551	5636564	4	2	2	2
18	5636565	5840736	3	2	1	2
18	5840737	5869127	2	2	0	1
18	5869128	7086844	3	2	1	2
18	7086845	7131473	2	2	0	2
18	7131474	7566866	3	2	1	2
18	7566867	7697310	3	2	1	2
18	7697311	7698789	4	2	2	2
18	7698790	9651590	3	2	1	2
18	9651591	9657011	4	2	2	2
18	9657012	9712514	3	2	1	2
18	9712515	9893808	4	2	2	2
18	9893809	9894577	4	2	2	2
18	9894578	10357003	4	2	2	2
18	10357004	10363396	1	1	0	2
18	10363397	11732885	3	2	1	2
18	11732886	12875928	3	2	1	2
18	12875929	15399999	3	2	1	2
18	15400000	18999999	NA	NA	NA	NA
18	19000000	19256882	4	2	2	2
18	19256883	19422666	3	2	1	2
18	19422667	19427541	2	2	0	1
18	19427542	19498828	5	3	2	2
18	19498829	19500146	5	3	2	2
18	19500147	19853522	5	3	2	2
18	19853523	19854258	5	3	2	2
18	19854259	19854923	5	3	2	1
18	19854924	19855281	5	3	2	1
18	19855282	32145358	2	2	0	3
18	32145359	41575028	2	2	0	3
18	41575029	48582893	2	2	0	3
18	48582894	48705361	0	0	0	2
18	48705362	49600146	2	2	0	3
18	49600147	76117000	2	2	0	3
18	76117001	78077247	2	2	0	3
19	102500	260136	2	2	0	2
19	260137	15404842	2	2	0	2
19	15404843	15414714	2	2	0	2
19	15414715	15415025	2	2	0	2
19	15415026	15415912	2	2	0	2
19	15415913	24399999	2	2	0	2
19	24400000	28599999	NA	NA	NA	NA
19	28600000	31650431	3	2	1	2
19	31650432	31892928	3	2	1	2
19	31892929	31899166	5	3	2	2
19	31899167	36128475	5	3	2	2
19	36128476	40730061	5	3	2	2
19	40730062	40737322	5	3	2	2
19	40737323	42176437	5	3	2	2
19	42176438	45610528	5	3	2	2
19	45610529	45613485	5	3	2	2
19	45613486	47464767	5	3	2	2
19	47464768	49468861	3	3	0	2
19	49468862	49469839	3	3	0	2
19	49469840	55228088	3	3	0	2
19	55228089	59128982	3	3	0	2
20	24347	475657	4	4	0	2
20	475658	513552	3	3	0	2
20	513553	6975358	4	4	0	2
20	6975359	16746273	4	4	0	2
20	16746274	20639709	4	4	0	2
20	20639710	25599999	4	4	0	2
20	25600000	29426282	NA	NA	NA	NA
20	29426283	30992821	5	4	1	2
20	30992822	31043561	3	2	1	2
20	31043562	31363241	5	4	1	2
20	31363242	31370529	4	4	0	1
20	31370530	32789162	5	4	1	2
20	32789163	35807276	4	4	0	2
20	35807277	54403656	4	4	0	2
20	54403657	62153334	3	3	0	2
20	62153335	62530355	3	3	0	2
20	62530356	62531524	4	4	0	2
21	1	9417499	NA	NA	NA	NA
21	9417500	10137500	NA	NA	NA	NA
21	10137501	15278976	NA	NA	NA	NA
21	15278977	38768244	2	2	0	2
21	38768245	38769063	2	2	0	2
21	38769064	38780811	2	2	0	2
21	38780812	38813521	0	0	0	1
21	38813522	42648345	2	2	0	3
21	42648346	46937500	2	2	0	3
21	46937501	48129894	2	2	0	3
22	1	12199999	2	2	0	1
22	12200000	17899999	2	2	0	3
22	17900000	24293000	2	2	0	3
22	24293001	24347200	2	2	0	3
22	24347201	29065504	2	2	0	3
22	29065505	29065768	2	2	0	2
22	29065769	29065819	2	2	0	2
22	29065820	29065851	2	2	0	2
22	29065852	29065870	2	2	0	2
22	29065871	29065924	2	2	0	2
22	29065925	29065994	2	2	0	2
22	29065995	29066114	2	2	0	2
22	29066115	50838643	2	2	0	2
22	50838644	50838656	2	2	0	2
22	50838657	50838668	2	2	0	2
X	531402	11733069	1	1	0	3
X	11733070	31752975	1	1	0	3
X	31752976	31923782	1	1	0	3
X	31923783	40967313	1	1	0	3
X	40967314	40977283	1	1	0	2
X	40977284	44037717	1	1	0	3
X	44037718	44744619	1	1	0	3
X	44744620	44814041	1	1	0	3
X	44814042	58099999	1	1	0	3
X	58100000	62999999	1	1	0	3
X	63000000	73161736	1	1	0	3
X	73161737	73167626	1	1	0	2
X	73167627	76987426	1	1	0	3
X	76987427	77009657	1	1	0	2
X	77009658	155270559	1	1	0	3
Y	1	6203001	2	2	0	1
Y	6203002	7125867	2	2	0	1
Y	7125868	7141732	0	0	0	2
Y	7141733	11599999	2	2	0	1
Y	11600000	13399999	NA	NA	NA	NA
Y	13400000	59373565	2	2	0	1
