chromosome	start	end	total_cn	major_cn	minor_cn	star
1	10001	27054193	1	1	0	3
1	27054194	27089807	1	1	0	3
1	27089808	43842601	1	1	0	3
1	43842602	116355359	2	1	1	3
1	116355360	116380838	1	1	0	2
1	116380839	121499999	2	1	1	2
1	121500000	128899999	2	1	1	2
1	128900000	142609938	2	1	1	2
1	142609939	146689537	2	1	1	2
1	146689538	163025854	2	1	1	2
1	163025855	163062667	1	1	0	2
1	163062668	165058877	2	1	1	2
1	165058878	208477735	3	2	1	2
1	208477736	247247500	3	2	1	2
1	247247501	249250620	3	2	1	2
2	20016	51159432	2	1	1	3
2	51159433	51192634	3	2	1	2
2	51192635	51766268	2	1	1	2
2	51766269	51796834	3	2	1	2
2	51796835	55571157	2	1	1	3
2	55571158	55596926	2	1	1	2
2	55596927	58099851	2	1	1	3
2	58099852	58376509	2	1	1	2
2	58376510	68976866	2	1	1	3
2	68976867	68978748	2	1	1	2
2	68978749	90499999	2	1	1	3
2	90500000	96799999	2	1	1	3
2	96800000	101161332	2	1	1	3
2	101161333	101162937	2	1	1	3
2	101162938	173469970	2	1	1	3
2	173469971	173520058	2	1	1	2
2	173520059	242999968	2	1	1	3
3	62226	3600030	2	1	1	3
3	3600031	3918293	2	1	1	2
3	3918294	71265255	2	1	1	3
3	71265256	71278935	2	1	1	1
3	71278936	86314459	2	1	1	3
3	86314460	86336350	1	1	0	2
3	86336351	87899999	2	1	1	3
3	87900000	93899999	2	1	1	3
3	93900000	176538070	2	1	1	3
3	176538071	197848669	1	1	0	3
4	38165	26569554	2	1	1	3
4	26569555	26662581	2	1	1	3
4	26662582	31151430	2	1	1	3
4	31151431	31161925	2	1	1	2
4	31161926	36033914	2	1	1	2
4	36033915	36205637	2	1	1	2
4	36205638	39324158	2	1	1	3
4	39324159	39480581	2	1	1	2
4	39480582	43573608	2	1	1	3
4	43573609	43574823	2	1	1	2
4	43574824	48199999	2	1	1	3
4	48200000	52699999	2	1	1	3
4	52700000	111051018	2	1	1	3
4	111051019	111052708	2	1	1	2
4	111052709	126151081	2	1	1	3
4	126151082	126153477	2	1	1	3
4	126153478	129799274	2	1	1	3
4	129799275	129801612	2	1	1	1
4	129801613	191154275	2	1	1	3
5	22500	46099999	2	1	1	2
5	46100000	50699999	2	1	1	2
5	50700000	70808932	2	1	1	2
5	70808933	165391140	2	1	1	2
5	165391141	165395745	1	1	0	2
5	165395746	180689978	2	1	1	2
6	39681	249442	2	1	1	2
6	249443	389543	2	1	1	2
6	389544	6908370	3	2	1	2
6	6908371	7012218	2	1	1	2
6	7012219	16359348	3	2	1	2
6	16359349	16539748	1	1	0	3
6	16539749	50004988	3	2	1	2
6	50004989	57269997	2	2	0	2
6	57269998	58091962	1	1	0	2
6	58091963	58699999	2	2	0	2
6	58700000	63299999	NA	NA	NA	NA
6	63300000	130302558	1	1	0	3
6	130302559	130417149	1	1	0	2
6	130417150	170905605	1	1	0	3
7	86189	27974563	2	1	1	3
7	27974564	28095093	2	1	1	2
7	28095094	57999999	2	1	1	3
7	58000000	61699999	2	1	1	3
7	61700000	158789994	2	1	1	3
8	10001	36624586	1	1	0	2
8	36624587	36625757	1	1	0	2
8	36625758	36628376	1	1	0	2
8	36628377	40776845	1	1	0	2
8	40776846	40780739	1	1	0	2
8	40780740	41405859	1	1	0	2
8	41405860	43099999	2	1	1	3
8	43100000	48099999	2	1	1	2
8	48100000	146364021	2	1	1	3
9	47500	15721142	1	1	0	2
9	15721143	15777165	1	1	0	2
9	15777166	42156135	1	1	0	2
9	42156136	45377324	1	1	0	2
9	45377325	47299999	1	1	0	2
9	47300000	50699999	1	1	0	2
9	50700000	131393666	1	1	0	3
9	131393667	131422576	1	1	0	3
9	131422577	140315015	1	1	0	3
10	102500	12675824	2	1	1	2
10	12675825	12678701	2	1	1	2
10	12678702	31679137	2	1	1	2
10	31679138	31686077	2	1	1	2
10	31686078	37999999	2	1	1	2
10	38000000	42299999	2	1	1	3
10	42300000	77190037	2	1	1	3
10	77190038	77460381	2	1	1	2
10	77460382	130344446	2	1	1	3
10	130344447	130348556	2	1	1	2
10	130348557	135389924	2	1	1	2
11	20721	219088	2	1	1	1
11	219089	1511470	2	1	1	2
11	1511471	1557271	1	1	0	3
11	1557272	51599999	2	1	1	2
11	51600000	55699999	2	1	1	2
11	55700000	90131231	2	1	1	3
11	90131232	90175086	1	1	0	2
11	90175087	123585413	2	1	1	3
11	123585414	123601940	2	1	1	2
11	123601941	134452200	2	1	1	3
12	110107	14625531	2	1	1	3
12	14625532	14641598	2	1	1	3
12	14641599	23816799	2	1	1	3
12	23816800	23965767	1	1	0	3
12	23965768	33299999	2	1	1	3
12	33300000	38199999	2	1	1	3
12	38200000	64454036	2	1	1	3
12	64454037	64493478	2	1	1	3
12	64493479	132349400	2	1	1	3
12	132349401	133851894	2	1	1	2
13	1	16299999	1	1	0	1
13	16300000	19499999	NA	NA	NA	NA
13	19500000	59313598	2	1	1	2
13	59313599	59327425	2	1	1	2
13	59327426	72111713	2	1	1	2
13	72111714	72132081	2	1	1	2
13	72132082	114142800	2	1	1	2
13	114142801	115169877	1	1	0	2
14	1	16099999	2	1	1	1
14	16100000	19099999	2	1	1	2
14	19100000	39854868	2	1	1	3
14	39854869	40174893	1	1	0	2
14	40174894	45217770	2	1	1	3
14	45217771	45219556	2	1	1	3
14	45219557	106368400	2	1	1	3
15	1	15799999	2	1	1	1
15	15800000	20699999	2	1	1	2
15	20700000	42639403	2	1	1	3
15	42639404	42737204	1	1	0	3
15	42737205	44975459	2	1	1	3
15	44975460	44977182	2	1	1	3
15	44977183	100338800	2	1	1	3
15	100338801	102372568	2	1	1	3
16	84170	347698	2	1	1	2
16	347699	350171	2	1	1	2
16	350172	34599999	2	1	1	3
16	34600000	38599999	2	1	1	3
16	38600000	88827200	2	1	1	3
16	88827201	90354752	2	1	1	2
17	7	2417900	2	1	1	2
17	2417901	2520775	3	2	1	2
17	2520776	22199999	2	1	1	2
17	22200000	25799999	2	1	1	3
17	25800000	44737801	2	1	1	3
17	44737802	78774600	3	2	1	3
17	78774601	81195209	3	2	1	2
18	27500	80030	2	1	1	2
18	80031	15399999	2	1	1	3
18	15400000	18999999	2	1	1	2
18	19000000	21442271	2	1	1	3
18	21442272	21447929	2	1	1	2
18	21447930	76117000	2	1	1	3
18	76117001	78077247	2	1	1	3
19	102500	253937	1	1	0	2
19	253938	6914098	1	1	0	2
19	6914099	7372500	2	1	1	2
19	7372501	7532251	2	1	1	2
19	7532252	11042087	1	1	0	2
19	11042088	22421590	1	1	0	2
19	22421591	22500870	2	1	1	2
19	22500871	23335047	1	1	0	2
19	23335048	24399999	2	1	1	2
19	24400000	28599999	2	1	1	2
19	28600000	59128982	2	1	1	3
20	28063	25599999	3	2	1	2
20	25600000	29420075	3	2	1	2
20	29420076	62432500	3	2	1	2
21	1	10899999	NA	NA	NA	NA
21	10900000	14299999	1	1	0	1
21	14300000	27329682	2	1	1	3
21	27329683	27338834	1	1	0	1
21	27338835	46937500	2	1	1	3
21	46937501	48129894	2	1	1	3
22	1	12199999	2	1	1	1
22	12200000	17899999	2	1	1	3
22	17900000	47263088	2	1	1	2
22	47263089	47264988	2	1	1	2
22	47264989	49687500	2	1	1	2
22	49687501	51304565	2	1	1	2
X	1	57887404	1	1	0	3
X	57887405	58038161	1	1	0	2
X	58038162	62999999	1	1	0	2
X	63000000	142343436	1	1	0	3
X	142343437	142463444	2	2	0	1
X	142463445	155270559	1	1	0	3
Y	1	11599999	1	1	0	1
Y	11600000	13399999	1	1	0	1
Y	13400000	59373565	1	1	0	1
