chromosome	start	end	total_cn	major_cn	minor_cn	star
1	1	790008	2	2	0	2
1	790009	16262046	2	2	0	3
1	16262047	16866420	2	2	0	2
1	16866421	34678714	2	2	0	2
1	34678715	34679323	2	2	0	2
1	34679324	36760722	2	2	0	3
1	36760723	36761204	2	2	0	2
1	36761205	36810917	2	2	0	1
1	36810918	36951763	4	2	2	3
1	36951764	39520753	5	3	2	2
1	39520754	39598097	7	5	2	2
1	39598098	70972499	6	4	2	2
1	70972500	90339919	6	4	2	2
1	90339920	98117675	4	2	2	2
1	98117676	98268039	3	2	1	2
1	98268040	98375386	4	2	2	2
1	98375387	98524821	4	2	2	2
1	98524822	100961007	4	2	2	2
1	100961008	101331909	6	4	2	2
1	101331910	103778741	4	2	2	2
1	103778742	105386075	3	2	1	2
1	105386076	121499999	2	2	0	2
1	121500000	128899999	2	2	0	2
1	128900000	142967402	2	2	0	2
1	142967403	143307000	2	2	0	2
1	143307001	143544202	2	2	0	2
1	143544203	144936745	4	3	1	1
1	144936746	147876801	6	4	2	2
1	147876802	148926742	5	3	2	2
1	148926743	149336742	6	4	2	1
1	149336743	149841201	6	4	2	1
1	149841202	193099580	6	4	2	2
1	193099581	193109988	5	3	2	2
1	193109989	247249600	6	4	2	2
1	247249601	249250620	6	4	2	2
2	20016	27918880	5	3	2	2
2	27918881	28009701	5	3	2	2
2	28009702	85399973	5	3	2	3
2	85399974	90499999	6	4	2	2
2	90500000	96799999	NA	NA	NA	NA
2	96800000	107792772	5	3	2	2
2	107792773	107809647	6	3	3	3
2	107809648	116093115	5	3	2	2
2	116093116	116405954	3	3	0	2
2	116405955	141474806	5	3	2	2
2	141474807	141511394	4	3	1	2
2	141511395	141561393	4	3	1	2
2	141561394	141628276	3	2	1	2
2	141628277	141644897	3	2	1	1
2	141644898	141682306	1	1	0	2
2	141682307	141685253	0	0	0	2
2	141685254	141697644	1	1	0	2
2	141697645	141845022	0	0	0	2
2	141845023	141947088	1	1	0	2
2	141947089	141987038	2	1	1	2
2	141987039	142129820	1	1	0	2
2	142129821	142160421	2	2	0	2
2	142160422	142208860	2	2	0	2
2	142208861	142279674	3	2	1	2
2	142279675	142299123	2	1	1	2
2	142299124	142304562	4	3	1	2
2	142304563	142333921	2	1	1	2
2	142333922	142402305	3	2	1	2
2	142402306	142430356	4	2	2	2
2	142430357	142486437	5	3	2	2
2	142486438	142778659	3	3	0	2
2	142778660	143756682	5	3	2	2
2	143756683	143757498	5	3	2	2
2	143757499	149059198	5	3	2	2
2	149059199	149175806	4	3	1	2
2	149175807	154754202	5	3	2	2
2	154754203	154868462	4	2	2	2
2	154868463	154880526	3	2	1	2
2	154880527	154930525	3	2	1	2
2	154930526	154937190	3	2	1	2
2	154937191	155019660	3	2	1	2
2	155019661	155027038	2	2	0	2
2	155027039	155030104	3	2	1	2
2	155030105	155108470	2	1	1	1
2	155108471	155155943	3	2	1	2
2	155155944	155312304	4	2	2	2
2	155312305	155348476	5	3	2	2
2	155348477	155501368	4	2	2	2
2	155501369	160961611	5	3	2	2
2	160961612	161155667	7	4	3	2
2	161155668	168743996	5	3	2	2
2	168743997	168937200	4	2	2	2
2	168937201	172911049	5	3	2	2
2	172911050	173018002	6	3	3	2
2	173018003	191768681	5	3	2	2
2	191768682	191829358	5	3	2	2
2	191829359	196282833	5	3	2	2
2	196282834	197581602	4	2	2	2
2	197581603	205940396	5	3	2	2
2	205940397	206189781	4	2	2	2
2	206189782	206281014	5	3	2	2
2	206281015	206488765	3	3	0	3
2	206488766	239037395	5	3	2	2
2	239037396	239048002	5	3	2	2
2	239048003	242955889	5	3	2	2
3	60363	10505041	3	2	1	2
3	10505042	10641279	2	2	0	2
3	10641280	25064093	3	2	1	2
3	25064094	25619807	2	2	0	2
3	25619808	51638814	3	2	1	2
3	51638815	51694375	3	2	1	2
3	51694376	70034503	3	2	1	2
3	70034504	70181263	2	2	0	2
3	70181264	76790604	3	2	1	2
3	76790605	76932358	2	2	0	2
3	76932359	87899999	3	2	1	2
3	87900000	93899999	3	2	1	2
3	93900000	116003120	3	2	1	2
3	116003121	116065223	2	1	1	2
3	116065224	116531268	3	2	1	2
3	116531269	116559054	2	2	0	1
3	116559055	116584945	2	2	0	2
3	116584946	116601918	2	2	0	1
3	116601919	117028863	1	1	0	2
3	117028864	117044727	1	1	0	2
3	117044728	117165080	1	1	0	2
3	117165081	117182158	3	2	1	2
3	117182159	123577207	3	2	1	2
3	123577208	123642474	3	2	1	2
3	123642475	131235403	3	2	1	2
3	131235404	131382836	4	3	1	2
3	131382837	162512535	3	2	1	2
3	162512536	197847500	3	2	1	2
4	27500	111486	NA	NA	NA	NA
4	111487	1330972	4	2	2	2
4	1330973	28850377	4	2	2	2
4	28850378	48199999	4	2	2	3
4	48200000	52699999	4	2	2	3
4	52700000	56018516	4	2	2	2
4	56018517	56385444	3	2	1	2
4	56385445	62086644	3	2	1	2
4	62086645	62312519	2	1	1	2
4	62312520	69152237	3	2	1	2
4	69152238	72272061	3	2	1	2
4	72272062	72401067	2	1	1	2
4	72401068	77985452	3	2	1	2
4	77985453	84249874	3	2	1	2
4	84249875	85106197	3	2	1	2
4	85106198	86688084	3	2	1	2
4	86688085	87234419	3	2	1	2
4	87234420	91456808	3	2	1	2
4	91456809	91471529	2	2	0	2
4	91471530	91476605	3	2	1	2
4	91476606	91520632	3	2	1	2
4	91520633	91610952	2	2	0	2
4	91610953	91648469	2	2	0	2
4	91648470	91668902	1	1	0	2
4	91668903	91703433	2	1	1	2
4	91703434	91759877	2	1	1	2
4	91759878	93227394	3	2	1	2
4	93227395	94259121	3	2	1	2
4	94259122	99402470	3	2	1	2
4	99402471	99404341	3	2	1	1
4	99404342	99871368	3	2	1	2
4	99871369	100316180	3	2	1	2
4	100316181	108627263	3	2	1	2
4	108627264	115579488	3	2	1	2
4	115579489	129221199	3	2	1	2
4	129221200	132688264	3	2	1	2
4	132688265	133355145	2	1	1	2
4	133355146	174231201	3	2	1	2
4	174231202	177606419	1	1	0	2
4	177606420	190987500	3	2	1	2
5	27564	871546	4	2	2	2
5	871547	2691910	4	2	2	2
5	2691911	2705326	3	2	1	2
5	2705327	19322881	4	2	2	2
5	19322882	19595295	3	2	1	2
5	19595296	19602357	2	1	1	2
5	19602358	20494999	3	2	1	2
5	20495000	21207520	4	2	2	2
5	21207521	21317108	3	2	1	3
5	21317109	43872442	4	2	2	2
5	43872443	43934831	4	2	2	2
5	43934832	43951497	4	2	2	2
5	43951498	44439807	2	2	0	2
5	44439808	44440043	1	1	0	2
5	44440044	45598200	4	2	2	2
5	45598201	45664500	4	2	2	2
5	45664501	50699999	NA	NA	NA	NA
5	50700000	79200386	2	2	0	2
5	79200387	83851117	6	4	2	2
5	83851118	83934295	5	4	1	2
5	83934296	93182273	6	4	2	2
5	93182274	93905699	8	6	2	2
5	93905700	93910308	9	7	2	2
5	93910309	96624139	8	6	2	2
5	96624140	96629002	6	4	2	1
5	96629003	138971125	6	4	2	2
5	138971126	139007749	7	5	2	2
5	139007750	150938424	6	4	2	1
5	150938425	176237043	11	9	2	1
5	176237044	177255601	13	11	2	1
5	177255602	180149409	13	11	2	1
5	180149410	180709589	11	9	2	2
6	246778	15412762	3	3	0	2
6	15412763	15478011	0	0	0	2
6	15478012	55847568	3	3	0	3
6	55847569	57313002	5	3	2	2
6	57313003	58181219	4	2	2	2
6	58181220	58699999	5	3	2	2
6	58700000	63299999	NA	NA	NA	NA
6	63300000	120880792	4	2	2	3
6	120880793	120892630	4	2	2	2
6	120892631	126448748	4	2	2	3
6	126448749	126452249	2	2	0	1
6	126452250	134919329	4	2	2	3
6	134919330	135190427	6	4	2	2
6	135190428	170921585	4	2	2	3
7	40386	22934438	3	2	1	2
7	22934439	30062506	3	2	1	2
7	30062507	57949987	4	2	2	2
7	57949988	61699999	4	2	2	2
7	61700000	69719461	4	2	2	2
7	69719462	69795833	3	2	1	2
7	69795834	69837600	2	2	0	2
7	69837601	69886369	0	0	0	2
7	69886370	69896916	1	1	0	2
7	69896917	70000686	2	2	0	2
7	70000687	72691167	4	2	2	2
7	72691168	75966226	3	2	1	2
7	75966227	76015403	3	2	1	1
7	76015404	76049951	4	2	2	1
7	76049952	77482606	3	2	1	2
7	77482607	78240617	2	1	1	2
7	78240618	78262235	3	2	1	2
7	78262236	78478289	2	2	0	2
7	78478290	79033474	3	2	1	2
7	79033475	79166855	4	2	2	2
7	79166856	80272260	3	2	1	2
7	80272261	80278286	4	2	2	2
7	80278287	82150624	3	2	1	2
7	82150625	82494322	4	2	2	2
7	82494323	82530979	6	4	2	2
7	82530980	82534084	4	2	2	2
7	82534085	139473491	3	2	1	2
7	139473492	139561016	4	2	2	2
7	139561017	158821400	3	2	1	2
8	179998	37945830	2	2	0	3
8	37945831	43099999	4	2	2	2
8	43100000	48099999	4	2	2	2
8	48100000	67226012	4	2	2	2
8	67226013	67482162	6	4	2	2
8	67482163	89150597	4	2	2	2
8	89150598	89223962	4	2	2	2
8	89223963	90268376	4	2	2	2
8	90268377	90419397	3	2	1	2
8	90419398	95908126	4	2	2	2
8	95908127	95986010	6	4	2	2
8	95986011	146364021	4	2	2	2
9	55056	212556	3	2	1	2
9	212557	7171938	3	2	1	2
9	7171939	7180758	2	2	0	2
9	7180759	13353799	2	2	0	2
9	13353800	13570019	4	2	2	2
9	13570020	15866155	2	2	0	2
9	15866156	19309544	2	2	0	2
9	19309545	19309989	2	2	0	2
9	19309990	21532014	2	2	0	2
9	21532015	24390192	0	0	0	2
9	24390193	26907494	2	2	0	2
9	26907495	26986256	4	2	2	2
9	26986257	26990113	5	3	2	2
9	26990114	43140747	2	2	0	2
9	43140748	47299999	3	2	1	2
9	47300000	50699999	3	2	1	2
9	50700000	66093838	3	2	1	2
9	66093839	78447487	3	2	1	3
9	78447488	78566984	4	3	1	2
9	78566985	140273200	3	2	1	3
10	94541	5042853	3	2	1	2
10	5042854	5042879	3	2	1	2
10	5042880	5053022	3	3	0	1
10	5053023	5146360	2	1	1	2
10	5146361	37999999	3	2	1	2
10	38000000	42299999	3	2	1	2
10	42300000	46275587	3	2	1	2
10	46275588	56234214	2	2	0	2
10	56234215	59451509	3	2	1	2
10	59451510	77525088	2	2	0	2
10	77525089	77529581	2	2	0	2
10	77529582	79569919	2	2	0	2
10	79569920	79842436	4	4	0	2
10	79842437	100828780	2	2	0	2
10	100828781	101061062	2	2	0	2
10	101061063	116513846	2	2	0	2
10	116513847	116572913	2	2	0	2
10	116572914	117776777	2	2	0	2
10	117776778	117946704	4	4	0	2
10	117946705	135389924	2	2	0	2
11	20721	198449	3	2	1	2
11	198450	31461170	3	2	1	2
11	31461171	31467111	3	2	1	2
11	31467112	31659639	3	2	1	3
11	31659640	31757487	2	2	0	1
11	31757488	51599999	3	2	1	2
11	51600000	55699999	3	2	1	2
11	55700000	83582683	3	2	1	2
11	83582684	83716825	3	2	1	2
11	83716826	84199032	3	2	1	2
11	84199033	84339023	2	1	1	2
11	84339024	84659977	3	2	1	2
11	84659978	84881081	2	1	1	2
11	84881082	98358228	3	2	1	2
11	98358229	98404486	3	2	1	2
11	98404487	134536312	3	2	1	3
11	134536313	134545953	3	2	1	2
12	22500	188284	3	2	1	2
12	188285	33299999	3	2	1	3
12	33300000	38199999	3	2	1	2
12	38200000	40155999	3	2	1	2
12	40156000	40271578	2	2	0	2
12	40271579	81004750	3	2	1	2
12	81004751	83620118	3	2	1	3
12	83620119	133158822	3	2	1	2
12	133158823	133222013	4	3	1	2
13	1	16299999	3	2	1	1
13	16300000	19499999	3	2	1	2
13	19500000	21540193	3	2	1	2
13	21540194	22402376	3	2	1	2
13	22402377	23474971	3	2	1	2
13	23474972	23477472	3	2	1	2
13	23477473	114142800	3	2	1	2
13	114142801	115169877	3	2	1	2
14	1	16099999	2	2	0	1
14	16100000	19499801	2	2	0	2
14	19499802	27316527	2	2	0	3
14	27316528	27362241	2	2	0	2
14	27362242	67085484	2	2	0	3
14	67085485	67465364	2	2	0	3
14	67465365	79625118	2	2	0	3
14	79625119	79710473	1	1	0	2
14	79710474	100646344	2	2	0	3
14	100646345	100668909	4	4	0	1
14	100668910	103815968	2	2	0	2
14	103815969	103863749	4	4	0	1
14	103863750	106368400	2	2	0	3
15	1	15799999	2	2	0	1
15	15800000	20699999	2	2	0	2
15	20700000	35352483	2	2	0	2
15	35352484	35386119	1	1	0	2
15	35386120	44980066	2	2	0	2
15	44980067	55259224	3	2	1	2
15	55259225	58635346	3	2	1	2
15	58635347	59123699	3	2	1	2
15	59123700	85966742	3	2	1	2
15	85966743	85992910	3	2	1	2
15	85992911	100338800	3	2	1	2
15	100338801	102531391	3	2	1	2
16	9999	115816	5	3	2	2
16	115817	417963	5	3	2	2
16	417964	488842	7	4	3	2
16	488843	32368232	6	4	2	2
16	32368233	34044994	5	3	2	2
16	34044995	34207013	4	2	2	2
16	34207014	38599999	4	2	2	2
16	38600000	46469474	4	2	2	2
16	46469475	63066039	4	2	2	2
16	63066040	63103272	3	2	1	2
16	63103273	63187152	2	2	0	2
16	63187153	63305692	3	2	1	2
16	63305693	63318267	3	2	1	2
16	63318268	63392952	2	1	1	2
16	63392953	63419939	3	2	1	2
16	63419940	63495630	3	2	1	2
16	63495631	63625347	4	2	2	2
16	63625348	63639370	4	2	2	2
16	63639371	73014492	4	2	2	2
16	73014493	73015030	3	2	1	1
16	73015031	73016013	4	3	1	1
16	73016014	73043148	3	2	1	2
16	73043149	79013261	4	2	2	2
16	79013262	79057840	2	2	0	2
16	79057841	79058478	2	2	0	2
16	79058479	79059733	0	0	0	2
16	79059734	79115541	0	0	0	2
16	79115542	79245983	1	1	0	2
16	79245984	89505667	3	2	1	2
16	89505668	89634603	3	2	1	2
17	12500	16654640	2	2	0	3
17	16654641	16755670	2	2	0	1
17	16755671	18302216	2	2	0	2
17	18302217	22199999	2	2	0	2
17	22200000	25799999	NA	NA	NA	NA
17	25800000	34246917	4	2	2	3
17	34246918	36250001	10	8	2	1
17	36250002	36758063	12	11	1	1
17	36758064	36990969	14	10	4	2
17	36990970	40414816	12	10	2	1
17	40414817	41377154	8	7	1	1
17	41377155	41377202	8	7	1	1
17	41377203	51561489	5	3	2	2
17	51561490	51561529	5	3	2	2
17	51561530	57874439	9	7	2	1
17	57874440	57902560	8	6	2	2
17	57902561	58495258	4	2	2	2
17	58495259	64744775	14	12	2	1
17	64744776	78774600	9	7	2	1
17	78774601	81128507	9	7	2	1
18	27500	125370	5	3	2	1
18	125371	14142302	5	3	2	2
18	14142303	15399999	5	3	2	2
18	15400000	18999999	NA	NA	NA	NA
18	19000000	60467431	3	2	1	2
18	60467432	60555585	2	1	1	2
18	60555586	63503188	3	2	1	2
18	63503189	63632459	2	1	1	2
18	63632460	76117000	3	2	1	2
18	76117001	78077247	3	2	1	2
19	102500	260136	4	2	2	2
19	260137	1133962	4	2	2	2
19	1133963	1222234	5	3	2	2
19	1222235	1318230	3	2	1	2
19	1318231	2159115	2	2	0	3
19	2159116	2179660	0	0	0	1
19	2179661	4744163	2	2	0	3
19	4744164	4829711	3	2	1	2
19	4829712	4938098	5	3	2	2
19	4938099	12944650	3	2	1	2
19	12944651	12950350	5	3	2	2
19	12950351	13041147	3	2	1	2
19	13041148	13193126	5	4	1	2
19	13193127	24399999	3	2	1	2
19	24400000	28599999	3	2	1	2
19	28600000	59128982	3	2	1	2
20	76529	11014301	4	2	2	2
20	11014302	11016115	4	2	2	2
20	11016116	14915967	4	2	2	2
20	14915968	15029358	3	2	1	2
20	15029359	25599999	4	2	2	2
20	25600000	29512499	4	2	2	2
20	29512500	32797112	4	2	2	2
20	32797113	32803036	4	2	2	2
20	32803037	62432500	4	2	2	2
21	1	9417499	NA	NA	NA	NA
21	9417500	10727342	NA	NA	NA	NA
21	10727343	10899999	3	2	1	1
21	10900000	14299999	3	2	1	1
21	14300000	32574700	3	2	1	2
21	32574701	32863364	2	1	1	2
21	32863365	46937500	3	2	1	2
21	46937501	48129894	3	2	1	2
22	1	12199999	2	2	0	1
22	12200000	17899999	2	2	0	2
22	17900000	18720099	2	2	0	2
22	18720100	41947330	2	2	0	2
22	41947331	42056550	2	2	0	2
22	42056551	49687500	2	2	0	2
22	49687501	51129983	2	2	0	2
X	1	29093441	2	2	0	2
X	29093442	29245835	1	1	0	2
X	29245836	58099999	2	2	0	2
X	58100000	62999999	2	2	0	2
X	63000000	74813373	2	2	0	2
X	74813374	155270559	1	1	0	2
Y	1	11599999	2	2	0	1
Y	11600000	13399999	2	2	0	1
Y	13400000	59373565	2	2	0	1
