chromosome	start	end	total_cn	major_cn	minor_cn	star
1	1	758395	2	1	1	2
1	758396	867121	2	1	1	2
1	867122	867856	2	1	1	2
1	867857	867873	2	1	1	2
1	867874	868034	2	1	1	2
1	868035	962038	2	1	1	2
1	962039	982236	2	1	1	2
1	982237	992939	2	1	1	2
1	992940	1217258	2	1	1	2
1	1217259	1217344	2	1	1	2
1	1217345	1217425	2	1	1	2
1	1217426	1218263	2	1	1	2
1	1218264	1218543	2	1	1	2
1	1218544	1227615	2	1	1	2
1	1227616	1228207	2	1	1	2
1	1228208	1228268	2	1	1	2
1	1228269	1236507	2	1	1	2
1	1236508	1245807	2	1	1	2
1	1245808	1246048	2	1	1	2
1	1246049	1661235	2	1	1	2
1	1661236	1679921	2	1	1	2
1	1679922	1690710	3	2	1	1
1	1690711	1814684	3	2	1	1
1	1814685	1869801	2	1	1	2
1	1869802	1920448	1	1	0	2
1	1920449	1920623	1	1	0	2
1	1920624	1920903	2	1	1	1
1	1920904	1921208	2	1	1	1
1	1921209	1921509	2	1	1	1
1	1921510	2171373	2	1	1	2
1	2171374	2171514	2	1	1	2
1	2171515	2284220	2	1	1	2
1	2284221	2284456	2	1	1	2
1	2284457	2284940	2	1	1	2
1	2284941	2285143	2	1	1	2
1	2285144	2285413	2	1	1	2
1	2285414	2285856	2	1	1	2
1	2285857	6882678	2	1	1	3
1	6882679	7019182	1	1	0	1
1	7019183	28009154	2	1	1	3
1	28009155	28010591	2	1	1	2
1	28010592	29227320	2	1	1	2
1	29227321	29338484	1	1	0	1
1	29338485	30070523	2	1	1	2
1	30070524	30074510	3	2	1	1
1	30074511	42466949	2	1	1	3
1	42466950	42967499	3	2	1	3
1	42967500	52100474	2	1	1	3
1	52100475	52108306	2	1	1	2
1	52108307	70172849	2	1	1	3
1	70172850	70175569	1	1	0	2
1	70175570	70978000	2	1	1	3
1	70978001	70978131	2	1	1	2
1	70978132	71004217	1	1	0	2
1	71004218	71004318	1	1	0	1
1	71004319	71004485	2	1	1	2
1	71004486	85277508	2	1	1	3
1	85277509	103248769	3	2	1	3
1	103248770	103249078	3	2	1	2
1	103249079	103249479	3	2	1	2
1	103249480	103249826	3	2	1	2
1	103249827	110498076	3	2	1	3
1	110498077	112965681	2	1	1	3
1	112965682	112969863	3	2	1	1
1	112969864	121499999	2	1	1	3
1	121500000	128899999	2	1	1	2
1	128900000	150959240	2	1	1	2
1	150959241	152057434	3	2	1	2
1	152057435	185141276	2	1	1	2
1	185141277	185150085	2	1	1	2
1	185150086	185535968	2	1	1	2
1	185535969	185540715	3	2	1	2
1	185540716	187859106	2	1	1	2
1	187859107	188806055	3	2	1	2
1	188806056	188807658	3	2	1	2
1	188807659	206652267	3	2	1	2
1	206652268	212828654	5	3	2	2
1	212828655	212844233	8	6	2	1
1	212844234	214716566	6	4	2	2
1	214716567	214746168	6	4	2	2
1	214746169	217277022	6	4	2	2
1	217277023	217279119	4	3	1	2
1	217279120	218120448	6	4	2	2
1	218120449	219700457	5	3	2	2
1	219700458	222814638	4	3	1	2
1	222814639	225601538	5	4	1	2
1	225601539	225754573	5	4	1	2
1	225754574	225800662	7	4	3	2
1	225800663	227510972	5	4	1	2
1	227510973	227746507	6	5	1	2
1	227746508	227751731	7	5	2	2
1	227751732	229275306	5	4	1	2
1	229275307	229279182	7	5	2	1
1	229279183	230675666	5	4	1	2
1	230675667	230682057	4	3	1	2
1	230682058	233461770	5	4	1	2
1	233461771	233472201	8	7	1	1
1	233472202	233490271	8	7	1	2
1	233490272	233500228	4	3	1	2
1	233500229	234576589	4	3	1	2
1	234576590	234608906	6	5	1	2
1	234608907	235298952	5	4	1	2
1	235298953	238654642	3	2	1	2
1	238654643	238654675	3	2	1	1
1	238654676	240606773	3	2	1	2
1	240606774	240609975	2	2	0	2
1	240609976	247249600	3	2	1	2
1	247249601	249250620	3	2	1	2
2	20016	1617576	2	1	1	3
2	1617577	1695156	2	1	1	2
2	1695157	8527727	2	1	1	3
2	8527728	8527811	2	1	1	3
2	8527812	37354008	2	1	1	3
2	37354009	37368633	3	2	1	1
2	37368634	39746851	2	1	1	3
2	39746852	39748543	2	1	1	3
2	39748544	43351856	2	1	1	3
2	43351857	43363582	3	2	1	1
2	43363583	46412161	2	1	1	3
2	46412162	46415708	2	1	1	2
2	46415709	48159661	2	1	1	3
2	48159662	48162033	2	1	1	2
2	48162034	48717859	2	1	1	3
2	48717860	48748356	2	1	1	3
2	48748357	50529968	2	1	1	3
2	50529969	66426738	3	2	1	3
2	66426739	66427415	3	2	1	2
2	66427416	66443264	3	2	1	2
2	66443265	69447905	3	2	1	3
2	69447906	69450551	3	2	1	3
2	69450552	69600465	3	2	1	3
2	69600466	70123909	2	1	1	3
2	70123910	70848711	3	2	1	3
2	70848712	75819721	2	1	1	3
2	75819722	75845876	3	2	1	3
2	75845877	85114698	2	1	1	3
2	85114699	85116337	2	1	1	3
2	85116338	90499999	2	1	1	3
2	90500000	96799999	NA	NA	NA	NA
2	96800000	106608342	1	1	0	2
2	106608343	113647871	2	2	0	2
2	113647872	113667147	2	2	0	2
2	113667148	119839101	2	2	0	2
2	119839102	119844698	2	2	0	2
2	119844699	120418951	2	2	0	2
2	120418952	120422402	4	4	0	1
2	120422403	128825346	2	2	0	2
2	128825347	128829108	2	2	0	2
2	128829109	129177566	2	2	0	2
2	129177567	129178953	2	2	0	2
2	129178954	130511615	2	2	0	3
2	130511616	130511649	2	2	0	3
2	130511650	131078594	2	2	0	3
2	131078595	131080235	2	2	0	3
2	131080236	134350904	2	2	0	3
2	134350905	135305248	3	3	0	2
2	135305249	148693128	2	2	0	3
2	148693129	152535018	3	3	0	2
2	152535019	153332137	4	4	0	3
2	153332138	153533241	3	3	0	3
2	153533242	161495572	2	2	0	3
2	161495573	162407506	3	3	0	2
2	162407507	162414385	3	3	0	2
2	162414386	163285334	3	3	0	2
2	163285335	177367646	2	2	0	2
2	177367647	178440720	3	3	0	2
2	178440721	183579898	2	2	0	2
2	183579899	183580621	2	2	0	2
2	183580622	192763823	2	2	0	2
2	192763824	192777470	2	2	0	2
2	192777471	203556506	2	2	0	2
2	203556507	213414455	3	3	0	2
2	213414456	223288276	4	4	0	2
2	223288277	223320780	5	5	0	2
2	223320781	225331877	4	4	0	2
2	225331878	231830255	2	2	0	2
2	231830256	231841119	4	4	0	1
2	231841120	242999968	3	3	0	2
3	77942	1959939	3	3	0	2
3	1959940	1960680	3	3	0	2
3	1960681	1961214	3	3	0	2
3	1961215	4014625	3	3	0	2
3	4014626	4387797	6	6	0	2
3	4387798	16088404	3	3	0	2
3	16088405	16097857	3	3	0	2
3	16097858	17676099	3	3	0	2
3	17676100	20911626	3	3	0	2
3	20911627	23575108	3	3	0	2
3	23575109	23583771	5	5	0	2
3	23583772	24183013	3	3	0	2
3	24183014	24196515	5	5	0	1
3	24196516	24211907	3	3	0	2
3	24211908	24217714	3	3	0	2
3	24217715	24217739	2	2	0	2
3	24217740	24217819	2	2	0	2
3	24217820	25034923	3	3	0	2
3	25034924	25038636	3	3	0	2
3	25038637	30609801	3	3	0	2
3	30609802	30792506	5	3	2	2
3	30792507	31090149	5	3	2	2
3	31090150	31091252	5	3	2	2
3	31091253	33234087	5	3	2	2
3	33234088	33273496	7	4	3	2
3	33273497	34072309	5	3	2	2
3	34072310	37329235	4	2	2	2
3	37329236	41157707	5	3	2	2
3	41157708	42453012	2	2	0	2
3	42453013	44904141	1	1	0	3
3	44904142	44943944	1	1	0	2
3	44943945	54283026	1	1	0	3
3	54283027	54295156	2	2	0	3
3	54295157	58537571	1	1	0	3
3	58537572	58675347	2	2	0	2
3	58675348	60749605	1	1	0	3
3	60749606	60754576	2	2	0	1
3	60754577	74585467	1	1	0	3
3	74585468	75557500	4	3	1	2
3	75557501	79320897	4	3	1	2
3	79320898	79350445	5	4	1	2
3	79350446	83945698	4	3	1	2
3	83945699	84527456	6	5	1	3
3	84527457	84527581	6	5	1	2
3	84527582	86865649	2	1	1	3
3	86865650	86867006	2	1	1	3
3	86867007	87899999	2	1	1	3
3	87900000	93899999	2	1	1	2
3	93900000	99651549	2	1	1	3
3	99651550	99866880	3	2	1	2
3	99866881	112571533	3	2	1	3
3	112571534	112934231	4	2	2	2
3	112934232	112978262	4	2	2	2
3	112978263	113020900	4	2	2	2
3	113020901	114318883	3	2	1	3
3	114318884	114318914	3	2	1	3
3	114318915	119523576	3	2	1	3
3	119523577	119606852	4	2	2	2
3	119606853	124172004	3	2	1	2
3	124172005	124360162	4	3	1	2
3	124360163	124823930	3	2	1	2
3	124823931	140880741	2	1	1	3
3	140880742	142261219	3	2	1	2
3	142261220	142261276	3	2	1	2
3	142261277	142261432	3	2	1	2
3	142261433	142261450	3	2	1	2
3	142261451	142261813	3	2	1	2
3	142261814	142356450	3	2	1	2
3	142356451	143996839	3	2	1	2
3	143996840	146633333	5	3	2	2
3	146633334	146635856	5	3	2	2
3	146635857	148691391	5	3	2	3
3	148691392	148702051	6	3	3	1
3	148702052	149794924	5	3	2	3
3	149794925	149795867	5	3	2	3
3	149795868	155366166	5	3	2	3
3	155366167	155400346	7	5	2	2
3	155400347	158406453	4	2	2	3
3	158406454	158407974	4	2	2	2
3	158407975	159802234	4	2	2	3
3	159802235	159805414	4	2	2	3
3	159805415	169925632	4	2	2	3
3	169925633	169927845	4	2	2	2
3	169927846	174067971	4	2	2	3
3	174067972	174068586	4	2	2	3
3	174068587	174706649	4	2	2	3
3	174706650	174711719	4	2	2	2
3	174711720	176243478	4	2	2	3
3	176243479	176251917	5	3	2	1
3	176251918	181407636	4	2	2	3
3	181407637	183898741	2	2	0	3
3	183898742	186922742	1	1	0	3
3	186922743	186922957	1	1	0	3
3	186922958	197729891	1	1	0	3
4	38804	11282886	2	1	1	2
4	11282887	11318843	3	2	1	3
4	11318844	40586994	2	1	1	3
4	40586995	40592093	1	1	0	1
4	40592094	48199999	2	1	1	3
4	48200000	52699999	2	1	1	3
4	52700000	76912100	2	1	1	3
4	76912101	84348086	1	1	0	2
4	84348087	84518879	1	1	0	2
4	84518880	105796010	1	1	0	2
4	105796011	106840679	2	2	0	3
4	106840680	110131406	1	1	0	3
4	110131407	110132027	1	1	0	2
4	110132028	120730001	1	1	0	3
4	120730002	120731123	1	1	0	2
4	120731124	120731989	2	1	1	1
4	120731990	120732030	2	1	1	2
4	120732031	138654699	2	1	1	2
4	138654700	138655980	2	1	1	2
4	138655981	151217850	2	1	1	2
4	151217851	151921110	1	1	0	2
4	151921111	151923952	1	1	0	2
4	151923953	175458591	1	1	0	2
4	175458592	175460413	2	2	0	2
4	175460414	191154275	1	1	0	2
5	22500	24519	1	1	0	2
5	24520	24987	1	1	0	2
5	24988	435891	1	1	0	2
5	435892	483099	1	1	0	2
5	483100	487106	1	1	0	2
5	487107	497024	2	2	0	1
5	497025	708658	1	1	0	2
5	708659	1110622	3	2	1	2
5	1110623	1118349	3	2	1	1
5	1118350	1333341	5	3	2	2
5	1333342	1357249	3	2	1	2
5	1357250	1387253	7	7	0	1
5	1387254	1470840	3	2	1	2
5	1470841	1479370	5	4	1	1
5	1479371	1926776	3	2	1	2
5	1926777	1947451	4	2	2	2
5	1947452	2061020	5	3	2	2
5	2061021	2342194	3	2	1	2
5	2342195	2430112	3	2	1	2
5	2430113	2563095	7	5	2	2
5	2563096	2563138	7	5	2	2
5	2563139	2565574	3	2	1	1
5	2565575	2566054	3	2	1	1
5	2566055	2567506	3	2	1	1
5	2567507	2567721	3	2	1	2
5	2567722	2567802	3	2	1	2
5	2567803	2568321	3	2	1	2
5	2568322	2572842	3	2	1	2
5	2572843	2573072	3	2	1	2
5	2573073	2573152	3	2	1	2
5	2573153	3896112	3	2	1	2
5	3896113	3897209	3	2	1	2
5	3897210	4218691	3	2	1	2
5	4218692	4512132	5	3	2	2
5	4512133	4526535	3	2	1	2
5	4526536	4527286	5	3	2	2
5	4527287	4529039	2	1	1	1
5	4529040	4590273	5	3	2	2
5	4590274	4598635	3	2	1	2
5	4598636	4600540	6	4	2	1
5	4600541	5204437	3	2	1	2
5	5204438	5218409	5	3	2	2
5	5218410	5219220	3	2	1	1
5	5219221	5704526	4	2	2	2
5	5704527	6491871	3	2	1	2
5	6491872	6580029	4	2	2	2
5	6580030	11129001	3	2	1	2
5	11129002	11129798	3	2	1	2
5	11129799	11809635	3	2	1	2
5	11809636	12407158	3	2	1	2
5	12407159	13022608	3	2	1	2
5	13022609	13177491	3	2	1	2
5	13177492	13265857	7	5	2	2
5	13265858	13266250	7	5	2	2
5	13266251	13266608	5	3	2	1
5	13266609	13505947	3	2	1	2
5	13505948	13742688	5	3	2	2
5	13742689	13742735	7	5	2	2
5	13742736	13743034	7	5	2	2
5	13743035	13743096	7	5	2	2
5	13743097	13743243	7	5	2	1
5	13743244	13743558	3	2	1	1
5	13743559	13745693	3	2	1	1
5	13745694	13789162	3	2	1	2
5	13789163	13897424	4	2	2	2
5	13897425	13901678	3	2	1	2
5	13901679	13995115	3	2	1	2
5	13995116	14202789	4	3	1	2
5	14202790	14202940	4	3	1	1
5	14202941	14213719	5	3	2	2
5	14213720	14325723	7	5	2	2
5	14325724	14348887	3	2	1	2
5	14348888	14349637	3	2	1	2
5	14349638	14351923	3	2	1	2
5	14351924	14352063	3	2	1	2
5	14352064	14352114	3	2	1	2
5	14352115	15158801	3	2	1	2
5	15158802	15165471	5	3	2	2
5	15165472	15587564	3	2	1	2
5	15587565	15588346	3	2	1	2
5	15588347	15743118	3	2	1	2
5	15743119	15859048	7	5	2	2
5	15859049	15901282	6	4	2	2
5	15901283	15905056	7	5	2	1
5	15905057	15969688	4	2	2	2
5	15969689	15970885	8	6	2	1
5	15970886	15970993	3	2	1	1
5	15970994	15971026	3	2	1	1
5	15971027	16176865	3	2	1	2
5	16176866	16442830	3	2	1	2
5	16442831	16452044	3	2	1	2
5	16452045	16521891	5	3	2	2
5	16521892	16610669	3	2	1	2
5	16610670	16619338	4	2	2	2
5	16619339	17486944	3	2	1	2
5	17486945	17648772	4	3	1	1
5	17648773	17665297	3	2	1	2
5	17665298	17666827	3	2	1	2
5	17666828	18785239	3	2	1	2
5	18785240	18785484	3	2	1	2
5	18785485	18785532	3	2	1	2
5	18785533	19697868	3	2	1	2
5	19697869	19707996	5	3	2	2
5	19707997	19709610	3	2	1	1
5	19709611	19714537	5	3	2	2
5	19714538	21064927	3	2	1	2
5	21064928	21152846	4	2	2	2
5	21152847	21476352	3	2	1	2
5	21476353	21483756	3	2	1	2
5	21483757	21649613	7	5	2	2
5	21649614	21659687	5	3	2	2
5	21659688	22638452	3	2	1	2
5	22638453	22638755	3	2	1	2
5	22638756	22638809	3	2	1	2
5	22638810	22640210	3	2	1	2
5	22640211	22962995	3	2	1	2
5	22962996	22966346	3	2	1	2
5	22966347	23033963	4	2	2	2
5	23033964	24727165	3	2	1	2
5	24727166	24745867	3	2	1	2
5	24745868	24770483	3	2	1	2
5	24770484	24776497	3	2	1	2
5	24776498	24833863	3	2	1	2
5	24833864	25318690	4	3	1	2
5	25318691	25318929	4	3	1	1
5	25318930	25319140	4	3	1	1
5	25319141	25319346	4	3	1	1
5	25319347	25319461	4	3	1	1
5	25319462	25320451	7	5	2	1
5	25320452	25321043	7	5	2	1
5	25321044	25321082	7	5	2	1
5	25321083	25321238	7	5	2	1
5	25321239	25321298	7	5	2	1
5	25321299	25321336	7	5	2	1
5	25321337	25321534	7	5	2	1
5	25321535	25321557	7	5	2	1
5	25321558	25321922	7	5	2	1
5	25321923	25321971	3	2	1	1
5	25321972	25322613	3	2	1	1
5	25322614	25339785	3	2	1	1
5	25339786	25560514	7	5	2	2
5	25560515	25573796	8	6	2	2
5	25573797	25575177	6	5	1	2
5	25575178	25575458	5	4	1	2
5	25575459	25910287	7	5	2	2
5	25910288	25912005	5	4	1	2
5	25912006	25912845	4	2	2	2
5	25912846	25919281	7	5	2	1
5	25919282	26242758	3	2	1	2
5	26242759	26244315	3	2	1	2
5	26244316	26244339	1	1	0	2
5	26244340	26244753	1	1	0	2
5	26244754	26244858	1	1	0	2
5	26244859	26245161	1	1	0	2
5	26245162	26245522	4	2	2	1
5	26245523	29662041	3	2	1	2
5	29662042	33331378	4	2	2	2
5	33331379	35738991	3	2	1	2
5	35738992	36121198	2	1	1	3
5	36121199	36177528	3	2	1	2
5	36177529	36182458	2	1	1	2
5	36182459	36471028	4	3	1	2
5	36471029	36472961	4	3	1	2
5	36472962	41012522	4	3	1	2
5	41012523	41019725	3	2	1	2
5	41019726	46099999	4	3	1	2
5	46100000	50699999	NA	NA	NA	NA
5	50700000	52368610	2	1	1	3
5	52368611	52425432	3	2	1	2
5	52425433	56022126	2	1	1	3
5	56022127	78151827	1	1	0	2
5	78151828	78161638	1	1	0	2
5	78161639	105894672	1	1	0	2
5	105894673	106719481	2	2	0	3
5	106719482	107185695	1	1	0	2
5	107185696	107189266	1	1	0	2
5	107189267	115343996	1	1	0	2
5	115343997	115400020	2	2	0	2
5	115400021	119424509	1	1	0	2
5	119424510	119430208	1	1	0	2
5	119430209	119508703	1	1	0	2
5	119508704	119508892	1	1	0	2
5	119508893	120779066	1	1	0	2
5	120779067	120779183	1	1	0	2
5	120779184	132603728	1	1	0	2
5	132603729	150883485	1	1	0	2
5	150883486	150884305	1	1	0	2
5	150884306	170646862	1	1	0	2
5	170646863	170667484	2	2	0	2
5	170667485	174049249	1	1	0	2
5	174049250	180715810	2	2	0	2
6	209980	15270903	1	1	0	2
6	15270904	18754464	2	2	0	2
6	18754465	18757015	2	2	0	2
6	18757016	29365603	2	2	0	2
6	29365604	29366041	3	2	1	1
6	29366042	36439198	3	2	1	2
6	36439199	44942286	2	1	1	3
6	44942287	44949478	2	1	1	3
6	44949479	44949530	2	1	1	2
6	44949531	53463107	2	1	1	3
6	53463108	53464510	2	1	1	2
6	53464511	53464896	2	1	1	2
6	53464897	53465443	2	1	1	2
6	53465444	58699999	2	1	1	3
6	58700000	63299999	2	1	1	3
6	63300000	70737575	2	1	1	3
6	70737576	70737637	2	1	1	3
6	70737638	71387385	2	1	1	3
6	71387386	71388029	2	1	1	3
6	71388030	71389474	2	1	1	2
6	71389475	72522139	2	1	1	3
6	72522140	72736163	3	2	1	3
6	72736164	73158555	2	1	1	3
6	73158556	73158803	2	1	1	3
6	73158804	73158838	2	1	1	2
6	73158839	74213466	2	1	1	3
6	74213467	74253034	3	2	1	3
6	74253035	74308939	2	1	1	3
6	74308940	74309469	2	1	1	2
6	74309470	90389966	2	1	1	3
6	90389967	90390012	2	1	1	2
6	90390013	90390651	2	1	1	2
6	90390652	90390671	2	1	1	2
6	90390672	100593170	2	1	1	3
6	100593171	100609395	2	1	1	2
6	100609396	100706036	2	1	1	3
6	100706037	100711793	3	2	1	1
6	100711794	100756794	2	1	1	3
6	100756795	101052711	3	2	1	3
6	101052712	109009051	2	1	1	3
6	109009052	109848107	3	2	1	2
6	109848108	110905186	2	1	1	2
6	110905187	110916700	3	2	1	2
6	110916701	119160857	2	1	1	2
6	119160858	119172573	2	1	1	2
6	119172574	126173720	2	1	1	2
6	126173721	126214414	2	1	1	2
6	126214415	127664500	2	1	1	2
6	127664501	127968961	3	2	1	2
6	127968962	129409894	2	1	1	2
6	129409895	129412618	2	1	1	2
6	129412619	157519609	2	1	1	2
6	157519610	157530571	2	1	1	2
6	157530572	157712023	2	1	1	2
6	157712024	157712057	2	1	1	2
6	157712058	161738130	2	1	1	2
6	161738131	167309938	2	1	1	2
6	167309939	167310004	2	1	1	2
6	167310005	167310318	2	1	1	2
6	167310319	167312086	2	1	1	2
6	167312087	167312970	2	1	1	2
6	167312971	167313013	2	1	1	2
6	167313014	168927559	2	1	1	2
6	168927560	168973936	2	1	1	2
6	168973937	168983399	3	2	1	2
6	168983400	169590368	3	2	1	3
6	169590369	170897500	2	1	1	2
7	40386	32908461	2	2	0	3
7	32908462	32913277	3	3	0	1
7	32913278	36156393	2	2	0	3
7	36156394	38872454	3	2	1	2
7	38872455	38885653	4	2	2	2
7	38885654	48097738	3	2	1	2
7	48097739	48101852	3	2	1	2
7	48101853	50442039	3	2	1	2
7	50442040	57999999	2	1	1	2
7	58000000	61699999	2	1	1	2
7	61700000	65887268	2	1	1	2
7	65887269	65892351	2	1	1	2
7	65892352	65892375	2	1	1	2
7	65892376	67839899	2	1	1	2
7	67839900	67839919	2	1	1	2
7	67839920	75765216	2	1	1	2
7	75765217	75774083	2	1	1	2
7	75774084	76780731	2	1	1	2
7	76780732	76786137	2	1	1	2
7	76786138	82768733	2	1	1	2
7	82768734	82773065	1	1	0	2
7	82773066	86407855	2	1	1	2
7	86407856	86408883	2	1	1	2
7	86408884	92224714	2	1	1	2
7	92224715	92332138	3	2	1	3
7	92332139	94510772	2	1	1	3
7	94510773	94510978	2	1	1	3
7	94510979	98315138	2	1	1	3
7	98315139	98320858	3	2	1	1
7	98320859	103381600	2	1	1	2
7	103381601	103387466	2	1	1	2
7	103387467	104801061	2	1	1	2
7	104801062	104984894	1	1	0	3
7	104984895	106471267	2	1	1	2
7	106471268	106474217	2	1	1	2
7	106474218	131992003	2	1	1	2
7	131992004	131994353	2	1	1	2
7	131994354	132106907	2	1	1	2
7	132106908	132110500	2	1	1	2
7	132110501	138147679	2	1	1	2
7	138147680	138164324	3	2	1	2
7	138164325	140289121	2	1	1	2
7	140289122	140369982	2	1	1	2
7	140369983	150124705	2	1	1	2
7	150124706	150449984	3	2	1	2
7	150449985	150451347	3	2	1	2
7	150451348	151226579	3	2	1	2
7	151226580	158821400	2	1	1	2
8	10001	170011	1	1	0	2
8	170012	3392188	1	1	0	2
8	3392189	3393059	0	0	0	1
8	3393060	3403491	0	0	0	2
8	3403492	29495348	1	1	0	2
8	29495349	29516258	1	1	0	2
8	29516259	38445195	1	1	0	3
8	38445196	43099999	2	1	1	3
8	43100000	48099999	2	1	1	3
8	48100000	50498097	2	1	1	2
8	50498098	59254289	1	1	0	3
8	59254290	64046058	2	1	1	2
8	64046059	64052765	2	1	1	2
8	64052766	68252961	2	1	1	2
8	68252962	69505320	3	2	1	2
8	69505321	69524164	4	2	2	2
8	69524165	70559560	3	2	1	2
8	70559561	74336456	3	2	1	2
8	74336457	74370811	4	3	1	2
8	74370812	75798661	3	2	1	2
8	75798662	75799857	3	2	1	2
8	75799858	81311153	3	2	1	2
8	81311154	82492938	3	2	1	2
8	82492939	82507597	3	2	1	2
8	82507598	90665571	3	2	1	2
8	90665572	92014504	3	2	1	2
8	92014505	92567625	3	2	1	2
8	92567626	92594284	3	2	1	2
8	92594285	95783804	3	2	1	2
8	95783805	96281989	4	2	2	2
8	96281990	98830041	3	2	1	2
8	98830042	116817108	4	3	1	2
8	116817109	116828622	5	3	2	2
8	116828623	119439947	4	3	1	2
8	119439948	119440081	4	3	1	2
8	119440082	119440092	4	3	1	2
8	119440093	121519103	4	3	1	2
8	121519104	121520290	3	2	1	2
8	121520291	124629775	4	3	1	2
8	124629776	124800752	5	3	2	2
8	124800753	126501905	4	3	1	2
8	126501906	126511823	5	3	2	1
8	126511824	126973141	4	3	1	2
8	126973142	129190594	4	3	1	2
8	129190595	130282777	4	3	1	2
8	130282778	130282825	4	3	1	2
8	130282826	130283035	1	1	0	2
8	130283036	130283173	3	2	1	1
8	130283174	135986397	3	2	1	2
8	135986398	135997177	4	2	2	2
8	135997178	144432875	3	2	1	2
8	144432876	145085115	3	2	1	2
8	145085116	146364021	3	2	1	2
9	62780	204849	2	2	0	2
9	204850	926157	2	2	0	2
9	926158	926378	2	2	0	2
9	926379	932192	2	2	0	2
9	932193	1740287	1	1	0	2
9	1740288	2192629	3	3	0	2
9	2192630	2718482	3	3	0	2
9	2718483	12790729	2	2	0	2
9	12790730	12798035	2	2	0	2
9	12798036	13160111	2	2	0	2
9	13160112	13167023	4	4	0	2
9	13167024	14644709	2	2	0	2
9	14644710	14648951	2	2	0	2
9	14648952	18999562	2	2	0	2
9	18999563	22106164	1	1	0	2
9	22106165	22187997	2	2	0	2
9	22187998	33892520	1	1	0	2
9	33892521	33900474	2	2	0	2
9	33900475	37400070	1	1	0	2
9	37400071	47299999	2	1	1	2
9	47300000	50699999	2	1	1	2
9	50700000	67692499	2	1	1	2
9	67692500	71507643	2	2	0	3
9	71507644	71517551	3	3	0	1
9	71517552	85366882	2	2	0	3
9	85366883	85376590	1	1	0	1
9	85376591	87064658	2	2	0	3
9	87064659	87066309	2	2	0	3
9	87066310	87066322	2	2	0	2
9	87066323	96384049	2	2	0	3
9	96384050	97268045	3	2	1	3
9	97268046	131011414	1	1	0	3
9	131011415	131086417	1	1	0	2
9	131086418	140273200	1	1	0	2
9	140273201	141068960	1	1	0	2
10	135732	12565975	1	1	0	2
10	12565976	12575449	2	2	0	2
10	12575450	14391437	1	1	0	2
10	14391438	15138745	2	2	0	2
10	15138746	26091742	1	1	0	2
10	26091743	30428727	1	1	0	2
10	30428728	30436241	1	1	0	2
10	30436242	30732903	1	1	0	2
10	30732904	30740526	2	1	1	2
10	30740527	35108134	2	1	1	2
10	35108135	36126881	3	2	1	2
10	36126882	37999999	2	1	1	3
10	38000000	42299999	2	1	1	3
10	42300000	52870124	2	1	1	3
10	52870125	52874499	2	1	1	3
10	52874500	56850936	2	1	1	3
10	56850937	66935701	3	2	1	3
10	66935702	66935712	3	2	1	3
10	66935713	67849412	3	2	1	3
10	67849413	69825214	2	1	1	3
10	69825215	69836293	3	2	1	1
10	69836294	73489203	2	1	1	3
10	73489204	73489526	2	1	1	3
10	73489527	90064546	2	1	1	3
10	90064547	90073642	3	2	1	1
10	90073643	95551761	2	1	1	3
10	95551762	95552119	2	1	1	2
10	95552120	95552718	2	1	1	2
10	95552719	95571206	3	2	1	1
10	95571207	99791056	2	1	1	2
10	99791057	99793724	2	1	1	2
10	99793725	104856838	2	1	1	2
10	104856839	105001894	3	2	1	2
10	105001895	105142178	2	1	1	2
10	105142179	105142277	2	1	1	2
10	105142278	105142441	2	1	1	2
10	105142442	105152620	3	2	1	1
10	105152621	107710364	2	1	1	3
10	107710365	107711267	2	1	1	2
10	107711268	107712306	2	1	1	2
10	107712307	107712480	2	1	1	2
10	107712481	130682623	2	1	1	3
10	130682624	135389924	1	1	0	3
11	20721	214072	1	1	0	2
11	214073	14517483	1	1	0	3
11	14517484	26713256	2	1	1	3
11	26713257	26714051	2	1	1	3
11	26714052	29565446	2	1	1	3
11	29565447	29566357	2	1	1	3
11	29566358	33273210	2	1	1	3
11	33273211	33367399	2	1	1	2
11	33367400	33470854	2	1	1	2
11	33470855	34079267	2	1	1	2
11	34079268	34111116	3	2	1	2
11	34111117	35190910	2	1	1	2
11	35190911	51599999	2	1	1	3
11	51600000	55699999	2	1	1	3
11	55700000	65055960	2	1	1	3
11	65055961	71711866	3	2	1	2
11	71711867	72516197	4	2	2	2
11	72516198	74191822	3	2	1	2
11	74191823	74201197	5	4	1	1
11	74201198	77262672	3	2	1	2
11	77262673	77265858	3	2	1	2
11	77265859	77976825	3	2	1	2
11	77976826	78022001	3	2	1	2
11	78022002	84707612	3	2	1	2
11	84707613	84709744	4	2	2	2
11	84709745	94603397	3	2	1	2
11	94603398	94813971	5	4	1	2
11	94813972	95470364	6	4	2	2
11	95470365	95470631	6	4	2	2
11	95470632	95472905	6	4	2	2
11	95472906	95567650	7	4	3	2
11	95567651	95755943	6	4	2	2
11	95755944	95772014	8	4	4	2
11	95772015	95851267	7	4	3	2
11	95851268	95868414	5	3	2	2
11	95868415	95871047	4	2	2	1
11	95871048	99698792	3	2	1	2
11	99698793	99699468	3	2	1	2
11	99699469	99708872	4	2	2	2
11	99708873	107331748	3	2	1	2
11	107331749	107349973	4	2	2	1
11	107349974	112395971	3	2	1	2
11	112395972	116297329	2	2	0	3
11	116297330	118758222	2	2	0	2
11	118758223	118804488	4	4	0	2
11	118804489	133370428	2	2	0	2
11	133370429	133428515	0	0	0	1
11	133428516	134452200	2	2	0	2
12	110107	13277523	2	1	1	2
12	13277524	13291233	2	1	1	2
12	13291234	13974500	2	1	1	2
12	13974501	13979477	2	1	1	2
12	13979478	26247118	2	1	1	3
12	26247119	26248450	2	1	1	3
12	26248451	33299999	2	1	1	3
12	33300000	38199999	2	1	1	3
12	38200000	40344525	2	1	1	3
12	40344526	40345521	2	1	1	3
12	40345522	42354143	2	1	1	3
12	42354144	56273241	1	1	0	3
12	56273242	60811942	2	1	1	3
12	60811943	60812242	2	1	1	3
12	60812243	61175990	2	1	1	3
12	61175991	61176691	2	1	1	3
12	61176692	62817997	2	1	1	3
12	62817998	62873325	3	2	1	2
12	62873326	62886430	3	2	1	2
12	62886431	63202447	3	2	1	3
12	63202448	65529659	2	1	1	3
12	65529660	65553741	2	1	1	2
12	65553742	69080071	2	1	1	3
12	69080072	69169067	3	2	1	2
12	69169068	80006461	2	1	1	3
12	80006462	80008570	2	1	1	3
12	80008571	96474851	2	1	1	3
12	96474852	96474873	2	1	1	3
12	96474874	101685625	2	1	1	3
12	101685626	101706139	3	2	1	2
12	101706140	119353510	2	1	1	3
12	119353511	119364438	1	1	0	1
12	119364439	125138299	2	1	1	3
12	125138300	132349400	1	1	0	3
12	132349401	133851894	1	1	0	3
13	1	16299999	2	1	1	1
13	16300000	19499999	2	1	1	3
13	19500000	20332078	2	1	1	3
13	20332079	20350658	3	2	1	2
13	20350659	20459996	2	1	1	2
13	20459997	20470651	1	1	0	1
13	20470652	36813712	2	1	1	2
13	36813713	36817462	2	1	1	2
13	36817463	50404112	2	1	1	2
13	50404113	50404147	2	1	1	2
13	50404148	50404911	2	1	1	2
13	50404912	50404976	2	1	1	2
13	50404977	50461092	2	1	1	3
13	50461093	50468244	3	2	1	2
13	50468245	54127288	2	1	1	2
13	54127289	54146816	2	1	1	2
13	54146817	55860059	2	1	1	2
13	55860060	55868432	2	1	1	2
13	55868433	70278125	2	1	1	2
13	70278126	85608580	3	2	1	2
13	85608581	85611899	3	2	1	2
13	85611900	88657301	3	2	1	2
13	88657302	88663021	5	3	2	2
13	88663022	96637500	3	2	1	2
13	96637501	101369796	3	2	1	2
13	101369797	101382378	4	3	1	2
13	101382379	103753659	3	2	1	2
13	103753660	103772051	3	2	1	2
13	103772052	114142800	3	2	1	2
13	114142801	115169877	3	2	1	2
14	1	16099999	2	1	1	1
14	16100000	19099999	2	1	1	2
14	19100000	20433515	2	1	1	1
14	20433516	26311075	2	1	1	3
14	26311076	26325433	2	1	1	2
14	26325434	35653027	2	1	1	3
14	35653028	36148309	3	2	1	2
14	36148310	40714176	2	1	1	3
14	40714177	46679374	2	1	1	3
14	46679375	50307745	1	1	0	3
14	50307746	50440902	2	2	0	2
14	50440903	68449767	1	1	0	3
14	68449768	80843498	2	2	0	3
14	80843499	80846252	2	2	0	3
14	80846253	102825582	2	2	0	3
14	102825583	102907725	4	4	0	2
14	102907726	106051438	2	2	0	3
14	106051439	106368400	2	2	0	2
15	1	15799999	3	2	1	1
15	15800000	20699999	NA	NA	NA	NA
15	20700000	29058626	3	2	1	2
15	29058627	31450960	2	1	1	2
15	31450961	31451117	2	1	1	2
15	31451118	34954751	2	1	1	2
15	34954752	34962634	2	1	1	2
15	34962635	37406551	1	1	0	2
15	37406552	44627074	1	1	0	3
15	44627075	44631654	1	1	0	3
15	44631655	50134516	1	1	0	3
15	50134517	50646631	1	1	0	3
15	50646632	51451147	2	2	0	3
15	51451148	53502654	3	2	1	3
15	53502655	60128681	2	1	1	3
15	60128682	72267159	3	2	1	2
15	72267160	72328176	3	2	1	2
15	72328177	72837500	3	2	1	2
15	72837501	75161980	4	3	1	2
15	75161981	83795068	5	4	1	2
15	83795069	83815863	4	3	1	2
15	83815864	84525914	5	4	1	2
15	84525915	91053453	5	4	1	2
15	91053454	93482722	6	4	2	2
15	93482723	95922823	6	4	2	2
15	95922824	95945362	5	3	2	2
15	95945363	100338800	6	4	2	2
15	100338801	102421991	6	4	2	2
16	83807	695402	3	2	1	2
16	695403	803868	3	2	1	2
16	803869	2294978	3	2	1	2
16	2294979	11190426	2	1	1	3
16	11190427	11190910	2	1	1	3
16	11190911	11190925	2	1	1	2
16	11190926	18957598	2	1	1	3
16	18957599	19039172	2	1	1	3
16	19039173	34044994	2	1	1	3
16	34044995	34599999	1	1	0	2
16	34600000	38599999	NA	NA	NA	NA
16	38600000	51307811	2	1	1	2
16	51307812	51307860	2	1	1	2
16	51307861	52892100	2	1	1	2
16	52892101	52896482	2	1	1	2
16	52896483	55832260	2	1	1	2
16	55832261	55893649	2	1	1	2
16	55893650	78072042	2	1	1	2
16	78072043	78073967	2	1	1	2
16	78073968	83403828	2	1	1	2
16	83403829	83408412	3	2	1	2
16	83408413	83940175	2	1	1	2
16	83940176	83956517	3	2	1	1
16	83956518	88711137	2	1	1	2
16	88711138	88724414	3	2	1	2
16	88724415	88774413	3	2	1	2
16	88774414	90146043	2	1	1	2
17	12500	17662499	1	1	0	2
17	17662500	17694115	2	2	0	2
17	17694116	22199999	1	1	0	2
17	22200000	25799999	1	1	0	2
17	25800000	39643661	1	1	0	2
17	39643662	39819994	2	2	0	3
17	39819995	44221119	1	1	0	3
17	44221120	44275172	1	1	0	2
17	44275173	44281340	1	1	0	2
17	44281341	44634761	1	1	0	2
17	44634762	45792047	1	1	0	3
17	45792048	45795444	1	1	0	3
17	45795445	45886646	1	1	0	2
17	45886647	48243890	3	3	0	3
17	48243891	48255049	3	3	0	2
17	48255050	48325114	3	3	0	2
17	48325115	48327409	3	3	0	2
17	48327410	50556270	3	3	0	3
17	50556271	53207135	3	3	0	2
17	53207136	53266013	2	2	0	2
17	53266014	53569685	3	3	0	2
17	53569686	53654376	3	3	0	2
17	53654377	58695445	3	3	0	2
17	58695446	59054233	2	2	0	1
17	59054234	63326941	3	3	0	2
17	63326942	78774600	3	3	0	2
17	78774601	81195209	3	3	0	3
18	27500	125323	1	1	0	2
18	125324	6029761	1	1	0	3
18	6029762	6091429	2	1	1	3
18	6091430	6114142	2	1	1	3
18	6114143	9328514	2	1	1	3
18	9328515	9478706	3	2	1	2
18	9478707	15399999	2	1	1	3
18	15400000	19130329	NA	NA	NA	NA
18	19130330	19267748	3	2	1	3
18	19267749	19320264	2	1	1	2
18	19320265	19327779	3	2	1	1
18	19327780	25286988	2	1	1	2
18	25286989	25289497	2	1	1	2
18	25289498	25289886	3	2	1	1
18	25289887	25291520	2	1	1	2
18	25291521	31562757	2	1	1	2
18	31562758	31569096	3	2	1	2
18	31569097	31581453	2	1	1	2
18	31581454	31583319	3	2	1	2
18	31583320	36599248	2	1	1	2
18	36599249	36892239	3	2	1	2
18	36892240	48689218	3	2	1	2
18	48689219	48691332	2	1	1	2
18	48691333	49643290	3	2	1	2
18	49643291	49643776	2	1	1	2
18	49643777	52967449	3	2	1	2
18	52967450	52967959	2	1	1	2
18	52967960	54449792	3	2	1	2
18	54449793	55184446	3	2	1	2
18	55184447	55321575	3	2	1	2
18	55321576	55357302	4	3	1	2
18	55357303	67254221	3	2	1	2
18	67254222	76117000	3	2	1	2
18	76117001	78077247	3	2	1	2
19	102500	226775	2	2	0	2
19	226776	5095421	2	2	0	2
19	5095422	5663715	3	3	0	2
19	5663716	5878526	4	4	0	2
19	5878527	6006082	3	3	0	2
19	6006083	6008408	3	3	0	2
19	6008409	6361194	3	3	0	2
19	6361195	10814054	2	2	0	2
19	10814055	10814282	2	2	0	2
19	10814283	12964505	2	2	0	2
19	12964506	13028994	3	3	0	2
19	13028995	13081353	2	2	0	2
19	13081354	13170238	3	3	0	2
19	13170239	17944644	2	2	0	3
19	17944645	24399999	1	1	0	3
19	24400000	28599999	NA	NA	NA	NA
19	28600000	35927199	2	1	1	2
19	35927200	35939650	2	1	1	2
19	35939651	36199217	2	1	1	2
19	36199218	36209353	2	1	1	2
19	36209354	43261990	2	1	1	2
19	43261991	43276427	2	1	1	2
19	43276428	47274145	2	1	1	2
19	47274146	47299369	2	1	1	2
19	47299370	48269352	2	1	1	2
19	48269353	48275782	2	1	1	2
19	48275783	59128982	2	1	1	2
20	31450	1755665	1	1	0	2
20	1755666	1831489	2	2	0	2
20	1831490	25599999	1	1	0	3
20	25600000	29466670	NA	NA	NA	NA
20	29466671	32668203	4	3	1	2
20	32668204	32747346	4	3	1	2
20	32747347	37733493	4	3	1	2
20	37733494	37755180	1	1	0	2
20	37755181	39733986	4	3	1	2
20	39733987	42855094	5	4	1	2
20	42855095	42862490	5	4	1	2
20	42862491	43486910	5	4	1	2
20	43486911	43533960	5	4	1	2
20	43533961	45689262	5	4	1	2
20	45689263	51088337	4	3	1	2
20	51088338	52632221	3	2	1	2
20	52632222	52634200	3	2	1	2
20	52634201	52895163	3	2	1	2
20	52895164	52896277	3	2	1	2
20	52896278	56525040	3	2	1	2
20	56525041	56597761	4	3	1	2
20	56597762	62432500	2	1	1	2
21	1	9417499	NA	NA	NA	NA
21	9417500	10740055	NA	NA	NA	NA
21	10740056	15273231	2	1	1	2
21	15273232	19747699	2	1	1	3
21	19747700	19750828	2	1	1	3
21	19750829	27264561	2	1	1	3
21	27264562	27268578	3	2	1	1
21	27268579	34545903	2	1	1	3
21	34545904	34608098	3	2	1	3
21	34608099	36130016	2	1	1	3
21	36130017	36215819	3	2	1	2
21	36215820	37896002	2	1	1	3
21	37896003	37918156	3	2	1	2
21	37918157	38816012	2	1	1	3
21	38816013	38834656	3	2	1	1
21	38834657	44444914	2	1	1	3
21	44444915	45196173	2	1	1	2
21	45196174	45207891	2	1	1	2
21	45207892	46937500	2	1	1	2
21	46937501	48129894	2	1	1	2
22	1	12199999	2	1	1	1
22	12200000	17899999	2	1	1	3
22	17900000	18007001	2	1	1	3
22	18007002	18678267	3	2	1	3
22	18678268	19900996	2	1	1	2
22	19900997	21033130	1	1	0	2
22	21033131	21042945	2	2	0	1
22	21042946	22013866	1	1	0	2
22	22013867	30225730	2	1	1	2
22	30225731	30292747	2	1	1	2
22	30292748	34199768	2	1	1	2
22	34199769	34819508	3	2	1	2
22	34819509	36683286	2	1	1	2
22	36683287	36811975	1	1	0	3
22	36811976	37092960	2	1	1	2
22	37092961	38073007	3	2	1	2
22	38073008	38097235	4	3	1	2
22	38097236	42288035	3	2	1	2
22	42288036	42359300	4	3	1	3
22	42359301	42689460	3	2	1	2
22	42689461	42768137	4	2	2	3
22	42768138	45027500	3	2	1	2
22	45027501	46132089	4	3	1	2
22	46132090	46134974	4	3	1	2
22	46134975	49691400	4	3	1	2
22	49691401	51304565	4	3	1	3
X	1	26754777	1	1	0	2
X	26754778	26902682	2	1	1	2
X	26902683	29373151	3	2	1	2
X	29373152	30613103	1	1	0	2
X	30613104	31165976	2	2	0	2
X	31165977	31167784	2	2	0	2
X	31167785	31274690	2	2	0	2
X	31274691	43094892	1	1	0	2
X	43094893	43095061	2	1	1	2
X	43095062	43580500	3	2	1	2
X	43580501	48625027	1	1	0	2
X	48625028	48628600	1	1	0	2
X	48628601	53935062	1	1	0	2
X	53935063	58099999	2	1	1	2
X	58100000	62999999	2	1	1	2
X	63000000	64708590	2	1	1	2
X	64708591	64711733	2	1	1	2
X	64711734	65608652	2	1	1	2
X	65608653	70029386	1	1	0	2
X	70029387	70043376	2	2	0	2
X	70043377	77411535	1	1	0	2
X	77411536	77593642	2	1	1	2
X	77593643	84976736	1	1	0	2
X	84976737	86329011	2	1	1	2
X	86329012	86768178	1	1	0	2
X	86768179	86970114	1	1	0	2
X	86970115	87016200	2	1	1	2
X	87016201	87786240	3	2	1	2
X	87786241	87788682	3	2	1	2
X	87788683	96927938	1	1	0	2
X	96927939	99667893	2	1	1	2
X	99667894	99676084	2	1	1	2
X	99676085	102010803	2	1	1	2
X	102010804	102101768	1	1	0	2
X	102101769	102176263	2	1	1	2
X	102176264	103155822	1	1	0	2
X	103155823	103173404	2	2	0	2
X	103173405	103899836	1	1	0	2
X	103899837	105789381	2	1	1	2
X	105789382	105798745	2	1	1	2
X	105798746	106018740	2	1	1	2
X	106018741	106018905	2	1	1	1
X	106018906	106050033	2	1	1	1
X	106050034	109660933	1	1	0	2
X	109660934	113221122	2	1	1	2
X	113221123	114359962	3	2	1	2
X	114359963	114944219	2	1	1	2
X	114944220	117745740	1	1	0	2
X	117745741	117863747	2	1	1	2
X	117863748	117864000	2	1	1	2
X	117864001	117864068	2	1	1	2
X	117864069	118047569	2	1	1	2
X	118047570	118061104	1	1	0	2
X	118061105	120786188	2	1	1	2
X	120786189	121503799	2	1	1	2
X	121503800	124858364	2	1	1	2
X	124858365	124934586	3	2	1	2
X	124934587	129755728	2	1	1	2
X	129755729	130269806	3	2	1	2
X	130269807	130352789	3	2	1	2
X	130352790	132352119	2	1	1	2
X	132352120	132978875	3	2	1	2
X	132978876	133478132	2	1	1	2
X	133478133	133663576	3	2	1	2
X	133663577	133670218	2	1	1	2
X	133670219	133670452	2	1	1	1
X	133670453	133670481	3	3	0	1
X	133670482	134506155	3	2	1	2
X	134506156	134596326	3	2	1	2
X	134596327	134597882	3	2	1	2
X	134597883	135514300	3	2	1	2
X	135514301	136165522	2	1	1	2
X	136165523	136564473	3	2	1	2
X	136564474	137618280	2	1	1	2
X	137618281	137644076	2	1	1	2
X	137644077	137644124	3	2	1	1
X	137644125	137644244	3	3	0	1
X	137644245	141172607	2	1	1	2
X	141172608	143113021	3	2	1	2
X	143113022	143114069	2	1	1	2
X	143114070	144341042	3	2	1	2
X	144341043	144341104	2	1	1	2
X	144341105	144369842	3	2	1	2
X	144369843	147960707	2	1	1	2
X	147960708	148453404	3	2	1	2
X	148453405	151491350	2	1	1	2
X	151491351	154527145	3	2	1	2
X	154527146	154913600	2	1	1	2
