chromosome	start	end	total_cn	major_cn	minor_cn	star
1	1	232499	2	1	1	2
1	232500	790008	2	1	1	2
1	790009	35492904	2	1	1	3
1	35492905	35494868	2	1	1	2
1	35494869	35596345	4	3	1	2
1	35596346	48075543	5	4	1	2
1	48075544	48184407	6	5	1	2
1	48184408	48814134	7	6	1	2
1	48814135	48814956	7	6	1	2
1	48814957	54222609	3	2	1	3
1	54222610	54601983	3	2	1	2
1	54601984	121378201	3	2	1	3
1	121378202	128899999	3	2	1	3
1	128900000	142592401	3	2	1	2
1	142592402	195679709	3	2	1	2
1	195679710	196584381	2	1	1	2
1	196584382	206277500	3	2	1	2
1	206277501	246762909	3	2	1	2
1	246762910	246829329	2	2	0	2
1	246829330	247249600	3	2	1	2
1	247249601	249250620	3	2	1	2
2	20016	3449812	3	2	1	2
2	3449813	4512709	4	3	1	2
2	4512710	12308660	3	2	1	3
2	12308661	19857589	2	1	1	2
2	19857590	25174216	3	2	1	3
2	25174217	31832698	4	3	1	2
2	31832699	34973345	3	2	1	3
2	34973346	35847995	4	3	1	2
2	35847996	40826240	3	2	1	3
2	40826241	42936727	4	3	1	2
2	42936728	43150126	5	4	1	2
2	43150127	48758040	4	3	1	2
2	48758041	54795118	3	2	1	3
2	54795119	55826989	4	3	1	2
2	55826990	59805925	3	2	1	3
2	59805926	61838682	4	3	1	2
2	61838683	71198312	3	2	1	3
2	71198313	72715184	4	3	1	2
2	72715185	72991004	3	2	1	2
2	72991005	74101694	4	3	1	2
2	74101695	75085291	3	2	1	2
2	75085292	75419766	4	3	1	2
2	75419767	87990202	3	2	1	2
2	87990203	89155522	2	1	1	2
2	89155523	89179989	4	2	2	2
2	89179990	90499999	4	2	2	2
2	90500000	96799999	4	2	2	2
2	96800000	102521010	4	2	2	2
2	102521011	104279979	3	2	1	2
2	104279980	105107791	4	2	2	3
2	105107792	105664448	3	2	1	2
2	105664449	106150363	4	2	2	2
2	106150364	107055102	5	3	2	3
2	107055103	112035487	2	2	0	2
2	112035488	113358669	5	3	2	2
2	113358670	113451969	4	2	2	2
2	113451970	116023106	5	3	2	2
2	116023107	118042500	2	2	0	2
2	118042501	124959845	2	2	0	2
2	124959846	124960634	2	2	0	2
2	124960635	142049639	2	2	0	3
2	142049640	142184692	1	1	0	2
2	142184693	178290757	2	2	0	3
2	178290758	178913828	3	3	0	2
2	178913829	198648030	2	2	0	3
2	198648031	199100873	1	1	0	3
2	199100874	201697743	2	2	0	3
2	201697744	201897911	3	3	0	1
2	201897912	231937279	2	2	0	3
2	231937280	232144293	3	3	0	2
2	232144294	242853001	2	2	0	2
2	242853002	242898800	2	2	0	2
3	60596	4366236	2	1	1	3
3	4366237	4446593	1	1	0	2
3	4446594	15106588	2	1	1	3
3	15106589	15106930	2	1	1	2
3	15106931	15106960	3	2	1	1
3	15106961	15249993	3	2	1	2
3	15249994	15518287	4	3	1	2
3	15518288	15521026	3	2	1	1
3	15521027	15521184	3	2	1	1
3	15521185	27432919	2	1	1	3
3	27432920	28088859	1	1	0	3
3	28088860	36585299	2	1	1	3
3	36585300	36602627	3	2	1	2
3	36602628	36602760	4	3	1	2
3	36602761	36602895	4	3	1	2
3	36602896	36603019	3	2	1	1
3	36603020	36603063	3	2	1	1
3	36603064	37746143	4	3	1	3
3	37746144	37746293	4	3	1	2
3	37746294	37746567	2	1	1	1
3	37746568	37746592	2	1	1	1
3	37746593	37746990	4	3	1	1
3	37746991	37747030	4	3	1	1
3	37747031	37747449	4	3	1	1
3	37747450	37755285	3	2	1	2
3	37755286	76416512	2	1	1	3
3	76416513	76416562	2	1	1	3
3	76416563	87899999	2	1	1	3
3	87900000	93899999	2	1	1	3
3	93900000	116434851	2	1	1	3
3	116434852	116435374	1	1	0	1
3	116435375	116436744	1	1	0	2
3	116436745	116469189	1	1	0	2
3	116469190	116627122	2	1	1	2
3	116627123	116649472	2	1	1	2
3	116649473	117015668	2	1	1	3
3	117015669	117082499	1	1	0	2
3	117082500	122097801	2	1	1	3
3	122097802	156943528	3	2	1	3
3	156943529	156962387	2	2	0	2
3	156962388	163393856	3	2	1	3
3	163393857	165454219	4	3	1	2
3	165454220	197847500	4	3	1	3
4	27500	50083	NA	NA	NA	NA
4	50084	17558602	3	2	1	2
4	17558603	48199999	2	1	1	3
4	48200000	52699999	2	1	1	3
4	52700000	75641493	2	1	1	3
4	75641494	75641520	2	1	1	3
4	75641521	75641586	2	1	1	2
4	75641587	75641902	2	1	1	2
4	75641903	75642184	2	1	1	2
4	75642185	176924457	2	1	1	3
4	176924458	176924580	2	1	1	2
4	176924581	176976916	1	1	0	3
4	176976917	176976959	1	1	0	2
4	176976960	191154275	2	1	1	2
5	22500	1326916	5	3	2	2
5	1326917	13161720	4	3	1	2
5	13161721	17146113	4	3	1	2
5	17146114	17227618	5	4	1	2
5	17227619	27644830	4	3	1	2
5	27644831	27752540	5	4	1	2
5	27752541	45167679	4	3	1	2
5	45167680	45442974	5	4	1	2
5	45442975	46099999	4	3	1	2
5	46100000	50699999	NA	NA	NA	NA
5	50700000	58247765	1	1	0	3
5	58247766	64580290	2	2	0	3
5	64580291	64606634	2	2	0	3
5	64606635	64612324	1	1	0	2
5	64612325	64623417	1	1	0	2
5	64623418	65251626	1	1	0	3
5	65251627	65302261	2	2	0	3
5	65302262	65302761	2	2	0	2
5	65302762	66856056	2	2	0	3
5	66856057	66867616	1	1	0	1
5	66867617	66903871	2	2	0	2
5	66903872	67594525	1	1	0	3
5	67594526	70890657	2	2	0	3
5	70890658	70908802	2	2	0	2
5	70908803	70910230	1	1	0	1
5	70910231	70935775	2	2	0	1
5	70935776	70936247	1	1	0	2
5	70936248	70936509	1	1	0	2
5	70936510	71083074	1	1	0	3
5	71083075	71871495	2	2	0	3
5	71871496	73526709	1	1	0	2
5	73526710	77471781	2	2	0	2
5	77471782	78773105	1	1	0	3
5	78773106	91770204	2	2	0	2
5	91770205	101292495	1	1	0	2
5	101292496	101297178	1	1	0	2
5	101297179	123075026	1	1	0	2
5	123075027	126125086	2	2	0	2
5	126125087	126150910	1	1	0	2
5	126150911	126158519	2	2	0	2
5	126158520	129106631	1	1	0	2
5	129106632	140223833	2	2	0	2
5	140223834	164190044	2	2	0	2
5	164190045	180710431	3	2	1	3
6	39681	206091	2	1	1	1
6	206092	399995	2	1	1	2
6	399996	5092770	3	2	1	2
6	5092771	5410186	2	2	0	2
6	5410187	5446712	3	2	1	3
6	5446713	6917043	2	2	0	2
6	6917044	7367470	3	2	1	3
6	7367471	11099671	4	2	2	2
6	11099672	11761889	4	2	2	2
6	11761890	12062055	5	3	2	2
6	12062056	16497927	4	2	2	2
6	16497928	16578606	5	3	2	2
6	16578607	16693378	4	2	2	2
6	16693379	23431969	4	2	2	2
6	23431970	23564305	5	3	2	2
6	23564306	23755637	4	2	2	2
6	23755638	23861564	2	2	0	2
6	23861565	25301500	4	2	2	2
6	25301501	26016402	3	2	1	2
6	26016403	27104339	3	2	1	2
6	27104340	51100750	2	2	0	2
6	51100751	54306421	3	2	1	3
6	54306422	57334003	4	2	2	2
6	57334004	57444475	5	3	2	1
6	57444476	57597066	2	2	0	2
6	57597067	58699999	3	2	1	2
6	58700000	63299999	3	2	1	2
6	63300000	70278499	3	2	1	3
6	70278500	70282163	4	3	1	1
6	70282164	70436849	5	4	1	2
6	70436850	82107305	4	3	1	3
6	82107306	83975270	2	1	1	3
6	83975271	83979084	2	1	1	2
6	83979085	83979133	2	1	1	2
6	83979134	84740159	2	1	1	2
6	84740160	84741699	2	1	1	2
6	84741700	84832492	4	3	1	2
6	84832493	84853942	2	1	1	2
6	84853943	84854089	2	1	1	2
6	84854090	108579562	2	1	1	3
6	108579563	108926147	1	1	0	2
6	108926148	118455070	2	1	1	2
6	118455071	118986834	1	1	0	2
6	118986835	170921585	2	1	1	3
7	40386	50418624	3	2	1	2
7	50418625	57999999	4	2	2	2
7	58000000	61699999	NA	NA	NA	NA
7	61700000	65339834	3	2	1	2
7	65339835	65692499	2	1	1	2
7	65692500	101803175	3	2	1	3
7	101803176	102502645	4	3	1	2
7	102502646	115031574	3	2	1	3
7	115031575	158821400	4	2	2	2
8	1	43099999	2	1	1	3
8	43100000	48099999	NA	NA	NA	NA
8	48100000	62972154	3	2	1	2
8	62972155	63914633	3	2	1	2
8	63914634	66063879	3	2	1	2
8	66063880	78632892	3	2	1	2
8	78632893	79440028	4	3	1	2
8	79440029	79440052	4	3	1	2
8	79440053	93877767	4	3	1	2
8	93877768	95722964	3	2	1	2
8	95722965	98464309	4	3	1	2
8	98464310	100413819	3	2	1	2
8	100413820	112921260	4	3	1	2
8	112921261	112941672	4	3	1	2
8	112941673	146364021	4	3	1	2
9	47500	203936	2	2	0	2
9	203937	42272201	2	2	0	3
9	42272202	45737200	2	2	0	3
9	45737201	47299999	2	2	0	2
9	47300000	50699999	2	2	0	2
9	50700000	69931801	2	2	0	2
9	69931802	140273200	2	2	0	3
10	90127	37999999	3	2	1	2
10	38000000	42299999	3	2	1	2
10	42300000	73312969	3	2	1	3
10	73312970	73436997	2	2	0	2
10	73436998	77169431	3	2	1	2
10	77169432	77573057	3	2	1	2
10	77573058	78558938	3	2	1	2
10	78558939	78622710	3	2	1	2
10	78622711	104693891	3	2	1	3
10	104693892	105051101	2	2	0	2
10	105051102	135389924	3	2	1	2
11	196944	317538	4	3	1	2
11	317539	551926	2	1	1	2
11	551927	902284	3	2	1	2
11	902285	1853644	2	1	1	2
11	1853645	2264072	2	1	1	2
11	2264073	50751201	2	1	1	3
11	50751202	50756256	2	1	1	2
11	50756257	55699999	2	1	1	3
11	55700000	86058153	2	1	1	3
11	86058154	86287163	3	2	1	2
11	86287164	86305339	2	1	1	2
11	86305340	86718842	2	1	1	2
11	86718843	124642852	2	1	1	2
11	124642853	127850267	1	1	0	2
11	127850268	127997813	2	1	1	2
11	127997814	128002770	2	1	1	2
11	128002771	131496066	2	1	1	2
11	131496067	131496082	2	1	1	2
11	131496083	134452200	2	1	1	2
12	110107	188284	4	2	2	2
12	188285	25189315	4	2	2	2
12	25189316	33090460	5	3	2	2
12	33090461	33299999	4	2	2	2
12	33300000	38199999	4	2	2	2
12	38200000	44980727	4	2	2	2
12	44980728	66451370	3	2	1	2
12	66451371	120577065	3	2	1	2
12	120577066	120994660	4	3	1	3
12	120994661	126303736	3	2	1	2
12	126303737	126353968	3	2	1	3
12	126353969	126549526	3	2	1	2
12	126549527	129165103	3	2	1	2
12	129165104	129334440	3	2	1	2
12	129334441	129630002	4	3	1	2
12	129630003	131452474	3	2	1	2
12	131452475	132157499	5	4	1	2
12	132157500	132182139	3	2	1	2
12	132182140	132349400	3	2	1	2
12	132349401	133851894	3	2	1	2
13	1	16299999	2	2	0	1
13	16300000	19499999	2	2	0	2
13	19500000	38089978	2	2	0	2
13	38089979	40465867	2	2	0	2
13	40465868	41222503	1	1	0	3
13	41222504	114142800	2	2	0	3
13	114142801	115169877	2	2	0	3
14	1	16099999	3	2	1	1
14	16100000	19099999	3	2	1	1
14	19100000	19123241	3	2	1	2
14	19123242	37608503	3	2	1	3
14	37608504	37624194	2	1	1	2
14	37624195	56079067	3	2	1	3
14	56079068	56079098	3	2	1	3
14	56079099	59540741	3	2	1	3
14	59540742	59688415	4	2	2	2
14	59688416	77223781	3	2	1	3
14	77223782	77319497	4	2	2	2
14	77319498	77819610	4	2	2	2
14	77819611	77874407	4	2	2	2
14	77874408	106161200	3	2	1	3
14	106161201	106417823	3	2	1	3
15	1	15799999	2	2	0	1
15	15800000	20699999	2	2	0	2
15	20700000	43329291	2	2	0	3
15	43329292	43687614	2	2	0	2
15	43687615	44554235	2	2	0	2
15	44554236	44554519	2	2	0	2
15	44554520	47244478	2	2	0	3
15	47244479	47244518	2	2	0	3
15	47244519	100338800	2	2	0	3
15	100338801	102531391	2	2	0	3
16	84870	623974	1	1	0	2
16	623975	32142401	2	2	0	2
16	32142402	33827499	2	2	0	2
16	33827500	34464998	2	2	0	2
16	34464999	34599999	3	3	0	2
16	34600000	38599999	NA	NA	NA	NA
16	38600000	46464531	2	2	0	2
16	46464532	88827200	1	1	0	3
16	88827201	90354752	1	1	0	2
17	22083	22199999	2	2	0	3
17	22200000	25799999	2	2	0	3
17	25800000	28565829	2	2	0	3
17	28565830	28869219	3	3	0	2
17	28869220	39652475	2	2	0	2
17	39652476	73866540	3	3	0	2
17	73866541	74271258	3	3	0	2
17	74271259	74272320	3	3	0	2
17	74272321	74272974	3	3	0	2
17	74272975	74290862	3	3	0	2
17	74290863	74291985	3	3	0	2
17	74291986	74292133	3	3	0	2
17	74292134	74711439	3	3	0	3
17	74711440	78774600	3	3	0	2
17	78774601	81195209	3	3	0	2
18	27500	14147845	3	2	1	3
18	14147846	15399999	3	2	1	2
18	15400000	18999999	3	2	1	2
18	19000000	52703431	3	2	1	3
18	52703432	52741558	2	2	0	2
18	52741559	70277645	3	2	1	2
18	70277646	76117000	3	2	1	3
18	76117001	78077247	3	2	1	3
19	102500	14867185	2	2	0	3
19	14867186	24399999	3	2	1	2
19	24400000	28599999	NA	NA	NA	NA
19	28600000	36636141	7	5	2	2
19	36636142	36670577	6	4	2	2
19	36670578	37519110	4	2	2	2
19	37519111	41330008	9	7	2	2
19	41330009	41646012	13	11	2	2
19	41646013	41650742	10	8	2	1
19	41650743	41655926	8	6	2	2
19	41655927	41657681	6	4	2	1
19	41657682	41657697	6	4	2	1
19	41657698	42725508	2	2	0	2
19	42725509	44372500	1	1	0	2
19	44372501	45571884	2	2	0	2
19	45571885	45572346	1	1	0	1
19	45572347	45575107	1	1	0	2
19	45575108	46535004	1	1	0	2
19	46535005	51960152	2	2	0	3
19	51960153	59128982	3	2	1	2
20	24347	25599999	4	2	2	2
20	25600000	29399999	4	2	2	2
20	29400000	31675495	4	2	2	2
20	31675496	31994947	3	2	1	2
20	31994948	39360043	4	2	2	2
20	39360044	42600427	3	2	1	2
20	42600428	62279922	4	2	2	2
20	62279923	62432500	3	2	1	2
21	1	9417499	NA	NA	NA	NA
21	9417500	10899999	NA	NA	NA	NA
21	10900000	14299999	2	2	0	1
21	14300000	22224576	2	1	1	3
21	22224577	38467043	3	2	1	3
21	38467044	38467255	3	2	1	2
21	38467256	38470484	3	2	1	2
21	38470485	38471501	3	2	1	2
21	38471502	38474260	3	2	1	2
21	38474261	38485855	3	2	1	3
21	38485856	38486332	3	2	1	2
21	38486333	39908757	3	2	1	3
21	39908758	39910861	3	2	1	3
21	39910862	46937500	3	2	1	2
21	46937501	48129894	3	2	1	2
22	1	12199999	2	1	1	1
22	12200000	17899999	2	1	1	2
22	17900000	28260313	2	1	1	3
22	28260314	28314283	3	2	1	3
22	28314284	28337215	2	1	1	2
22	28337216	29065761	3	2	1	2
22	29065762	29065839	3	2	1	2
22	29065840	29066167	3	2	1	2
22	29066168	35220716	3	2	1	3
22	35220717	36318666	2	1	1	3
22	36318667	36456728	3	2	1	2
22	36456729	36686892	4	3	1	2
22	36686893	37043142	2	1	1	2
22	37043143	41611250	2	1	1	3
22	41611251	41917694	2	1	1	2
22	41917695	49691400	2	1	1	2
22	49691401	51304565	2	1	1	3
X	1	47390008	1	1	0	2
X	47390009	48390013	2	2	0	2
X	48390014	54905544	1	1	0	2
X	54905545	54908225	1	1	0	2
X	54908226	55090248	5	4	1	2
X	55090249	55104274	4	3	1	2
X	55104275	58099999	3	2	1	2
X	58100000	63772081	3	2	1	2
X	63772082	63787156	3	2	1	2
X	63787157	79804493	3	2	1	2
X	79804494	82101632	2	1	1	2
X	82101633	82103400	2	1	1	2
X	82103401	116339318	2	1	1	2
X	116339319	122088965	3	2	1	2
X	122088966	154929638	2	1	1	2
