chromosome	start	end	total_cn	major_cn	minor_cn	star
1	10001	10784990	2	1	1	3
1	10784991	10805313	3	2	1	2
1	10805314	26801702	2	1	1	3
1	26801703	26807586	3	2	1	2
1	26807587	26822238	2	1	1	2
1	26822239	37240217	1	1	0	3
1	37240218	37243835	1	1	0	3
1	37243836	49780777	1	1	0	3
1	49780778	49786877	1	1	0	3
1	49786878	58770926	1	1	0	3
1	58770927	59432342	0	0	0	2
1	59432343	74450374	1	1	0	3
1	74450375	74450401	1	1	0	3
1	74450402	98823315	1	1	0	3
1	98823316	111963782	2	1	1	3
1	111963783	111963805	2	1	1	3
1	111963806	119488774	2	1	1	3
1	119488775	119490182	2	1	1	3
1	119490183	120766081	2	1	1	3
1	120766082	120794397	2	1	1	2
1	120794398	128899999	2	1	1	3
1	128900000	142536966	2	1	1	2
1	142536967	150925307	2	1	1	3
1	150925308	150935260	2	1	1	3
1	150935261	151523794	2	1	1	3
1	151523795	151536068	3	2	1	2
1	151536069	181667839	2	1	1	2
1	181667840	181696243	2	1	1	3
1	181696244	199035883	2	1	1	2
1	199035884	199041393	2	1	1	2
1	199041394	200218710	2	1	1	2
1	200218711	200224902	2	1	1	2
1	200224903	201545561	2	1	1	2
1	201545562	205104897	2	1	1	2
1	205104898	205113736	2	1	1	2
1	205113737	208431074	2	1	1	2
1	208431075	208432027	2	1	1	2
1	208432028	240263094	2	1	1	2
1	240263095	240266244	2	1	1	2
1	240266245	247249600	2	1	1	2
1	247249601	249250620	2	1	1	3
2	54197	9718711	2	1	1	3
2	9718712	10041982	1	1	0	3
2	10041983	24300380	2	1	1	3
2	24300381	24301577	2	1	1	2
2	24301578	25365101	2	1	1	3
2	25365102	25408959	1	1	0	2
2	25408960	28921040	2	1	1	3
2	28921041	29002078	2	1	1	1
2	29002079	62983301	2	1	1	3
2	62983302	62987727	2	1	1	3
2	62987728	70369336	2	1	1	3
2	70369337	70370361	2	1	1	2
2	70370362	86407772	2	1	1	3
2	86407773	86420593	2	1	1	2
2	86420594	90499999	2	1	1	3
2	90500000	96799999	2	1	1	2
2	96800000	103415023	2	1	1	3
2	103415024	122351827	1	1	0	3
2	122351828	122356388	1	1	0	3
2	122356389	163956046	1	1	0	3
2	163956047	164564399	2	1	1	3
2	164564400	191646475	1	1	0	3
2	191646476	205176094	2	1	1	3
2	205176095	205223725	3	2	1	3
2	205223726	226084997	2	1	1	3
2	226084998	226090299	2	1	1	3
2	226090300	238553778	2	1	1	3
2	238553779	238553844	2	1	1	3
2	238553845	242985493	2	1	1	3
3	60596	3964481	2	1	1	3
3	3964482	3965940	2	1	1	3
3	3965941	11889096	2	1	1	3
3	11889097	11895013	2	1	1	2
3	11895014	13183684	2	1	1	3
3	13183685	13195296	2	1	1	3
3	13195297	17610474	2	1	1	3
3	17610475	17620490	2	1	1	2
3	17620491	21373994	2	1	1	3
3	21373995	21376398	2	1	1	2
3	21376399	30907716	2	1	1	3
3	30907717	30920518	2	1	1	1
3	30920519	45266687	2	1	1	3
3	45266688	58211107	1	1	0	3
3	58211108	58212572	1	1	0	3
3	58212573	71257451	1	1	0	3
3	71257452	71262685	1	1	0	2
3	71262686	75615100	1	1	0	2
3	75615101	87899999	1	1	0	2
3	87900000	93899999	NA	NA	NA	NA
3	93900000	96262333	2	1	1	3
3	96262334	96267155	2	1	1	3
3	96267156	100385910	2	1	1	3
3	100385911	100392706	2	1	1	3
3	100392707	115295921	2	1	1	3
3	115295922	115315112	3	2	1	2
3	115315113	127140618	2	1	1	3
3	127140619	127156793	2	1	1	2
3	127156794	156725770	2	1	1	3
3	156725771	156735224	2	1	1	1
3	156735225	164832652	2	1	1	3
3	164832653	164835052	2	1	1	2
3	164835053	165725558	2	1	1	3
3	165725559	165727509	2	1	1	2
3	165727510	166845693	2	1	1	3
3	166845694	170259462	3	2	1	3
3	170259463	170263877	3	2	1	3
3	170263878	175991433	3	2	1	3
3	175991434	175996279	3	2	1	3
3	175996280	177002325	3	2	1	3
3	177002326	177007010	3	2	1	3
3	177007011	180276254	3	2	1	3
3	180276255	180289211	3	2	1	1
3	180289212	189514940	3	2	1	3
3	189514941	189517074	3	2	1	2
3	189517075	192501249	3	2	1	3
3	192501250	197857178	3	2	1	3
4	74473	143130	1	1	0	3
4	143131	267840	2	1	1	2
4	267841	9912851	1	1	0	2
4	9912852	14482728	2	1	1	3
4	14482729	17042743	1	1	0	3
4	17042744	19122847	2	1	1	3
4	19122848	19133891	2	1	1	3
4	19133892	19579563	2	1	1	3
4	19579564	19768979	1	1	0	3
4	19768980	19769236	1	1	0	3
4	19769237	20158464	1	1	0	3
4	20158465	20935335	2	1	1	3
4	20935336	24219917	1	1	0	3
4	24219918	24407638	2	1	1	3
4	24407639	26461550	1	1	0	3
4	26461551	31518918	2	1	1	3
4	31518919	40612592	1	1	0	3
4	40612593	40612767	1	1	0	3
4	40612768	43258621	1	1	0	3
4	43258622	47647255	2	1	1	3
4	47647256	47652509	2	1	1	3
4	47652510	52699999	NA	NA	NA	NA
4	52700000	53273814	1	1	0	3
4	53273815	53814100	2	1	1	3
4	53814101	70124090	1	1	0	2
4	70124091	109843600	1	1	0	2
4	109843601	109878982	2	2	0	3
4	109878983	153746758	1	1	0	2
4	153746759	153772092	2	2	0	2
4	153772093	190987500	1	1	0	2
5	22500	8519426	2	1	1	2
5	8519427	8528412	1	1	0	2
5	8528413	46099999	2	1	1	2
5	46100000	50699999	NA	NA	NA	NA
5	50700000	118345555	1	1	0	3
5	118345556	118384937	1	1	0	2
5	118384938	126372942	1	1	0	2
5	126372943	126473286	2	2	0	3
5	126473287	128133077	1	1	0	3
5	128133078	145900949	2	1	1	3
5	145900950	160730439	2	1	1	3
5	160730440	160733814	2	1	1	2
5	160733815	179989772	2	1	1	3
5	179989773	179990791	3	2	1	1
5	179990792	179993362	3	2	1	2
5	179993363	180715694	3	2	1	2
6	39681	205799	1	1	0	2
6	205800	3960264	1	1	0	3
6	3960265	10577582	2	1	1	3
6	10577583	10578649	2	1	1	3
6	10578650	16464494	2	1	1	3
6	16464495	16469713	2	1	1	2
6	16469714	25134185	2	1	1	3
6	25134186	25139981	2	1	1	2
6	25139982	47899112	2	1	1	2
6	47899113	47899151	2	1	1	2
6	47899152	47902805	2	1	1	2
6	47902806	49585284	2	1	1	2
6	49585285	49594091	2	1	1	2
6	49594092	56784519	2	1	1	2
6	56784520	56787574	3	2	1	2
6	56787575	58699999	2	1	1	2
6	58700000	63299999	2	1	1	2
6	63300000	80514651	2	1	1	2
6	80514652	81170129	2	1	1	2
6	81170130	81307271	2	1	1	2
6	81307272	88934917	2	1	1	2
6	88934918	95047868	2	1	1	3
6	95047869	111907258	1	1	0	3
6	111907259	112035732	2	2	0	3
6	112035733	130371500	1	1	0	3
6	130371501	130374680	1	1	0	2
6	130374681	136099185	1	1	0	3
6	136099186	136119762	1	1	0	2
6	136119763	141391646	1	1	0	3
6	141391647	141393958	1	1	0	3
6	141393959	159098597	1	1	0	3
6	159098598	159109526	1	1	0	3
6	159109527	168279758	1	1	0	3
6	168279759	168300382	2	2	0	2
6	168300383	170919682	1	1	0	2
7	40386	12305419	2	2	0	2
7	12305420	12369985	3	3	0	2
7	12369986	12662164	2	2	0	2
7	12662165	13120187	1	1	0	3
7	13120188	13120768	1	1	0	2
7	13120769	13174403	2	2	0	2
7	13174404	17205474	1	1	0	2
7	17205475	17212422	1	1	0	2
7	17212423	17213496	2	1	1	2
7	17213497	38599193	2	1	1	2
7	38599194	38619956	3	2	1	2
7	38619957	44679462	2	1	1	2
7	44679463	44680199	2	1	1	2
7	44680200	51455084	2	1	1	2
7	51455085	51468199	2	1	1	2
7	51468200	52023077	2	1	1	2
7	52023078	52032162	2	1	1	2
7	52032163	57999999	2	1	1	2
7	58000000	61699999	2	1	1	2
7	61700000	63835957	2	1	1	2
7	63835958	64677581	3	2	1	2
7	64677582	76717920	4	2	2	2
7	76717921	76741511	4	2	2	2
7	76741512	78046668	4	2	2	2
7	78046669	102972570	3	2	1	2
7	102972571	102987017	3	2	1	2
7	102987018	110704455	3	2	1	2
7	110704456	110785161	3	2	1	2
7	110785162	121957735	3	2	1	2
7	121957736	124917711	3	2	1	2
7	124917712	124918853	3	2	1	2
7	124918854	127671890	3	2	1	2
7	127671891	127677856	3	2	1	2
7	127677857	131701129	3	2	1	2
7	131701130	131702170	3	2	1	2
7	131702171	138477341	3	2	1	2
7	138477342	144673173	4	2	2	2
7	144673174	144676077	4	2	2	2
7	144676078	155018714	4	2	2	2
7	155018715	155021974	5	3	2	2
7	155021975	157218090	4	2	2	2
7	157218091	157221242	4	2	2	2
7	157221243	158821400	4	2	2	2
8	156331	4366812	1	1	0	3
8	4366813	4371608	1	1	0	3
8	4371609	4445900	1	1	0	3
8	4445901	4516947	2	2	0	3
8	4516948	11987499	1	1	0	3
8	11987500	12476537	1	1	0	2
8	12476538	13840429	1	1	0	3
8	13840430	13867599	1	1	0	2
8	13867600	14028267	1	1	0	3
8	14028268	14028289	1	1	0	3
8	14028290	27794613	1	1	0	3
8	27794614	43099999	2	1	1	2
8	43100000	48099999	2	1	1	2
8	48100000	63676513	2	1	1	2
8	63676514	63682182	2	1	1	2
8	63682183	68731459	2	1	1	2
8	68731460	89463166	3	2	1	2
8	89463167	89465231	3	2	1	2
8	89465232	97419531	3	2	1	2
8	97419532	98355791	2	1	1	2
8	98355792	98539978	3	2	1	2
8	98539979	98595121	4	3	1	2
8	98595122	126390724	3	2	1	2
8	126390725	126418368	3	2	1	2
8	126418369	131857957	3	2	1	2
8	131857958	131897459	3	2	1	2
8	131897460	134403174	3	2	1	2
8	134403175	146245976	2	1	1	2
8	146245977	146283217	3	2	1	2
9	47500	204849	4	2	2	2
9	204850	5152843	4	2	2	2
9	5152844	6614998	3	2	1	2
9	6614999	12760324	6	4	2	2
9	12760325	12801284	9	7	2	2
9	12801285	15606937	6	4	2	2
9	15606938	21962459	6	4	2	2
9	21962460	21981213	6	4	2	2
9	21981214	24325782	6	4	2	2
9	24325783	24333522	6	4	2	2
9	24333523	26246748	6	4	2	2
9	26246749	26319655	6	4	2	2
9	26319656	27381927	6	4	2	2
9	27381928	32261831	5	3	2	2
9	32261832	36677081	3	2	1	2
9	36677082	36705875	2	1	1	2
9	36705876	36709651	2	1	1	2
9	36709652	47299999	2	1	1	2
9	47300000	50699999	2	1	1	2
9	50700000	81616415	2	1	1	2
9	81616416	81621168	2	1	1	2
9	81621169	89712756	2	1	1	2
9	89712757	89743598	3	2	1	2
9	89743599	90570101	2	1	1	3
9	90570102	100478491	2	1	1	3
9	100478492	100724685	3	2	1	2
9	100724686	114362674	2	1	1	2
9	114362675	114369825	2	1	1	2
9	114369826	120280283	2	1	1	2
9	120280284	120280940	2	1	1	2
9	120280941	121920849	2	1	1	2
9	121920850	121922005	2	1	1	2
9	121922006	131234261	2	1	1	2
9	131234262	131268839	2	1	1	2
9	131268840	132568897	2	1	1	2
9	132568898	132573279	2	1	1	2
9	132573280	140273200	2	1	1	2
9	140273201	140379899	2	1	1	2
10	94426	37999999	1	1	0	2
10	38000000	42448660	NA	NA	NA	NA
10	42448661	42498659	2	1	1	2
10	42498660	42502008	2	1	1	2
10	42502009	50841500	2	1	1	3
10	50841501	50843746	2	1	1	3
10	50843747	52996024	2	1	1	3
10	52996025	53007336	2	1	1	1
10	53007337	57011092	2	1	1	3
10	57011093	57012243	2	1	1	2
10	57012244	65695504	2	1	1	3
10	65695505	65781274	1	1	0	2
10	65781275	74577562	2	1	1	3
10	74577563	74599004	2	1	1	3
10	74599005	75630799	2	1	1	3
10	75630800	89790343	3	2	1	3
10	89790344	108596003	1	1	0	3
10	108596004	108600858	1	1	0	2
10	108600859	115942523	1	1	0	3
10	115942524	129311520	2	2	0	3
10	129311521	129332094	4	4	0	2
10	129332095	131768571	2	2	0	3
10	131768572	131775995	2	2	0	1
10	131775996	131984753	2	2	0	3
10	131984754	135389924	1	1	0	3
11	20721	197556	1	1	0	2
11	197557	10437733	1	1	0	3
11	10437734	10444132	1	1	0	2
11	10444133	20892347	1	1	0	3
11	20892348	27168019	3	2	1	3
11	27168020	27180481	3	2	1	3
11	27180482	29671818	3	2	1	3
11	29671819	29765172	3	2	1	2
11	29765173	29772843	5	4	1	2
11	29772844	31106091	3	2	1	2
11	31106092	31125149	4	3	1	2
11	31125150	34007798	3	2	1	3
11	34007799	34740713	2	1	1	3
11	34740714	34751696	2	1	1	3
11	34751697	36468765	2	1	1	3
11	36468766	36471192	2	1	1	3
11	36471193	47014256	2	1	1	3
11	47014257	48255090	1	1	0	3
11	48255091	50669390	2	1	1	2
11	50669391	50670950	2	1	1	2
11	50670951	55699999	2	1	1	2
11	55700000	69467872	2	1	1	3
11	69467873	75713825	3	2	1	2
11	75713826	83679160	2	2	0	3
11	83679161	83960261	1	1	0	2
11	83960262	84034674	2	2	0	2
11	84034675	86439873	1	1	0	2
11	86439874	87585004	2	1	1	2
11	87585005	87588875	3	2	1	2
11	87588876	108754832	2	1	1	2
11	108754833	108761600	2	1	1	2
11	108761601	126365998	2	1	1	2
11	126365999	126427460	3	2	1	2
11	126427461	128643544	2	1	1	2
11	128643545	134452200	1	1	0	2
12	110107	18910079	2	1	1	3
12	18910080	18917281	2	1	1	3
12	18917282	30659854	2	1	1	3
12	30659855	30667369	2	1	1	2
12	30667370	33299999	2	1	1	3
12	33300000	38199999	2	1	1	2
12	38200000	53338122	2	1	1	3
12	53338123	53354951	2	1	1	2
12	53354952	54826451	2	1	1	3
12	54826452	54835078	2	1	1	3
12	54835079	63298316	2	1	1	3
12	63298317	63310233	3	2	1	2
12	63310234	82634570	2	1	1	3
12	82634571	82642593	2	1	1	3
12	82642594	95171054	2	1	1	3
12	95171055	95206534	1	1	0	2
12	95206535	102416069	2	1	1	3
12	102416070	103007032	1	1	0	3
12	103007033	103149401	2	1	1	3
12	103149402	103150116	2	1	1	3
12	103150117	107051252	2	1	1	3
12	107051253	107051273	2	1	1	3
12	107051274	107939125	2	1	1	3
12	107939126	108823499	1	1	0	3
12	108823500	108854377	2	2	0	2
12	108854378	132349400	1	1	0	3
12	132349401	133851894	1	1	0	3
13	1	16299999	1	1	0	1
13	16300000	19499999	1	1	0	2
13	19500000	27231211	1	1	0	3
13	27231212	33615929	2	2	0	2
13	33615930	33626426	4	4	0	2
13	33626427	49036640	2	2	0	2
13	49036641	49188965	2	2	0	1
13	49188966	84032985	2	2	0	2
13	84032986	84034130	2	2	0	1
13	84034131	114142800	2	2	0	2
13	114142801	115169877	2	2	0	2
14	1	16099999	2	1	1	1
14	16100000	19099999	2	1	1	2
14	19100000	19502985	2	1	1	2
14	19502986	20547474	2	1	1	2
14	20547475	20550431	1	1	0	3
14	20550432	20704982	1	1	0	3
14	20704983	22980033	2	1	1	2
14	22980034	28004930	2	1	1	3
14	28004931	28004954	2	1	1	3
14	28004955	28928551	2	1	1	3
14	28928552	28931739	2	1	1	2
14	28931740	31374624	2	1	1	3
14	31374625	31389225	2	1	1	3
14	31389226	34711305	2	1	1	3
14	34711306	46517820	1	1	0	3
14	46517821	54390705	2	1	1	3
14	54390706	61489233	1	1	0	3
14	61489234	62151965	1	1	0	3
14	62151966	62230467	2	2	0	3
14	62230468	73319724	1	1	0	3
14	73319725	73372209	2	2	0	2
14	73372210	73391238	3	3	0	2
14	73391239	78751763	2	2	0	2
14	78751764	78753642	2	2	0	2
14	78753643	84968819	2	2	0	2
14	84968820	84970715	2	2	0	2
14	84970716	98009159	2	2	0	2
14	98009160	98009340	2	2	0	2
14	98009341	106147500	2	2	0	2
14	106147501	106368400	2	2	0	3
15	1	15799999	2	1	1	1
15	15800000	20699999	2	1	1	2
15	20700000	25666993	2	1	1	2
15	25666994	25691743	3	2	1	2
15	25691744	26175853	2	1	1	2
15	26175854	26178820	2	1	1	2
15	26178821	58174957	2	1	1	2
15	58174958	58185839	3	2	1	2
15	58185840	73661443	2	1	1	3
15	73661444	73674344	2	1	1	3
15	73674345	75625187	2	1	1	3
15	75625188	78154893	1	1	0	3
15	78154894	78229663	2	2	0	2
15	78229664	82300644	1	1	0	3
15	82300645	82323581	1	1	0	2
15	82323582	89161307	1	1	0	3
15	89161308	89161630	1	1	0	3
15	89161631	96465212	1	1	0	2
15	96465213	100784643	2	2	0	2
15	100784644	100797868	2	2	0	1
15	100797869	102381867	2	2	0	3
15	102381868	102394783	2	2	0	2
16	84870	15711458	2	1	1	3
16	15711459	15833737	2	1	1	2
16	15833738	34599999	2	1	1	3
16	34600000	38599999	2	1	1	2
16	38600000	64027333	2	1	1	3
16	64027334	72491821	2	1	1	3
16	72491822	72524831	2	1	1	2
16	72524832	88827200	2	1	1	3
16	88827201	90354752	2	1	1	3
17	30316	5049384	2	2	0	3
17	5049385	5049409	2	2	0	3
17	5049410	5060484	2	2	0	2
17	5060485	22199999	1	1	0	3
17	22200000	25799999	1	1	0	3
17	25800000	29655992	1	1	0	3
17	29655993	29665485	1	1	0	3
17	29665486	31412752	1	1	0	3
17	31412753	31419339	1	1	0	3
17	31419340	34185168	1	1	0	3
17	34185169	34192854	1	1	0	3
17	34192855	78774600	1	1	0	3
17	78774601	81195209	1	1	0	3
18	27500	15399999	2	1	1	3
18	15400000	18999999	NA	NA	NA	NA
18	19000000	22200192	3	2	1	3
18	22200193	27510854	2	1	1	3
18	27510855	27915219	1	1	0	1
18	27915220	28402116	2	1	1	3
18	28402117	28413019	2	1	1	1
18	28413020	39400443	2	1	1	3
18	39400444	40030387	3	2	1	3
18	40030388	40042290	4	3	1	2
18	40042291	49697583	2	1	1	3
18	49697584	49705944	2	1	1	1
18	49705945	60048737	2	1	1	2
18	60048738	60051188	2	1	1	2
18	60051189	76191351	2	1	1	2
18	76191352	76193060	2	1	1	2
18	76193061	78077247	2	1	1	2
19	102500	277869	1	1	0	2
19	277870	9227805	1	1	0	3
19	9227806	24399999	2	1	1	2
19	24400000	28599999	2	1	1	2
19	28600000	32848617	2	1	1	2
19	32848618	32859669	2	1	1	2
19	32859670	40897058	2	1	1	2
19	40897059	41976658	2	1	1	2
19	41976659	41981205	2	1	1	2
19	41981206	44706745	2	1	1	2
19	44706746	44721894	2	1	1	2
19	44721895	59128982	2	1	1	2
20	24347	25599999	2	1	1	2
20	25600000	29399999	2	1	1	2
20	29400000	36107404	2	1	1	2
20	36107405	36118892	2	1	1	2
20	36118893	53756762	2	1	1	2
20	53756763	55105290	4	3	1	2
20	55105291	55109799	3	2	1	2
20	55109800	58873921	4	3	1	2
20	58873922	58889973	4	3	1	2
20	58889974	62825811	3	2	1	2
20	62825812	62829208	3	2	1	3
21	1	9871795	NA	NA	NA	NA
21	9871796	10899999	NA	NA	NA	NA
21	10900000	14299999	2	1	1	2
21	14300000	17539817	2	1	1	3
21	17539818	18562448	1	1	0	3
21	18562449	19054102	2	1	1	3
21	19054103	19055246	2	1	1	3
21	19055247	22398474	2	1	1	3
21	22398475	22398928	2	1	1	3
21	22398929	31978704	2	1	1	3
21	31978705	31989441	2	1	1	2
21	31989442	35116081	2	1	1	3
21	35116082	35172435	2	1	1	1
21	35172436	36173965	2	1	1	3
21	36173966	36289136	1	1	0	2
21	36289137	36896469	2	1	1	3
21	36896470	36897219	2	1	1	2
21	36897220	36915121	2	1	1	3
21	36915122	39689974	3	2	1	3
21	39689975	40091316	2	1	1	3
21	40091317	40113872	1	1	0	2
21	40113873	40118164	2	1	1	2
21	40118165	40122043	1	1	0	2
21	40122044	40367877	2	1	1	2
21	40367878	40914873	3	2	1	3
21	40914874	40983476	2	1	1	2
21	40983477	43599045	1	1	0	3
21	43599046	45802435	2	1	1	3
21	45802436	46937500	1	1	0	3
21	46937501	48129894	1	1	0	3
22	1	12199999	4	3	1	1
22	12200000	17899999	4	3	1	2
22	17900000	17947991	4	3	1	2
22	17947992	18823201	5	4	1	2
22	18823202	22544992	2	1	1	3
22	22544993	30810280	1	1	0	3
22	30810281	30819106	1	1	0	3
22	30819107	40357588	1	1	0	3
22	40357589	40362163	1	1	0	3
22	40362164	49691400	1	1	0	3
22	49691401	51304565	1	1	0	3
X	1	58099999	1	1	0	2
X	58100000	62999999	1	1	0	2
X	63000000	87453629	1	1	0	2
X	87453630	87454733	0	0	0	2
X	87454734	98368606	1	1	0	2
X	98368607	98395179	2	2	0	2
X	98395180	133438757	1	1	0	2
X	133438758	133448029	1	1	0	2
X	133448030	147589314	1	1	0	2
X	147589315	147594449	2	2	0	2
X	147594450	154913600	1	1	0	2
