chromosome	start	end	total_cn	major_cn	minor_cn	star
1	1	840008	2	2	0	2
1	840009	12967714	2	2	0	3
1	12967715	72569503	2	2	0	3
1	72569504	72680244	1	1	0	2
1	72680245	121117500	2	2	0	3
1	121117501	128899999	2	2	0	3
1	128900000	142680801	2	2	0	2
1	142680802	149663742	2	1	1	2
1	149663743	193994766	2	1	1	3
1	193994767	193996859	2	1	1	1
1	193996860	198082549	3	2	1	2
1	198082550	205460020	4	2	2	2
1	205460021	213956449	3	2	1	3
1	213956450	216783762	1	1	0	3
1	216783763	224904671	2	2	0	3
1	224904672	224916330	2	2	0	1
1	224916331	247247500	2	2	0	3
1	247247501	249250620	2	2	0	3
2	54197	22349611	2	2	0	3
2	22349612	22350641	2	2	0	2
2	22350642	42960001	2	2	0	3
2	42960002	57600435	3	3	0	3
2	57600436	57652396	3	3	0	2
2	57652397	57655115	2	2	0	1
2	57655116	76134422	2	2	0	3
2	76134423	76134457	2	2	0	2
2	76134458	79176932	2	2	0	2
2	79176933	82529219	7	5	2	2
2	82529220	82531362	7	5	2	2
2	82531363	86491554	7	5	2	2
2	86491555	86492098	7	5	2	2
2	86492099	86634812	3	2	1	2
2	86634813	89295013	3	2	1	2
2	89295014	89303534	2	1	1	1
2	89303535	90499999	2	1	1	1
2	90500000	96799999	NA	NA	NA	NA
2	96800000	97260929	4	2	2	2
2	97260930	118664645	3	2	1	3
2	118664646	118670218	3	2	1	1
2	118670219	134146529	3	2	1	2
2	134146530	134238440	4	2	2	2
2	134238441	142301008	3	2	1	2
2	142301009	143177182	4	2	2	2
2	143177183	144016901	5	3	2	3
2	144016902	144017576	5	3	2	2
2	144017577	149368156	3	2	1	2
2	149368157	149370444	3	2	1	2
2	149370445	149371506	3	2	1	2
2	149371507	149371539	3	2	1	2
2	149371540	159795332	3	2	1	3
2	159795333	161169993	4	3	1	2
2	161169994	161173382	2	1	1	1
2	161173383	206159471	2	1	1	3
2	206159472	206160371	2	1	1	3
2	206160372	209838850	2	1	1	3
2	209838851	215214326	3	2	1	2
2	215214327	215235156	2	1	1	2
2	215235157	215237032	2	1	1	2
2	215237033	224575744	2	1	1	3
2	224575745	224577034	2	1	1	3
2	224577035	242989444	2	1	1	3
3	100074	162245	1	1	0	2
3	162246	2697401	1	1	0	3
3	2697402	3984992	3	3	0	2
3	3984993	11549912	2	2	0	3
3	11549913	11600420	1	1	0	2
3	11600421	13664198	2	2	0	3
3	13664199	13664535	2	2	0	1
3	13664536	13665572	2	2	0	1
3	13665573	22020951	1	1	0	3
3	22020952	29499143	2	2	0	3
3	29499144	33708878	3	3	0	2
3	33708879	60320874	2	2	0	3
3	60320875	60378144	1	1	0	2
3	60378145	60436949	2	2	0	3
3	60436950	60444734	1	1	0	2
3	60444735	83079955	2	2	0	3
3	83079956	85540964	1	1	0	3
3	85540965	87899999	2	1	1	3
3	87900000	93899999	NA	NA	NA	NA
3	93900000	104908202	2	2	0	3
3	104908203	109256079	2	2	0	2
3	109256080	123595202	3	2	1	3
3	123595203	123595418	3	2	1	2
3	123595419	197847500	3	2	1	3
4	27500	2331209	2	1	1	3
4	2331210	2331240	2	1	1	3
4	2331241	15532808	2	1	1	3
4	15532809	15574940	2	1	1	1
4	15574941	31567758	2	1	1	3
4	31567759	48199999	5	4	1	3
4	48200000	52699999	5	4	1	2
4	52700000	56356578	5	4	1	3
4	56356579	57646695	5	4	1	3
4	57646696	57647912	5	4	1	2
4	57647913	57699913	10	9	1	1
4	57699914	57710361	10	9	1	1
4	57710362	57742204	9	8	1	1
4	57742205	57771801	7	6	1	2
4	57771802	57771920	7	6	1	2
4	57771921	57772236	7	6	1	2
4	57772237	57786083	9	7	2	1
4	57786084	57806302	7	6	1	2
4	57806303	57809991	9	7	2	1
4	57809992	57854851	7	6	1	2
4	57854852	57936031	7	6	1	2
4	57936032	57936329	7	6	1	1
4	57936330	57991035	8	7	1	2
4	57991036	57991514	7	6	1	1
4	57991515	58018105	7	6	1	2
4	58018106	69109133	2	1	1	3
4	69109134	69322653	2	1	1	2
4	69322654	69332660	2	1	1	2
4	69332661	89516193	2	1	1	3
4	89516194	89520744	2	1	1	2
4	89520745	136216565	2	1	1	3
4	136216566	136218548	2	1	1	2
4	136218549	190987500	2	1	1	3
5	22500	807921	7	5	2	2
5	807922	8279370	7	5	2	2
5	8279371	8531768	13	11	2	1
5	8531769	10538651	7	5	2	2
5	10538652	10538823	5	3	2	2
5	10538824	10540403	8	6	2	2
5	10540404	10851424	7	5	2	2
5	10851425	10851545	8	6	2	2
5	10851546	10851570	8	6	2	1
5	10851571	12060354	5	3	2	1
5	12060355	12068706	5	3	2	1
5	12068707	13395393	5	3	2	2
5	13395394	13398752	3	2	1	2
5	13398753	34482275	4	2	2	2
5	34482276	34897171	2	2	0	2
5	34897172	34902459	2	2	0	2
5	34902460	35025278	2	2	0	2
5	35025279	35025651	2	2	0	2
5	35025652	35025871	4	3	1	1
5	35025872	35028404	4	3	1	1
5	35028405	35033230	2	2	0	2
5	35033231	35036196	2	2	0	2
5	35036197	35036766	4	3	1	1
5	35036767	35036885	2	2	0	2
5	35036886	35063517	2	2	0	2
5	35063518	35076017	4	3	1	2
5	35076018	35076427	4	3	1	2
5	35076428	35082204	2	2	0	1
5	35082205	35957079	2	2	0	2
5	35957080	35957217	2	2	0	2
5	35957218	36151390	2	2	0	2
5	36151391	36155451	2	2	0	2
5	36155452	36198004	2	2	0	2
5	36198005	36200951	2	2	0	2
5	36200952	36201007	2	2	0	2
5	36201008	36202576	2	2	0	2
5	36202577	36204965	3	3	0	2
5	36204966	36205198	2	2	0	2
5	36205199	36205450	2	2	0	2
5	36205451	36206714	2	2	0	2
5	36206715	36210360	2	2	0	2
5	36210361	36212650	2	2	0	2
5	36212651	36212699	2	2	0	2
5	36212700	36267550	2	2	0	2
5	36267551	36272877	4	2	2	2
5	36272878	36274695	5	3	2	1
5	36274696	36308802	4	2	2	2
5	36308803	36820647	2	2	0	2
5	36820648	36821799	2	2	0	2
5	36821800	36821928	5	3	2	2
5	36821929	39741350	4	2	2	2
5	39741351	40394802	11	9	2	1
5	40394803	43006945	8	6	2	2
5	43006946	43183774	8	6	2	2
5	43183775	43645506	6	4	2	2
5	43645507	43703631	6	4	2	1
5	43703632	43751278	6	4	2	2
5	43751279	43751383	6	4	2	2
5	43751384	43752021	6	4	2	2
5	43752022	43752445	6	4	2	2
5	43752446	43769903	6	4	2	1
5	43769904	43769976	6	4	2	1
5	43769977	43953784	6	4	2	1
5	43953785	43956726	6	4	2	1
5	43956727	43959710	7	4	3	2
5	43959711	43981413	8	6	2	2
5	43981414	43981564	8	6	2	2
5	43981565	43981961	8	6	2	1
5	43981962	43991923	7	5	2	2
5	43991924	44441438	5	3	2	2
5	44441439	44481343	5	3	2	2
5	44481344	44483676	5	3	2	2
5	44483677	44672577	5	3	2	2
5	44672578	44675311	6	4	2	1
5	44675312	44676795	5	3	2	2
5	44676796	44678208	5	3	2	2
5	44678209	44678257	5	3	2	2
5	44678258	44683494	5	3	2	2
5	44683495	44688513	6	4	2	1
5	44688514	44688701	5	3	2	2
5	44688702	44688735	5	3	2	2
5	44688736	44689269	5	3	2	2
5	44689270	44690759	5	3	2	2
5	44690760	44697336	5	3	2	2
5	44697337	44708037	8	6	2	1
5	44708038	44708079	8	6	2	1
5	44708080	44762034	8	6	2	1
5	44762035	44762894	8	6	2	1
5	44762895	44765856	6	4	2	1
5	44765857	44769771	6	4	2	1
5	44769772	44770626	6	4	2	2
5	44770627	44770771	6	4	2	2
5	44770772	44771309	6	4	2	1
5	44771310	44771534	6	4	2	1
5	44771535	44774415	6	4	2	1
5	44774416	44977620	5	3	2	2
5	44977621	44979165	6	4	2	2
5	44979166	44979179	6	4	2	1
5	44979180	44984121	8	6	2	1
5	44984122	44987033	8	6	2	1
5	44987034	44989686	8	6	2	1
5	44989687	44991056	8	6	2	1
5	44991057	44996991	8	6	2	1
5	44996992	45308368	8	6	2	2
5	45308369	45317967	5	3	2	2
5	45317968	45514334	5	3	2	2
5	45514335	45710769	21	17	4	1
5	45710770	45710962	21	17	4	1
5	45710963	45711921	21	17	4	1
5	45711922	45712631	21	17	4	1
5	45712632	45727024	21	17	4	1
5	45727025	45729466	21	17	4	1
5	45729467	45741173	21	17	4	1
5	45741174	45801309	21	17	4	1
5	45801310	45801497	21	17	4	1
5	45801498	45806515	21	17	4	1
5	45806516	45808330	21	17	4	1
5	45808331	45904280	21	17	4	1
5	45904281	45904640	5	4	1	1
5	45904641	45905784	5	4	1	1
5	45905785	46099999	5	4	1	1
5	46100000	50699999	NA	NA	NA	NA
5	50700000	58098601	2	2	0	2
5	58098602	58098800	2	2	0	2
5	58098801	77966742	2	2	0	3
5	77966743	77967991	2	2	0	2
5	77967992	92983867	2	2	0	2
5	92983868	92984784	2	2	0	2
5	92984785	141943432	2	2	0	3
5	141943433	141945964	2	2	0	2
5	141945965	162503081	2	2	0	3
5	162503082	162504370	2	2	0	2
5	162504371	180685900	2	2	0	3
6	39681	203396	3	2	1	1
6	203397	7540611	3	2	1	3
6	7540612	7541425	3	2	1	3
6	7541426	20155338	3	2	1	3
6	20155339	38449954	2	2	0	3
6	38449955	38602467	6	4	2	2
6	38602468	38604446	6	4	2	2
6	38604447	38606222	4	2	2	2
6	38606223	38618711	4	2	2	2
6	38618712	42968243	4	2	2	2
6	42968244	42968375	4	2	2	2
6	42968376	43357180	3	2	1	1
6	43357181	43357588	3	2	1	2
6	43357589	57264992	3	2	1	2
6	57264993	58183200	4	2	2	2
6	58183201	58529326	5	3	2	2
6	58529327	58563342	6	4	2	2
6	58563343	58662601	6	4	2	2
6	58662602	63299999	NA	NA	NA	NA
6	63300000	63497701	4	2	2	2
6	63497702	64929947	5	3	2	2
6	64929948	67839963	3	2	1	3
6	67839964	103554136	2	1	1	3
6	103554137	103554884	2	1	1	2
6	103554885	120296588	2	1	1	2
6	120296589	120296894	2	1	1	2
6	120296895	120298121	2	1	1	2
6	120298122	120298309	2	1	1	2
6	120298310	170899800	2	1	1	3
7	40386	11539327	3	2	1	2
7	11539328	11540093	3	2	1	3
7	11540094	12565350	3	2	1	2
7	12565351	12565839	3	2	1	2
7	12565840	16149998	3	2	1	2
7	16149999	16151863	3	2	1	2
7	16151864	27123212	3	2	1	2
7	27123213	27173586	3	2	1	2
7	27173587	32791837	3	2	1	2
7	32791838	32796393	2	1	1	3
7	32796394	32930435	2	1	1	3
7	32930436	32930477	2	1	1	2
7	32930478	45737650	2	1	1	3
7	45737651	48605474	3	2	1	2
7	48605475	48605752	3	2	1	2
7	48605753	48606382	3	2	1	2
7	48606383	48606555	3	2	1	2
7	48606556	57974418	3	2	1	2
7	57974419	62125523	NA	NA	NA	NA
7	62125524	62480952	4	2	2	2
7	62480953	63753822	3	2	1	2
7	63753823	66055795	2	1	1	3
7	66055796	66068615	3	2	1	2
7	66068616	66078833	3	2	1	1
7	66078834	66085356	2	1	1	2
7	66085357	66131781	3	2	1	3
7	66131782	66609564	1	1	0	3
7	66609565	69142194	2	1	1	2
7	69142195	69486979	1	1	0	2
7	69486980	81986802	2	1	1	3
7	81986803	82430043	3	2	1	2
7	82430044	84448722	7	6	1	2
7	84448723	84821856	8	7	1	2
7	84821857	92388317	6	5	1	3
7	92388318	92389492	6	5	1	2
7	92389493	92654729	6	5	1	2
7	92654730	92659712	6	5	1	2
7	92659713	92689582	2	1	1	1
7	92689583	92691383	2	1	1	1
7	92691384	108837612	2	1	1	3
7	108837613	108840073	2	1	1	3
7	108840074	135100401	2	1	1	3
7	135100402	135104021	2	1	1	3
7	135104022	158821400	2	1	1	3
8	1	159285	1	1	0	2
8	159286	3150996	1	1	0	3
8	3150997	3583508	0	0	0	2
8	3583509	18055302	1	1	0	3
8	18055303	18059026	1	1	0	2
8	18059027	35128283	1	1	0	3
8	35128284	39704619	2	2	0	3
8	39704620	39713731	2	2	0	2
8	39713732	41226363	3	2	1	2
8	41226364	41226402	3	2	1	2
8	41226403	41239762	3	2	1	2
8	41239763	42741583	2	2	0	2
8	42741584	42744232	2	2	0	2
8	42744233	43099999	8	6	2	2
8	43100000	48099999	NA	NA	NA	NA
8	48100000	113704744	3	2	1	2
8	113704745	113865798	2	2	0	2
8	113865799	126761411	3	2	1	2
8	126761412	126762174	3	2	1	2
8	126762175	126900190	8	7	1	1
8	126900191	126923482	9	8	1	1
8	126923483	126923576	9	8	1	1
8	126923577	126925085	9	8	1	1
8	126925086	126927329	9	8	1	1
8	126927330	126929080	9	8	1	1
8	126929081	126985048	9	8	1	1
8	126985049	127092078	8	7	1	2
8	127092079	127093123	9	8	1	1
8	127093124	127095649	21	20	1	1
8	127095650	127095929	21	20	1	1
8	127095930	127096191	21	20	1	1
8	127096192	127096312	21	20	1	1
8	127096313	127096559	21	20	1	1
8	127096560	127097219	21	20	1	1
8	127097220	127100763	21	20	1	1
8	127100764	127105985	21	20	1	1
8	127105986	127118995	21	20	1	1
8	127118996	127152743	21	20	1	1
8	127152744	127295685	31	30	1	2
8	127295686	127346535	29	28	1	1
8	127346536	127514990	15	14	1	1
8	127514991	127983870	14	13	1	1
8	127983871	128090823	15	14	1	2
8	128090824	128094488	24	23	1	2
8	128094489	128094607	24	23	1	2
8	128094608	128095605	24	23	1	2
8	128095606	128095930	24	23	1	2
8	128095931	128097809	24	23	1	2
8	128097810	128098679	24	23	1	2
8	128098680	128101130	24	23	1	2
8	128101131	128101367	24	23	1	2
8	128101368	128112189	24	23	1	2
8	128112190	128113294	24	23	1	2
8	128113295	128412734	17	16	1	1
8	128412735	128415037	24	23	1	2
8	128415038	128882872	17	16	1	1
8	128882873	130276102	7	6	1	2
8	130276103	130279649	7	6	1	2
8	130279650	130429552	20	19	1	1
8	130429553	130435279	20	19	1	1
8	130435280	130435535	20	19	1	1
8	130435536	130435591	20	19	1	1
8	130435592	130436732	20	19	1	1
8	130436733	130439765	20	19	1	1
8	130439766	130441260	20	19	1	1
8	130441261	130562722	22	21	1	1
8	130562723	130566399	3	2	1	2
8	130566400	130852563	22	21	1	1
8	130852564	130855018	22	21	1	1
8	130855019	132339965	7	6	1	2
8	132339966	132564315	3	2	1	2
8	132564316	133480470	5	4	1	2
8	133480471	133695317	19	18	1	1
8	133695318	134887806	5	4	1	2
8	134887807	135113368	5	4	1	2
8	135113369	135119925	6	5	1	2
8	135119926	135121617	8	7	1	1
8	135121618	135126248	8	7	1	1
8	135126249	135130132	8	7	1	1
8	135130133	135131065	8	7	1	1
8	135131066	135131267	8	7	1	1
8	135131268	135295074	7	6	1	2
8	135295075	135297534	7	6	1	2
8	135297535	135318985	5	4	1	1
8	135318986	135319009	5	4	1	1
8	135319010	135319213	5	4	1	2
8	135319214	137057242	5	4	1	2
8	137057243	137058288	3	2	1	2
8	137058289	137526935	4	3	1	2
8	137526936	138808105	4	3	1	2
8	138808106	139202674	4	3	1	2
8	139202675	139204202	11	9	2	2
8	139204203	139207010	3	2	1	1
8	139207011	139208790	3	2	1	1
8	139208791	139210356	3	2	1	1
8	139210357	139211323	3	2	1	1
8	139211324	139211410	3	2	1	1
8	139211411	139212943	3	2	1	2
8	139212944	139214680	3	2	1	2
8	139214681	146364021	3	2	1	2
9	47500	214718	1	1	0	2
9	214719	1051555	1	1	0	3
9	1051556	7743461	6	6	0	2
9	7743462	8081359	3	3	0	2
9	8081360	8084931	2	2	0	2
9	8084932	8493933	3	3	0	2
9	8493934	8494324	19	19	0	1
9	8494325	9562089	1	1	0	2
9	9562090	9564168	1	1	0	2
9	9564169	12706787	1	1	0	3
9	12706788	12708605	3	3	0	1
9	12708606	13253588	3	3	0	2
9	13253589	13255357	5	5	0	2
9	13255358	14300953	3	3	0	2
9	14300954	14300992	7	7	0	2
9	14300993	14304793	5	5	0	1
9	14304794	14305225	5	5	0	1
9	14305226	15140412	5	5	0	3
9	15140413	15142323	5	5	0	2
9	15142324	15368775	5	5	0	2
9	15368776	15656049	6	6	0	2
9	15656050	15657186	6	6	0	2
9	15657187	28517398	2	2	0	3
9	28517399	28568251	2	2	0	2
9	28568252	28808426	2	2	0	2
9	28808427	28840116	2	2	0	2
9	28840117	44053801	2	2	0	3
9	44053802	44242801	3	3	0	1
9	44242802	46870116	3	3	0	1
9	46870117	50699999	3	3	0	1
9	50700000	66315401	3	3	0	1
9	66315402	66317801	3	3	0	1
9	66317802	73956805	3	3	0	3
9	73956806	73958917	3	3	0	2
9	73958918	90082428	3	3	0	3
9	90082429	90087577	3	3	0	1
9	90087578	97878418	3	3	0	3
9	97878419	97880129	3	3	0	3
9	97880130	140273200	3	3	0	3
9	140273201	141031439	3	3	0	3
10	94426	37999999	2	1	1	3
10	38000000	42413856	2	1	1	2
10	42413857	42414829	2	1	1	2
10	42414830	42435419	2	1	1	1
10	42435420	43203401	2	1	1	3
10	43203402	46972461	5	4	1	2
10	46972462	47067499	3	2	1	1
10	47067500	47746922	4	3	1	2
10	47746923	51449902	2	1	1	3
10	51449903	51723814	5	4	1	2
10	51723815	53223430	2	1	1	3
10	53223431	53225411	2	1	1	1
10	53225412	53967288	4	3	1	2
10	53967289	56458794	3	2	1	3
10	56458795	58935897	2	1	1	3
10	58935898	59143759	3	2	1	2
10	59143760	59206565	8	6	2	2
10	59206566	59209115	3	2	1	2
10	59209116	59718717	3	2	1	3
10	59718718	118352393	2	1	1	3
10	118352394	118354471	2	1	1	3
10	118354472	135389924	2	1	1	3
11	20721	234537	2	2	0	2
11	234538	10195188	2	2	0	3
11	10195189	10219834	19	16	3	1
11	10219835	10744570	19	16	3	1
11	10744571	10853665	14	12	2	1
11	10853666	11455263	11	9	2	1
11	11455264	13537620	10	8	2	1
11	13537621	13539086	12	10	2	1
11	13539087	13901897	11	9	2	2
11	13901898	13927501	12	10	2	2
11	13927502	14061532	11	9	2	2
11	14061533	14209551	5	3	2	2
11	14209552	14552286	10	8	2	1
11	14552287	14749328	8	6	2	2
11	14749329	14851950	8	6	2	2
11	14851951	14854597	8	6	2	3
11	14854598	15233195	8	6	2	2
11	15233196	15814402	7	5	2	2
11	15814403	15816383	7	5	2	2
11	15816384	16803598	7	5	2	2
11	16803599	16807648	7	5	2	2
11	16807649	16819013	7	5	2	2
11	16819014	17446404	7	5	2	2
11	17446405	34075950	3	2	1	3
11	34075951	34081190	3	2	1	1
11	34081191	51599999	3	2	1	3
11	51600000	55699999	3	2	1	2
11	55700000	68236202	3	2	1	3
11	68236203	68237686	3	2	1	1
11	68237687	68244490	4	2	2	1
11	68244491	68267517	4	2	2	1
11	68267518	68920037	16	15	1	1
11	68920038	69902706	12	11	1	1
11	69902707	69949620	30	29	1	1
11	69949621	70004800	25	24	1	2
11	70004801	70006072	27	26	1	1
11	70006073	70013114	30	29	1	1
11	70013115	70645655	30	29	1	1
11	70645656	70677039	28	27	1	1
11	70677040	70797792	28	27	1	1
11	70797793	70800526	28	27	1	1
11	70800527	70800786	28	27	1	1
11	70800787	71048042	28	27	1	1
11	71048043	71048652	28	27	1	1
11	71048653	71162756	49	48	1	1
11	71162757	71163803	49	48	1	1
11	71163804	71354801	44	43	1	1
11	71354802	71409629	2	1	1	1
11	71409630	72272233	2	1	1	2
11	72272234	80488038	12	11	1	1
11	80488039	80489876	3	2	1	2
11	80489877	82277547	3	2	1	2
11	82277548	82278259	4	3	1	2
11	82278260	82371041	1	1	0	3
11	82371042	82775788	3	2	1	1
11	82775789	82972394	1	1	0	2
11	82972395	83543447	3	2	1	3
11	83543448	87033640	1	1	0	2
11	87033641	87074146	3	2	1	2
11	87074147	87489836	1	1	0	3
11	87489837	104104575	2	2	0	3
11	104104576	104105233	2	2	0	3
11	104105234	134452200	2	2	0	3
12	110107	27748819	3	2	1	2
12	27748820	27750465	4	3	1	2
12	27750466	28384069	3	2	1	2
12	28384070	28384462	3	2	1	1
12	28384463	28385263	4	2	2	2
12	28385264	33299999	4	2	2	3
12	33300000	38199999	4	2	2	2
12	38200000	42883895	4	2	2	3
12	42883896	65296435	3	2	1	3
12	65296436	65297136	3	2	1	3
12	65297137	72585361	3	2	1	2
12	72585362	72586892	3	2	1	2
12	72586893	74244679	3	2	1	3
12	74244680	74245338	3	2	1	2
12	74245339	74246022	3	2	1	1
12	74246023	132349400	2	1	1	3
12	132349401	133851894	2	1	1	3
13	1	16299999	7	7	0	1
13	16300000	19499999	7	7	0	2
13	19500000	20399458	7	7	0	2
13	20399459	20400263	7	7	0	2
13	20400264	20624250	3	3	0	1
13	20624251	35254139	3	3	0	2
13	35254140	42415952	5	5	0	2
13	42415953	47311803	3	3	0	3
13	47311804	47314390	3	3	0	2
13	47314391	57901804	3	3	0	2
13	57901805	61054790	4	4	0	2
13	61054791	61137805	5	5	0	2
13	61137806	63244927	3	3	0	2
13	63244928	63329990	2	2	0	2
13	63329991	87870187	1	1	0	2
13	87870188	93888546	2	2	0	2
13	93888547	94283975	1	1	0	2
13	94283976	94393837	2	2	0	2
13	94393838	94435953	2	2	0	1
13	94435954	94436721	1	1	0	2
13	94436722	94469189	2	2	0	1
13	94469190	94510447	2	2	0	2
13	94510448	94530643	2	2	0	2
13	94530644	94552499	2	2	0	2
13	94552500	114142800	2	2	0	3
13	114142801	115169877	2	2	0	2
14	1	16099999	NA	NA	NA	NA
14	16100000	19099999	2	2	0	1
14	19100000	20334145	2	2	0	1
14	20334146	20335738	2	2	0	1
14	20335739	20382547	2	2	0	1
14	20382548	28476697	4	4	0	2
14	28476698	45253994	3	3	0	2
14	45253995	45538801	2	2	0	2
14	45538802	45553002	3	3	0	1
14	45553003	45555581	3	3	0	1
14	45555582	45571288	3	3	0	2
14	45571289	45581055	2	2	0	2
14	45581056	67180828	3	3	0	2
14	67180829	67812242	2	2	0	2
14	67812243	73993810	3	3	0	2
14	73993811	83239775	3	3	0	2
14	83239776	84446867	3	3	0	2
14	84446868	106368400	2	2	0	2
15	1	15799999	2	2	0	1
15	15800000	20699999	2	2	0	2
15	20700000	34701001	2	2	0	3
15	34701002	35112870	2	2	0	2
15	35112871	35113084	2	2	0	2
15	35113085	94778651	2	2	0	3
15	94778652	94787499	2	2	0	3
15	94787500	100338800	2	2	0	3
15	100338801	102531391	2	2	0	3
16	84170	6878143	2	1	1	2
16	6878144	6910706	1	1	0	2
16	6910707	18800043	2	1	1	2
16	18800044	19757966	2	1	1	2
16	19757967	19758720	2	1	1	2
16	19758721	19959895	2	1	1	2
16	19959896	34599999	3	2	1	2
16	34600000	38599999	NA	NA	NA	NA
16	38600000	57068373	2	2	0	2
16	57068374	57070098	2	2	0	2
16	57070099	57107049	2	2	0	2
16	57107050	57109641	2	2	0	2
16	57109642	81143179	2	2	0	2
16	81143180	81145719	2	2	0	2
16	81145720	81451874	4	2	2	2
16	81451875	82929986	3	2	1	2
16	82929987	88827200	2	2	0	2
16	88827201	90354752	2	2	0	2
17	3104	22199999	2	2	0	3
17	22200000	25799999	2	2	0	3
17	25800000	78774600	2	2	0	3
17	78774601	81195209	2	2	0	3
18	27500	15399999	2	2	0	2
18	15400000	18999999	NA	NA	NA	NA
18	19000000	19629223	4	4	0	2
18	19629224	20552499	3	3	0	2
18	20552500	21808511	2	2	0	2
18	21808512	25733923	1	1	0	2
18	25733924	27635987	2	2	0	2
18	27635988	27807499	2	2	0	2
18	27807500	35747801	2	2	0	2
18	35747802	37013006	3	3	0	2
18	37013007	37015523	2	2	0	2
18	37015524	66718542	1	1	0	2
18	66718543	68250000	2	1	1	3
18	68250001	76117000	1	1	0	3
18	76117001	78077247	1	1	0	3
19	102500	226775	2	2	0	2
19	226776	4952044	2	2	0	2
19	4952045	4956513	12	12	0	1
19	4956514	4983357	12	12	0	1
19	4983358	5969726	9	9	0	2
19	5969727	6568213	4	4	0	2
19	6568214	6931357	6	6	0	2
19	6931358	6933041	8	8	0	2
19	6933042	6991212	2	2	0	2
19	6991213	7606576	6	6	0	2
19	7606577	7610071	6	6	0	2
19	7610072	18512500	2	2	0	2
19	18512501	23643131	3	3	0	3
19	23643132	23838222	4	4	0	2
19	23838223	23847893	2	2	0	2
19	23847894	28599999	2	2	0	2
19	28600000	59128982	2	2	0	3
20	32012	21894986	2	2	0	3
20	21894987	25599999	3	2	1	2
20	25600000	29428346	NA	NA	NA	NA
20	29428347	29804689	4	2	2	2
20	29804690	35173258	4	2	2	2
20	35173259	35178221	4	2	2	2
20	35178222	53057228	4	2	2	2
20	53057229	62432500	4	2	2	2
21	1	9426401	NA	NA	NA	NA
21	9426402	10399801	NA	NA	NA	NA
21	10399802	14444020	NA	NA	NA	NA
21	14444021	27302921	2	2	0	2
21	27302922	40963328	2	2	0	2
21	40963329	46937500	2	2	0	2
21	46937501	48129894	1	1	0	2
22	1	12199999	2	2	0	1
22	12200000	17899999	2	2	0	3
22	17900000	20325386	2	2	0	2
22	20325387	24347200	5	5	0	3
22	24347201	25781878	5	5	0	3
22	25781879	26004853	3	3	0	2
22	26004854	32336206	2	2	0	3
22	32336207	32357036	1	1	0	1
22	32357037	32368839	1	1	0	1
22	32368840	34757602	1	1	0	3
22	34757603	36678048	2	1	1	3
22	36678049	49687500	2	1	1	3
22	49687501	51304565	2	1	1	2
X	1	2925922	1	1	0	2
X	2925923	7315928	1	1	0	3
X	7315929	7331757	1	1	0	2
X	7331758	7414621	1	1	0	3
X	7414622	7682639	1	1	0	2
X	7682640	58099999	1	1	0	3
X	58100000	62999999	1	1	0	2
X	63000000	70522834	1	1	0	3
X	70522835	70527354	1	1	0	1
X	70527355	70534766	1	1	0	1
X	70534767	71055962	2	2	0	2
X	71055963	71057973	1	1	0	2
X	71057974	76720771	2	2	0	2
X	76720772	86763697	1	1	0	2
X	86763698	155270559	1	1	0	3
Y	1	11599999	1	1	0	1
Y	11600000	13399999	1	1	0	1
Y	13400000	59373565	1	1	0	1
