chromosome	start	end	total_cn	major_cn	minor_cn	star
1	10001	790008	5	4	1	2
1	790009	9091602	5	4	1	3
1	9091603	12887165	3	2	1	3
1	12887166	12902165	2	1	1	1
1	12902166	16927499	3	2	1	3
1	16927500	17040420	3	2	1	2
1	17040421	52812798	3	2	1	3
1	52812799	52812815	1	1	0	1
1	52812816	52812864	2	1	1	2
1	52812865	70682554	2	1	1	3
1	70682555	76846815	3	2	1	3
1	76846816	76847054	3	2	1	2
1	76847055	88004199	3	2	1	3
1	88004200	96305956	2	1	1	3
1	96305957	96880049	3	2	1	2
1	96880050	97649573	2	1	1	2
1	97649574	97972217	1	1	0	2
1	97972218	120065911	2	1	1	2
1	120065912	120066163	2	1	1	2
1	120066164	120070199	3	2	1	1
1	120070200	120070325	3	2	1	2
1	120070326	120155305	3	2	1	2
1	120155306	120155449	3	2	1	2
1	120155450	121499999	2	1	1	2
1	121500000	128899999	NA	NA	NA	NA
1	128900000	142725938	3	2	1	2
1	142725939	149717646	3	2	1	2
1	149717647	157782411	3	2	1	2
1	157782412	157853571	2	2	0	1
1	157853572	180118109	3	2	1	2
1	180118110	180118288	1	1	0	1
1	180118289	180118926	4	3	1	2
1	180118927	184747103	4	3	1	2
1	184747104	184751148	4	3	1	2
1	184751149	184751181	3	2	1	1
1	184751182	207403424	2	1	1	2
1	207403425	221662346	2	1	1	2
1	221662347	221662399	2	1	1	2
1	221662400	227092518	3	2	1	2
1	227092519	227092682	3	2	1	2
1	227092683	227093870	3	2	1	2
1	227093871	229689860	3	2	1	2
1	229689861	229766914	3	2	1	2
1	229766915	231759632	3	2	1	2
1	231759633	231967388	3	2	1	2
1	231967389	239450581	2	1	1	2
1	239450582	239475396	1	1	0	2
1	239475397	242488197	2	1	1	2
1	242488198	247247500	3	2	1	2
1	247247501	247733725	3	2	1	2
1	247733726	247764739	4	2	2	2
1	247764740	249250620	3	2	1	2
2	20016	16626478	3	2	1	3
2	16626479	16626868	3	2	1	2
2	16626869	18688869	3	2	1	3
2	18688870	19013452	4	2	2	3
2	19013453	19736524	5	3	2	3
2	19736525	19736654	5	3	2	2
2	19736655	19741503	5	3	2	1
2	19741504	19828671	4	2	2	3
2	19828672	22521979	3	2	1	2
2	22521980	23126203	4	2	2	3
2	23126204	23130418	5	3	2	1
2	23130419	25269815	5	3	2	3
2	25269816	25435317	4	2	2	3
2	25435318	29671470	4	2	2	3
2	29671471	29690260	5	3	2	2
2	29690261	29883829	4	2	2	3
2	29883830	34479293	5	3	2	3
2	34479294	35471690	3	2	1	3
2	35471691	35473444	3	2	1	2
2	35473445	36066355	3	2	1	3
2	36066356	40745510	4	2	2	3
2	40745511	40747817	4	2	2	2
2	40747818	40930402	4	2	2	3
2	40930403	40932047	6	3	3	1
2	40932048	41198325	4	2	2	3
2	41198326	41198563	4	2	2	2
2	41198564	41314169	4	2	2	3
2	41314170	41332102	4	2	2	3
2	41332103	41334740	4	2	2	2
2	41334741	41347928	4	2	2	3
2	41347929	41351463	4	2	2	2
2	41351464	41570559	4	2	2	3
2	41570560	41576096	4	2	2	2
2	41576097	41599895	4	2	2	3
2	41599896	42340930	3	2	1	3
2	42340931	43862784	4	2	2	3
2	43862785	47768739	5	3	2	3
2	47768740	48804861	5	3	2	3
2	48804862	48805161	5	3	2	2
2	48805162	48805220	1	1	0	1
2	48805221	48807474	1	1	0	1
2	48807475	49476038	4	2	2	3
2	49476039	49552432	5	3	2	3
2	49552433	49632547	6	4	2	2
2	49632548	49793719	5	3	2	3
2	49793720	49929693	5	3	2	3
2	49929694	49950045	5	3	2	2
2	49950046	49968491	4	2	2	2
2	49968492	49982019	5	3	2	2
2	49982020	50560974	4	2	2	3
2	50560975	50920803	6	4	2	3
2	50920804	51377569	6	4	2	3
2	51377570	52181006	7	5	2	2
2	52181007	52181022	7	5	2	2
2	52181023	52185928	5	3	2	2
2	52185929	52359526	6	4	2	3
2	52359527	53807901	7	5	2	3
2	53807902	53840614	8	7	1	1
2	53840615	56310424	7	5	2	3
2	56310425	56327835	7	5	2	2
2	56327836	56392789	6	4	2	2
2	56392790	56752605	7	5	2	3
2	56752606	57032449	6	4	2	3
2	57032450	57216304	7	5	2	3
2	57216305	57718284	6	4	2	3
2	57718285	57902418	7	5	2	2
2	57902419	60967115	8	6	2	3
2	60967116	61874970	8	6	2	2
2	61874971	61908022	8	6	2	1
2	61908023	62020039	8	6	2	2
2	62020040	65281672	9	7	2	2
2	65281673	69269394	6	4	2	3
2	69269395	69479220	5	3	2	3
2	69479221	69492107	6	4	2	3
2	69492108	69504856	6	4	2	3
2	69504857	69607532	6	4	2	2
2	69607533	69741781	5	3	2	2
2	69741782	76228215	6	4	2	3
2	76228216	76475997	3	2	1	3
2	76475998	76698700	4	2	2	2
2	76698701	76707554	4	2	2	2
2	76707555	76986110	4	2	2	2
2	76986111	76987035	4	2	2	2
2	76987036	77015552	4	2	2	2
2	77015553	77015673	4	2	2	1
2	77015674	77036663	3	2	1	2
2	77036664	79253411	3	2	1	3
2	79253412	79546673	4	2	2	3
2	79546674	79985230	3	2	1	3
2	79985231	80131466	4	2	2	3
2	80131467	83135800	3	2	1	2
2	83135801	83145057	3	2	1	2
2	83145058	83756964	3	2	1	2
2	83756965	84071982	4	2	2	3
2	84071983	84072349	4	2	2	2
2	84072350	84072361	4	2	2	2
2	84072362	84086200	4	2	2	2
2	84086201	84257898	4	2	2	3
2	84257899	84767506	4	2	2	3
2	84767507	84771226	4	2	2	2
2	84771227	84771239	4	2	2	2
2	84771240	84955013	4	2	2	3
2	84955014	85008801	4	2	2	3
2	85008802	85020946	4	2	2	2
2	85020947	85113629	4	2	2	3
2	85113630	85122220	4	2	2	1
2	85122221	85526107	6	4	2	3
2	85526108	89077500	5	3	2	3
2	89077501	89862499	5	3	2	2
2	89862500	90266401	1	1	0	1
2	90266402	90499999	5	3	2	2
2	90500000	96799999	NA	NA	NA	NA
2	96800000	100570698	7	5	2	3
2	100570699	100586583	5	3	2	1
2	100586584	100591847	7	5	2	2
2	100591848	103249562	6	4	2	3
2	103249563	103259464	5	3	2	2
2	103259465	103485055	5	3	2	2
2	103485056	103776169	6	4	2	2
2	103776170	104168549	5	3	2	2
2	104168550	104340340	5	3	2	3
2	104340341	104344230	3	2	1	1
2	104344231	104359946	5	3	2	3
2	104359947	104360031	5	3	2	3
2	104360032	104416140	5	3	2	3
2	104416141	104431208	4	2	2	2
2	104431209	104438420	5	3	2	3
2	104438421	104439180	5	3	2	2
2	104439181	105145856	5	3	2	3
2	105145857	105149812	4	2	2	2
2	105149813	105345633	4	2	2	3
2	105345634	108505498	3	2	1	3
2	108505499	108797141	5	3	2	2
2	108797142	109242297	4	2	2	3
2	109242298	110037891	5	3	2	3
2	110037892	110040056	5	3	2	2
2	110040057	112788555	5	3	2	2
2	112788556	112793588	7	5	2	1
2	112793589	112793628	1	1	0	1
2	112793629	112794745	5	3	2	2
2	112794746	114950629	5	3	2	3
2	114950630	114987899	4	2	2	3
2	114987900	115171484	4	2	2	3
2	115171485	115357918	5	3	2	2
2	115357919	115365579	5	3	2	1
2	115365580	115368475	5	3	2	1
2	115368476	115465737	4	2	2	2
2	115465738	115718773	3	2	1	2
2	115718774	115726181	4	2	2	2
2	115726182	115855481	3	2	1	2
2	115855482	115914703	3	2	1	2
2	115914704	115917233	3	2	1	2
2	115917234	116087044	3	2	1	2
2	116087045	116422547	3	2	1	3
2	116422548	116427067	3	2	1	2
2	116427068	116638610	3	2	1	3
2	116638611	116714976	3	2	1	3
2	116714977	116715579	3	2	1	2
2	116715580	116730735	3	2	1	3
2	116730736	117208119	3	2	1	3
2	117208120	117464672	4	2	2	3
2	117464673	117465248	4	2	2	2
2	117465249	117807677	4	2	2	3
2	117807678	117907117	4	2	2	3
2	117907118	118469918	5	3	2	3
2	118469919	118470658	5	3	2	2
2	118470659	118475244	7	4	3	1
2	118475245	119133934	4	2	2	3
2	119133935	119139027	4	2	2	2
2	119139028	119647822	4	2	2	3
2	119647823	119650572	5	3	2	2
2	119650573	122728582	4	2	2	3
2	122728583	122738683	4	2	2	2
2	122738684	123168436	5	3	2	2
2	123168437	123186727	4	2	2	2
2	123186728	123220403	5	3	2	1
2	123220404	123223182	4	2	2	2
2	123223183	123515024	4	2	2	3
2	123515025	123519893	4	2	2	2
2	123519894	123657171	4	2	2	3
2	123657172	123728623	4	2	2	3
2	123728624	123873507	4	2	2	3
2	123873508	123880862	4	2	2	2
2	123880863	124000212	4	2	2	3
2	124000213	124019761	4	2	2	2
2	124019762	125444219	5	3	2	3
2	125444220	125444249	5	3	2	2
2	125444250	125446423	2	1	1	1
2	125446424	125491836	4	2	2	2
2	125491837	139965193	3	2	1	3
2	139965194	139995959	3	2	1	2
2	139995960	166017061	3	2	1	3
2	166017062	166019864	2	2	0	2
2	166019865	233577050	3	2	1	2
2	233577051	234159289	2	2	0	2
2	234159290	242987020	3	2	1	3
3	60596	12998896	2	2	0	3
3	12998897	12999997	2	2	0	2
3	12999998	25308823	2	2	0	3
3	25308824	25310332	2	2	0	2
3	25310333	30056582	2	2	0	3
3	30056583	30382988	4	4	0	3
3	30382989	46800800	2	2	0	3
3	46800801	87899999	2	2	0	3
3	87900000	94685986	NA	NA	NA	NA
3	94685987	94686869	4	2	2	2
3	94686870	110759865	4	2	2	3
3	110759866	110762368	5	3	2	1
3	110762369	110762420	5	3	2	1
3	110762421	111333194	5	3	2	3
3	111333195	111417432	5	3	2	2
3	111417433	113023657	5	3	2	3
3	113023658	114786975	4	2	2	3
3	114786976	115367619	5	3	2	3
3	115367620	115502962	5	3	2	3
3	115502963	115503424	5	3	2	2
3	115503425	146370527	5	3	2	2
3	146370528	146370557	5	3	2	2
3	146370558	146375944	5	3	2	2
3	146375945	146512682	5	3	2	2
3	146512683	146520792	5	3	2	2
3	146520793	147090779	5	3	2	3
3	147090780	147102882	6	4	2	2
3	147102883	162468681	6	4	2	2
3	162468682	163882380	5	3	2	2
3	163882381	163986832	5	3	2	3
3	163986833	163998045	5	3	2	2
3	163998046	164054640	5	3	2	3
3	164054641	164067669	5	3	2	3
3	164067670	164095098	5	3	2	3
3	164095099	164098238	5	3	2	2
3	164098239	164104517	5	3	2	2
3	164104518	164110972	5	3	2	2
3	164110973	164118894	5	3	2	3
3	164118895	164126712	5	3	2	3
3	164126713	174918640	5	3	2	3
3	174918641	174922981	5	3	2	2
3	174922982	191193375	5	3	2	3
3	191193376	191198264	5	3	2	2
3	191198265	192300316	5	3	2	3
3	192300317	192316927	6	4	2	2
3	192316928	192317181	6	4	2	2
3	192317182	192430541	6	4	2	2
3	192430542	192447180	5	3	2	2
3	192447181	197872160	6	4	2	2
4	27500	73538	4	3	1	1
4	73539	9107299	4	3	1	3
4	9107300	9156215	4	3	1	2
4	9156216	19524531	4	3	1	3
4	19524532	19742149	3	2	1	2
4	19742150	36395051	4	3	1	3
4	36395052	36606514	4	3	1	3
4	36606515	48199999	4	3	1	3
4	48200000	52699999	NA	NA	NA	NA
4	52700000	59307200	3	3	0	3
4	59307201	59328761	2	2	0	2
4	59328762	59343653	3	3	0	2
4	59343654	60693657	2	2	0	3
4	60693658	70118507	3	3	0	3
4	70118508	70256175	1	1	0	1
4	70256176	70280102	5	4	1	2
4	70280103	76289333	3	3	0	3
4	76289334	76556406	2	2	0	3
4	76556407	76779328	3	2	1	3
4	76779329	77701861	4	3	1	3
4	77701862	78126892	5	4	1	2
4	78126893	78127615	5	4	1	2
4	78127616	79603955	3	2	1	3
4	79603956	79818192	4	3	1	3
4	79818193	80209808	3	2	1	3
4	80209809	80511801	3	2	1	1
4	80511802	84330372	3	2	1	3
4	84330373	84339988	4	3	1	2
4	84339989	90471029	3	2	1	3
4	90471030	90718688	4	3	1	2
4	90718689	92000704	3	2	1	2
4	92000705	92192466	3	2	1	1
4	92192467	106361615	3	2	1	3
4	106361616	113670689	2	2	0	3
4	113670690	137214125	2	2	0	3
4	137214126	161895268	2	2	0	3
4	161895269	161898972	2	2	0	2
4	161898973	182234880	2	2	0	3
4	182234881	182687065	2	2	0	3
4	182687066	182989875	2	2	0	2
4	182989876	191154275	2	2	0	2
5	22500	740639	5	3	2	2
5	740640	849503	4	3	1	2
5	849504	7470336	6	4	2	2
5	7470337	7723272	5	4	1	2
5	7723273	17485157	6	4	2	2
5	17485158	38491640	6	4	2	2
5	38491641	38491831	6	4	2	2
5	38491832	38496091	5	3	2	2
5	38496092	38749814	7	4	3	2
5	38749815	45372403	6	4	2	2
5	45372404	45587514	7	5	2	2
5	45587515	46099999	6	4	2	2
5	46100000	50699999	NA	NA	NA	NA
5	50700000	98283621	2	2	0	3
5	98283622	98288518	1	1	0	1
5	98288519	109457601	2	2	0	3
5	109457602	178295175	2	2	0	3
5	178295176	179311710	4	4	0	2
5	179311711	180714844	2	2	0	2
6	39681	203396	3	2	1	1
6	203397	58699999	3	2	1	3
6	58700000	64292340	NA	NA	NA	NA
6	64292341	65195132	4	2	2	2
6	65195133	76740603	3	2	1	3
6	76740604	76796428	5	4	1	2
6	76796429	123298173	3	2	1	2
6	123298174	123440660	1	1	0	3
6	123440661	125920322	3	2	1	2
6	125920323	125930408	1	1	0	2
6	125930409	153503601	3	2	1	2
6	153503602	153524723	2	1	1	2
6	153524724	155864587	3	2	1	2
6	155864588	155909890	4	2	2	2
6	155909891	161379998	3	2	1	3
6	161379999	162354047	3	2	1	2
6	162354048	162408399	3	2	1	2
6	162408400	170921585	3	2	1	2
7	40386	11836581	3	2	1	2
7	11836582	11870975	4	2	2	1
7	11870976	11893259	4	2	2	2
7	11893260	12149297	3	2	1	2
7	12149298	12155397	4	2	2	2
7	12155398	12194933	3	2	1	2
7	12194934	12208393	4	2	2	2
7	12208394	12234569	4	2	2	2
7	12234570	15136820	3	2	1	2
7	15136821	15138353	3	2	1	2
7	15138354	15146389	3	2	1	2
7	15146390	15339950	4	2	2	2
7	15339951	15745228	3	2	1	2
7	15745229	15773913	4	2	2	2
7	15773914	15936144	3	2	1	2
7	15936145	16024290	4	2	2	2
7	16024291	19370970	3	2	1	2
7	19370971	19545362	4	2	2	2
7	19545363	48542176	4	2	2	2
7	48542177	49077868	3	2	1	2
7	49077869	51925623	4	2	2	2
7	51925624	52399802	3	2	1	2
7	52399803	52428363	4	2	2	2
7	52428364	53213867	3	2	1	2
7	53213868	53794108	3	2	1	2
7	53794109	53898032	4	2	2	2
7	53898033	53975565	3	2	1	2
7	53975566	54099198	4	3	1	2
7	54099199	54351813	3	2	1	2
7	54351814	54352183	4	2	2	1
7	54352184	54491010	3	2	1	2
7	54491011	57381804	4	2	2	2
7	57381805	57386495	3	2	1	1
7	57386496	57826752	4	2	2	2
7	57826753	61699999	NA	NA	NA	NA
7	61700000	61893922	3	2	1	2
7	61893923	63649838	3	2	1	2
7	63649839	63650594	1	1	0	1
7	63650595	64061157	3	2	1	2
7	64061158	65670365	4	2	2	2
7	65670366	69126956	3	2	1	2
7	69126957	69200534	2	1	1	2
7	69200535	74105031	3	2	1	2
7	74105032	77805033	3	2	1	2
7	77805034	77805432	4	2	2	2
7	77805433	78230494	3	2	1	2
7	78230495	78231621	3	2	1	2
7	78231622	78363426	3	2	1	2
7	78363427	78364645	4	2	2	2
7	78364646	78932275	3	2	1	2
7	78932276	78975654	4	2	2	2
7	78975655	81390382	3	2	1	2
7	81390383	81397108	4	2	2	2
7	81397109	83397177	3	2	1	2
7	83397178	83405276	4	2	2	2
7	83405277	86479630	3	2	1	2
7	86479631	86479812	4	2	2	2
7	86479813	86479864	4	2	2	2
7	86479865	87663476	3	2	1	2
7	87663477	88025752	3	2	1	2
7	88025753	88148804	5	3	2	2
7	88148805	88257386	4	2	2	2
7	88257387	88529303	4	2	2	2
7	88529304	89719954	3	2	1	2
7	89719955	92725943	4	2	2	2
7	92725944	93984144	3	2	1	2
7	93984145	93984790	4	2	2	2
7	93984791	95491598	3	2	1	2
7	95491599	95677174	4	2	2	2
7	95677175	95705736	4	2	2	2
7	95705737	95729428	3	2	1	1
7	95729429	95730102	4	2	2	2
7	95730103	95777406	3	2	1	2
7	95777407	96188489	3	2	1	2
7	96188490	96189784	3	2	1	2
7	96189785	96340023	3	2	1	2
7	96340024	96341051	4	2	2	2
7	96341052	96503402	4	2	2	2
7	96503403	96505479	4	2	2	2
7	96505480	96705975	3	2	1	2
7	96705976	96706106	3	2	1	2
7	96706107	97547805	3	2	1	2
7	97547806	97548882	4	2	2	2
7	97548883	103113676	4	2	2	2
7	103113677	103192224	3	2	1	2
7	103192225	103307029	4	2	2	2
7	103307030	103307741	4	2	2	1
7	103307742	103353461	5	3	2	2
7	103353462	103755274	3	2	1	2
7	103755275	103756951	4	2	2	2
7	103756952	103757307	4	2	2	2
7	103757308	103763809	4	2	2	2
7	103763810	108557836	3	2	1	2
7	108557837	108559161	3	2	1	2
7	108559162	109303528	3	2	1	2
7	109303529	109320480	5	3	2	2
7	109320481	109629538	3	2	1	2
7	109629539	109883728	4	2	2	2
7	109883729	110051209	3	2	1	2
7	110051210	110210797	4	2	2	2
7	110210798	111055313	3	2	1	2
7	111055314	118389911	3	2	1	2
7	118389912	118398161	4	2	2	2
7	118398162	118400185	4	2	2	2
7	118400186	118445804	4	2	2	2
7	118445805	118447084	4	2	2	2
7	118447085	118526675	3	2	1	2
7	118526676	119324284	3	2	1	2
7	119324285	119324654	4	2	2	2
7	119324655	120600877	3	2	1	2
7	120600878	120606031	3	2	1	2
7	120606032	121060991	3	2	1	2
7	121060992	121061677	4	2	2	2
7	121061678	121175757	4	2	2	2
7	121175758	121188964	5	3	2	2
7	121188965	121897501	3	2	1	2
7	121897502	121897738	4	2	2	2
7	121897739	122163422	3	2	1	2
7	122163423	122170981	4	2	2	2
7	122170982	122172935	3	2	1	2
7	122172936	123148383	3	2	1	2
7	123148384	123190692	4	2	2	2
7	123190693	123657764	3	2	1	2
7	123657765	123711253	4	2	2	2
7	123711254	124401923	3	2	1	2
7	124401924	124403941	4	2	2	2
7	124403942	124447240	3	2	1	2
7	124447241	124448103	3	2	1	2
7	124448104	124660490	3	2	1	2
7	124660491	124661954	3	2	1	2
7	124661955	127277385	3	2	1	2
7	127277386	127281133	4	2	2	2
7	127281134	131169315	3	2	1	2
7	131169316	131195479	3	2	1	2
7	131195480	133953511	3	2	1	2
7	133953512	133957189	3	2	1	2
7	133957190	136636872	3	2	1	2
7	136636873	148731689	3	2	1	2
7	148731690	148731826	3	2	1	2
7	148731827	148732198	3	2	1	1
7	148732199	150434393	2	2	0	2
7	150434394	150435532	3	2	1	2
7	150435533	150745072	3	2	1	2
7	150745073	150787208	5	3	2	2
7	150787209	150813111	3	2	1	2
7	150813112	151137890	4	2	2	3
7	151137891	151251582	3	2	1	1
7	151251583	151253916	4	2	2	2
7	151253917	151949979	3	2	1	2
7	151949980	158416317	2	2	0	3
7	158416318	158416490	1	1	0	1
7	158416491	158416525	3	2	1	2
7	158416526	158873624	3	2	1	2
8	10001	143297	1	1	0	2
8	143298	2368090	1	1	0	2
8	2368091	3177312	2	2	0	2
8	3177313	3506436	1	1	0	2
8	3506437	3920968	2	2	0	2
8	3920969	3956697	1	1	0	2
8	3956698	3993194	2	2	0	2
8	3993195	4026931	2	2	0	2
8	4026932	13609998	2	2	0	2
8	13609999	13650872	0	0	0	2
8	13650873	30535135	2	2	0	2
8	30535136	30536945	1	1	0	2
8	30536946	30542641	1	1	0	2
8	30542642	30544913	1	1	0	2
8	30544914	36466671	2	2	0	2
8	36466672	36467282	1	1	0	2
8	36467283	36467345	2	2	0	2
8	36467346	36472487	2	2	0	2
8	36472488	36473042	15	14	1	1
8	36473043	36473732	1	1	0	1
8	36473733	36475318	15	14	1	1
8	36475319	36484577	8	8	0	1
8	36484578	36484706	15	14	1	1
8	36484707	36506946	8	7	1	1
8	36506947	36511046	8	6	2	1
8	36511047	36554347	5	3	2	2
8	36554348	36561992	5	3	2	2
8	36561993	36562668	11	10	1	2
8	36562669	39708141	5	3	2	2
8	39708142	39942863	7	5	2	2
8	39942864	39946915	6	5	1	1
8	39946916	43099999	5	3	2	2
8	43100000	48099999	5	3	2	2
8	48100000	67727492	5	3	2	2
8	67727493	67728499	5	3	2	2
8	67728500	68843518	5	3	2	2
8	68843519	68863653	7	5	2	1
8	68863654	73064954	5	3	2	2
8	73064955	73265716	6	5	1	2
8	73265717	76836281	5	3	2	2
8	76836282	76837864	4	3	1	1
8	76837865	76925494	5	3	2	2
8	76925495	81354815	5	3	2	2
8	81354816	81694072	5	3	2	1
8	81694073	81810609	5	3	2	1
8	81810610	81817700	5	3	2	2
8	81817701	81977016	5	3	2	2
8	81977017	81985855	5	4	1	2
8	81985856	81988089	5	3	2	2
8	81988090	82132949	6	4	2	2
8	82132950	90061181	5	3	2	2
8	90061182	99729536	5	3	2	2
8	99729537	100931619	3	3	0	2
8	100931620	101247194	5	3	2	2
8	101247195	102481609	3	3	0	3
8	102481610	102481656	3	3	0	2
8	102481657	112689963	3	3	0	3
8	112689964	118935753	5	3	2	2
8	118935754	126095421	3	3	0	2
8	126095422	131764348	5	3	2	2
8	131764349	131768443	5	3	2	1
8	131768444	146364021	5	3	2	2
9	47500	206592	3	2	1	1
9	206593	47299999	4	2	2	3
9	47300000	50699999	4	2	2	2
9	50700000	66527500	4	2	2	2
9	66527501	67220015	1	1	0	1
9	67220016	68144522	1	1	0	1
9	68144523	70902402	3	2	1	1
9	70902403	95019977	2	2	0	3
9	95019978	95020260	2	2	0	2
9	95020261	140273200	2	2	0	3
10	94072	12111394	2	2	0	3
10	12111395	12117092	2	2	0	2
10	12117093	21092009	2	2	0	3
10	21092010	21122029	4	4	0	2
10	21122030	37999999	2	2	0	3
10	38000000	42299999	2	2	0	2
10	42300000	48721045	2	2	0	3
10	48721046	53156016	2	2	0	3
10	53156017	53195232	3	3	0	3
10	53195233	53199346	3	3	0	2
10	53199347	53220175	3	3	0	2
10	53220176	54847775	2	2	0	3
10	54847776	54875484	3	3	0	2
10	54875485	54917337	2	2	0	3
10	54917338	54931640	3	3	0	2
10	54931641	54932086	3	3	0	2
10	54932087	66843268	3	3	0	2
10	66843269	70980003	3	3	0	2
10	70980004	89028539	2	2	0	2
10	89028540	89077863	1	1	0	1
10	89077864	91482195	0	0	0	2
10	91482196	91492565	2	2	0	2
10	91492566	91492761	1	1	0	2
10	91492762	91497489	1	1	0	2
10	91497490	91497524	1	1	0	2
10	91497525	91499735	1	1	0	2
10	91499736	91499818	1	1	0	2
10	91499819	95848386	1	1	0	3
10	95848387	96428771	2	2	0	3
10	96428772	96428834	2	2	0	2
10	96428835	96429004	2	2	0	2
10	96429005	96687838	2	2	0	3
10	96687839	96687850	2	2	0	2
10	96687851	96691046	2	2	0	2
10	96691047	96691145	2	2	0	2
10	96691146	96732918	2	2	0	3
10	96732919	96733198	2	2	0	2
10	96733199	96856530	2	2	0	3
10	96856531	96868039	1	1	0	2
10	96868040	97450718	2	2	0	3
10	97450719	97450939	2	2	0	2
10	97450940	97522522	2	2	0	2
10	97522523	97522633	2	2	0	2
10	97522634	98045697	2	2	0	3
10	98045698	98045875	3	2	1	1
10	98045876	111343802	3	3	0	2
10	111343803	111510681	2	2	0	3
10	111510682	111524549	2	2	0	2
10	111524550	135407551	3	3	0	2
11	199673	303985	2	1	1	3
11	303986	318067	1	1	0	2
11	318068	27022081	2	1	1	3
11	27022082	27056054	3	2	1	2
11	27056055	34365337	2	1	1	3
11	34365338	34365636	2	1	1	2
11	34365637	38705917	3	2	1	3
11	38705918	38706121	3	2	1	2
11	38706122	38787001	3	2	1	2
11	38787002	38787027	2	1	1	1
11	38787028	51599999	2	1	1	3
11	51600000	55699999	2	1	1	3
11	55700000	134452200	2	1	1	3
12	110107	309977	2	2	0	3
12	309978	861994	5	3	2	2
12	861995	1025505	7	4	3	3
12	1025506	15186503	5	3	2	2
12	15186504	15188331	5	3	2	2
12	15188332	33299999	5	3	2	2
12	33300000	38199999	5	3	2	2
12	38200000	74296136	5	3	2	2
12	74296137	77759842	3	2	1	2
12	77759843	77760769	3	2	1	2
12	77760770	97893086	3	2	1	2
12	97893087	97913990	2	1	1	2
12	97913991	97993245	2	1	1	2
12	97993246	98009976	3	2	1	2
12	98009977	99772499	2	1	1	2
12	99772500	99837499	3	2	1	2
12	99837500	132349400	2	1	1	2
12	132349401	133851894	2	1	1	2
13	1	16299999	2	2	0	1
13	16300000	19499999	2	2	0	3
13	19500000	65919777	2	2	0	3
13	65919778	65921255	2	2	0	2
13	65921256	114142800	2	2	0	3
13	114142801	115169877	2	2	0	2
14	1	16099999	2	2	0	1
14	16100000	19099999	2	2	0	2
14	19100000	26895114	2	2	0	2
14	26895115	27681522	2	2	0	2
14	27681523	27954501	2	2	0	2
14	27954502	27955321	2	2	0	2
14	27955322	41605307	2	2	0	2
14	41605308	44509325	2	2	0	2
14	44509326	44549128	4	4	0	3
14	44549129	106368400	2	2	0	3
15	1	15799999	3	2	1	1
15	15800000	20699999	NA	NA	NA	NA
15	20700000	26582434	3	2	1	2
15	26582435	30917390	2	2	0	3
15	30917391	81242395	2	2	0	3
15	81242396	81252326	3	2	1	1
15	81252327	81695988	2	2	0	2
15	81695989	100338800	3	2	1	3
15	100338801	102435528	3	2	1	2
16	94080	16801600	3	3	0	3
16	16801601	18964016	3	3	0	3
16	18964017	18975904	5	5	0	1
16	18975905	34464998	3	3	0	3
16	34464999	34599999	3	3	0	1
16	34600000	38599999	3	3	0	2
16	38600000	60559641	3	3	0	2
16	60559642	88827200	3	3	0	2
16	88827201	90354752	3	3	0	2
17	12500	578838	3	3	0	3
17	578839	10080854	3	3	0	2
17	10080855	12294385	2	2	0	2
17	12294386	21537499	3	3	0	2
17	21537500	21913382	2	2	0	2
17	21913383	22031918	2	2	0	2
17	22031919	22032792	2	2	0	2
17	22032793	22199999	2	2	0	2
17	22200000	25799999	2	2	0	2
17	25800000	50137704	2	2	0	2
17	50137705	50178408	4	4	0	2
17	50178409	51353902	2	2	0	2
17	51353903	51360835	3	3	0	2
17	51360836	51696128	2	2	0	2
17	51696129	51696706	2	2	0	2
17	51696707	51740226	2	2	0	2
17	51740227	51741050	2	2	0	2
17	51741051	51936958	2	2	0	2
17	51936959	52474088	2	2	0	2
17	52474089	52811849	2	2	0	2
17	52811850	52826474	4	4	0	1
17	52826475	52960270	2	2	0	2
17	52960271	54632788	4	4	0	3
17	54632789	54636239	4	4	0	2
17	54636240	54638503	4	4	0	2
17	54638504	54717486	4	4	0	3
17	54717487	55567566	5	5	0	2
17	55567567	59201181	4	4	0	3
17	59201182	60208839	4	4	0	3
17	60208840	70469578	4	4	0	2
17	70469579	70520741	3	3	0	3
17	70520742	78774600	4	4	0	2
17	78774601	81195209	4	4	0	1
18	49951	125370	4	3	1	2
18	125371	3555767	4	3	1	3
18	3555768	3623656	4	3	1	2
18	3623657	5099436	4	3	1	3
18	5099437	5934560	2	1	1	3
18	5934561	5964564	4	3	1	3
18	5964565	15399999	2	1	1	3
18	15400000	18999999	2	1	1	3
18	19000000	27048291	2	1	1	3
18	27048292	27675006	4	3	1	3
18	27675007	28188685	2	1	1	3
18	28188686	28209346	1	1	0	3
18	28209347	29243386	2	1	1	3
18	29243387	29657121	4	3	1	3
18	29657122	31442521	2	1	1	3
18	31442522	39125390	3	2	1	3
18	39125391	39562724	2	1	1	3
18	39562725	60128173	3	2	1	3
18	60128174	60129446	3	2	1	2
18	60129447	62950228	3	2	1	3
18	62950229	63126372	2	1	1	3
18	63126373	66618400	3	2	1	3
18	66618401	68894010	2	1	1	3
18	68894011	69239989	1	1	0	3
18	69239990	69377644	2	1	1	2
18	69377645	69382206	3	2	1	1
18	69382207	69386885	1	1	0	1
18	69386886	70658190	3	2	1	3
18	70658191	76117000	2	1	1	2
18	76117001	78077247	2	1	1	1
19	255741	11055926	2	2	0	3
19	11055927	11060129	2	2	0	2
19	11060130	11064384	2	2	0	2
19	11064385	11069972	2	2	0	2
19	11069973	24222940	2	2	0	2
19	24222941	24399999	1	1	0	2
19	24400000	28599999	NA	NA	NA	NA
19	28600000	43242500	2	2	0	3
19	43242501	43622500	1	1	0	2
19	43622501	43762499	4	3	1	2
19	43762500	45495506	2	2	0	2
19	45495507	58397896	3	2	1	2
19	58397897	58522883	1	1	0	3
20	17500	25599999	3	2	1	2
20	25600000	29848000	NA	NA	NA	NA
20	29848001	32650035	6	4	2	2
20	32650036	62432500	5	4	1	2
21	1	10899999	NA	NA	NA	NA
21	10900000	14299999	1	1	0	1
21	14300000	15347090	2	1	1	2
21	15347091	28956378	2	1	1	2
21	28956379	28958443	3	3	0	1
21	28958444	28985005	2	1	1	3
21	28985006	28986526	2	1	1	2
21	28986527	46937500	2	1	1	3
21	46937501	48129894	2	1	1	2
22	1	12199999	2	2	0	1
22	12200000	17899999	2	2	0	2
22	17900000	24298189	2	2	0	2
22	24298190	24345647	2	2	0	2
22	24345648	30024872	2	2	0	2
22	30024873	30034506	3	3	0	2
22	30034507	49687500	2	2	0	2
22	49687501	51304565	2	2	0	2
X	1	1013156	2	2	0	2
X	1013157	1044825	1	1	0	2
X	1044826	1502258	2	2	0	1
X	1502259	21606990	2	2	0	1
X	21606991	21691007	2	2	0	1
X	21691008	21720204	2	2	0	1
X	21720205	21720399	2	2	0	1
X	21720400	58099999	2	2	0	1
X	58100000	62999999	2	2	0	1
X	63000000	123942351	2	2	0	1
X	123942352	124007618	2	2	0	1
X	124007619	124015938	2	2	0	1
X	124015939	124016215	2	2	0	1
X	124016216	124031490	2	2	0	1
X	124031491	124031600	2	2	0	1
X	124031601	155270559	2	2	0	1
Y	1	11599999	NA	NA	NA	NA
Y	11600000	13399999	NA	NA	NA	NA
Y	13400000	59373565	NA	NA	NA	NA
