chromosome	start	end	total_cn	major_cn	minor_cn	star
1	10001	7589973	3	2	1	3
1	7589974	7590760	3	2	1	3
1	7590761	12485626	3	2	1	2
1	12485627	12496059	3	2	1	2
1	12496060	14053979	3	2	1	2
1	14053980	29361188	2	2	0	2
1	29361189	30564407	3	2	1	3
1	30564408	35089262	4	2	2	2
1	35089263	35350515	3	2	1	2
1	35350516	36511489	4	2	2	2
1	36511490	36799947	6	4	2	2
1	36799948	38239273	4	2	2	2
1	38239274	38449452	3	2	1	2
1	38449453	43959316	4	2	2	2
1	43959317	44031400	3	2	1	2
1	44031401	46276872	4	2	2	2
1	46276873	47377189	3	2	1	2
1	47377190	54636434	4	2	2	2
1	54636435	57506964	6	4	2	2
1	57506965	66803979	4	2	2	2
1	66803980	67105190	3	2	1	2
1	67105191	67118288	4	2	2	2
1	67118289	67243956	3	2	1	2
1	67243957	67702011	2	2	0	2
1	67702012	77079729	3	2	1	3
1	77079730	78405026	3	2	1	2
1	78405027	78566274	5	4	1	2
1	78566275	85284461	3	2	1	2
1	85284462	85284490	3	2	1	2
1	85284491	85614814	3	2	1	2
1	85614815	85617291	3	2	1	1
1	85617292	94295120	3	2	1	2
1	94295121	94295308	3	2	1	2
1	94295309	94750967	4	2	2	2
1	94750968	94751020	4	2	2	2
1	94751021	94751178	4	2	2	1
1	94751179	94825175	3	2	1	2
1	94825176	94847318	5	4	1	2
1	94847319	109518953	3	2	1	2
1	109518954	109751297	4	3	1	2
1	109751298	110596032	3	2	1	2
1	110596033	110596511	3	2	1	2
1	110596512	110937029	4	2	2	3
1	110937030	116192390	3	2	1	2
1	116192391	116197154	3	2	1	2
1	116197155	121499999	3	2	1	2
1	121500000	128899999	3	2	1	2
1	128900000	142539002	3	2	1	2
1	142539003	143502938	3	2	1	2
1	143502939	146241801	3	2	1	2
1	146241802	147832197	1	1	0	2
1	147832198	150164065	2	1	1	2
1	150164066	150385577	3	2	1	2
1	150385578	150522101	4	3	1	2
1	150522102	152082776	5	3	2	2
1	152082777	155042782	4	2	2	2
1	155042783	155249958	5	4	1	2
1	155249959	155865229	4	2	2	2
1	155865230	156044957	5	3	2	2
1	156044958	156045110	5	3	2	1
1	156045111	157327077	4	2	2	2
1	157327078	157328345	2	2	0	2
1	157328346	157328971	2	2	0	2
1	157328972	159537812	2	2	0	2
1	159537813	160349127	3	2	1	2
1	160349128	162315784	4	2	2	2
1	162315785	162860051	5	3	2	2
1	162860052	163381958	4	2	2	2
1	163381959	163383637	3	2	1	2
1	163383638	164590705	3	2	1	2
1	164590706	164592002	3	2	1	2
1	164592003	169808032	2	2	0	2
1	169808033	169824706	2	2	0	2
1	169824707	171519002	2	2	0	2
1	171519003	172734146	4	2	2	2
1	172734147	172736012	4	2	2	2
1	172736013	174260000	4	2	2	2
1	174260001	174282248	4	2	2	2
1	174282249	176547499	4	2	2	2
1	176547500	178060505	3	2	1	2
1	178060506	178180494	5	4	1	2
1	178180495	178538073	4	3	1	2
1	178538074	178540172	7	6	1	2
1	178540173	178766740	5	4	1	2
1	178766741	178767594	3	2	1	2
1	178767595	180362439	3	2	1	2
1	180362440	180522777	2	2	0	2
1	180522778	180629206	3	2	1	2
1	180629207	180629507	3	2	1	2
1	180629508	180641223	3	2	1	2
1	180641224	180740153	4	2	2	2
1	180740154	181437003	5	3	2	2
1	181437004	181975634	4	2	2	2
1	181975635	181976367	4	2	2	2
1	181976368	182307445	4	2	2	2
1	182307446	182445026	6	4	2	2
1	182445027	182745853	5	4	1	2
1	182745854	182746194	5	4	1	2
1	182746195	182748305	1	1	0	1
1	182748306	182748382	4	2	2	1
1	182748383	182762531	7	4	3	2
1	182762532	182936678	6	4	2	1
1	182936679	183743311	4	2	2	2
1	183743312	183831452	3	2	1	2
1	183831453	186995341	3	2	1	2
1	186995342	186996735	3	2	1	2
1	186996736	191183859	3	2	1	2
1	191183860	192899974	5	3	2	2
1	192899975	200226190	4	2	2	2
1	200226191	201110515	5	3	2	2
1	201110516	202890632	2	2	0	2
1	202890633	204176508	4	2	2	2
1	204176509	204427281	6	4	2	2
1	204427282	204963784	4	2	2	2
1	204963785	205562947	5	3	2	2
1	205562948	208200127	4	2	2	2
1	208200128	208216900	3	2	1	2
1	208216901	214715756	4	2	2	2
1	214715757	214760167	4	2	2	2
1	214760168	218572789	4	2	2	2
1	218572790	218765730	8	4	4	2
1	218765731	222144397	6	4	2	2
1	222144398	222149169	3	2	1	1
1	222149170	225495185	6	4	2	2
1	225495186	226349013	7	4	3	2
1	226349014	228423100	6	4	2	2
1	228423101	228528763	7	4	3	2
1	228528764	230132633	6	4	2	2
1	230132634	230132823	6	4	2	2
1	230132824	230133083	7	5	2	2
1	230133084	230299910	8	6	2	2
1	230299911	230352171	8	7	1	1
1	230352172	231171821	8	6	2	2
1	231171822	231172153	8	6	2	2
1	231172154	231172196	8	6	2	1
1	231172197	234548663	6	4	2	2
1	234548664	234552293	6	4	2	2
1	234552294	234578124	8	5	3	1
1	234578125	234767930	8	4	4	2
1	234767931	234786934	8	5	3	1
1	234786935	240826739	6	4	2	2
1	240826740	242610591	7	5	2	2
1	242610592	242826083	5	3	2	2
1	242826084	242835528	5	3	2	2
1	242835529	242854083	6	4	2	2
1	242854084	242904082	6	4	2	2
1	242904083	242981477	6	4	2	2
1	242981478	247249600	6	4	2	2
1	247249601	249250620	5	3	2	1
2	10662	15409236	4	2	2	2
2	15409237	15421340	5	3	2	2
2	15421341	33602203	4	2	2	3
2	33602204	33623083	5	3	2	1
2	33623084	38192212	4	2	2	3
2	38192213	38622474	5	3	2	2
2	38622475	42932221	4	2	2	3
2	42932222	42968673	5	3	2	3
2	42968674	42968858	5	3	2	2
2	42968859	42968873	5	3	2	2
2	42968874	42969046	5	3	2	2
2	42969047	43844835	5	3	2	2
2	43844836	44813976	4	2	2	3
2	44813977	44822136	4	2	2	2
2	44822137	78257131	4	2	2	3
2	78257132	78611420	4	2	2	2
2	78611421	85773419	4	2	2	2
2	85773420	85909972	5	3	2	3
2	85909973	85954686	1	1	0	1
2	85954687	86006348	5	3	2	2
2	86006349	86475344	4	2	2	3
2	86475345	86529571	6	4	2	2
2	86529572	90499999	4	2	2	2
2	90500000	96799999	NA	NA	NA	NA
2	96800000	98015530	5	3	2	3
2	98015531	98291709	5	3	2	2
2	98291710	98306476	6	4	2	1
2	98306477	98890573	8	6	2	2
2	98890574	99025043	8	6	2	2
2	99025044	99208765	7	5	2	1
2	99208766	101458398	6	4	2	2
2	101458399	101719924	9	7	2	2
2	101719925	101734335	8	6	2	2
2	101734336	101947273	9	7	2	2
2	101947274	101948337	9	7	2	2
2	101948338	101949879	9	7	2	1
2	101949880	102035017	4	2	2	2
2	102035018	102138901	18	16	2	2
2	102138902	103099148	8	7	1	1
2	103099149	103099177	11	9	2	2
2	103099178	112189586	5	3	2	2
2	112189587	112748086	10	8	2	1
2	112748087	112766546	33	31	2	2
2	112766547	112816545	33	31	2	2
2	112816546	116400609	5	3	2	2
2	116400610	116405631	4	2	2	2
2	116405632	116773021	5	3	2	2
2	116773022	116787645	8	8	0	2
2	116787646	126812154	10	8	2	2
2	126812155	126816549	10	8	2	2
2	126816550	126816573	1	1	0	1
2	126816574	126816702	15	8	7	1
2	126816703	126850713	15	8	7	2
2	126850714	126851481	15	8	7	1
2	126851482	129014393	14	7	7	1
2	129014394	131534999	10	8	2	2
2	131535000	136845707	3	2	1	2
2	136845708	136846784	3	2	1	2
2	136846785	141956986	3	2	1	2
2	141956987	142107794	2	2	0	2
2	142107795	142113637	2	2	0	2
2	142113638	152599493	3	2	1	2
2	152599494	152615626	2	2	0	2
2	152615627	159957655	3	2	1	2
2	159957656	160896376	4	3	1	3
2	160896377	160896425	4	3	1	3
2	160896426	160908975	4	3	1	2
2	160908976	160908994	4	3	1	2
2	160908995	161018831	4	3	1	2
2	161018832	170578750	3	2	1	2
2	170578751	170585865	2	1	1	2
2	170585866	182611952	3	2	1	2
2	182611953	182723953	4	3	1	2
2	182723954	211909623	3	2	1	2
2	211909624	211910617	3	2	1	2
2	211910618	212454789	3	2	1	2
2	212454790	220254704	2	1	1	3
2	220254705	220445752	3	2	1	2
2	220445753	242985493	2	1	1	2
3	81250	23666694	2	2	0	3
3	23666695	23826769	4	4	0	2
3	23826770	31493477	2	2	0	2
3	31493478	31494609	2	2	0	2
3	31494610	49930715	2	2	0	2
3	49930716	49931604	2	2	0	2
3	49931605	78404160	2	2	0	2
3	78404161	78419903	2	2	0	2
3	78419904	87899999	2	2	0	2
3	87900000	93899999	NA	NA	NA	NA
3	93900000	118430046	4	2	2	3
3	118430047	135811787	5	3	2	2
3	135811788	135886827	7	4	3	2
3	135886828	147205305	5	3	2	3
3	147205306	149043145	6	4	2	2
3	149043146	149043302	6	4	2	2
3	149043303	149043360	6	4	2	2
3	149043361	149057745	4	2	2	2
3	149057746	149289116	16	13	3	2
3	149289117	149337503	15	13	2	2
3	149337504	149337556	13	11	2	1
3	149337557	149367965	8	6	2	2
3	149367966	165829269	6	4	2	3
3	165829270	165830049	6	4	2	3
3	165830050	169129047	6	4	2	2
3	169129048	170355887	5	4	1	3
3	170355888	170448848	6	4	2	3
3	170448849	172006333	5	4	1	3
3	172006334	172246878	6	5	1	2
3	172246879	172363808	6	5	1	2
3	172363809	172516070	6	5	1	2
3	172516071	174172001	5	4	1	2
3	174172002	174321759	4	4	0	3
3	174321760	176153624	5	4	1	2
3	176153625	176166755	4	4	0	1
3	176166756	178733203	5	4	1	3
3	178733204	179649941	6	4	2	3
3	179649942	183743060	5	4	1	2
3	183743061	183773619	8	7	1	2
3	183773620	184198262	5	4	1	2
3	184198263	184463096	8	7	1	2
3	184463097	186422177	5	4	1	2
3	186422178	186721582	8	7	1	2
3	186721583	191136463	5	4	1	2
3	191136464	197853360	6	5	1	3
4	31303	38438532	2	2	0	2
4	38438533	39196154	3	3	0	2
4	39196155	46153636	2	2	0	2
4	46153637	46153671	2	2	0	2
4	46153672	48199999	2	2	0	2
4	48200000	52699999	2	2	0	2
4	52700000	54451010	2	2	0	2
4	54451011	54456607	2	2	0	2
4	54456608	55538168	3	3	0	2
4	55538169	55556220	1	1	0	2
4	55556221	55590913	3	3	0	2
4	55590914	55812242	4	4	0	2
4	55812243	59517500	3	3	0	2
4	59517501	64420540	2	2	0	2
4	64420541	64421071	2	2	0	2
4	64421072	77110386	2	2	0	2
4	77110387	77697074	4	4	0	2
4	77697075	104695161	2	2	0	2
4	104695162	104705172	0	0	0	2
4	104705173	114283787	2	2	0	2
4	114283788	114290022	2	2	0	2
4	114290023	114291984	2	2	0	2
4	114291985	114293379	2	2	0	2
4	114293380	146455800	2	2	0	2
4	146455801	146710000	3	3	0	2
4	146710001	153896785	2	2	0	2
4	153896786	153903924	3	3	0	1
4	153903925	154028575	5	5	0	2
4	154028576	154058796	3	3	0	2
4	154058797	182824040	2	2	0	2
4	182824041	191154275	1	1	0	2
5	22500	1172988	5	3	2	2
5	1172989	1186666	1	1	0	1
5	1186667	1786745	9	7	2	2
5	1786746	1840443	7	5	2	2
5	1840444	15799184	5	3	2	2
5	15799185	15871473	4	4	0	2
5	15871474	18287763	6	4	2	2
5	18287764	20218303	7	5	2	2
5	20218304	20235320	8	6	2	2
5	20235321	20431868	7	5	2	2
5	20431869	32666309	6	5	1	2
5	32666310	33085417	7	5	2	2
5	33085418	40320716	6	5	1	2
5	40320717	43702012	7	6	1	2
5	43702013	43702098	7	6	1	2
5	43702099	46099999	7	6	1	2
5	46100000	50699999	NA	NA	NA	NA
5	50700000	56562250	1	1	0	3
5	56562251	56603468	3	3	0	3
5	56603469	56671471	3	3	0	2
5	56671472	56684754	10	10	0	1
5	56684755	56839722	8	8	0	1
5	56839723	56843599	8	8	0	1
5	56843600	56868568	6	6	0	2
5	56868569	57013249	4	4	0	2
5	57013250	57764261	3	3	0	2
5	57764262	57765781	3	3	0	2
5	57765782	57769182	5	5	0	1
5	57769183	57769921	1	1	0	2
5	57769922	88926988	1	1	0	2
5	88926989	88929761	1	1	0	2
5	88929762	127035301	1	1	0	2
5	127035302	127054027	4	4	0	2
5	127054028	127054590	2	2	0	2
5	127054591	127055288	4	4	0	1
5	127055289	127179014	6	6	0	2
5	127179015	127179136	1	1	0	2
5	127179137	127383331	1	1	0	2
5	127383332	170027274	2	2	0	2
5	170027275	170285343	3	3	0	2
5	170285344	170287441	3	3	0	2
5	170287442	176883514	2	2	0	2
5	176883515	176902601	2	2	0	2
5	176902602	180739530	2	2	0	2
6	162500	3912233	2	1	1	2
6	3912234	5315585	7	6	1	2
6	5315586	6073861	5	4	1	1
6	6073862	6190466	5	4	1	2
6	6190467	7587252	5	4	1	1
6	7587253	12106281	4	3	1	2
6	12106282	12364479	5	4	1	2
6	12364480	22144867	4	3	1	2
6	22144868	22216721	4	3	1	1
6	22216722	27348053	4	3	1	1
6	27348054	31355963	2	2	0	2
6	31355964	32617212	3	2	1	2
6	32617213	32617707	2	2	0	2
6	32617708	39690095	2	2	0	2
6	39690096	39692537	3	2	1	2
6	39692538	58699999	3	2	1	2
6	58700000	63299999	NA	NA	NA	NA
6	63300000	79052538	3	2	1	2
6	79052539	86323311	3	2	1	2
6	86323312	86382484	3	2	1	2
6	86382485	107106388	2	2	0	2
6	107106389	107304611	4	4	0	1
6	107304612	126397639	3	2	1	2
6	126397640	126446879	5	5	0	2
6	126446880	133819126	3	2	1	2
6	133819127	133820350	4	3	1	2
6	133820351	137321050	3	2	1	2
6	137321051	138207437	6	4	2	2
6	138207438	138229773	9	7	2	2
6	138229774	146803604	6	4	2	2
6	146803605	146858562	4	3	1	2
6	146858563	147152216	5	3	2	2
6	147152217	147169813	7	4	3	1
6	147169814	147223228	5	3	2	2
6	147223229	147261942	6	3	3	2
6	147261943	152939706	5	3	2	2
6	152939707	152994097	4	3	1	3
6	152994098	157523122	5	3	2	2
6	157523123	162631511	4	3	1	2
6	162631512	170919682	4	3	1	2
7	78216	1582499	1	1	0	3
7	1582500	5248750	2	2	0	2
7	5248751	5999830	4	4	0	3
7	5999831	6870137	5	5	0	2
7	6870138	8681411	3	2	1	2
7	8681412	12667011	2	2	0	3
7	12667012	12667948	2	2	0	2
7	12667949	12668876	2	2	0	2
7	12668877	19085000	2	2	0	2
7	19085001	27678297	2	2	0	3
7	27678298	27930015	3	3	0	3
7	27930016	36652173	2	2	0	2
7	36652174	36654510	2	2	0	2
7	36654511	40549580	2	2	0	2
7	40549581	42538314	4	2	2	3
7	42538315	54919488	3	2	1	2
7	54919489	55115124	5	4	1	3
7	55115125	57999999	3	2	1	2
7	58000000	61699999	3	2	1	2
7	61700000	65920105	3	2	1	2
7	65920106	65924431	3	2	1	2
7	65924432	73550038	3	2	1	2
7	73550039	73924984	2	2	0	3
7	73924985	81928786	3	2	1	3
7	81928787	81949526	2	2	0	1
7	81949527	97022233	3	2	1	3
7	97022234	97022823	3	2	1	2
7	97022824	103801359	3	2	1	3
7	103801360	111174885	4	2	2	3
7	111174886	113713590	5	3	2	3
7	113713591	117881515	4	2	2	3
7	117881516	117882807	4	2	2	2
7	117882808	128499378	4	2	2	2
7	128499379	128555898	5	3	2	2
7	128555899	129139768	4	2	2	2
7	129139769	129188593	3	2	1	2
7	129188594	132388966	4	2	2	3
7	132388967	132412312	4	2	2	1
7	132412313	135191210	4	2	2	3
7	135191211	135214578	5	3	2	2
7	135214579	141374929	4	2	2	2
7	141374930	141375267	4	2	2	2
7	141375268	149901342	4	2	2	2
7	149901343	158241200	5	3	2	2
7	158241201	158247947	5	3	2	2
7	158247948	158771400	5	3	2	2
8	163988	2678095	1	1	0	2
8	2678096	2702096	2	1	1	3
8	2702097	3465850	1	1	0	2
8	3465851	3489601	2	2	0	2
8	3489602	3505088	0	0	0	2
8	3505089	3596544	2	2	0	2
8	3596545	3783650	0	0	0	2
8	3783651	3786536	2	2	0	2
8	3786537	3786586	0	0	0	2
8	3786587	4081767	0	0	0	2
8	4081768	4081899	3	2	1	2
8	4081900	4084303	1	1	0	1
8	4084304	23692128	2	2	0	3
8	23692129	23696249	2	2	0	2
8	23696250	23699346	5	3	2	2
8	23699347	25001323	2	2	0	3
8	25001324	29191004	3	2	1	3
8	29191005	29202922	3	2	1	2
8	29202923	37689652	3	2	1	2
8	37689653	37727381	4	3	1	1
8	37727382	42650151	3	2	1	3
8	42650152	43099999	5	3	2	2
8	43100000	48099999	NA	NA	NA	NA
8	48100000	48681128	4	2	2	2
8	48681129	49414217	5	3	2	2
8	49414218	60947919	4	2	2	2
8	60947920	73915963	5	3	2	2
8	73915964	74134353	4	2	2	2
8	74134354	74134485	4	2	2	2
8	74134486	74171355	4	2	2	2
8	74171356	74177739	5	3	2	2
8	74177740	74177916	1	1	0	1
8	74177917	74177929	4	2	2	1
8	74177930	74427680	7	4	3	2
8	74427681	74495110	6	3	3	2
8	74495111	90793831	4	2	2	2
8	90793832	90857763	5	3	2	2
8	90857764	102192948	4	2	2	2
8	102192949	102790957	5	3	2	2
8	102790958	104054098	4	2	2	2
8	104054099	104157460	6	4	2	2
8	104157461	104244218	10	8	2	2
8	104244219	104736817	6	4	2	2
8	104736818	110108026	4	2	2	2
8	110108027	113431083	3	2	1	2
8	113431084	113519875	2	2	0	2
8	113519876	127377907	3	2	1	2
8	127377908	128147856	4	2	2	2
8	128147857	128148112	4	2	2	2
8	128148113	128178795	6	4	2	2
8	128178796	128199139	7	4	3	2
8	128199140	128226939	8	5	3	2
8	128226940	128264292	8	6	2	1
8	128264293	128298390	12	9	3	2
8	128298391	128483489	8	5	3	2
8	128483490	128790977	8	4	4	1
8	128790978	128808562	7	4	3	2
8	128808563	128814251	5	3	2	1
8	128814252	128832730	5	3	2	2
8	128832731	130546282	4	2	2	2
8	130546283	130548896	4	2	2	2
8	130548897	146364021	4	2	2	2
9	47500	1963247	3	3	0	2
9	1963248	1963275	3	3	0	2
9	1963276	6265541	3	3	0	2
9	6265542	6267606	3	3	0	2
9	6267607	6963514	3	3	0	2
9	6963515	6966342	2	2	0	2
9	6966343	12648321	3	3	0	2
9	12648322	13161515	6	6	0	2
9	13161516	13355262	6	6	0	2
9	13355263	13495248	8	8	0	2
9	13495249	13500005	8	8	0	2
9	13500006	13589351	8	8	0	2
9	13589352	13666667	10	10	0	2
9	13666668	13683815	9	9	0	2
9	13683816	13714599	3	3	0	2
9	13714600	13724545	2	2	0	2
9	13724546	13767058	11	11	0	2
9	13767059	13817057	11	11	0	2
9	13817058	20768868	5	5	0	2
9	20768869	21434602	4	4	0	2
9	21434603	21444989	2	2	0	2
9	21444990	33916295	2	2	0	2
9	33916296	34290581	3	3	0	2
9	34290582	34827962	4	4	0	2
9	34827963	35431826	3	3	0	2
9	35431827	35431883	3	3	0	2
9	35431884	35433663	3	3	0	2
9	35433664	44814127	2	2	0	2
9	44814128	47216572	2	2	0	2
9	47216573	50699999	2	2	0	2
9	50700000	74983965	2	2	0	2
9	74983966	75254687	3	3	0	2
9	75254688	89481589	2	2	0	2
9	89481590	89485821	2	2	0	2
9	89485822	93805189	2	2	0	2
9	93805190	93805939	2	2	0	2
9	93805940	95802482	2	2	0	2
9	95802483	96011554	3	3	0	2
9	96011555	117586990	2	2	0	2
9	117586991	117610933	2	2	0	2
9	117610934	122194252	2	2	0	2
9	122194253	128968976	3	3	0	2
9	128968977	129738448	4	4	0	2
9	129738449	130067274	2	2	0	3
9	130067275	140273200	3	3	0	2
10	94426	3570947	3	2	1	2
10	3570948	3571087	3	2	1	2
10	3571088	8421237	3	2	1	2
10	8421238	8423255	3	2	1	2
10	8423256	8423699	4	2	2	1
10	8423700	8801449	4	2	2	3
10	8801450	8803255	4	2	2	2
10	8803256	8844934	4	2	2	2
10	8844935	8845422	3	2	1	2
10	8845423	35728929	3	2	1	2
10	35728930	35772462	4	2	2	2
10	35772463	37999999	3	2	1	2
10	38000000	42299999	3	2	1	2
10	42300000	45141991	3	2	1	2
10	45141992	45142404	3	2	1	2
10	45142405	45142509	3	2	1	2
10	45142510	45840483	3	2	1	2
10	45840484	45840613	3	2	1	2
10	45840614	45846437	2	1	1	2
10	45846438	45846545	2	1	1	2
10	45846546	52912323	2	1	1	3
10	52912324	52913243	2	1	1	3
10	52913244	63758635	2	1	1	3
10	63758636	63821100	3	2	1	2
10	63821101	63984818	4	3	1	2
10	63984819	64051153	3	2	1	2
10	64051154	69836299	2	1	1	2
10	69836300	69836347	2	1	1	2
10	69836348	73675813	2	1	1	3
10	73675814	73675860	2	1	1	3
10	73675861	97512648	2	1	1	3
10	97512649	97513544	2	1	1	3
10	97513545	126277290	2	1	1	3
10	126277291	126277670	2	1	1	2
10	126277671	126283694	3	2	1	2
10	126283695	126283996	4	3	1	1
10	126283997	126285555	4	3	1	1
10	126285556	126285628	4	3	1	1
10	126285629	126683163	4	3	1	2
10	126683164	126683255	4	3	1	2
10	126683256	126684698	1	1	0	1
10	126684699	135389924	2	1	1	3
11	20721	199961	2	1	1	1
11	199962	34547021	2	2	0	2
11	34547022	34552057	7	7	0	2
11	34552058	34630295	7	7	0	2
11	34630296	34635263	8	8	0	2
11	34635264	34667835	6	6	0	2
11	34667836	34668261	6	5	1	2
11	34668262	34881022	6	5	1	2
11	34881023	35015038	4	4	0	2
11	35015039	35065162	6	5	1	2
11	35065163	35218929	3	3	0	2
11	35218930	43014537	2	2	0	2
11	43014538	43017556	1	1	0	2
11	43017557	43981699	2	2	0	2
11	43981700	43981963	2	2	0	1
11	43981964	43988801	3	2	1	1
11	43988802	50781717	4	2	2	2
11	50781718	55699999	NA	NA	NA	NA
11	55700000	61579359	3	2	1	3
11	61579360	61605140	3	2	1	1
11	61605141	66391516	3	2	1	2
11	66391517	67546740	2	1	1	2
11	67546741	68118985	3	2	1	3
11	68118986	68799315	2	1	1	2
11	68799316	69152075	3	2	1	2
11	69152076	69536020	2	1	1	2
11	69536021	72101470	3	2	1	3
11	72101471	72115167	4	3	1	2
11	72115168	72115546	4	3	1	2
11	72115547	72115570	4	3	1	2
11	72115571	72766623	4	3	1	2
11	72766624	73069309	5	3	2	2
11	73069310	73364397	4	3	1	2
11	73364398	73366158	4	3	1	1
11	73366159	75426330	4	3	1	2
11	75426331	75437977	4	3	1	2
11	75437978	79499357	4	3	1	2
11	79499358	80476429	2	1	1	2
11	80476430	80843428	4	3	1	2
11	80843429	80843605	4	3	1	2
11	80843606	84716318	2	1	1	2
11	84716319	84718594	2	1	1	2
11	84718595	89333744	2	1	1	2
11	89333745	93984492	4	3	1	2
11	93984493	98820707	2	1	1	2
11	98820708	102256500	4	3	1	2
11	102256501	102508715	8	7	1	2
11	102508716	111706382	4	3	1	2
11	111706383	134452200	3	2	1	2
12	110107	188196	3	2	1	2
12	188197	595782	3	2	1	2
12	595783	1459967	5	4	1	2
12	1459968	12025956	3	2	1	2
12	12025957	12264915	1	1	0	3
12	12264916	14942860	3	2	1	3
12	14942861	14944270	3	2	1	2
12	14944271	14949766	7	5	2	2
12	14949767	15034719	7	5	2	2
12	15034720	15043714	4	2	2	2
12	15043715	15172397	4	2	2	2
12	15172398	21008444	3	2	1	2
12	21008445	21009600	3	2	1	2
12	21009601	22003894	3	2	1	2
12	22003895	22005668	3	2	1	2
12	22005669	27880055	3	2	1	2
12	27880056	27880209	3	2	1	2
12	27880210	27919151	3	2	1	2
12	27919152	27929371	3	2	1	2
12	27929372	30867417	3	2	1	3
12	30867418	31849632	4	3	1	3
12	31849633	33299999	3	2	1	2
12	33300000	38199999	3	2	1	2
12	38200000	39791814	3	2	1	3
12	39791815	39793517	3	2	1	2
12	39793518	42591338	3	2	1	2
12	42591339	42768766	4	3	1	2
12	42768767	43120028	3	2	1	2
12	43120029	43151327	5	3	2	2
12	43151328	43385400	4	2	2	2
12	43385401	43442375	2	2	0	2
12	43442376	47040815	4	2	2	2
12	47040816	47510885	4	2	2	2
12	47510886	52353741	2	2	0	2
12	52353742	52430847	2	2	0	2
12	52430848	53299317	2	2	0	2
12	53299318	53421461	1	1	0	3
12	53421462	54172919	2	2	0	2
12	54172920	54207295	1	1	0	2
12	54207296	55730568	2	2	0	2
12	55730569	62982716	3	2	1	2
12	62982717	63031014	4	3	1	3
12	63031015	63941601	3	2	1	3
12	63941602	64136601	3	2	1	2
12	64136602	68116014	3	2	1	2
12	68116015	68121474	3	2	1	2
12	68121475	74669218	3	2	1	2
12	74669219	76013362	2	2	0	2
12	76013363	76028363	2	2	0	2
12	76028364	76333947	2	2	0	2
12	76333948	76334429	2	2	0	2
12	76334430	76334482	2	2	0	1
12	76334483	76443632	3	3	0	3
12	76443633	86152753	2	2	0	2
12	86152754	86962344	3	2	1	2
12	86962345	87401216	2	2	0	2
12	87401217	91241058	3	2	1	2
12	91241059	91408235	4	2	2	3
12	91408236	91674312	3	2	1	2
12	91674313	91674507	3	2	1	2
12	91674508	92737619	3	2	1	2
12	92737620	92863024	2	2	0	2
12	92863025	102198552	3	2	1	3
12	102198553	102937252	4	2	2	3
12	102937253	106721959	3	2	1	3
12	106721960	110102595	4	2	2	2
12	110102596	112382285	3	2	1	2
12	112382286	112387128	3	2	1	2
12	112387129	112401335	3	2	1	2
12	112401336	112403013	3	2	1	2
12	112403014	112446867	3	2	1	2
12	112446868	114383014	2	2	0	3
12	114383015	118150501	3	2	1	3
12	118150502	118154766	3	2	1	1
12	118154767	119076852	4	2	2	2
12	119076853	119657935	3	2	1	2
12	119657936	119877524	2	2	0	3
12	119877525	120255785	3	2	1	3
12	120255786	120338909	2	2	0	3
12	120338910	120503240	3	2	1	3
12	120503241	120544596	2	2	0	2
12	120544597	120934271	3	2	1	2
12	120934272	121667086	2	2	0	3
12	121667087	122684034	4	2	2	2
12	122684035	122908691	2	2	0	2
12	122908692	125392255	4	2	2	2
12	125392256	125424101	6	3	3	2
12	125424102	127605756	4	2	2	3
12	127605757	127612181	4	2	2	3
12	127612182	128165775	4	2	2	2
12	128165776	128828641	4	2	2	2
12	128828642	128852515	4	2	2	2
12	128852516	130881927	4	2	2	2
12	130881928	130882651	4	2	2	2
12	130882652	131274412	4	2	2	2
12	131274413	131550780	3	2	1	2
12	131550781	131551011	3	2	1	2
12	131551012	132231003	3	2	1	2
12	132231004	132455591	4	3	1	2
12	132455592	133114207	3	2	1	2
12	133114208	133204254	4	3	1	2
13	1	16299999	2	1	1	1
13	16300000	19499999	2	1	1	2
13	19500000	41932148	2	1	1	3
13	41932149	42284697	3	2	1	2
13	42284698	51955174	2	1	1	2
13	51955175	75887277	1	1	0	3
13	75887278	75894890	2	2	0	1
13	75894891	79456765	1	1	0	3
13	79456766	98136659	2	1	1	3
13	98136660	98138167	2	1	1	2
13	98138168	98138205	2	1	1	1
13	98138206	112194235	3	2	1	3
13	112194236	112209903	1	1	0	1
13	112209904	114142800	3	2	1	3
13	114142801	115169877	3	2	1	2
14	1	16099999	2	2	0	1
14	16100000	19099999	2	2	0	2
14	19100000	20473571	2	2	0	2
14	20473572	24692675	2	2	0	2
14	24692676	24882575	4	4	0	3
14	24882576	26612493	2	2	0	2
14	26612494	27313535	3	3	0	2
14	27313536	41619201	2	2	0	2
14	41619202	49707147	2	2	0	2
14	49707148	49718874	2	2	0	2
14	49718875	50448474	2	2	0	2
14	50448475	50462680	2	2	0	2
14	50462681	51821697	2	2	0	2
14	51821698	51821777	2	2	0	2
14	51821778	51822087	2	2	0	1
14	51822088	52050869	4	4	0	2
14	52050870	52051434	1	1	0	1
14	52051435	52051593	4	4	0	1
14	52051594	55533959	2	2	0	2
14	55533960	55547381	4	4	0	1
14	55547382	59581638	2	2	0	2
14	59581639	59604434	4	4	0	2
14	59604435	62018405	2	2	0	2
14	62018406	62043298	3	3	0	2
14	62043299	68791666	2	2	0	2
14	68791667	69719987	0	0	0	2
14	69719988	76934403	2	2	0	2
14	76934404	76936427	2	2	0	2
14	76936428	91753754	2	2	0	2
14	91753755	91932076	3	3	0	2
14	91932077	92889632	4	4	0	2
14	92889633	106362500	3	3	0	2
14	106362501	106683840	3	3	0	2
15	1	15799999	2	2	0	1
15	15800000	20699999	2	2	0	2
15	20700000	33414201	2	2	0	3
15	33414202	34523199	3	3	0	3
15	34523200	49103291	2	2	0	3
15	49103292	53609903	3	3	0	3
15	53609904	57587586	4	4	0	2
15	57587587	58900751	7	7	0	2
15	58900752	65172834	4	4	0	2
15	65172835	71583361	3	3	0	3
15	71583362	71613483	3	3	0	3
15	71613484	100022021	3	3	0	3
15	100022022	100025590	5	5	0	1
15	100025591	101191523	3	3	0	3
15	101191524	101220657	6	6	0	1
15	101220658	102422601	3	3	0	3
16	84170	2293191	2	2	0	2
16	2293192	2730034	4	4	0	2
16	2730035	10556622	2	2	0	3
16	10556623	10601388	3	3	0	2
16	10601389	10665322	2	2	0	2
16	10665323	12321782	4	4	0	2
16	12321783	28291678	2	2	0	3
16	28291679	28887062	3	3	0	3
16	28887063	34599999	2	2	0	2
16	34600000	38599999	2	2	0	2
16	38600000	46447499	2	2	0	2
16	46447500	56718374	2	2	0	2
16	56718375	61547807	3	3	0	2
16	61547808	61547971	3	3	0	2
16	61547972	61548017	3	3	0	2
16	61548018	69829570	3	3	0	2
16	69829571	84802067	2	2	0	2
16	84802068	84813451	2	2	0	2
16	84813452	88827200	2	2	0	2
16	88827201	90354752	2	2	0	3
17	12500	6099978	2	2	0	2
17	6099979	18915105	2	2	0	2
17	18915106	18915386	2	2	0	2
17	18915387	22199999	2	2	0	2
17	22200000	25799999	2	2	0	3
17	25800000	36278853	2	2	0	3
17	36278854	37013950	2	2	0	3
17	37013951	37026207	3	3	0	1
17	37026208	42242700	2	2	0	2
17	42242701	42479526	3	3	0	2
17	42479527	47531869	2	2	0	2
17	47531870	59423677	2	2	0	2
17	59423678	59592240	0	0	0	2
17	59592241	76220389	2	2	0	2
17	76220390	76467300	4	4	0	3
17	76467301	78774600	2	2	0	2
17	78774601	81195209	2	2	0	3
18	27500	4864108	3	2	1	2
18	4864109	5552250	1	1	0	2
18	5552251	5553722	2	1	1	2
18	5553723	9396170	1	1	0	2
18	9396171	15399999	2	2	0	2
18	15400000	18999999	2	2	0	2
18	19000000	23484247	2	2	0	2
18	23484248	23536191	3	3	0	2
18	23536192	23851583	4	4	0	2
18	23851584	23908631	3	3	0	2
18	23908632	41826888	2	2	0	2
18	41826889	42457223	4	4	0	2
18	42457224	45786822	2	2	0	2
18	45786823	45852670	3	3	0	2
18	45852671	47116733	2	2	0	2
18	47116734	57537476	2	2	0	2
18	57537477	57540723	2	2	0	2
18	57540724	61930435	2	2	0	2
18	61930436	62397916	3	3	0	2
18	62397917	76117000	2	2	0	2
18	76117001	78077247	2	2	0	3
19	102500	255740	2	2	0	2
19	255741	1056745	2	2	0	2
19	1056746	1154079	4	4	0	2
19	1154080	1997500	2	2	0	2
19	1997501	5827344	2	2	0	2
19	5827345	5858157	3	2	1	2
19	5858158	5860265	4	2	2	1
19	5860266	5860331	3	2	1	1
19	5860332	8843983	2	2	0	2
19	8843984	8846040	3	2	1	2
19	8846041	9295560	4	2	2	2
19	9295561	9670740	4	2	2	2
19	9670741	10940000	5	3	2	2
19	10940001	10948321	6	5	1	2
19	10948322	11245825	6	5	1	2
19	11245826	17397704	3	2	1	2
19	17397705	17451025	3	2	1	2
19	17451026	18939460	3	2	1	2
19	18939461	19005042	2	2	0	2
19	19005043	24399999	3	2	1	2
19	24400000	28599999	3	2	1	2
19	28600000	37188951	3	2	1	2
19	37188952	37965067	4	3	1	2
19	37965068	43320736	3	2	1	2
19	43320737	43750004	3	2	1	2
19	43750005	45536781	3	2	1	2
19	45536782	45562876	3	2	1	2
19	45562877	49116696	3	2	1	2
19	49116697	49422500	3	2	1	2
19	49422501	49515402	3	2	1	2
19	49515403	55563389	2	2	0	3
19	55563390	56229877	3	3	0	3
19	56229878	59128982	2	2	0	3
20	24651	4985829	2	2	0	2
20	4985830	5153785	4	4	0	2
20	5153786	9393151	2	2	0	2
20	9393152	9393327	2	2	0	2
20	9393328	9393828	1	1	0	1
20	9393829	9393954	5	3	2	1
20	9393955	9394010	5	3	2	2
20	9394011	10646792	5	3	2	2
20	10646793	10657156	5	3	2	2
20	10657157	20898262	5	3	2	2
20	20898263	20949461	6	3	3	2
20	20949462	25599999	5	3	2	2
20	25600000	29464810	5	3	2	2
20	29464811	34758877	5	3	2	2
20	34758878	35646758	6	4	2	2
20	35646759	35798010	5	3	2	2
20	35798011	35805007	5	3	2	1
20	35805008	35946585	5	3	2	2
20	35946586	35974355	7	4	3	2
20	35974356	36848574	5	3	2	2
20	36848575	36848606	5	3	2	2
20	36848607	36879410	5	3	2	2
20	36879411	36885221	4	2	2	2
20	36885222	48775486	5	3	2	2
20	48775487	48807012	6	3	3	2
20	48807013	48869762	6	3	3	2
20	48869763	48919788	6	3	3	2
20	48919789	48933372	5	3	2	2
20	48933373	48981067	7	4	3	2
20	48981068	52065259	5	3	2	2
20	52065260	52149475	5	3	2	2
20	52149476	52152962	9	6	3	2
20	52152963	52168079	7	5	2	1
20	52168080	52499151	9	6	3	2
20	52499152	53260725	6	3	3	2
20	53260726	59072298	5	3	2	2
20	59072299	59121497	7	5	2	2
20	59121498	60224686	5	3	2	2
20	60224687	60227336	4	3	1	2
20	60227337	62435800	5	3	2	2
21	1	10899999	NA	NA	NA	NA
21	10900000	14299999	2	2	0	2
21	14300000	42857051	2	2	0	2
21	42857052	42857499	2	2	0	2
21	42857500	43006857	2	2	0	2
21	43006858	43066615	3	3	0	2
21	43066616	43067558	3	3	0	2
21	43067559	43068186	2	2	0	2
21	43068187	43213932	2	2	0	2
21	43213933	43227688	3	3	0	2
21	43227689	48098480	2	2	0	2
22	1	12199999	2	2	0	1
22	12200000	17899999	2	2	0	2
22	17900000	38310081	2	2	0	2
22	38310082	38548981	3	3	0	2
22	38548982	38549216	3	3	0	2
22	38549217	39292161	3	3	0	2
22	39292162	46223043	2	2	0	2
22	46223044	46264246	4	4	0	2
22	46264247	46487007	6	6	0	1
22	46487008	46856946	4	4	0	2
22	46856947	49691400	2	2	0	2
22	49691401	51304565	2	2	0	3
X	1	10108103	1	1	0	3
X	10108104	10323158	1	1	0	2
X	10323159	23738196	1	1	0	2
X	23738197	23742466	2	2	0	1
X	23742467	23791002	3	3	0	2
X	23791003	23877605	5	5	0	2
X	23877606	23951611	4	4	0	2
X	23951612	24043140	3	3	0	2
X	24043141	24342514	4	4	0	2
X	24342515	24440268	3	3	0	2
X	24440269	24444273	5	5	0	1
X	24444274	24538266	4	4	0	2
X	24538267	24543398	2	2	0	2
X	24543399	33895797	1	1	0	2
X	33895798	35756683	0	0	0	2
X	35756684	42280067	1	1	0	2
X	42280068	46008592	2	2	0	2
X	46008593	46019042	2	2	0	2
X	46019043	46091036	4	4	0	2
X	46091037	46093688	2	1	1	2
X	46093689	58099999	2	2	0	2
X	58100000	62999999	2	2	0	2
X	63000000	67035684	2	2	0	2
X	67035685	67044530	1	1	0	2
X	67044531	72534995	2	2	0	2
X	72534996	73542196	3	3	0	2
X	73542197	73544958	3	3	0	2
X	73544959	73860390	5	5	0	2
X	73860391	73862037	1	1	0	2
X	73862038	88462499	1	1	0	2
X	88462500	121704453	1	1	0	2
X	121704454	122244113	2	2	0	2
X	122244114	122247263	4	4	0	1
X	122247264	131765118	3	3	0	2
X	131765119	131765805	3	3	0	2
X	131765806	155145088	3	3	0	2
