chromosome	start	end	total_cn	major_cn	minor_cn	star
1	10001	18411605	2	2	0	2
1	18411606	18411798	3	2	1	2
1	18411799	23830050	3	2	1	3
1	23830051	25529446	4	3	1	3
1	25529447	28155654	3	2	1	2
1	28155655	33795183	3	2	1	3
1	33795184	33811149	3	2	1	3
1	33811150	71631092	3	2	1	3
1	71631093	71946319	2	2	0	2
1	71946320	121499999	3	2	1	2
1	121500000	128899999	3	2	1	2
1	128900000	144962499	3	2	1	2
1	144962500	157234402	5	3	2	2
1	157234403	157242973	5	3	2	2
1	157242974	159969847	5	3	2	2
1	159969848	160008253	7	4	3	1
1	160008254	164475352	5	3	2	2
1	164475353	174983854	3	2	1	2
1	174983855	175387814	2	1	1	2
1	175387815	247247500	3	2	1	2
1	247247501	249250620	3	2	1	2
2	27471	25389417	3	3	0	2
2	25389418	25547480	2	2	0	2
2	25547481	33140060	3	3	0	2
2	33140061	33983152	2	2	0	2
2	33983153	34130611	1	1	0	2
2	34130612	34137941	2	2	0	2
2	34137942	34286822	1	1	0	2
2	34286823	62115666	3	3	0	2
2	62115667	62277962	2	2	0	2
2	62277963	63024336	3	3	0	3
2	63024337	63025031	3	3	0	2
2	63025032	63027555	8	8	0	1
2	63027556	63028393	3	3	0	2
2	63028394	75423551	3	3	0	2
2	75423552	75423588	3	3	0	2
2	75423589	85576196	3	3	0	2
2	85576197	85576794	3	3	0	2
2	85576795	90499999	3	3	0	2
2	90500000	96799999	3	3	0	2
2	96800000	169731702	3	3	0	2
2	169731703	169732776	3	3	0	2
2	169732777	203638177	3	3	0	2
2	203638178	205917497	3	3	0	2
2	205917498	205917520	3	3	0	2
2	205917521	227488425	2	2	0	2
2	227488426	227488535	2	2	0	2
2	227488536	242999968	2	2	0	2
3	62425	4570025	3	3	0	2
3	4570026	4979850	2	2	0	2
3	4979851	15384596	3	3	0	2
3	15384597	15504874	5	5	0	2
3	15504875	16692074	3	3	0	2
3	16692075	16692864	3	3	0	2
3	16692865	34853382	3	3	0	2
3	34853383	50250192	4	4	0	2
3	50250193	50262349	4	4	0	2
3	50262350	76440761	4	4	0	2
3	76440762	76479423	4	4	0	2
3	76479424	77581660	4	4	0	2
3	77581661	85362500	4	4	0	2
3	85362501	87899999	4	4	0	2
3	87900000	93899999	NA	NA	NA	NA
3	93900000	166824610	3	2	1	2
3	166824611	167079286	3	2	1	2
3	167079287	174210033	3	2	1	2
3	174210034	174668267	2	2	0	2
3	174668268	192993328	3	2	1	3
3	192993329	192993544	3	2	1	3
3	192993545	197847500	3	2	1	3
4	27500	43514816	3	2	1	3
4	43514817	43520896	3	2	1	2
4	43520897	45559329	3	2	1	2
4	45559330	45560563	3	2	1	1
4	45560564	48199999	4	2	2	2
4	48200000	52699999	4	2	2	2
4	52700000	64569988	4	2	2	2
4	64569989	65259140	5	3	2	2
4	65259141	82349916	4	2	2	2
4	82349917	114818905	2	2	0	2
4	114818906	129575263	3	3	0	2
4	129575264	129741592	4	4	0	2
4	129741593	151014074	3	3	0	2
4	151014075	151042263	1	1	0	2
4	151042264	151044345	3	3	0	2
4	151044346	151044822	4	4	0	1
4	151044823	162801824	3	3	0	2
4	162801825	162802226	3	3	0	2
4	162802227	191154275	3	3	0	2
5	22500	855090	1	1	0	2
5	855091	45951719	2	2	0	2
5	45951720	46099999	2	2	0	2
5	46100000	50699999	NA	NA	NA	NA
5	50700000	59039034	3	3	0	2
5	59039035	59373015	2	2	0	2
5	59373016	111357500	3	3	0	2
5	111357501	134317129	3	3	0	2
5	134317130	134320992	3	3	0	2
5	134320993	141073159	3	3	0	2
5	141073160	141391358	3	3	0	2
5	141391359	180681777	3	3	0	2
6	39681	204908	3	2	1	1
6	204909	33062499	3	2	1	3
6	33062500	53552061	3	2	1	3
6	53552062	53552140	3	2	1	3
6	53552141	58699999	3	2	1	2
6	58700000	63299999	NA	NA	NA	NA
6	63300000	93643732	3	2	1	2
6	93643733	93646742	3	2	1	2
6	93646743	170917760	3	2	1	3
7	40386	57936583	4	3	1	3
7	57936584	61699999	NA	NA	NA	NA
7	61700000	61862867	9	7	2	1
7	61862868	62358426	14	9	5	1
7	62358427	62429962	11	7	4	1
7	62429963	65868611	4	3	1	2
7	65868612	65965485	3	2	1	2
7	65965486	77709432	4	3	1	2
7	77709433	77895000	3	3	0	2
7	77895001	91754969	4	3	1	2
7	91754970	91755834	4	3	1	2
7	91755835	158821400	4	3	1	3
8	10001	164049	3	2	1	2
8	164050	15065749	3	2	1	2
8	15065750	43099999	4	2	2	2
8	43100000	48099999	4	2	2	2
8	48100000	68981085	4	2	2	2
8	68981086	68987013	4	2	2	2
8	68987014	85599399	4	2	2	2
8	85599400	85691877	3	2	1	1
8	85691878	118132808	4	2	2	2
8	118132809	118154157	4	2	2	2
8	118154158	126600001	4	2	2	2
8	126600002	146364021	4	2	2	2
9	10001	216123	2	2	0	2
9	216124	43657499	2	2	0	2
9	43657500	47299999	2	2	0	2
9	47300000	50699999	2	2	0	2
9	50700000	66799971	2	2	0	2
9	66799972	140273200	2	2	0	2
10	95844	37999999	2	2	0	2
10	38000000	42443194	2	2	0	2
10	42443195	42554566	2	2	0	2
10	42554567	55678183	2	2	0	2
10	55678184	56460044	3	3	0	2
10	56460045	89681966	2	2	0	2
10	89681967	135389924	4	2	2	2
11	20721	234256	4	4	0	2
11	234257	3704574	4	4	0	2
11	3704575	3804905	2	2	0	2
11	3804906	37931000	4	4	0	2
11	37931001	37931295	4	4	0	2
11	37931296	37934170	4	4	0	2
11	37934171	38106343	4	4	0	2
11	38106344	41098540	4	4	0	2
11	41098541	41099317	3	3	0	2
11	41099318	41099850	3	3	0	2
11	41099851	48679362	3	3	0	2
11	48679363	48954134	3	3	0	2
11	48954135	48957587	3	3	0	2
11	48957588	50298632	3	3	0	2
11	50298633	51558965	3	3	0	2
11	51558966	55699999	NA	NA	NA	NA
11	55700000	62281557	3	3	0	2
11	62281558	62302549	3	3	0	1
11	62302550	134452200	3	3	0	2
12	110107	8420415	3	2	1	3
12	8420416	8422760	3	2	1	3
12	8422761	33299999	3	2	1	2
12	33300000	38199999	3	2	1	2
12	38200000	46030058	3	2	1	2
12	46030059	46030252	3	2	1	2
12	46030253	132349400	3	2	1	3
12	132349401	133851894	2	1	1	2
13	1	16299999	3	2	1	1
13	16300000	19499999	3	2	1	2
13	19500000	23337537	3	2	1	2
13	23337538	23337581	4	3	1	2
13	23337582	64241803	4	3	1	2
13	64241804	114142800	4	3	1	2
13	114142801	115169877	4	3	1	2
14	1	16099999	NA	NA	NA	NA
14	16100000	19099999	10	9	1	1
14	19100000	20475567	1	1	0	2
14	20475568	46980033	2	2	0	2
14	46980034	47279863	3	2	1	2
14	47279864	53983731	3	2	1	2
14	53983732	60298064	2	2	0	2
14	60298065	63066028	3	2	1	2
14	63066029	71186791	2	2	0	2
14	71186792	77319151	3	2	1	3
14	77319152	80637563	2	2	0	2
14	80637564	92215582	3	2	1	2
14	92215583	101067772	2	2	0	2
14	101067773	104480710	3	2	1	3
14	104480711	104991798	3	2	1	2
14	104991799	104996191	3	2	1	2
14	104996192	106362500	3	2	1	2
14	106362501	106505419	3	2	1	2
15	1	15799999	1	1	0	1
15	15800000	20699999	1	1	0	2
15	20700000	33140801	1	1	0	2
15	33140802	33346402	0	0	0	2
15	33346403	49678538	1	1	0	2
15	49678539	49713724	1	1	0	2
15	49713725	51022384	1	1	0	2
15	51022385	62169092	2	2	0	2
15	62169093	62169186	2	2	0	2
15	62169187	62556616	2	2	0	2
15	62556617	62563606	2	2	0	1
15	62563607	65450478	6	6	0	2
15	65450479	65562540	2	2	0	2
15	65562541	65681264	6	6	0	2
15	65681265	66157001	2	2	0	2
15	66157002	66197701	6	6	0	2
15	66197702	66197881	6	6	0	2
15	66197882	68883262	6	6	0	2
15	68883263	68883344	7	7	0	1
15	68883345	68883453	2	2	0	1
15	68883454	69283725	2	2	0	2
15	69283726	69309954	2	2	0	1
15	69309955	69337663	4	4	0	1
15	69337664	69746190	2	2	0	2
15	69746191	69759715	9	9	0	2
15	69759716	72545236	2	2	0	2
15	72545237	72852741	2	2	0	2
15	72852742	72856565	12	12	0	2
15	72856566	73034939	2	2	0	2
15	73034940	73035968	2	2	0	2
15	73035969	89335375	2	2	0	2
15	89335376	89538750	6	6	0	2
15	89538751	90817500	2	2	0	2
15	90817501	91659204	2	2	0	2
15	91659205	91659422	10	10	0	2
15	91659423	91778164	10	10	0	2
15	91778165	92523477	3	3	0	2
15	92523478	92642200	5	5	0	2
15	92642201	92655402	4	4	0	2
15	92655403	92655616	15	14	1	1
15	92655617	95028580	13	13	0	1
15	95028581	95028761	12	12	0	1
15	95028762	95142523	5	5	0	2
15	95142524	95152759	5	5	0	2
15	95152760	95153638	14	14	0	1
15	95153639	95202355	17	17	0	1
15	95202356	95202532	14	14	0	1
15	95202533	95206478	8	8	0	1
15	95206479	96355501	5	5	0	2
15	96355502	96355823	5	5	0	2
15	96355824	96559354	6	6	0	2
15	96559355	99256088	2	2	0	2
15	99256089	99279986	2	2	0	2
15	99279987	100669024	3	3	0	2
15	100669025	100674669	8	8	0	2
15	100674670	100675242	8	8	0	2
15	100675243	100752935	8	8	0	2
15	100752936	101136568	7	7	0	1
15	101136569	101231368	1	1	0	2
15	101231369	101882777	6	6	0	2
15	101882778	101884691	1	1	0	1
15	101884692	102425427	1	1	0	2
16	84170	32493063	4	2	2	2
16	32493064	33870370	5	3	2	2
16	33870371	38599999	NA	NA	NA	NA
16	38600000	85293120	3	2	1	3
16	85293121	88827200	3	2	1	2
16	88827201	90354752	3	2	1	2
17	7	22199204	2	2	0	2
17	22199205	25799999	NA	NA	NA	NA
17	25800000	78774600	3	3	0	2
17	78774601	81195209	3	3	0	2
18	27500	130030	4	3	1	1
18	130031	15384077	3	2	1	2
18	15384078	18999999	3	2	1	2
18	19000000	76117000	3	2	1	2
18	76117001	78077247	3	2	1	2
19	108847	1408823	4	3	1	2
19	1408824	24399999	4	3	1	2
19	24400000	28599999	4	3	1	2
19	28600000	59128982	4	3	1	2
20	32204	14947499	2	2	0	2
20	14947500	15120013	0	0	0	2
20	15120014	25599999	2	2	0	2
20	25600000	29399999	NA	NA	NA	NA
20	29400000	60639826	4	2	2	3
20	60639827	60652580	3	2	1	1
20	60652581	62432500	4	2	2	2
21	1	9417499	NA	NA	NA	NA
21	9417500	10670000	NA	NA	NA	NA
21	10670001	14299999	5	5	0	1
21	14300000	46937500	2	2	0	2
21	46937501	48129894	1	1	0	2
22	1	12199999	4	3	1	1
22	12200000	17899999	4	3	1	2
22	17900000	19562500	4	3	1	2
22	19562501	20888230	5	4	1	2
22	20888231	21067672	6	4	2	2
22	21067673	21323697	5	4	1	2
22	21323698	21393512	4	3	1	2
22	21393513	23030092	4	3	1	2
22	23030093	24039938	3	2	1	3
22	24039939	25075484	4	3	1	2
22	25075485	25075664	4	3	1	2
22	25075665	30120007	4	3	1	3
22	30120008	49304966	3	2	1	3
22	49304967	49687500	4	3	1	2
22	49687501	51304565	3	2	1	2
X	1	58099999	2	2	0	1
X	58100000	62999999	NA	NA	NA	NA
X	63000000	91052901	2	2	0	1
X	91052902	91053352	2	2	0	1
X	91053353	155270559	2	2	0	1
Y	1	11599999	1	1	0	1
Y	11600000	13399999	NA	NA	NA	NA
Y	13400000	59373565	3	3	0	1
