chromosome	start	end	total_cn	major_cn	minor_cn	star
1	10001	121460201	2	1	1	3
1	121460202	128899999	2	1	1	2
1	128900000	247247500	2	1	1	2
1	247247501	249250620	2	1	1	3
2	13241	20251746	2	1	1	3
2	20251747	55306641	1	1	0	3
2	55306642	90499999	2	1	1	3
2	90500000	96799999	2	1	1	3
2	96800000	230281079	2	1	1	3
2	230281080	230294155	2	1	1	3
2	230294156	238074331	2	1	1	3
2	238074332	238074644	2	1	1	3
2	238074645	242962109	2	1	1	3
3	100074	87899999	2	1	1	3
3	87900000	93899999	2	1	1	3
3	93900000	144186095	2	1	1	3
3	144186096	145911500	2	1	1	2
3	145911501	159443813	2	1	1	2
3	159443814	168359334	2	1	1	2
3	168359335	171877860	3	2	1	2
3	171877861	178130034	2	1	1	2
3	178130035	182132178	2	1	1	2
3	182132179	190399422	2	1	1	2
3	190399423	197851385	2	1	1	3
4	45143	48199999	1	1	0	3
4	48200000	52699999	1	1	0	3
4	52700000	131380253	1	1	0	3
4	131380254	132107076	0	0	0	2
4	132107077	132107873	0	0	0	2
4	132107874	132109493	0	0	0	1
4	132109494	132577408	3	3	0	2
4	132577409	132594345	2	2	0	2
4	132594346	152784297	3	3	0	2
4	152784298	177543129	3	3	0	2
4	177543130	181019879	2	2	0	2
4	181019880	186439979	3	3	0	2
4	186439980	191154275	2	2	0	2
5	24565	27075427	2	1	1	2
5	27075428	27076483	2	1	1	2
5	27076484	27169411	2	1	1	2
5	27169412	46099999	2	1	1	3
5	46100000	50699999	2	1	1	3
5	50700000	119424876	2	1	1	3
5	119424877	119493165	3	2	1	2
5	119493166	180689978	2	1	1	3
6	39681	201975	2	1	1	1
6	201976	58699999	2	1	1	3
6	58700000	63299999	2	1	1	3
6	63300000	170896562	2	1	1	3
7	40386	57999999	2	1	1	3
7	58000000	61699999	2	1	1	3
7	61700000	145084676	2	1	1	3
7	145084677	145103055	2	1	1	3
7	145103056	146859929	2	1	1	3
7	146859930	146888247	2	1	1	3
7	146888248	158817500	2	1	1	3
8	170012	36619013	1	1	0	2
8	36619014	37315370	3	2	1	2
8	37315371	37993010	1	1	0	2
8	37993011	38056556	6	5	1	1
8	38056557	38319948	6	5	1	2
8	38319949	38660224	3	2	1	2
8	38660225	38770338	2	1	1	2
8	38770339	38841414	3	2	1	2
8	38841415	39780728	2	1	1	2
8	39780729	42876245	1	1	0	3
8	42876246	43099999	2	1	1	2
8	43100000	48099999	NA	NA	NA	NA
8	48100000	48493344	3	2	1	2
8	48493345	49445684	1	1	0	2
8	49445685	49830963	2	1	1	2
8	49830964	50219763	2	1	1	2
8	50219764	56041235	1	1	0	2
8	56041236	56104744	2	1	1	3
8	56104745	85437879	1	1	0	3
8	85437880	146364021	2	1	1	3
9	10001	161724	1	1	0	2
9	161725	21799417	1	1	0	2
9	21799418	32192920	0	0	0	3
9	32192921	32196775	10	10	0	1
9	32196776	32610602	10	10	0	2
9	32610603	32740582	8	8	0	2
9	32740583	32764827	2	2	0	2
9	32764828	32769466	4	4	0	2
9	32769467	32819465	4	4	0	2
9	32819466	32858912	6	6	0	2
9	32858913	32875040	7	7	0	1
9	32875041	32883477	7	7	0	1
9	32883478	32891641	6	6	0	1
9	32891642	32923371	3	3	0	2
9	32923372	32925054	6	6	0	2
9	32925055	32928795	3	3	0	2
9	32928796	33292877	6	6	0	2
9	33292878	34328792	1	1	0	2
9	34328793	34333743	3	3	0	2
9	34333744	34526122	5	5	0	2
9	34526123	34534312	5	5	0	2
9	34534313	36071919	5	5	0	2
9	36071920	36175509	6	6	0	2
9	36175510	36175538	6	6	0	2
9	36175539	36366730	4	4	0	3
9	36366731	36368173	4	4	0	2
9	36368174	36452574	6	6	0	1
9	36452575	36604008	6	6	0	2
9	36604009	36737676	4	4	0	3
9	36737677	36759562	6	6	0	2
9	36759563	36766924	6	6	0	2
9	36766925	37173322	6	6	0	2
9	37173323	47299999	1	1	0	3
9	47300000	50699999	1	1	0	3
9	50700000	140273200	1	1	0	3
9	140273201	141004945	1	1	0	3
10	94426	862839	2	1	1	2
10	862840	997601	1	1	0	2
10	997602	37999999	2	1	1	3
10	38000000	42299999	2	1	1	3
10	42300000	135389924	2	1	1	3
11	198510	51599999	2	1	1	3
11	51600000	55699999	2	1	1	3
11	55700000	131601167	2	1	1	3
11	131601168	134452200	1	1	0	3
12	22500	188284	3	2	1	2
12	188285	33299999	3	2	1	2
12	33300000	38199999	3	2	1	2
12	38200000	132349400	3	2	1	2
12	132349401	133851894	3	2	1	2
13	1	16299999	2	1	1	1
13	16300000	19499999	2	1	1	2
13	19500000	86306149	2	1	1	3
13	86306150	87264284	3	2	1	3
13	87264285	114142800	2	1	1	3
13	114142801	115169877	2	1	1	2
14	1	16099999	2	1	1	1
14	16100000	19099999	2	1	1	2
14	19100000	77761288	2	1	1	3
14	77761289	77765714	2	1	1	3
14	77765715	106368400	2	1	1	3
15	1	15799999	1	1	0	1
15	15800000	20699999	1	1	0	2
15	20700000	22374672	1	1	0	2
15	22374673	34748324	1	1	0	3
15	34748325	34872634	1	1	0	2
15	34872635	100338800	1	1	0	3
15	100338801	102531391	1	1	0	2
16	92688	31959969	2	1	1	3
16	31959970	34599999	2	1	1	3
16	34600000	38599999	2	1	1	3
16	38600000	75923164	2	1	1	3
16	75923165	75924304	1	1	0	2
16	75924305	75925814	1	1	0	2
16	75925815	75926109	1	1	0	2
16	75926110	76264821	1	1	0	3
16	76264822	76278128	3	2	1	2
16	76278129	77100854	3	2	1	3
16	77100855	77101074	3	2	1	2
16	77101075	77101258	3	2	1	2
16	77101259	77121079	2	1	1	2
16	77121080	77123597	1	1	0	3
16	77123598	77123931	1	1	0	3
16	77123932	77123964	1	1	0	3
16	77123965	77124247	1	1	0	3
16	77124248	77689269	1	1	0	3
16	77689270	77695258	1	1	0	2
16	77695259	77699044	3	2	1	2
16	77699045	77699226	3	2	1	2
16	77699227	77699261	3	2	1	2
16	77699262	88827200	3	2	1	3
16	88827201	90354752	3	2	1	3
17	12500	22199999	1	1	0	3
17	22200000	25799999	NA	NA	NA	NA
17	25800000	41391051	2	1	1	3
17	41391052	41391262	2	1	1	2
17	41391263	41478494	2	1	1	2
17	41478495	41478746	2	1	1	2
17	41478747	41589167	4	3	1	2
17	41589168	41589507	4	3	1	1
17	41589508	41591770	3	2	1	2
17	41591771	42483607	3	2	1	3
17	42483608	42484375	3	2	1	1
17	42484376	42744444	1	1	0	3
17	42744445	42907141	2	1	1	3
17	42907142	42921748	3	2	1	1
17	42921749	42923055	3	2	1	1
17	42923056	42989243	3	2	1	2
17	42989244	43646000	4	3	1	3
17	43646001	49188031	2	1	1	3
17	49188032	50468559	3	2	1	3
17	50468560	53900791	2	1	1	3
17	53900792	53905042	2	1	1	2
17	53905043	53918260	1	1	0	1
17	53918261	57699305	1	1	0	3
17	57699306	57699419	1	1	0	3
17	57699420	69684836	1	1	0	3
17	69684837	70219910	2	1	1	3
17	70219911	78774600	1	1	0	3
17	78774601	81195209	1	1	0	3
18	27500	6803843	1	1	0	3
18	6803844	8644575	1	1	0	3
18	8644576	10302075	1	1	0	2
18	10302076	10381327	2	1	1	3
18	10381328	10453225	2	1	1	2
18	10453226	10564223	2	1	1	2
18	10564224	10692113	1	1	0	3
18	10692114	11444789	1	1	0	2
18	11444790	11573522	2	1	1	2
18	11573523	12085383	4	3	1	2
18	12085384	12098007	12	11	1	2
18	12098008	13398624	4	3	1	2
18	13398625	13842655	12	11	1	2
18	13842656	14469390	4	3	1	2
18	14469391	14485088	3	2	1	1
18	14485089	18999999	NA	NA	NA	NA
18	19000000	19301406	12	11	1	2
18	19301407	20053648	13	12	1	2
18	20053649	20710437	3	2	1	2
18	20710438	21520419	13	12	1	2
18	21520420	21963121	4	3	1	2
18	21963122	23041121	1	1	0	2
18	23041122	23556128	1	1	0	2
18	23556129	23871968	2	1	1	2
18	23871969	24203010	1	1	0	2
18	24203011	76117000	1	1	0	3
18	76117001	78077247	1	1	0	3
19	102500	255095	2	1	1	2
19	255096	24399999	2	1	1	3
19	24400000	28599999	2	1	1	3
19	28600000	59128982	2	1	1	3
20	24347	25599999	2	1	1	3
20	25600000	29399999	2	1	1	3
20	29400000	62432500	2	1	1	3
21	1	9417499	NA	NA	NA	NA
21	9417500	10899999	NA	NA	NA	NA
21	10900000	14299999	1	1	0	1
21	14300000	39022499	1	1	0	2
21	39022500	46937500	1	1	0	2
21	46937501	48129894	1	1	0	2
22	1	12199999	2	1	1	1
22	12200000	17899999	2	1	1	3
22	17900000	49687500	2	1	1	3
22	49687501	51304565	2	1	1	3
X	1	2700026	1	1	0	2
X	2700027	58099999	1	1	0	3
X	58100000	62999999	1	1	0	1
X	63000000	155270559	1	1	0	3
Y	1	11599999	0	0	0	1
Y	11600000	13399999	0	0	0	1
Y	13400000	59373565	NA	NA	NA	NA
