chromosome	start	end	total_cn	major_cn	minor_cn	star
1	1	817499	2	1	1	2
1	817500	53840205	2	1	1	3
1	53840206	53896731	3	2	1	3
1	53896732	64464798	2	1	1	3
1	64464799	64534066	3	2	1	3
1	64534067	121499999	2	1	1	3
1	121500000	128899999	2	1	1	2
1	128900000	142852938	2	1	1	2
1	142852939	145335052	2	1	1	2
1	145335053	146247195	2	1	1	2
1	146247196	146516131	4	3	1	1
1	146516132	149752801	2	1	1	2
1	149752802	155679387	4	3	1	2
1	155679388	156646473	5	4	1	2
1	156646474	157398746	4	3	1	2
1	157398747	157399219	4	3	1	2
1	157399220	157898609	4	3	1	2
1	157898610	201971421	3	2	1	2
1	201971422	202082313	5	4	1	2
1	202082314	205468912	3	2	1	2
1	205468913	205901676	4	2	2	2
1	205901677	205901823	4	2	2	2
1	205901824	206228443	3	2	1	2
1	206228444	206318559	4	2	2	3
1	206318560	226482052	3	2	1	2
1	226482053	226539382	4	3	1	3
1	226539383	243666139	3	2	1	2
1	243666140	243666168	3	2	1	2
1	243666169	247247500	3	2	1	2
1	247247501	249250620	3	2	1	2
2	20016	9212423	2	1	1	2
2	9212424	9342848	3	2	1	3
2	9342849	24524786	2	1	1	3
2	24524787	24687443	3	2	1	3
2	24687444	43031224	2	1	1	3
2	43031225	43249638	4	3	1	3
2	43249639	48978300	2	1	1	3
2	48978301	49119473	3	2	1	2
2	49119474	90499999	2	1	1	3
2	90500000	96799999	2	1	1	3
2	96800000	102236427	2	1	1	3
2	102236428	102245725	2	1	1	2
2	102245726	102711533	2	1	1	3
2	102711534	103449996	3	2	1	3
2	103449997	123012043	2	1	1	3
2	123012044	123196790	3	2	1	2
2	123196791	138433566	2	1	1	3
2	138433567	138590704	3	2	1	3
2	138590705	149680428	2	1	1	3
2	149680429	150337327	3	2	1	3
2	150337328	173242893	2	1	1	3
2	173242894	173326732	3	2	1	2
2	173326733	208594114	2	1	1	3
2	208594115	208710321	4	3	1	2
2	208710322	213843259	2	1	1	3
2	213843260	213941376	2	1	1	2
2	213941377	217409269	2	1	1	3
2	217409270	217410566	2	1	1	3
2	217410567	227534575	2	1	1	3
2	227534576	227550108	3	2	1	3
2	227550109	232111992	2	1	1	2
2	232111993	232451160	3	2	1	2
2	232451161	232458390	3	2	1	1
2	232458391	232512037	3	2	1	2
2	232512038	242985695	2	1	1	2
3	60596	14724566	2	1	1	3
3	14724567	14915930	3	2	1	2
3	14915931	46916437	2	1	1	3
3	46916438	46973668	2	1	1	2
3	46973669	62100914	2	1	1	3
3	62100915	62188744	2	1	1	2
3	62188745	87899999	2	1	1	3
3	87900000	93899999	2	1	1	3
3	93900000	104673096	2	1	1	3
3	104673097	108458294	3	2	1	3
3	108458295	169241344	2	1	1	3
3	169241345	169544936	3	2	1	3
3	169544937	194574973	2	1	1	3
3	194574974	194583267	3	2	1	2
3	194583268	197847500	2	1	1	3
4	27500	50083	NA	NA	NA	NA
4	50084	808362	3	2	1	3
4	808363	1096481	4	3	1	3
4	1096482	1821263	3	2	1	3
4	1821264	16573628	2	1	1	3
4	16573629	22682843	2	1	1	3
4	22682844	37609726	2	1	1	3
4	37609727	37618883	2	1	1	2
4	37618884	48199999	2	1	1	3
4	48200000	52699999	2	1	1	3
4	52700000	70299763	2	1	1	3
4	70299764	70921823	3	2	1	2
4	70921824	96747434	2	1	1	2
4	96747435	181309004	1	1	0	2
4	181309005	181414523	2	2	0	2
4	181414524	191154275	1	1	0	2
5	22500	851581	4	2	2	2
5	851582	3677394	4	2	2	2
5	3677395	3767757	4	2	2	2
5	3767758	19316332	4	2	2	2
5	19316333	29834734	3	2	1	2
5	29834735	46099999	2	1	1	3
5	46100000	50699999	2	1	1	3
5	50700000	87159955	2	1	1	3
5	87159956	87176942	2	1	1	2
5	87176943	99880286	2	1	1	2
5	99880287	100388272	3	2	1	3
5	100388273	100388319	3	2	1	2
5	100388320	100391830	3	2	1	1
5	100391831	117136348	2	1	1	3
5	117136349	117143787	2	1	1	2
5	117143788	138505919	2	1	1	3
5	138505920	138771459	3	2	1	3
5	138771460	162924632	2	1	1	3
5	162924633	162959672	1	1	0	3
5	162959673	162960181	1	1	0	2
5	162960182	162960872	1	1	0	1
5	162960873	176602050	2	1	1	3
5	176602051	177076810	3	2	1	3
5	177076811	180711013	2	1	1	3
6	39681	242500	2	1	1	3
6	242501	33269403	2	1	1	3
6	33269404	33713364	3	2	1	3
6	33713365	58699999	2	1	1	3
6	58700000	63372212	NA	NA	NA	NA
6	63372213	63449590	1	1	0	2
6	63449591	65534833	2	1	1	2
6	65534834	65579306	2	1	1	2
6	65579307	66027581	2	1	1	3
6	66027582	66029703	2	1	1	3
6	66029704	73978198	2	1	1	3
6	73978199	73979782	2	1	1	1
6	73979783	74863111	4	3	1	3
6	74863112	74864347	4	3	1	2
6	74864348	76075956	6	5	1	2
6	76075957	76083665	6	5	1	2
6	76083666	76084139	11	10	1	1
6	76084140	76270989	11	10	1	2
6	76270990	76307810	6	5	1	2
6	76307811	78986001	1	1	0	3
6	78986002	170919735	1	1	0	3
7	40386	5552685	3	2	1	2
7	5552686	5602308	4	3	1	2
7	5602309	57999999	3	2	1	2
7	58000000	61699999	3	2	1	2
7	61700000	73570022	3	2	1	2
7	73570023	73655615	4	2	2	2
7	73655616	145505720	3	2	1	2
7	145505721	145571685	3	2	1	1
7	145571686	159047258	3	2	1	2
8	10001	155756	1	1	0	2
8	155757	2587780	1	1	0	2
8	2587781	2626125	2	2	0	2
8	2626126	29409333	1	1	0	2
8	29409334	37455986	2	1	1	2
8	37455987	37508066	3	2	1	2
8	37508067	39721287	2	1	1	3
8	39721288	40246436	3	2	1	2
8	40246437	43099999	2	1	1	2
8	43100000	48099999	2	1	1	2
8	48100000	99820742	2	1	1	2
8	99820743	99871397	2	1	1	1
8	99871398	125709157	2	1	1	2
8	125709158	125953481	3	2	1	2
8	125953482	143910119	2	1	1	2
8	143910120	143928258	2	1	1	2
8	143928259	146301198	2	1	1	2
9	47500	43378601	3	2	1	2
9	43378602	44903691	4	3	1	2
9	44903692	47299999	2	2	0	2
9	47300000	50699999	2	2	0	2
9	50700000	70600612	2	2	0	2
9	70600613	95884379	1	1	0	3
9	95884380	95885600	1	1	0	2
9	95885601	120895081	1	1	0	3
9	120895082	120970307	0	0	0	2
9	120970308	134263173	1	1	0	3
9	134263174	134273584	1	1	0	2
9	134273585	139852208	1	1	0	3
9	139852209	139903610	1	1	0	2
9	139903611	140273200	1	1	0	3
10	102500	1634553	2	1	1	3
10	1634554	1635448	2	1	1	3
10	1635449	2223821	2	1	1	3
10	2223822	2229931	2	1	1	1
10	2229932	37999999	2	1	1	3
10	38000000	42299999	2	1	1	2
10	42300000	54091765	2	1	1	3
10	54091766	54174058	3	2	1	2
10	54174059	88125873	2	1	1	3
10	88125874	88196494	3	2	1	2
10	88196495	89319720	2	1	1	3
10	89319721	89420365	3	2	1	3
10	89420366	111699210	2	1	1	3
10	111699211	111723150	2	1	1	2
10	111723151	135182500	2	1	1	3
10	135182501	135389924	2	1	1	2
11	20721	200947	2	2	0	2
11	200948	16723458	2	2	0	2
11	16723459	32758464	2	1	1	3
11	32758465	32820288	3	2	1	2
11	32820289	47319943	2	1	1	3
11	47319944	47473287	3	2	1	3
11	47473288	51599999	2	1	1	3
11	51600000	55699999	2	1	1	3
11	55700000	64530380	2	1	1	3
11	64530381	64650532	3	2	1	3
11	64650533	67383740	2	1	1	2
11	67383741	67432648	3	2	1	2
11	67432649	74732429	2	1	1	3
11	74732430	75006146	3	2	1	2
11	75006147	134452200	2	1	1	2
12	110107	188284	1	1	0	2
12	188285	9683001	1	1	0	3
12	9683002	25932286	1	1	0	3
12	25932287	33299999	2	1	1	3
12	33300000	38199999	2	1	1	3
12	38200000	105531294	2	1	1	3
12	105531295	105531993	2	1	1	2
12	105531994	105855938	3	2	1	3
12	105855939	111009273	2	1	1	3
12	111009274	111051662	2	1	1	3
12	111051663	112250319	2	1	1	3
12	112250320	122400300	3	2	1	3
12	122400301	122400376	3	2	1	3
12	122400377	122400661	3	2	1	2
12	122400662	132349400	3	2	1	2
12	132349401	133851894	3	2	1	3
13	1	16299999	2	1	1	1
13	16300000	19499999	2	1	1	2
13	19500000	20098207	2	1	1	2
13	20098208	20113034	2	1	1	2
13	20113035	36938621	2	1	1	2
13	36938622	40827292	3	2	1	2
13	40827293	53673160	2	1	1	2
13	53673161	53680667	2	1	1	2
13	53680668	73554020	2	1	1	2
13	73554021	73555054	2	1	1	2
13	73555055	73555096	2	1	1	2
13	73555097	73555157	2	1	1	2
13	73555158	73632336	2	1	1	2
13	73632337	73632350	3	2	1	1
13	73632351	73632685	3	2	1	1
13	73632686	73632986	3	2	1	1
13	73632987	73774362	3	2	1	3
13	73774363	114142800	2	1	1	2
13	114142801	115169877	2	1	1	2
14	1	16099999	2	2	0	1
14	16100000	19099999	NA	NA	NA	NA
14	19100000	20448072	3	2	1	2
14	20448073	30983297	2	2	0	3
14	30983298	31042099	2	2	0	1
14	31042100	35133234	2	2	0	2
14	35133235	35228652	4	4	0	2
14	35228653	36329542	2	2	0	2
14	36329543	37158602	3	3	0	2
14	37158603	59140108	2	2	0	3
14	59140109	59145399	2	2	0	2
14	59145400	76177531	2	2	0	3
14	76177532	76178674	2	2	0	3
14	76178675	79725759	2	2	0	3
14	79725760	79729081	2	2	0	2
14	79729082	86453225	2	2	0	3
14	86453226	86490725	2	2	0	2
14	86490726	91799229	2	2	0	3
14	91799230	91945427	4	4	0	3
14	91945428	91956252	4	4	0	2
14	91956253	92032940	3	3	0	3
14	92032941	92038773	2	2	0	2
14	92038774	92706713	3	3	0	3
14	92706714	103049086	2	2	0	2
14	103049087	103208875	4	4	0	2
14	103208876	103209362	4	4	0	2
14	103209363	103969596	4	4	0	2
14	103969597	105965025	2	2	0	3
14	105965026	106007500	3	3	0	1
14	106007501	106642853	3	3	0	2
14	106642854	106873369	2	2	0	1
15	1	15799999	1	1	0	1
15	15800000	20699999	NA	NA	NA	NA
15	20700000	22647192	2	1	1	2
15	22647193	23048118	1	1	0	3
15	23048119	23054159	1	1	0	2
15	23054160	23056034	1	1	0	2
15	23056035	39494862	1	1	0	3
15	39494863	39526689	2	2	0	3
15	39526690	49573632	1	1	0	3
15	49573633	49614288	1	1	0	3
15	49614289	50798843	1	1	0	3
15	50798844	50808669	1	1	0	2
15	50808670	82230007	1	1	0	3
15	82230008	84023014	2	1	1	3
15	84023015	84036479	1	1	0	2
15	84036480	84036841	1	1	0	2
15	84036842	84043251	1	1	0	2
15	84043252	84245199	1	1	0	3
15	84245200	100338800	2	1	1	3
15	100338801	102368454	2	1	1	3
16	100010	26513617	1	1	0	3
16	26513618	26539447	2	1	1	2
16	26539448	27571100	1	1	0	3
16	27571101	27892154	2	1	1	3
16	27892155	27967918	1	1	0	2
16	27967919	27970232	1	1	0	2
16	27970233	29889109	1	1	0	3
16	29889110	29892640	2	1	1	2
16	29892641	34599999	2	1	1	3
16	34600000	38599999	2	1	1	3
16	38600000	62461500	2	1	1	3
16	62461501	62510161	2	1	1	2
16	62510162	62992514	2	1	1	2
16	62992515	62994769	2	1	1	2
16	62994770	85240597	2	1	1	3
16	85240598	85251534	4	3	1	1
16	85251535	85451513	4	3	1	2
16	85451514	85620080	3	2	1	3
16	85620081	89549884	2	1	1	3
16	89549885	89600391	3	2	1	2
16	89600392	90124082	2	1	1	3
17	1665	18323273	1	1	0	3
17	18323274	22199999	1	1	0	3
17	22200000	25799999	NA	NA	NA	NA
17	25800000	28840465	2	1	1	2
17	28840466	29061743	3	2	1	3
17	29061744	34107094	2	1	1	3
17	34107095	34164616	3	2	1	3
17	34164617	36114616	2	1	1	2
17	36114617	36117853	2	1	1	2
17	36117854	40749436	2	1	1	3
17	40749437	40802884	2	1	1	1
17	40802885	43049921	2	1	1	2
17	43049922	43612500	3	2	1	3
17	43612501	48088416	2	1	1	3
17	48088417	48134723	3	2	1	2
17	48134724	50592499	2	1	1	3
17	50592500	56350829	1	1	0	3
17	56350830	56468002	2	2	0	3
17	56468003	56468040	2	2	0	2
17	56468041	56475347	2	2	0	2
17	56475348	71162653	1	1	0	3
17	71162654	71291542	2	2	0	3
17	71291543	71582815	3	3	0	3
17	71582816	79221156	2	2	0	3
17	79221157	79518856	4	4	0	2
17	79518857	81195209	2	2	0	3
18	27500	1728206	3	2	1	2
18	1728207	1728415	3	2	1	2
18	1728416	15399999	3	2	1	2
18	15400000	18999999	NA	NA	NA	NA
18	19000000	21335923	1	1	0	2
18	21335924	21451907	2	2	0	2
18	21451908	48489217	1	1	0	2
18	48489218	48605114	1	1	0	1
18	48605115	75610676	1	1	0	2
18	75610677	75613360	2	2	0	1
18	75613361	75613609	2	2	0	2
18	75613610	76117000	2	2	0	2
18	76117001	78077247	2	2	0	3
19	102500	226775	1	1	0	2
19	226776	3332065	1	1	0	3
19	3332066	3367929	3	2	1	2
19	3367930	18215340	2	1	1	3
19	18215341	19131747	3	2	1	2
19	19131748	24399999	2	1	1	2
19	24400000	28599999	NA	NA	NA	NA
19	28600000	30232275	4	3	1	2
19	30232276	30258472	23	20	3	1
19	30258473	30493360	23	20	3	2
19	30493361	30611450	24	21	3	2
19	30611451	30620561	13	10	3	1
19	30620562	30638876	13	10	3	1
19	30638877	30643190	13	10	3	1
19	30643191	30704443	5	3	2	2
19	30704444	30843710	10	8	2	2
19	30843711	30843804	11	8	3	1
19	30843805	31149986	7	4	3	2
19	31149987	31151344	7	4	3	1
19	31151345	31296029	5	3	2	2
19	31296030	31356882	10	8	2	2
19	31356883	31592430	4	2	2	2
19	31592431	32203114	5	3	2	2
19	32203115	34146537	11	8	3	2
19	34146538	35621965	9	6	3	2
19	35621966	35639889	7	4	3	2
19	35639890	35656431	6	3	3	2
19	35656432	35750796	7	4	3	2
19	35750797	35754400	5	3	2	2
19	35754401	55223456	3	3	0	2
19	55223457	59128982	3	3	0	2
20	32146	13718769	3	2	1	2
20	13718770	14204048	2	2	0	2
20	14204049	14204428	2	2	0	2
20	14204429	14206714	3	2	1	1
20	14206715	25599999	3	2	1	2
20	25600000	29399999	3	2	1	2
20	29400000	62659449	3	2	1	2
20	62659450	62698167	4	3	1	1
20	62698168	62901346	3	2	1	2
21	1	10899999	NA	NA	NA	NA
21	10900000	14299999	2	1	1	2
21	14300000	42953131	2	1	1	3
21	42953132	43006833	2	1	1	2
21	43006834	43727688	2	1	1	3
21	43727689	43799546	3	2	1	3
21	43799547	46937500	2	1	1	3
21	46937501	48129894	2	1	1	3
22	1	12199999	2	1	1	1
22	12200000	17899999	2	1	1	2
22	17900000	28116407	2	1	1	2
22	28116408	31137998	1	1	0	3
22	31137999	31597266	3	2	1	2
22	31597267	31785514	2	1	1	2
22	31785515	36043912	1	1	0	3
22	36043913	36218724	3	2	1	2
22	36218725	39796308	2	1	1	2
22	39796309	39796984	2	1	1	2
22	39796985	40404529	4	3	1	2
22	40404530	42948635	3	2	1	2
22	42948636	42949786	1	1	0	2
22	42949787	49687500	1	1	0	3
22	49687501	51304565	1	1	0	3
X	1	2650026	1	1	0	2
X	2650027	11731517	1	1	0	2
X	11731518	11732744	1	1	0	2
X	11732745	45655483	1	1	0	2
X	45655484	45656352	1	1	0	2
X	45656353	45657720	1	1	0	2
X	45657721	45660055	1	1	0	2
X	45660056	58099999	1	1	0	2
X	58100000	62999999	1	1	0	2
X	63000000	112182745	1	1	0	2
X	112182746	112217318	0	0	0	2
X	112217319	120935125	1	1	0	2
X	120935126	121056717	1	1	0	2
X	121056718	121246425	2	2	0	2
X	121246426	121322542	2	2	0	2
X	121322543	128588217	1	1	0	2
X	128588218	128968514	2	2	0	2
X	128968515	154913600	1	1	0	2
