chromosome	start	end	total_cn	major_cn	minor_cn	star
1	790009	31477943	2	1	1	2
1	31477944	31534794	2	1	1	2
1	31534795	121499999	2	1	1	2
1	121500000	128899999	2	1	1	2
1	128900000	142662938	2	1	1	2
1	142662939	143544202	2	1	1	2
1	143544203	153751879	2	1	1	2
1	153751880	153899437	1	1	0	2
1	153899438	163968505	2	1	1	2
1	163968506	163972562	2	1	1	2
1	163972563	247247500	2	1	1	2
1	247247501	249250620	2	1	1	2
2	55219	7449533	2	1	1	3
2	7449534	7459593	3	2	1	1
2	7459594	50160430	2	1	1	3
2	50160431	50304152	2	1	1	2
2	50304153	90499999	2	1	1	3
2	90500000	96799999	2	1	1	3
2	96800000	136711955	2	1	1	2
2	136711956	136712006	1	1	0	1
2	136712007	136853072	1	1	0	3
2	136853073	136853193	1	1	0	3
2	136853194	147845362	1	1	0	3
2	147845363	158598939	2	1	1	3
2	158598940	158618682	2	1	1	3
2	158618683	158618731	2	1	1	2
2	158618732	199309339	2	1	1	3
2	199309340	199416551	1	1	0	2
2	199416552	207558954	2	1	1	3
2	207558955	207565289	2	1	1	3
2	207565290	242984903	2	1	1	3
3	100074	61486173	2	1	1	2
3	61486174	61526317	1	1	0	2
3	61526318	61576317	1	1	0	2
3	61576318	87899999	2	1	1	3
3	87900000	93899999	2	1	1	3
3	93900000	134301724	2	1	1	3
3	134301725	140664514	3	2	1	2
3	140664515	160726655	4	2	2	2
3	160726656	160730446	4	2	2	2
3	160730447	197847500	4	2	2	2
4	27500	48199999	1	1	0	2
4	48200000	52699999	1	1	0	2
4	52700000	70126784	1	1	0	2
4	70126785	190987500	1	1	0	2
5	22500	12779092	3	2	1	2
5	12779093	26794647	3	2	1	2
5	26794648	26796246	2	1	1	2
5	26796247	46099999	2	1	1	2
5	46100000	50699999	2	1	1	2
5	50700000	50815872	2	1	1	2
5	50815873	50816041	2	1	1	2
5	50816042	53088074	2	1	1	2
5	53088075	53651012	2	1	1	2
5	53651013	54117172	2	1	1	2
5	54117173	61092729	2	1	1	2
5	61092730	63605870	2	1	1	2
5	63605871	64271563	2	1	1	2
5	64271564	64275338	2	1	1	2
5	64275339	64276736	2	1	1	2
5	64276737	80711402	2	1	1	2
5	80711403	88232144	2	1	1	2
5	88232145	88233483	2	1	1	2
5	88233484	102759371	2	1	1	2
5	102759372	102761763	2	1	1	2
5	102761764	128584439	2	1	1	2
5	128584440	137254670	2	1	1	2
5	137254671	180715810	3	2	1	2
6	39681	214004	2	1	1	2
6	214005	58699999	2	1	1	3
6	58700000	63299999	2	1	1	3
6	63300000	143394487	2	1	1	3
6	143394488	143534649	2	1	1	2
6	143534650	147191395	2	1	1	3
6	147191396	147199386	1	1	0	1
6	147199387	170898626	2	1	1	3
7	40386	14197100	2	1	1	2
7	14197101	14200683	2	1	1	2
7	14200684	17444108	2	1	1	2
7	17444109	19497970	2	1	1	2
7	19497971	31569374	2	1	1	2
7	31569375	31574401	2	1	1	2
7	31574402	31575207	4	3	1	1
7	31575208	34809224	3	2	1	2
7	34809225	43637333	2	1	1	2
7	43637334	47556802	3	2	1	2
7	47556803	47761876	2	1	1	2
7	47761877	50572371	2	1	1	2
7	50572372	56114511	3	2	1	2
7	56114512	57999999	1	1	0	3
7	58000000	61842499	NA	NA	NA	NA
7	61842500	144024610	2	1	1	3
7	144024611	158821400	1	1	0	3
8	10001	155756	1	1	0	2
8	155757	35777049	1	1	0	2
8	35777050	36648353	3	2	1	2
8	36648354	38087037	3	2	1	2
8	38087038	38088922	5	4	1	2
8	38088923	38632568	5	4	1	3
8	38632569	38706250	5	4	1	2
8	38706251	38835658	8	7	1	2
8	38835659	38966978	4	3	1	2
8	38966979	39230024	4	3	1	2
8	39230025	40065596	8	7	1	2
8	40065597	40656926	5	4	1	2
8	40656927	40771614	4	3	1	2
8	40771615	40948021	2	1	1	2
8	40948022	41059310	2	1	1	3
8	41059311	41075002	2	1	1	3
8	41075003	43099999	2	1	1	3
8	43100000	48099999	NA	NA	NA	NA
8	48100000	49452473	3	2	1	2
8	49452474	49455058	3	2	1	2
8	49455059	50330123	3	2	1	2
8	50330124	50986756	2	1	1	2
8	50986757	83179460	3	2	1	2
8	83179461	86727988	2	1	1	2
8	86727989	98295365	3	2	1	2
8	98295366	102788464	4	3	1	2
8	102788465	102790012	4	3	1	2
8	102790013	103177202	4	3	1	2
8	103177203	112581699	4	3	1	2
8	112581700	112624491	3	2	1	2
8	112624492	113320913	4	3	1	2
8	113320914	116017006	2	1	1	2
8	116017007	136281795	3	2	1	2
8	136281796	136586938	2	1	1	2
8	136586939	138759059	3	2	1	2
8	138759060	141670113	2	1	1	2
8	141670114	145916681	3	2	1	2
8	145916682	146239987	2	1	1	2
9	50684	17195598	1	1	0	2
9	17195599	17219563	1	1	0	2
9	17219564	44246438	1	1	0	2
9	44246439	44855802	1	1	0	2
9	44855803	47299999	1	1	0	2
9	47300000	50699999	1	1	0	2
9	50700000	99045743	1	1	0	2
9	99045744	99101004	0	0	0	2
9	99101005	99101265	0	0	0	2
9	99101266	99159648	1	1	0	2
9	99159649	140273200	1	1	0	2
9	140273201	141058424	1	1	0	3
10	93528	32819792	2	1	1	2
10	32819793	36416678	2	1	1	2
10	36416679	37999999	2	1	1	2
10	38000000	42299999	2	1	1	2
10	42300000	124963891	2	1	1	2
10	124963892	124966299	2	1	1	2
10	124966300	135389924	2	1	1	2
11	20721	50781216	1	1	0	2
11	50781217	55699999	NA	NA	NA	NA
11	55700000	65579921	2	1	1	2
11	65579922	83585501	3	2	1	2
11	83585502	83593453	3	2	1	2
11	83593454	98578317	3	2	1	2
11	98578318	98807472	4	3	1	2
11	98807473	98813447	4	3	1	2
11	98813448	100637122	4	3	1	2
11	100637123	100658353	3	3	0	2
11	100658354	132166143	4	3	1	2
11	132166144	132218399	4	3	1	2
11	132218400	134452200	4	3	1	2
12	110107	2952660	2	1	1	3
12	2952661	2965953	17	17	0	1
12	2965954	3479268	16	15	1	2
12	3479269	3732328	32	31	1	2
12	3732329	3738855	36	36	0	1
12	3738856	4187310	41	41	0	1
12	4187311	4191648	41	41	0	1
12	4191649	4191691	25	24	1	1
12	4191692	4192479	25	24	1	1
12	4192480	4676597	24	23	1	2
12	4676598	4784154	25	24	1	2
12	4784155	4788089	3	2	1	2
12	4788090	5032807	10	9	1	2
12	5032808	5034336	10	9	1	2
12	5034337	5034839	10	9	1	1
12	5034840	5462448	9	8	1	2
12	5462449	5474804	11	10	1	1
12	5474805	5585734	4	3	1	2
12	5585735	5603423	9	8	1	2
12	5603424	9581801	5	4	1	2
12	9581802	9733201	5	4	1	2
12	9733202	12826061	5	4	1	2
12	12826062	12852506	5	4	1	2
12	12852507	24190615	5	4	1	2
12	24190616	24190673	5	4	1	2
12	24190674	24191066	7	6	1	1
12	24191067	24191183	7	6	1	1
12	24191184	24192234	6	5	1	1
12	24192235	24420211	7	6	1	2
12	24420212	24421819	5	4	1	1
12	24421820	28886093	3	2	1	2
12	28886094	33299999	4	3	1	3
12	33300000	38199999	NA	NA	NA	NA
12	38200000	102724124	2	1	1	3
12	102724125	102753256	2	1	1	3
12	102753257	126020092	2	1	1	3
12	126020093	126020150	2	1	1	2
12	126020151	126020206	2	1	1	2
12	126020207	126020224	2	1	1	2
12	126020225	126027294	1	1	0	1
12	126027295	132349400	2	1	1	3
12	132349401	133851894	2	1	1	3
13	1	16299999	2	1	1	1
13	16300000	19499999	2	1	1	2
13	19500000	30088588	2	1	1	3
13	30088589	30149191	1	1	0	2
13	30149192	36714859	2	1	1	3
13	36714860	69619481	2	1	1	3
13	69619482	69634971	2	1	1	3
13	69634972	114142800	2	1	1	3
13	114142801	115169877	2	1	1	2
14	1	16099999	2	1	1	1
14	16100000	19099999	2	1	1	1
14	19100000	21723764	2	1	1	2
14	21723765	21727807	1	1	0	2
14	21727808	22991581	3	2	1	2
14	22991582	66329038	2	1	1	2
14	66329039	66541824	1	1	0	3
14	66541825	95096455	2	1	1	2
14	95096456	99203836	3	2	1	2
14	99203837	106368400	3	2	1	2
15	1	15799999	2	1	1	1
15	15800000	20699999	2	1	1	2
15	20700000	42214620	2	1	1	3
15	42214621	42214690	2	1	1	3
15	42214691	46058405	2	1	1	3
15	46058406	64361200	3	2	1	3
15	64361201	64362543	3	2	1	3
15	64362544	68667624	3	2	1	3
15	68667625	68667949	3	2	1	2
15	68667950	68668011	3	2	1	1
15	68668012	68668645	3	2	1	1
15	68668646	68820464	5	4	1	3
15	68820465	69227933	6	5	1	2
15	69227934	73576305	3	2	1	3
15	73576306	73878725	4	3	1	3
15	73878726	75781390	1	1	0	3
15	75781391	75781842	1	1	0	2
15	75781843	75781871	2	1	1	2
15	75781872	78120368	2	1	1	2
15	78120369	100338800	2	1	1	3
15	100338801	102531391	2	1	1	3
16	9999	139085	2	1	1	2
16	139086	24531438	2	1	1	2
16	24531439	24551959	2	1	1	2
16	24551960	34599999	2	1	1	2
16	34600000	38599999	2	1	1	2
16	38600000	48866764	2	1	1	2
16	48866765	88827200	1	1	0	2
16	88827201	90354752	1	1	0	3
17	15222	20929296	1	1	0	3
17	20929297	20937676	1	1	0	2
17	20937677	22199999	1	1	0	3
17	22200000	25799999	1	1	0	3
17	25800000	72392631	1	1	0	2
17	72392632	78774600	2	2	0	2
17	78774601	81195209	2	2	0	2
18	27500	156005	2	1	1	2
18	156006	14682499	2	1	1	2
18	14682500	18999999	2	1	1	2
18	19000000	25125311	2	1	1	2
18	25125312	25536168	2	1	1	2
18	25536169	25538743	4	3	1	2
18	25538744	27669915	2	1	1	2
18	27669916	27671493	2	1	1	2
18	27671494	46229976	2	1	1	2
18	46229977	76117000	2	1	1	2
18	76117001	78077247	2	1	1	2
19	293346	6424891	1	1	0	2
19	6424892	6425949	1	1	0	2
19	6425950	7226538	5	4	1	2
19	7226539	7255974	6	5	1	2
19	7255975	7257123	6	5	1	2
19	7257124	12898265	4	3	1	2
19	12898266	12899403	4	3	1	2
19	12899404	24399999	4	3	1	2
19	24400000	28599999	NA	NA	NA	NA
19	28600000	57469305	2	1	1	3
19	57469306	57690710	3	2	1	2
19	57690711	58074726	2	1	1	3
19	58074727	58931010	3	2	1	3
19	58931011	58937009	3	2	1	2
20	32127	3873931	1	1	0	2
20	3873932	3876432	1	1	0	2
20	3876433	3877475	2	1	1	1
20	3877476	25599999	2	1	1	3
20	25600000	29399999	2	1	1	3
20	29400000	39134349	2	1	1	2
20	39134350	39136221	2	1	1	2
20	39136222	39459991	2	1	1	2
20	39459992	43373455	3	2	1	2
20	43373456	43376950	5	4	1	1
20	43376951	43681900	7	6	1	2
20	43681901	43682522	9	8	1	1
20	43682523	44074038	11	10	1	2
20	44074039	44077945	9	8	1	2
20	44077946	44114872	9	8	1	2
20	44114873	44715564	9	8	1	2
20	44715565	44719221	1	1	0	2
20	44719222	46378464	1	1	0	3
20	46378465	51543593	2	1	1	2
20	51543594	62432500	3	2	1	2
21	1	10189401	NA	NA	NA	NA
21	10189402	14299999	NA	NA	NA	NA
21	14300000	42329414	2	1	1	2
21	42329415	42331083	2	1	1	2
21	42331084	46937500	2	1	1	2
21	46937501	48129894	2	1	1	3
22	1	12199999	1	1	0	2
22	12200000	17899999	1	1	0	2
22	17900000	28830024	1	1	0	2
22	28830025	28859907	1	1	0	2
22	28859908	29066037	1	1	0	2
22	29066038	49687500	1	1	0	2
22	49687501	51304565	1	1	0	3
X	1	58099999	1	1	0	2
X	58100000	62999999	1	1	0	2
X	63000000	154913600	1	1	0	2
