chromosome	start	end	total_cn	major_cn	minor_cn	star
1	10001	28579003	2	1	1	2
1	28579004	29581908	2	1	1	2
1	29581909	34486565	2	1	1	3
1	34486566	34747885	2	1	1	2
1	34747886	39691190	2	1	1	3
1	39691191	39910797	2	1	1	2
1	39910798	121499999	2	1	1	3
1	121500000	128899999	2	1	1	2
1	128900000	143743295	2	1	1	1
1	143743296	149821413	2	1	1	1
1	149821414	169687438	3	2	1	2
1	169687439	169687651	4	2	2	1
1	169687652	171357402	3	2	1	2
1	171357403	171428054	3	2	1	2
1	171428055	172689555	3	2	1	2
1	172689556	176979430	3	2	1	2
1	176979431	176980702	3	2	1	2
1	176980703	176981697	3	2	1	2
1	176981698	179157624	3	2	1	2
1	179157625	179431625	3	2	1	2
1	179431626	183116888	3	2	1	2
1	183116889	183118977	3	2	1	2
1	183118978	183118999	3	2	1	2
1	183119000	183123633	3	2	1	2
1	183123634	183131653	3	2	1	2
1	183131654	184795627	3	2	1	2
1	184795628	188325570	3	2	1	2
1	188325571	188326234	3	2	1	2
1	188326235	191814531	3	2	1	2
1	191814532	196209558	3	2	1	2
1	196209559	197442348	3	2	1	2
1	197442349	197447566	4	3	1	1
1	197447567	209400906	3	2	1	2
1	209400907	209407444	3	2	1	2
1	209407445	209678557	3	2	1	2
1	209678558	209680956	3	2	1	2
1	209680957	209685814	3	2	1	2
1	209685815	220434608	3	2	1	2
1	220434609	220467874	3	2	1	2
1	220467875	223026459	3	2	1	2
1	223026460	223036574	3	2	1	2
1	223036575	248436052	3	2	1	2
1	248436053	248439801	3	2	1	2
2	16496	17303118	2	1	1	3
2	17303119	17464395	2	1	1	2
2	17464396	66722843	2	1	1	3
2	66722844	66882641	3	2	1	2
2	66882642	70054887	2	1	1	3
2	70054888	70081700	2	1	1	3
2	70081701	72906919	2	1	1	3
2	72906920	73287316	3	2	1	2
2	73287317	90499999	2	1	1	3
2	90500000	96799999	2	1	1	3
2	96800000	152988664	2	1	1	3
2	152988665	153105314	2	1	1	3
2	153105315	198319461	2	1	1	3
2	198319462	198434364	2	1	1	2
2	198434365	203818459	2	1	1	3
2	203818460	204145584	3	2	1	2
2	204145585	223309024	2	1	1	3
2	223309025	223676327	2	1	1	2
2	223676328	232660866	2	1	1	3
2	232660867	232663584	3	2	1	1
2	232663585	232665090	3	2	1	1
2	232665091	232666140	2	1	1	2
2	232666141	242985493	2	1	1	2
3	100074	10055551	2	2	0	2
3	10055552	10311026	3	2	1	2
3	10311027	23721968	2	2	0	2
3	23721969	28740781	1	1	0	2
3	28740782	30633181	0	0	0	2
3	30633182	30668559	0	0	0	2
3	30668560	31569676	0	0	0	2
3	31569677	60376739	1	1	0	2
3	60376740	60562693	1	1	0	2
3	60562694	76660304	1	1	0	2
3	76660305	76789153	2	2	0	2
3	76789154	77367670	1	1	0	2
3	77367671	77367698	1	1	0	2
3	77367699	79610518	1	1	0	2
3	79610519	79717516	1	1	0	2
3	79717517	86991236	1	1	0	2
3	86991237	86992530	1	1	0	2
3	86992531	87000963	2	1	1	2
3	87000964	87029235	2	1	1	2
3	87029236	87030010	2	1	1	2
3	87030011	87899999	2	1	1	2
3	87900000	93899999	2	1	1	2
3	93900000	107796105	2	1	1	2
3	107796106	108890007	2	1	1	2
3	108890008	109563436	2	1	1	2
3	109563437	109765505	2	1	1	2
3	109765506	117792135	2	1	1	2
3	117792136	117813121	2	1	1	2
3	117813122	117816973	2	1	1	2
3	117816974	123777195	2	1	1	2
3	123777196	123983585	2	1	1	2
3	123983586	137286868	2	1	1	2
3	137286869	137441092	3	2	1	2
3	137441093	137441714	3	2	1	2
3	137441715	156292795	3	2	1	2
3	156292796	156594106	4	2	2	2
3	156594107	170001108	3	2	1	2
3	170001109	170220266	5	3	2	2
3	170220267	174786127	3	2	1	2
3	174786128	174790923	3	2	1	2
3	174790924	174954852	3	2	1	2
3	174954853	175899350	2	2	0	2
3	175899351	176229692	3	2	1	2
3	176229693	177054899	2	2	0	2
3	177054900	195357801	3	2	1	2
3	195357802	197850113	4	2	2	2
4	27500	92230	1	1	0	2
4	92231	48199999	1	1	0	2
4	48200000	52699999	1	1	0	2
4	52700000	56752184	1	1	0	2
4	56752185	56808716	1	1	0	2
4	56808717	57431922	1	1	0	2
4	57431923	57484828	2	2	0	2
4	57484829	62311968	1	1	0	2
4	62311969	81760984	1	1	0	2
4	81760985	82414557	2	2	0	2
4	82414558	87011078	1	1	0	2
4	87011079	87011499	1	1	0	2
4	87011500	87023839	1	1	0	3
4	87023840	87066906	1	1	0	2
4	87066907	88676630	1	1	0	2
4	88676631	89299349	1	1	0	2
4	89299350	91915534	1	1	0	2
4	91915535	92065605	1	1	0	2
4	92065606	97312101	1	1	0	2
4	97312102	97591084	1	1	0	2
4	97591085	97764585	2	2	0	2
4	97764586	110602278	2	2	0	2
4	110602279	110682705	3	3	0	2
4	110682706	110731328	2	2	0	2
4	110731329	110824580	3	3	0	2
4	110824581	115757296	2	2	0	2
4	115757297	115864373	2	2	0	2
4	115864374	116350535	2	2	0	2
4	116350536	116384512	2	2	0	2
4	116384513	119183597	2	2	0	2
4	119183598	119254829	2	2	0	2
4	119254830	119254840	2	2	0	2
4	119254841	119255417	2	2	0	2
4	119255418	119255490	2	2	0	2
4	119255491	119255876	2	2	0	2
4	119255877	119321261	2	2	0	2
4	119321262	119321618	2	2	0	2
4	119321619	119322392	2	2	0	2
4	119322393	119322645	2	2	0	2
4	119322646	133744191	2	2	0	2
4	133744192	133819652	2	2	0	2
4	133819653	191154275	2	2	0	2
5	22500	19512712	2	1	1	3
5	19512713	19684487	2	1	1	2
5	19684488	22801015	2	1	1	3
5	22801016	24555230	1	1	0	2
5	24555231	42212104	2	1	1	3
5	42212105	42212343	1	1	0	1
5	42212344	43481678	1	1	0	2
5	43481679	46099999	2	1	1	3
5	46100000	51051625	NA	NA	NA	NA
5	51051626	52172995	1	1	0	2
5	52172996	52175091	1	1	0	2
5	52175092	63622048	1	1	0	2
5	63622049	63624584	1	1	0	2
5	63624585	63627490	1	1	0	2
5	63627491	84690030	2	1	1	3
5	84690031	86679879	1	1	0	2
5	86679880	88226158	2	1	1	3
5	88226159	88262101	2	1	1	3
5	88262102	89849828	2	1	1	3
5	89849829	90256729	1	1	0	2
5	90256730	90256836	1	1	0	2
5	90256837	90493778	1	1	0	2
5	90493779	90502362	1	1	0	2
5	90502363	91606321	1	1	0	2
5	91606322	116704156	2	1	1	3
5	116704157	119422231	1	1	0	2
5	119422232	119428626	1	1	0	2
5	119428627	119431669	1	1	0	1
5	119431670	126819150	2	1	1	3
5	126819151	127328974	1	1	0	2
5	127328975	139867157	2	1	1	3
5	139867158	140658353	3	2	1	2
5	140658354	160949591	2	1	1	3
5	160949592	161166819	1	1	0	2
5	161166820	161170115	1	1	0	2
5	161170116	162199115	1	1	0	2
5	162199116	180715810	2	1	1	3
6	39681	217333	2	1	1	2
6	217334	11078114	2	1	1	2
6	11078115	11403366	3	2	1	2
6	11403367	21807300	2	1	1	2
6	21807301	22616903	2	1	1	2
6	22616904	22768982	3	2	1	2
6	22768983	33001633	2	1	1	3
6	33001634	33067731	2	1	1	2
6	33067732	33069986	2	1	1	2
6	33069987	33148285	2	1	1	2
6	33148286	37084206	2	1	1	3
6	37084207	38206000	2	1	1	2
6	38206001	52879000	2	1	1	2
6	52879001	53754819	2	1	1	2
6	53754820	58699999	2	1	1	2
6	58700000	63941502	NA	NA	NA	NA
6	63941503	64489426	3	2	1	2
6	64489427	73632686	2	1	1	3
6	73632687	73707125	2	1	1	3
6	73707126	74181392	2	1	1	3
6	74181393	74505476	2	1	1	2
6	74505477	80768920	2	1	1	3
6	80768921	81061886	2	1	1	2
6	81061887	111713135	2	1	1	3
6	111713136	112089756	3	2	1	2
6	112089757	123270916	2	1	1	3
6	123270917	123363236	2	1	1	2
6	123363237	131467393	2	1	1	3
6	131467394	143602096	2	1	1	3
6	143602097	143684103	3	2	1	2
6	143684104	149839890	2	1	1	3
6	149839891	150383705	3	2	1	3
6	150383706	156775807	2	1	1	3
6	156775808	157730054	3	2	1	2
6	157730055	162546712	2	1	1	3
6	162546713	163029998	2	1	1	2
6	163029999	170898626	2	1	1	3
7	40386	5562243	2	1	1	3
7	5562244	5705607	2	1	1	2
7	5705608	19691313	2	1	1	3
7	19691314	19846760	2	1	1	3
7	19846761	38746066	2	1	1	3
7	38746067	39105460	3	2	1	2
7	39105461	57999999	2	1	1	3
7	58000000	61699999	2	1	1	2
7	61700000	77162154	2	1	1	3
7	77162155	77205493	3	2	1	2
7	77205494	93194760	2	1	1	3
7	93194761	93277024	2	1	1	3
7	93277025	101414679	2	1	1	3
7	101414680	101823977	3	2	1	2
7	101823978	135453165	2	1	1	3
7	135453166	136098024	3	2	1	2
7	136098025	151723609	2	1	1	3
7	151723610	151748581	2	1	1	2
7	151748582	158821400	2	1	1	3
8	10001	159285	2	1	1	2
8	159286	38817609	2	1	1	3
8	38817610	38904453	2	1	1	2
8	38904454	43099999	2	1	1	3
8	43100000	48099999	2	1	1	3
8	48100000	58831614	2	1	1	3
8	58831615	59000880	2	1	1	2
8	59000881	78094012	2	1	1	3
8	78094013	79316521	1	1	0	2
8	79316522	79606583	1	1	0	2
8	79606584	80600309	1	1	0	2
8	80600310	120708632	2	1	1	3
8	120708633	121259958	1	1	0	2
8	121259959	121360164	1	1	0	2
8	121360165	121479021	2	1	1	2
8	121479022	122228072	2	1	1	3
8	122228073	122811269	2	1	1	2
8	122811270	123267592	2	1	1	3
8	123267593	123885225	2	1	1	3
8	123885226	126761502	2	1	1	2
8	126761503	127187551	2	1	1	3
8	127187552	127443382	2	1	1	3
8	127443383	128463152	2	1	1	2
8	128463153	129044998	2	1	1	2
8	129044999	129115318	2	1	1	2
8	129115319	129174350	2	1	1	2
8	129174351	130537532	2	1	1	3
8	130537533	131428568	2	1	1	3
8	131428569	131827777	2	1	1	2
8	131827778	132704145	2	1	1	3
8	132704146	133614719	1	1	0	2
8	133614720	137715329	1	1	0	2
8	137715330	138653258	1	1	0	2
8	138653259	138919293	2	1	1	2
8	138919294	140299408	2	1	1	3
8	140299409	146364021	2	1	1	3
9	47500	212907	1	1	0	2
9	212908	3136711	1	1	0	3
9	3136712	3199455	1	1	0	2
9	3199456	4907248	1	1	0	3
9	4907249	5248103	1	1	0	2
9	5248104	14165075	1	1	0	3
9	14165076	14198786	1	1	0	2
9	14198787	14996725	1	1	0	3
9	14996726	15046724	1	1	0	3
9	15046725	19476843	1	1	0	2
9	19476844	20623282	1	1	0	3
9	20623283	21104320	1	1	0	2
9	21104321	29817257	1	1	0	3
9	29817258	29875332	1	1	0	2
9	29875333	35018523	1	1	0	2
9	35018524	35019820	4	3	1	2
9	35019821	37069894	7	6	1	2
9	37069895	38802836	6	5	1	2
9	38802837	40814616	2	1	1	1
9	40814617	47299999	2	1	1	2
9	47300000	50699999	2	1	1	2
9	50700000	66664201	2	1	1	2
9	66664202	110241060	1	1	0	2
9	110241061	112111858	2	1	1	2
9	112111859	112247925	2	1	1	2
9	112247926	140273200	2	1	1	2
10	93528	37999999	2	1	1	2
10	38000000	42299999	2	1	1	2
10	42300000	74793146	2	1	1	3
10	74793147	74934030	2	1	1	3
10	74934031	80186998	2	1	1	3
10	80186999	110332213	2	1	1	3
10	110332214	110334358	2	1	1	3
10	110334359	115582049	2	1	1	3
10	115582050	115657982	2	1	1	3
10	115657983	135389924	2	1	1	3
11	20721	196943	1	1	0	2
11	196944	1702321	1	1	0	2
11	1702322	1777394	1	1	0	2
11	1777395	25242612	1	1	0	2
11	25242613	33625772	1	1	0	2
11	33625773	34339587	1	1	0	2
11	34339588	51593038	1	1	0	2
11	51593039	55699999	1	1	0	2
11	55700000	59254679	1	1	0	2
11	59254680	59262693	1	1	0	2
11	59262694	68651928	1	1	0	2
11	68651929	70251024	1	1	0	2
11	70251025	111013205	1	1	0	2
11	111013206	111018629	1	1	0	2
11	111018630	119443008	1	1	0	2
11	119443009	119844253	2	2	0	2
11	119844254	121291349	1	1	0	2
11	121291350	123237848	1	1	0	2
11	123237849	132453286	1	1	0	2
11	132453287	132735368	1	1	0	2
11	132735369	134452200	1	1	0	2
12	110107	33299999	2	1	1	3
12	33300000	38199999	2	1	1	3
12	38200000	50682493	2	1	1	3
12	50682494	50713246	2	1	1	2
12	50713247	53848336	2	1	1	3
12	53848337	54632838	2	1	1	2
12	54632839	85042551	2	1	1	3
12	85042552	85211549	1	1	0	2
12	85211550	109263595	2	1	1	3
12	109263596	110443496	2	1	1	2
12	110443497	131749748	2	1	1	3
12	131749749	132349400	1	1	0	2
12	132349401	133851894	1	1	0	2
13	1	16299999	2	1	1	1
13	16300000	19499999	2	1	1	3
13	19500000	28933739	2	1	1	2
13	28933740	39029037	2	1	1	2
13	39029038	39375126	3	2	1	2
13	39375127	49018193	2	1	1	2
13	49018194	49150633	2	1	1	2
13	49150634	114142800	2	1	1	2
13	114142801	115169877	2	1	1	2
14	1	16099999	2	1	1	1
14	16100000	19099999	2	1	1	2
14	19100000	56951375	2	1	1	3
14	56951376	57151675	2	1	1	2
14	57151676	84873081	2	1	1	3
14	84873082	84986923	2	1	1	2
14	84986924	104139616	2	1	1	3
14	104139617	104448496	3	2	1	2
14	104448497	104602470	3	2	1	2
14	104602471	104604084	3	2	1	2
14	104604085	106368400	2	1	1	3
15	1	15799999	2	1	1	1
15	15800000	20699999	2	1	1	2
15	20700000	62302286	2	1	1	2
15	62302287	62798099	3	2	1	2
15	62798100	91014613	2	1	1	2
15	91014614	91489272	3	2	1	2
15	91489273	98352072	2	1	1	2
15	98352073	98524872	2	1	1	2
15	98524873	100338800	2	1	1	3
15	100338801	102531391	2	1	1	2
16	83807	26289544	2	1	1	3
16	26289545	26376341	2	1	1	2
16	26376342	34599999	2	1	1	3
16	34600000	38599999	2	1	1	3
16	38600000	46442499	2	1	1	2
16	46442500	48688487	2	1	1	3
16	48688488	48899300	2	1	1	2
16	48899301	68165789	2	1	1	2
16	68165790	68811425	3	2	1	2
16	68811426	76636777	2	1	1	3
16	76636778	77417141	1	1	0	2
16	77417142	77457902	2	1	1	2
16	77457903	77846077	1	1	0	2
16	77846078	88544450	2	1	1	2
16	88544451	88605878	2	1	1	2
16	88605879	88827200	2	1	1	2
16	88827201	90354752	2	1	1	3
17	12500	22199999	1	1	0	3
17	22200000	25799999	NA	NA	NA	NA
17	25800000	43152323	2	1	1	3
17	43152324	43289340	2	1	1	2
17	43289341	67254797	2	1	1	3
17	67254798	67461268	2	1	1	2
17	67461269	70514769	2	1	1	2
17	70514770	70673600	2	1	1	2
17	70673601	72901183	2	1	1	3
17	72901184	73051638	2	1	1	2
17	73051639	78774600	2	1	1	3
17	78774601	81195209	2	1	1	3
18	27500	12826441	1	1	0	2
18	12826442	15399999	1	1	0	2
18	15400000	18999999	NA	NA	NA	NA
18	19000000	20720152	2	2	0	2
18	20720153	24057443	1	1	0	2
18	24057444	24081212	1	1	0	2
18	24081213	24092430	1	1	0	3
18	24092431	24380053	1	1	0	2
18	24380054	29659191	1	1	0	2
18	29659192	31895818	1	1	0	2
18	31895819	49274579	1	1	0	2
18	49274580	49360724	1	1	0	2
18	49360725	49376602	1	1	0	2
18	49376603	49377828	1	1	0	2
18	49377829	49378411	1	1	0	2
18	49378412	49455927	1	1	0	2
18	49455928	72649945	1	1	0	2
18	72649946	77122262	2	1	1	2
18	77122263	77139303	1	1	0	2
18	77139304	77209083	4	2	2	2
19	102500	272443	2	1	1	2
19	272444	19003636	2	1	1	2
19	19003637	19024700	2	1	1	2
19	19024701	24399999	2	1	1	3
19	24400000	28599999	2	1	1	3
19	28600000	33937971	2	1	1	2
19	33937972	34327254	3	2	1	2
19	34327255	35008649	2	1	1	2
19	35008650	35010952	2	1	1	2
19	35010953	35034030	2	1	1	3
19	35034031	35035364	2	1	1	2
19	35035365	36885690	2	1	1	2
19	36885691	36887781	2	1	1	2
19	36887782	37162693	2	1	1	2
19	37162694	37280717	2	1	1	2
19	37280718	37283639	2	1	1	2
19	37283640	37938122	2	1	1	3
19	37938123	38296383	2	1	1	2
19	38296384	38461365	2	1	1	2
19	38461366	38464458	2	1	1	2
19	38464459	40515791	3	2	1	2
19	40515792	41720078	2	1	1	2
19	41720079	41722732	2	1	1	2
19	41722733	45028364	2	1	1	2
19	45028365	45631553	2	1	1	2
19	45631554	49219458	2	1	1	2
19	49219459	56222363	2	1	1	2
19	56222364	56247494	2	1	1	2
19	56247495	59128982	2	1	1	2
20	24347	19935860	1	1	0	2
20	19935861	20499966	1	1	0	2
20	20499967	21374836	1	1	0	2
20	21374837	22003516	1	1	0	2
20	22003517	22005588	1	1	0	2
20	22005589	23382150	3	2	1	2
20	23382151	25599999	2	1	1	3
20	25600000	29399999	2	1	1	3
20	29400000	33076960	2	1	1	3
20	33076961	33094245	3	2	1	1
20	33094246	43046919	2	1	1	3
20	43046920	43194012	2	1	1	3
20	43194013	56717083	2	1	1	3
20	56717084	57154778	2	1	1	3
20	57154779	62432500	2	1	1	3
21	1	10899999	NA	NA	NA	NA
21	10900000	14753495	2	1	1	2
21	14753496	20827659	2	1	1	2
21	20827660	46937500	2	1	1	2
21	46937501	48129894	2	1	1	2
22	1	12199999	2	1	1	1
22	12200000	17899999	2	1	1	3
22	17900000	31935574	2	1	1	3
22	31935575	32048105	2	1	1	2
22	32048106	40787947	2	1	1	3
22	40787948	41529871	2	1	1	2
22	41529872	49687500	2	1	1	3
22	49687501	51304565	2	1	1	3
X	1	7809410	1	1	0	2
X	7809411	12037743	1	1	0	2
X	12037744	43345741	2	1	1	2
X	43345742	44519486	2	1	1	2
X	44519487	49062862	2	1	1	2
X	49062863	51011432	2	1	1	2
X	51011433	51280363	2	1	1	2
X	51280364	58099999	2	1	1	2
X	58100000	62999999	2	1	1	2
X	63000000	72518846	2	1	1	2
X	72518847	115353102	1	1	0	2
X	115353103	115613059	2	1	1	2
X	115613060	148176982	1	1	0	2
X	148176983	148208644	1	1	0	2
X	148208645	149929723	1	1	0	2
X	149929724	150320005	1	1	0	2
X	150320006	151320000	1	1	0	2
X	151320001	154929638	2	1	1	2
