chromosome	start	end	total_cn	major_cn	minor_cn	star
1	10001	790008	2	1	1	2
1	790009	8099404	2	1	1	3
1	8099405	8445431	3	2	1	3
1	8445432	9252677	2	1	1	3
1	9252678	9268432	2	1	1	2
1	9268433	9558310	2	1	1	3
1	9558311	9560237	2	1	1	2
1	9560238	10468810	2	1	1	2
1	10468811	10516903	3	2	1	3
1	10516904	11903390	2	1	1	3
1	11903391	12036376	3	2	1	2
1	12036377	17072500	2	1	1	3
1	17072501	19297099	2	1	1	3
1	19297100	19401245	3	2	1	3
1	19401246	28620365	2	1	1	3
1	28620366	28654953	2	1	1	3
1	28654954	29394990	2	1	1	2
1	29394991	29533816	3	2	1	3
1	29533817	43734540	2	1	1	3
1	43734541	43735830	2	1	1	2
1	43735831	43745030	2	1	1	2
1	43745031	43848674	2	1	1	2
1	43848675	45093328	2	1	1	3
1	45093329	45119176	2	1	1	2
1	45119177	48365440	2	1	1	3
1	48365441	48400994	1	1	0	3
1	48400995	54434762	2	1	1	3
1	54434763	54500360	3	2	1	3
1	54500361	55426466	2	1	1	3
1	55426467	55454313	3	2	1	2
1	55454314	65928912	2	1	1	3
1	65928913	65952282	2	1	1	2
1	65952283	65965154	2	1	1	2
1	65965155	65965349	2	1	1	2
1	65965350	66840466	2	1	1	3
1	66840467	66895995	2	1	1	2
1	66895996	121499999	2	1	1	3
1	121500000	128899999	2	1	1	2
1	128900000	143252499	2	1	1	2
1	143252500	155423920	2	1	1	3
1	155423921	155483715	2	1	1	2
1	155483716	155895146	2	1	1	2
1	155895147	156035546	3	2	1	2
1	156035547	156052957	2	1	1	2
1	156052958	156107983	2	1	1	2
1	156107984	171048762	2	1	1	3
1	171048763	171062012	2	1	1	1
1	171062013	204153566	2	1	1	3
1	204153567	204183039	2	1	1	1
1	204183040	212074759	2	1	1	3
1	212074760	212075610	2	1	1	2
1	212075611	214215403	2	1	1	3
1	214215404	214226501	2	1	1	3
1	214226502	215774025	2	1	1	3
1	215774026	215779354	4	3	1	2
1	215779355	215788599	4	3	1	2
1	215788600	215823261	4	3	1	2
1	215823262	215842949	4	3	1	2
1	215842950	235525631	2	1	1	3
1	235525632	235531458	2	1	1	2
1	235531459	247249600	2	1	1	3
1	247249601	249250620	2	1	1	3
2	35929	9864742	2	1	1	3
2	9864743	10545269	3	2	1	3
2	10545270	48452072	2	1	1	3
2	48452073	48482567	3	2	1	2
2	48482568	62313287	2	1	1	3
2	62313288	62746878	3	2	1	3
2	62746879	62952262	4	2	2	3
2	62952263	63072188	2	1	1	1
2	63072189	85843741	2	1	1	3
2	85843742	85946074	2	1	1	2
2	85946075	85999469	3	2	1	2
2	85999470	90499999	2	1	1	3
2	90500000	96799999	2	1	1	3
2	96800000	104012672	2	1	1	3
2	104012673	104042588	2	1	1	2
2	104042589	112844459	2	1	1	3
2	112844460	113312135	3	2	1	3
2	113312136	113456308	2	1	1	2
2	113456309	113524093	3	2	1	2
2	113524094	128193114	2	1	1	3
2	128193115	128199262	2	1	1	1
2	128199263	169932325	2	1	1	3
2	169932326	169957936	2	1	1	2
2	169957937	190492819	2	1	1	3
2	190492820	190494884	2	1	1	3
2	190494885	192000758	2	1	1	3
2	192000759	192080905	3	2	1	2
2	192080906	216934641	2	1	1	3
2	216934642	217017334	3	2	1	3
2	217017335	241819874	2	1	1	3
2	241819875	242275749	3	2	1	3
2	242275750	242991569	2	1	1	3
3	93078	4667470	2	1	1	3
3	4667471	5034979	1	1	0	3
3	5034980	10578664	2	1	1	3
3	10578665	10629770	3	2	1	2
3	10629771	24250444	2	1	1	3
3	24250445	24735390	3	2	1	3
3	24735391	50186042	2	1	1	3
3	50186043	50227688	2	1	1	2
3	50227689	50632698	2	1	1	3
3	50632699	50649349	2	1	1	3
3	50649350	52211945	2	1	1	3
3	52211946	52219055	2	1	1	1
3	52219056	52232981	4	3	1	1
3	52232982	52253461	2	1	1	2
3	52253462	87899999	2	1	1	3
3	87900000	93899999	2	1	1	3
3	93900000	124205595	2	1	1	3
3	124205596	124221490	2	1	1	1
3	124221491	125352164	2	1	1	3
3	125352165	125368406	2	1	1	2
3	125368407	125980903	2	1	1	3
3	125980904	126152462	3	2	1	2
3	126152463	172197128	2	1	1	3
3	172197129	172222192	3	2	1	3
3	172222193	172303341	4	3	1	2
3	172303342	172325349	4	3	1	2
3	172325350	172350026	4	3	1	3
3	172350027	172385279	3	2	1	3
3	172385280	185628707	2	1	1	3
3	185628708	185709203	2	1	1	3
3	185709204	197847500	2	1	1	3
4	31303	15469298	2	1	1	3
4	15469299	15560267	3	2	1	3
4	15560268	38770389	2	1	1	3
4	38770390	38773173	2	1	1	3
4	38773174	39378877	2	1	1	3
4	39378878	39426432	3	2	1	2
4	39426433	39470404	4	2	2	2
4	39470405	39574222	3	2	1	2
4	39574223	48199999	2	1	1	3
4	48200000	52699999	2	1	1	3
4	52700000	69713118	2	1	1	3
4	69713119	70182607	3	2	1	3
4	70182608	74989334	2	1	1	3
4	74989335	144987500	1	1	0	2
4	144987501	156756122	1	1	0	2
4	156756123	159837176	2	1	1	3
4	159837177	159848505	2	1	1	3
4	159848506	185751126	2	1	1	3
4	185751127	185801571	3	2	1	3
4	185801572	185905369	2	1	1	3
4	185905370	185913720	3	2	1	2
4	185913721	185924450	2	1	1	2
4	185924451	190987500	1	1	0	3
5	40200	919413	2	1	1	2
5	919414	1079797	3	2	1	1
5	1079798	1295957	3	2	1	2
5	1295958	1312192	3	2	1	2
5	1312193	10270733	2	1	1	3
5	10270734	10365560	3	2	1	3
5	10365561	15003007	2	1	1	3
5	15003008	15006910	2	1	1	3
5	15006911	46099999	2	1	1	3
5	46100000	50699999	2	1	1	3
5	50700000	54804975	2	1	1	3
5	54804976	54982123	3	2	1	2
5	54982124	60424870	2	1	1	3
5	60424871	60883810	3	2	1	3
5	60883811	65905234	2	1	1	3
5	65905235	65905251	2	1	1	3
5	65905252	114834536	2	1	1	3
5	114834537	115180171	4	3	1	2
5	115180172	115290216	3	2	1	3
5	115290217	131809758	2	1	1	3
5	131809759	131833987	4	3	1	2
5	131833988	134194507	2	1	1	3
5	134194508	134214617	2	1	1	1
5	134214618	139727164	2	1	1	3
5	139727165	139969360	3	2	1	2
5	139969361	140032389	3	2	1	2
5	140032390	140200126	3	2	1	2
5	140200127	162921965	2	1	1	3
5	162921966	162935671	2	1	1	2
5	162935672	172065530	2	1	1	3
5	172065531	172270771	3	2	1	2
5	172270772	172917026	2	1	1	3
5	172917027	173575151	3	2	1	3
5	173575152	176065777	2	1	1	3
5	176065778	176513863	3	2	1	3
5	176513864	176609029	5	4	1	1
5	176609030	176615113	5	4	1	1
5	176615114	176616479	5	4	1	1
5	176616480	176726937	5	4	1	1
5	176726938	176746141	5	4	1	2
5	176746142	176926085	5	4	1	3
5	176926086	176973914	4	3	1	2
5	176973915	180715587	2	1	1	3
6	39681	204483	1	1	0	1
6	204484	465392	3	2	1	2
6	465393	3867738	3	2	1	3
6	3867739	3875118	3	2	1	3
6	3875119	32801063	3	2	1	3
6	32801064	32808587	3	2	1	2
6	32808588	35615538	3	2	1	3
6	35615539	35653556	3	2	1	1
6	35653557	35729029	6	5	1	2
6	35729030	35804110	4	3	1	2
6	35804111	36004806	3	2	1	2
6	36004807	39229090	2	1	1	3
6	39229091	39244705	3	2	1	2
6	39244706	43677246	2	1	1	3
6	43677247	43703974	4	3	1	1
6	43703975	43838299	4	3	1	2
6	43838300	43853206	4	3	1	2
6	43853207	43890892	4	3	1	2
6	43890893	43903967	4	3	1	2
6	43903968	43906910	3	2	1	2
6	43906911	44165977	3	2	1	3
6	44165978	58699999	2	1	1	3
6	58700000	63299999	2	1	1	3
6	63300000	135148659	2	1	1	3
6	135148660	135172603	4	3	1	2
6	135172604	135176153	4	3	1	2
6	135176154	135194132	4	3	1	2
6	135194133	135200184	4	3	1	2
6	135200185	135200621	4	3	1	2
6	135200622	142545828	2	1	1	3
6	142545829	142605658	3	2	1	3
6	142605659	170915126	2	1	1	3
7	40386	54864265	2	1	1	3
7	54864266	55017476	2	1	1	2
7	55017477	57999999	2	1	1	3
7	58000000	61699999	2	1	1	2
7	61700000	65470089	2	1	1	3
7	65470090	65543897	2	1	1	1
7	65543898	95205043	2	1	1	3
7	95205044	95217943	2	1	1	2
7	95217944	95687622	2	1	1	3
7	95687623	96300117	3	2	1	3
7	96300118	99188640	2	1	1	3
7	99188641	99277210	3	2	1	2
7	99277211	99296649	3	2	1	2
7	99296650	99385432	2	1	1	1
7	99385433	99571976	2	1	1	3
7	99571977	99572159	2	1	1	2
7	99572160	158821400	2	1	1	3
8	10001	161558	2	1	1	2
8	161559	3266690	2	1	1	3
8	3266691	3270033	1	1	0	2
8	3270034	3531666	2	1	1	2
8	3531667	3649382	1	1	0	2
8	3649383	3743956	2	1	1	2
8	3743957	3878120	1	1	0	3
8	3878121	17433288	2	1	1	3
8	17433289	17466078	3	2	1	3
8	17466079	18352041	2	1	1	3
8	18352042	18684935	1	1	0	3
8	18684936	26489594	2	1	1	3
8	26489595	26676903	3	2	1	3
8	26676904	27303784	2	1	1	3
8	27303785	27334868	3	2	1	2
8	27334869	42069125	2	1	1	3
8	42069126	42740030	3	2	1	3
8	42740031	48099999	NA	NA	NA	NA
8	48100000	86981815	2	1	1	3
8	86981816	87694275	3	2	1	3
8	87694276	123372940	2	1	1	3
8	123372941	124062476	3	2	1	3
8	124062477	126366436	2	1	1	3
8	126366437	126489061	3	2	1	2
8	126489062	146364021	2	1	1	3
9	10001	181407	2	1	1	2
9	181408	646761	2	1	1	3
9	646762	692918	3	2	1	2
9	692919	21848092	2	1	1	3
9	21848093	22065231	1	1	0	3
9	22065232	33926455	2	1	1	3
9	33926456	34185827	3	2	1	2
9	34185828	34343918	4	3	1	2
9	34343919	34358910	2	1	1	1
9	34358911	34409621	2	1	1	2
9	34409622	37405897	2	1	1	3
9	37405898	37422374	2	1	1	1
9	37422375	47299999	2	1	1	3
9	47300000	50699999	2	1	1	2
9	50700000	66486485	2	1	1	2
9	66486486	75496288	2	1	1	3
9	75496289	75635649	3	2	1	2
9	75635650	75678063	4	3	1	2
9	75678064	75707561	3	2	1	2
9	75707562	91852207	2	1	1	3
9	91852208	91899245	3	2	1	3
9	91899246	92452951	3	2	1	2
9	92452952	104521224	2	1	1	3
9	104521225	104674139	2	1	1	2
9	104674140	131244669	2	1	1	3
9	131244670	131664164	3	2	1	2
9	131664165	136856518	2	1	1	3
9	136856519	137143655	3	2	1	2
9	137143656	137145122	3	2	1	2
9	137145123	137145578	3	2	1	1
9	137145579	137163640	3	2	1	1
9	137163641	137164994	3	2	1	1
9	137164995	137184060	3	2	1	1
9	137184061	137459869	3	2	1	3
9	137459870	139507772	2	1	1	3
9	139507773	139560365	2	1	1	2
9	139560366	140273200	2	1	1	3
9	140273201	140495089	2	1	1	2
10	94426	11599700	2	1	1	3
10	11599701	11691533	3	2	1	2
10	11691534	11756363	2	1	1	2
10	11756364	11782984	4	3	1	2
10	11782985	11817236	3	2	1	2
10	11817237	21782375	2	1	1	3
10	21782376	21788880	2	1	1	3
10	21788881	21809719	2	1	1	2
10	21809720	21812151	2	1	1	2
10	21812152	29622600	2	1	1	3
10	29622601	29648075	2	1	1	1
10	29648076	29681166	2	1	1	2
10	29681167	37999999	2	1	1	3
10	38000000	42299999	2	1	1	3
10	42300000	73992726	2	1	1	3
10	73992727	74138494	2	1	1	1
10	74138495	89975671	2	1	1	3
10	89975672	96377317	3	2	1	3
10	96377318	96449784	4	3	1	2
10	96449785	102088887	3	2	1	3
10	102088888	102128210	4	3	1	1
10	102128211	113844764	2	1	1	3
10	113844765	113869434	3	2	1	2
10	113869435	114088460	4	3	1	2
10	114088461	114129645	3	2	1	2
10	114129646	126127691	2	1	1	3
10	126127692	126203548	3	2	1	1
10	126203549	135389924	2	1	1	3
11	20721	202252	2	1	1	2
11	202253	22664529	2	1	1	3
11	22664530	22871752	1	1	0	3
11	22871753	51599999	2	1	1	3
11	51600000	55699999	2	1	1	3
11	55700000	57193716	2	1	1	3
11	57193717	57230026	2	1	1	1
11	57230027	64945191	2	1	1	3
11	64945192	64961032	2	1	1	2
11	64961033	68700368	2	1	1	3
11	68700369	68826352	2	1	1	2
11	68826353	69789235	2	1	1	3
11	69789236	69815197	2	1	1	2
11	69815198	111870995	2	1	1	3
11	111870996	116720732	1	1	0	3
11	116720733	120036848	2	1	1	3
11	120036849	120064611	3	2	1	2
11	120064612	134452200	2	1	1	3
12	110107	188347	2	1	1	2
12	188348	26675018	2	1	1	3
12	26675019	26928985	1	1	0	3
12	26928986	33299999	2	1	1	3
12	33300000	38199999	2	1	1	3
12	38200000	50160142	2	1	1	3
12	50160143	50175102	2	1	1	2
12	50175103	53544659	2	1	1	3
12	53544660	53676096	3	2	1	2
12	53676097	54782504	2	1	1	2
12	54782505	54927734	2	1	1	2
12	54927735	54927924	2	1	1	2
12	54927925	56462021	3	2	1	2
12	56462022	56683326	3	2	1	1
12	56683327	69172330	3	2	1	2
12	69172331	69208271	3	2	1	2
12	69208272	69432386	3	2	1	3
12	69432387	69522918	5	4	1	2
12	69522919	89763249	3	2	1	3
12	89763250	89797861	3	2	1	1
12	89797862	102711000	3	2	1	2
12	102711001	102760257	4	2	2	2
12	102760258	110527317	3	2	1	2
12	110527318	110535564	3	2	1	2
12	110535565	111794212	3	2	1	2
12	111794213	111862860	3	2	1	2
12	111862861	122528747	3	2	1	2
12	122528748	122615812	3	2	1	2
12	122615813	122687766	3	2	1	2
12	122687767	122690124	3	2	1	2
12	122690125	123758164	3	2	1	2
12	123758165	123863393	3	2	1	2
12	123863394	123956218	4	3	1	2
12	123956219	132349400	2	1	1	2
12	132349401	133851894	2	1	1	2
13	1	16299999	2	1	1	1
13	16300000	19499999	2	1	1	2
13	19500000	49534479	2	1	1	3
13	49534480	50135411	3	2	1	3
13	50135412	114142800	2	1	1	3
13	114142801	115169877	2	1	1	3
14	1	16099999	2	1	1	1
14	16100000	19099999	2	1	1	2
14	19100000	20378039	2	1	1	2
14	20378040	21437796	2	1	1	3
14	21437797	21475733	3	2	1	2
14	21475734	21480341	4	3	1	1
14	21480342	21536961	5	4	1	2
14	21536962	21558657	3	2	1	2
14	21558658	21605577	3	2	1	2
14	21605578	24244517	2	1	1	2
14	24244518	24514712	3	2	1	3
14	24514713	24542014	3	2	1	2
14	24542015	24912490	3	2	1	3
14	24912491	24912525	3	2	1	2
14	24912526	24912620	3	2	1	1
14	24912621	35714803	2	1	1	3
14	35714804	35825138	3	2	1	2
14	35825139	35838151	4	3	1	2
14	35838152	35871371	3	2	1	2
14	35871372	50424020	2	1	1	3
14	50424021	50430325	2	1	1	3
14	50430326	69739083	2	1	1	3
14	69739084	70213658	3	2	1	3
14	70213659	70245855	5	4	1	2
14	70245856	70315196	3	2	1	2
14	70315197	70352872	4	2	2	2
14	70352873	70369851	2	1	1	2
14	70369852	77425308	2	1	1	3
14	77425309	77497957	2	1	1	2
14	77497958	94897886	2	1	1	3
14	94897887	94903293	2	1	1	1
14	94903294	103658922	2	1	1	3
14	103658923	103665780	2	1	1	3
14	103665781	104361419	2	1	1	3
14	104361420	106368400	2	1	1	3
15	1	15799999	2	1	1	1
15	15800000	20699999	2	1	1	2
15	20700000	45542800	2	1	1	3
15	45542801	58395794	2	1	1	3
15	58395795	58416641	3	2	1	2
15	58416642	59152794	2	1	1	3
15	59152795	59163057	2	1	1	1
15	59163058	65026773	2	1	1	3
15	65026774	65036241	2	1	1	2
15	65036242	66084013	2	1	1	3
15	66084014	66127045	3	2	1	3
15	66127046	90643897	2	1	1	3
15	90643898	90684071	3	2	1	2
15	90684072	90688403	2	1	1	2
15	90688404	90702520	2	1	1	2
15	90702521	100376330	2	1	1	3
15	100376331	102349919	2	1	1	3
16	90538	1829524	2	1	1	2
16	1829525	1851122	2	1	1	2
16	1851123	11412278	2	1	1	3
16	11412279	11433102	2	1	1	2
16	11433103	22165417	2	1	1	3
16	22165418	22214145	2	1	1	1
16	22214146	34599999	2	1	1	3
16	34600000	38599999	2	1	1	3
16	38600000	46659973	2	1	1	3
16	46659974	47140849	3	2	1	2
16	47140850	69999300	2	1	1	3
16	69999301	70308621	3	2	1	2
16	70308622	70350409	4	2	2	2
16	70350410	70508379	3	2	1	2
16	70508380	72060976	2	1	1	3
16	72060977	72084113	2	1	1	2
16	72084114	72272793	2	1	1	3
16	72272794	78484594	1	1	0	3
16	78484595	78909610	2	2	0	3
16	78909611	88827200	1	1	0	3
16	88827201	90354752	1	1	0	3
17	20080	6635350	2	1	1	3
17	6635351	6756151	3	2	1	2
17	6756152	22199999	2	1	1	3
17	22200000	25799999	2	1	1	3
17	25800000	27196180	2	1	1	3
17	27196181	27202331	2	1	1	2
17	27202332	27254520	2	1	1	3
17	27254521	27317913	2	1	1	2
17	27317914	41077477	2	1	1	3
17	41077478	41080971	2	1	1	1
17	41080972	41090407	2	1	1	1
17	41090408	41094473	2	1	1	2
17	41094474	42230580	2	1	1	3
17	42230581	42283101	2	1	1	2
17	42283102	48918048	2	1	1	3
17	48918049	48948505	2	1	1	2
17	48948506	48999633	2	1	1	2
17	48999634	49075540	3	2	1	3
17	49075541	60184624	2	1	1	3
17	60184625	60187388	2	1	1	2
17	60187389	66577230	2	1	1	3
17	66577231	66660521	2	1	1	2
17	66660522	79984887	2	1	1	3
17	79984888	80037543	2	1	1	1
17	80037544	81195209	2	1	1	1
18	27500	125370	2	1	1	2
18	125371	15399999	2	1	1	3
18	15400000	18999999	2	1	1	3
18	19000000	25148913	2	1	1	3
18	25148914	25155578	2	1	1	1
18	25155579	71899798	2	1	1	3
18	71899799	71904066	2	1	1	3
18	71904067	76117000	2	1	1	3
18	76117001	78077247	2	1	1	3
19	102500	290089	2	1	1	2
19	290090	1285752	2	1	1	3
19	1285753	1337106	3	2	1	1
19	1337107	10122718	2	1	1	3
19	10122719	10323181	3	2	1	3
19	10323182	16569409	2	1	1	3
19	16569410	16602334	3	2	1	1
19	16602335	18120274	2	1	1	3
19	18120275	18146918	3	2	1	1
19	18146919	24399999	2	1	1	3
19	24400000	28599999	2	1	1	3
19	28600000	30248166	2	1	1	3
19	30248167	30314871	3	2	1	3
19	30314872	33309169	2	1	1	3
19	33309170	33754721	3	2	1	2
19	33754722	33770340	3	2	1	2
19	33770341	43399219	2	1	1	3
19	43399220	43567388	2	1	1	2
19	43567389	45195203	2	1	1	3
19	45195204	45549500	3	2	1	3
19	45549501	47736786	2	1	1	2
19	47736787	47756165	2	1	1	2
19	47756166	59128982	2	1	1	2
20	32146	13979299	2	1	1	2
20	13979300	14050423	1	1	0	2
20	14050424	15521796	2	1	1	2
20	15521797	16009473	1	1	0	2
20	16009474	22317226	2	1	1	3
20	22317227	22335799	3	2	1	3
20	22335800	25599999	2	1	1	3
20	25600000	29427167	2	1	1	3
20	29427168	30124372	2	1	1	3
20	30124373	32920315	2	1	1	3
20	32920316	32948344	2	1	1	2
20	32948345	35492433	2	1	1	3
20	35492434	35509230	2	1	1	3
20	35509231	36953305	2	1	1	3
20	36953306	36973776	3	2	1	2
20	36973777	49017509	2	1	1	2
20	49017510	49045602	4	3	1	1
20	49045603	56105084	3	2	1	2
20	56105085	56131800	3	2	1	2
20	56131801	62432500	3	2	1	2
21	1	10899999	NA	NA	NA	NA
21	10900000	15223442	2	1	1	2
21	15223443	37684626	2	1	1	3
21	37684627	38113041	3	2	1	3
21	38113042	44451339	2	1	1	3
21	44451340	44510003	3	2	1	2
21	44510004	46937500	2	1	1	3
21	46937501	48129894	2	1	1	3
22	1	12199999	2	1	1	1
22	12200000	17899999	2	1	1	3
22	17900000	29153690	2	1	1	3
22	29153691	29170819	3	2	1	2
22	29170820	29182026	3	2	1	2
22	29182027	29375978	3	2	1	3
22	29375979	30888041	2	1	1	3
22	30888042	30907797	2	1	1	3
22	30907798	37343103	2	1	1	3
22	37343104	37662498	3	2	1	3
22	37662499	41057556	2	1	1	3
22	41057557	41128868	2	1	1	2
22	41128869	49687500	2	1	1	3
22	49687501	51304565	2	1	1	2
X	1	43644490	1	1	0	3
X	43644491	43701215	1	1	0	3
X	43701216	58099999	1	1	0	3
X	58100000	62999999	1	1	0	3
X	63000000	155270559	1	1	0	3
Y	1	11599999	1	1	0	1
Y	11600000	14399435	1	1	0	1
Y	14399436	14403447	1	1	0	1
Y	14403448	59373565	1	1	0	1
