chromosome	start	end	total_cn	major_cn	minor_cn	star
1	10001	790008	2	1	1	2
1	790009	121499999	2	1	1	3
1	121500000	128899999	2	1	1	2
1	128900000	143507499	2	1	1	2
1	143507500	149008202	2	1	1	2
1	149008203	207415827	3	2	1	2
1	207415828	208077903	2	1	1	3
1	208077904	213105654	3	2	1	2
1	213105655	214047563	2	1	1	3
1	214047564	216992431	3	2	1	2
1	216992432	226022803	2	1	1	3
1	226022804	247247500	1	1	0	3
1	247247501	249250620	1	1	0	3
2	20016	89179989	2	1	1	3
2	89179990	89441201	2	1	1	2
2	89441202	90499999	2	1	1	2
2	90500000	96799999	2	1	1	3
2	96800000	242985695	2	1	1	3
3	100074	87899999	3	2	1	3
3	87900000	93899999	3	2	1	3
3	93900000	120132601	3	2	1	3
3	120132602	120137454	2	1	1	1
3	120137455	162511899	3	2	1	3
3	162511900	197847500	3	2	1	3
4	27500	40023	2	1	1	2
4	40024	48199999	2	1	1	3
4	48200000	52699999	2	1	1	3
4	52700000	191154275	2	1	1	3
5	14676	46099999	2	1	1	3
5	46100000	50699999	2	1	1	3
5	50700000	180689978	2	1	1	3
6	39681	202330	2	1	1	2
6	202331	58699999	2	1	1	3
6	58700000	63299999	2	1	1	3
6	63300000	170899934	2	1	1	3
7	40386	57999999	2	1	1	2
7	58000000	61699999	2	1	1	2
7	61700000	158817500	2	1	1	2
8	170012	43099999	2	1	1	3
8	43100000	48099999	2	1	1	2
8	48100000	146364021	2	1	1	3
9	10001	200100	2	2	0	2
9	200101	21212312	2	2	0	3
9	21212313	22221283	0	0	0	2
9	22221284	31637499	2	2	0	3
9	31637500	47299999	2	1	1	3
9	47300000	50699999	2	1	1	3
9	50700000	140267500	2	1	1	3
9	140267501	141038316	2	1	1	2
10	102500	37999999	2	1	1	3
10	38000000	42299999	2	1	1	3
10	42300000	135389924	2	1	1	3
11	20721	187499	2	1	1	2
11	187500	51599999	2	1	1	3
11	51600000	55699999	2	1	1	3
11	55700000	134442500	2	1	1	3
12	110107	33299999	2	1	1	3
12	33300000	38199999	2	1	1	3
12	38200000	132342500	2	1	1	3
12	132342501	133851894	2	1	1	2
13	1	16299999	2	1	1	1
13	16300000	19510016	2	1	1	2
13	19510017	114092800	2	1	1	3
13	114092801	115169877	2	1	1	3
14	1	16099999	2	1	1	1
14	16100000	19099999	2	1	1	2
14	19100000	43274430	2	1	1	3
14	43274431	44132370	1	1	0	3
14	44132371	82850001	2	1	1	3
14	82850002	86290966	1	1	0	3
14	86290967	106110926	1	1	0	3
14	106110927	106113634	1	1	0	3
14	106113635	106210760	1	1	0	3
14	106210761	106211928	1	1	0	2
14	106211929	106323462	1	1	0	2
14	106323463	106326739	1	1	0	2
14	106326740	106330903	1	1	0	1
14	106330904	106725199	0	0	0	2
15	1	15799999	2	1	1	1
15	15800000	20699999	2	1	1	2
15	20700000	100332500	2	1	1	3
15	100332501	102531391	2	1	1	2
16	100010	34599999	2	1	1	3
16	34600000	38599999	2	1	1	3
16	38600000	88822500	2	1	1	3
16	88822501	90354752	2	1	1	2
17	7	22199999	2	1	1	3
17	22200000	25799999	2	1	1	3
17	25800000	76137011	2	1	1	3
17	76137012	78772500	1	1	0	3
17	78772501	81195209	1	1	0	3
18	27500	15399999	2	1	1	3
18	15400000	18999999	NA	NA	NA	NA
18	19000000	76117000	3	2	1	3
18	76117001	78077247	3	2	1	3
19	102500	260136	2	1	1	2
19	260137	6065362	2	1	1	2
19	6065363	24239993	1	1	0	3
19	24239994	28599999	NA	NA	NA	NA
19	28600000	59128982	2	1	1	3
20	17500	25599999	2	1	1	3
20	25600000	29399999	2	1	1	3
20	29400000	62432500	2	1	1	3
21	1	9417499	NA	NA	NA	NA
21	9417500	10899999	NA	NA	NA	NA
21	10900000	14299999	1	1	0	2
21	14300000	15452495	2	1	1	1
21	15452496	46937500	2	1	1	3
21	46937501	48129894	2	1	1	2
22	1	12199999	1	1	0	2
22	12200000	17899999	1	1	0	2
22	17900000	22821985	1	1	0	2
22	22821986	49687500	2	1	1	3
22	49687501	51304565	2	1	1	3
X	1	58099999	1	1	0	3
X	58100000	62999999	1	1	0	3
X	63000000	155270559	1	1	0	3
Y	1	11599999	1	1	0	1
Y	11600000	13399999	1	1	0	1
Y	13400000	59373565	1	1	0	1
