chromosome	start	end	total_cn	major_cn	minor_cn	star
1	1	840008	2	1	1	2
1	840009	121499999	2	1	1	3
1	121500000	128899999	2	1	1	2
1	128900000	247247500	2	1	1	3
1	247247501	249250620	2	1	1	2
2	20016	90499999	2	1	1	3
2	90500000	96799999	2	1	1	2
2	96800000	203713721	2	1	1	3
2	203713722	203714227	2	1	1	2
2	203714228	203714584	2	1	1	1
2	203714585	203715032	2	1	1	1
2	203715033	203724675	3	2	1	2
2	203724676	203728347	1	1	0	2
2	203728348	203728575	1	1	0	2
2	203728576	203729018	1	1	0	2
2	203729019	203729954	1	1	0	2
2	203729955	204184547	1	1	0	2
2	204184548	204188307	1	1	0	1
2	204188308	204196868	2	1	1	2
2	204196869	208245432	2	1	1	3
2	208245433	208248336	2	1	1	2
2	208248337	208256436	2	1	1	2
2	208256437	208258663	1	1	0	2
2	208258664	208262293	1	1	0	1
2	208262294	208262357	1	1	0	2
2	208262358	208266548	1	1	0	1
2	208266549	209163616	1	1	0	3
2	209163617	209163761	1	1	0	2
2	209163762	209165456	1	1	0	2
2	209165457	209173256	1	1	0	2
2	209173257	209194239	1	1	0	2
2	209194240	209195583	1	1	0	2
2	209195584	209195663	1	1	0	2
2	209195664	209198986	1	1	0	2
2	209198987	209587808	1	1	0	3
2	209587809	209587920	1	1	0	2
2	209587921	209596344	2	1	1	1
2	209596345	209603370	1	1	0	2
2	209603371	210559119	1	1	0	3
2	210559120	210560225	2	1	1	1
2	210560226	210560919	2	1	1	1
2	210560920	210561004	2	1	1	1
2	210561005	210561786	2	1	1	1
2	210561787	210562242	2	1	1	1
2	210562243	210578610	2	1	1	1
2	210578611	210580040	1	1	0	2
2	210580041	211090827	1	1	0	3
2	211090828	211100852	1	1	0	2
2	211100853	211102461	1	1	0	2
2	211102462	211103947	1	1	0	2
2	211103948	211104226	1	1	0	2
2	211104227	211105589	1	1	0	2
2	211105590	211109746	1	1	0	2
2	211109747	211109768	1	1	0	2
2	211109769	211110109	1	1	0	2
2	211110110	211110657	1	1	0	2
2	211110658	211110873	1	1	0	2
2	211110874	242951000	1	1	0	3
3	100074	74623658	1	1	0	3
3	74623659	74626382	1	1	0	2
3	74626383	74627715	1	1	0	2
3	74627716	74627911	1	1	0	2
3	74627912	74641545	2	1	1	1
3	74641546	74762719	2	1	1	3
3	74762720	74763858	2	1	1	2
3	74763859	74775289	2	1	1	1
3	74775290	74778212	1	1	0	2
3	74778213	74778502	1	1	0	2
3	74778503	74779604	1	1	0	2
3	74779605	74780916	1	1	0	2
3	74780917	74784757	1	1	0	2
3	74784758	77280965	1	1	0	3
3	77280966	77282827	1	1	0	2
3	77282828	77292835	2	1	1	2
3	77292836	77292887	2	1	1	2
3	77292888	77293808	2	1	1	2
3	77293809	77559141	2	1	1	3
3	77559142	77559190	2	1	1	2
3	77559191	77559537	2	1	1	2
3	77559538	77561055	2	1	1	2
3	77561056	77571999	1	1	0	2
3	77572000	77575953	1	1	0	2
3	77575954	77576540	1	1	0	2
3	77576541	77577061	1	1	0	2
3	77577062	77578983	1	1	0	2
3	77578984	77579203	1	1	0	2
3	77579204	77580111	1	1	0	2
3	77580112	77582349	1	1	0	2
3	77582350	77583205	1	1	0	2
3	77583206	77996819	1	1	0	3
3	77996820	78008937	2	1	1	2
3	78008938	78009126	2	1	1	2
3	78009127	78011054	2	1	1	2
3	78011055	83758464	2	1	1	3
3	83758465	83759867	2	1	1	2
3	83759868	83771884	2	1	1	2
3	83771885	83774195	1	1	0	2
3	83774196	83776052	1	1	0	2
3	83776053	83776365	1	1	0	2
3	83776366	84249309	1	1	0	3
3	84249310	84252657	1	1	0	2
3	84252658	84261412	2	1	1	1
3	84261413	84262739	2	1	1	2
3	84262740	84263188	2	1	1	2
3	84263189	87899999	2	1	1	3
3	87900000	93899999	2	1	1	3
3	93900000	197847500	2	1	1	3
4	35422	48199999	2	1	1	3
4	48200000	52699999	2	1	1	2
4	52700000	71961880	2	1	1	3
4	71961881	190799943	2	1	1	3
5	22826	849503	2	1	1	2
5	849504	46099999	2	1	1	3
5	46100000	50699999	2	1	1	3
5	50700000	89343655	2	1	1	3
5	89343656	89346301	2	1	1	2
5	89346302	89347547	3	2	1	2
5	89347548	89357286	3	2	1	2
5	89357287	89503703	3	2	1	2
5	89503704	89517552	2	1	1	2
5	89517553	89518933	2	1	1	2
5	89518934	89519688	2	1	1	2
5	89519689	100491894	2	1	1	3
5	100491895	100492188	2	1	1	2
5	100492189	100498494	2	1	1	1
5	100498495	100498907	3	2	1	2
5	100498908	100506943	3	2	1	2
5	100506944	100506991	3	2	1	2
5	100506992	100507376	3	2	1	2
5	100507377	100507482	3	2	1	2
5	100507483	100508598	3	2	1	2
5	100508599	100740363	3	2	1	2
5	100740364	100751079	2	1	1	2
5	100751080	100751286	2	1	1	2
5	100751287	100751815	2	1	1	2
5	100751816	102452632	2	1	1	3
5	102452633	102453303	2	1	1	1
5	102453304	102453356	3	2	1	2
5	102453357	103168009	3	2	1	3
5	103168010	103168316	3	2	1	2
5	103168317	103177191	3	2	1	2
5	103177192	103178236	0	0	0	1
5	103178237	103178341	2	1	1	1
5	103178342	103180962	3	2	1	1
5	103180963	103180990	2	1	1	1
5	103180991	103181236	2	1	1	1
5	103181237	104154795	2	1	1	3
5	104154796	104155494	2	1	1	2
5	104155495	104155531	2	1	1	1
5	104155532	112898942	3	2	1	3
5	112898943	112900004	3	2	1	2
5	112900005	112914433	3	2	1	2
5	112914434	113293199	2	1	1	3
5	113293200	113302636	3	2	1	2
5	113302637	113303275	3	2	1	2
5	113303276	113305323	3	2	1	2
5	113305324	113305432	3	2	1	2
5	113305433	180689978	3	2	1	3
6	39681	202330	2	1	1	1
6	202331	58699999	2	1	1	3
6	58700000	63299999	2	1	1	2
6	63300000	170899934	2	1	1	3
7	40386	57999999	2	1	1	3
7	58000000	61699999	2	1	1	2
7	61700000	158821400	2	1	1	3
8	10001	170011	1	1	0	2
8	170012	43099999	1	1	0	3
8	43100000	48099999	1	1	0	2
8	48100000	69624207	1	1	0	3
8	69624208	69627702	1	1	0	2
8	69627703	69637455	1	1	0	2
8	69637456	69637496	2	1	1	1
8	69637497	69638908	2	1	1	2
8	69638909	69638971	2	1	1	2
8	69638972	71737154	2	1	1	3
8	71737155	71737509	2	1	1	1
8	71737510	71737641	1	1	0	2
8	71737642	72071432	1	1	0	2
8	72071433	72071606	1	1	0	2
8	72071607	72073081	1	1	0	2
8	72073082	72073146	1	1	0	2
8	72073147	72073261	1	1	0	2
8	72073262	72075252	1	1	0	2
8	72075253	72077027	2	1	1	1
8	72077028	72087349	2	1	1	1
8	72087350	72087724	2	1	1	2
8	72087725	82446540	2	1	1	3
8	82446541	82446578	2	1	1	2
8	82446579	82447689	2	1	1	2
8	82447690	82458830	4	4	0	1
8	82458831	82460868	1	1	0	2
8	82460869	82465901	1	1	0	2
8	82465902	82733739	1	1	0	3
8	82733740	82734413	1	1	0	2
8	82734414	82734820	1	1	0	2
8	82734821	82736254	2	1	1	1
8	82736255	82736551	2	1	1	1
8	82736552	82737841	1	1	0	1
8	82737842	82748480	2	1	1	2
8	82748481	82748652	2	1	1	2
8	82748653	82748961	2	2	0	1
8	82748962	82749173	2	1	1	2
8	82749174	146364021	2	1	1	3
9	56014	47299999	2	1	1	3
9	47300000	50699999	2	1	1	2
9	50700000	140273200	2	1	1	3
10	10001	151819	2	1	1	2
10	151820	37999999	2	1	1	3
10	38000000	42299999	2	1	1	2
10	42300000	135389924	2	1	1	3
11	20721	190009	2	1	1	2
11	190010	30930327	2	1	1	3
11	30930328	51599999	2	1	1	3
11	51600000	55699999	2	1	1	3
11	55700000	130004463	2	1	1	3
11	130004464	130054226	1	1	0	2
11	130054227	134452200	2	1	1	2
12	110107	33299999	2	1	1	3
12	33300000	38199999	2	1	1	3
12	38200000	132349400	2	1	1	3
12	132349401	133851894	2	1	1	2
13	1	16299999	NA	NA	NA	NA
13	16300000	19499999	2	1	1	3
13	19500000	114142800	2	1	1	3
13	114142801	115169877	2	1	1	2
14	1	16099999	NA	NA	NA	NA
14	16100000	19099999	2	2	0	1
14	19100000	106368400	2	1	1	3
15	1	15799999	NA	NA	NA	NA
15	15800000	20699999	2	1	1	2
15	20700000	100338800	2	1	1	3
15	100338801	102531391	2	1	1	2
16	100010	34599999	2	1	1	3
16	34600000	38599999	2	1	1	3
16	38600000	88827200	2	1	1	3
16	88827201	90354752	2	1	1	2
17	828	22199999	2	1	1	3
17	22200000	25799999	2	1	1	2
17	25800000	78774600	2	1	1	2
17	78774601	81195209	2	1	1	2
18	27500	15399999	2	1	1	3
18	15400000	18999999	2	1	1	3
18	19000000	76117000	2	1	1	3
18	76117001	78077247	2	1	1	2
19	108847	24399999	2	1	1	2
19	24400000	28599999	2	1	1	3
19	28600000	59128982	2	1	1	2
20	17500	25599999	2	1	1	3
20	25600000	29399999	2	1	1	3
20	29400000	62432500	2	1	1	3
21	1	9417499	NA	NA	NA	NA
21	9417500	10899999	NA	NA	NA	NA
21	10900000	15273231	2	2	0	1
21	15273232	46937500	2	1	1	3
21	46937501	48129894	2	1	1	2
22	1	12199999	NA	NA	NA	NA
22	12200000	17899999	2	1	1	3
22	17900000	49687500	2	1	1	3
22	49687501	51304565	2	1	1	2
X	1	58099999	1	1	0	3
X	58100000	62999999	1	1	0	3
X	63000000	155270559	1	1	0	3
Y	1	11599999	1	1	0	1
Y	11600000	13399999	1	1	0	1
Y	13400000	59373565	1	1	0	1
