chromosome	start	end	total_cn	major_cn	minor_cn	star
1	47402	182499	2	2	0	1
1	182500	812500	2	2	0	2
1	812501	72761600	2	2	0	3
1	72761601	121499999	2	2	0	3
1	121500000	128899999	2	2	0	2
1	128900000	143278938	2	2	0	1
1	143278939	143755938	2	2	0	1
1	143755939	144954406	3	2	1	2
1	144954407	145210017	4	3	1	1
1	145210018	149272601	4	4	0	2
1	149272602	149704601	4	4	0	2
1	149704602	232237000	4	4	0	2
1	232237001	232242218	4	4	0	2
1	232242219	247249600	4	4	0	2
1	247249601	249250620	4	4	0	3
2	20016	90499999	3	2	1	3
2	90500000	96799999	3	2	1	3
2	96800000	101448506	3	2	1	3
2	101448507	102059807	4	3	1	2
2	102059808	102059984	4	3	1	2
2	102059985	102065121	3	2	1	2
2	102065122	195395685	3	2	1	3
2	195395686	195410988	1	1	0	2
2	195410989	242984215	3	2	1	2
3	61466	48142478	4	2	2	3
3	48142479	48150996	4	2	2	2
3	48150997	79936494	4	2	2	3
3	79936495	79953601	5	3	2	2
3	79953602	79953801	5	3	2	2
3	79953802	79965581	5	3	2	2
3	79965582	87899999	4	2	2	3
3	87900000	93899999	4	2	2	3
3	93900000	145085848	4	2	2	3
3	145085849	145086656	4	2	2	3
3	145086657	197847500	4	2	2	3
4	35422	41363150	2	1	1	3
4	41363151	41375231	2	1	1	1
4	41375232	48199999	2	1	1	3
4	48200000	52699999	2	1	1	3
4	52700000	188886115	2	1	1	3
4	188886116	188913780	1	1	0	2
4	188913781	190987500	2	1	1	3
5	22500	46099999	4	2	2	2
5	46100000	50699999	4	2	2	2
5	50700000	114679329	4	2	2	2
5	114679330	118452591	4	2	2	2
5	118452592	180719725	4	2	2	2
6	203397	29950012	4	3	1	2
6	29950013	58699999	4	3	1	2
6	58700000	63299999	4	3	1	2
6	63300000	67520725	4	3	1	2
6	67520726	67521748	4	3	1	2
6	67521749	170919735	2	1	1	2
7	42920	57999999	3	2	1	2
7	58000000	61699999	3	2	1	2
7	61700000	75178097	3	2	1	2
7	75178098	75179257	3	2	1	2
7	75179258	158821400	3	2	1	2
8	137510	7036850	1	1	0	2
8	7036851	12508989	1	1	0	2
8	12508990	29133262	1	1	0	2
8	29133263	29423580	8	7	1	2
8	29423581	30345333	7	6	1	2
8	30345334	34017516	1	1	0	2
8	34017517	42327269	8	7	1	2
8	42327270	42377268	8	7	1	2
8	42377269	42881571	9	8	1	2
8	42881572	42881589	9	8	1	2
8	42881590	42931712	8	7	1	1
8	42931713	43099999	8	7	1	2
8	43100000	48099999	NA	NA	NA	NA
8	48100000	58519242	2	1	1	2
8	58519243	58522622	3	2	1	2
8	58522623	58901553	8	7	1	2
8	58901554	59573249	2	1	1	2
8	59573250	59804479	8	7	1	2
8	59804480	63595723	2	1	1	2
8	63595724	63729618	8	7	1	2
8	63729619	63730010	8	7	1	2
8	63730011	63736085	2	1	1	1
8	63736086	79410644	2	1	1	2
8	79410645	81167780	8	7	1	2
8	81167781	81174785	14	13	1	1
8	81174786	81591436	3	2	1	2
8	81591437	81592395	14	13	1	1
8	81592396	86220700	4	3	1	2
8	86220701	87492470	8	7	1	2
8	87492471	87492520	8	7	1	2
8	87492521	87495885	2	1	1	2
8	87495886	87497422	2	1	1	2
8	87497423	87497736	2	1	1	2
8	87497737	87546206	2	1	1	2
8	87546207	87582278	8	7	1	2
8	87582279	87830373	2	1	1	2
8	87830374	87833710	2	1	1	1
8	87833711	87871850	8	7	1	2
8	87871851	88513905	2	1	1	2
8	88513906	92240992	3	2	1	2
8	92240993	94144981	9	8	1	2
8	94144982	94165767	4	3	1	2
8	94165768	98655876	3	2	1	2
8	98655877	100216038	2	1	1	2
8	100216039	101535719	3	2	1	2
8	101535720	101536034	3	2	1	2
8	101536035	103330782	2	1	1	2
8	103330783	103419487	8	7	1	2
8	103419488	111203038	2	1	1	2
8	111203039	111203233	2	1	1	2
8	111203234	111210883	1	1	0	2
8	111210884	112372294	1	1	0	2
8	112372295	112851633	7	6	1	2
8	112851634	112861998	7	6	1	2
8	112861999	113707407	8	7	1	2
8	113707408	113768707	4	3	1	2
8	113768708	113869630	3	2	1	2
8	113869631	115862663	19	18	1	1
8	115862664	116029150	4	3	1	2
8	116029151	124130474	7	6	1	2
8	124130475	124133031	7	6	1	1
8	124133032	132903271	7	6	1	2
8	132903272	132911273	7	6	1	2
8	132911274	134515662	7	6	1	2
8	134515663	135695901	4	3	1	2
8	135695902	135695928	13	12	1	2
8	135695929	137625793	7	6	1	2
8	137625794	139666972	1	1	0	2
8	139666973	139667891	1	1	0	2
8	139667892	139993359	2	1	1	2
8	139993360	141701604	1	1	0	2
8	141701605	142199299	2	1	1	2
8	142199300	143799698	1	1	0	2
8	143799699	143800427	1	1	0	2
8	143800428	144221459	1	1	0	2
8	144221460	144228084	3	2	1	2
8	144228085	146364021	2	1	1	2
9	47500	153698	3	2	1	2
9	153699	43823883	3	2	1	3
9	43823884	47299999	3	2	1	3
9	47300000	50699999	3	2	1	2
9	50700000	66272609	3	2	1	2
9	66272610	72073509	3	2	1	3
9	72073510	72073564	3	2	1	3
9	72073565	98894084	3	2	1	3
9	98894085	98895012	3	2	1	3
9	98895013	140273200	3	2	1	3
10	94426	37999999	2	2	0	3
10	38000000	42299999	2	2	0	2
10	42300000	81454800	2	2	0	3
10	81454801	135389304	2	2	0	3
11	20721	197472	3	2	1	2
11	197473	5832500	3	2	1	3
11	5832501	51593038	3	2	1	3
11	51593039	55699999	3	2	1	3
11	55700000	67779259	3	2	1	3
11	67779260	67785420	3	2	1	3
11	67785421	119152484	3	2	1	3
11	119152485	119154789	3	2	1	3
11	119154790	134452200	3	2	1	3
12	110107	33299999	3	2	1	3
12	33300000	38199999	3	2	1	3
12	38200000	118268484	3	2	1	3
12	118268485	132349400	2	1	1	3
12	132349401	133851894	2	1	1	3
13	1	16299999	2	1	1	1
13	16300000	19499999	2	1	1	2
13	19500000	19943736	2	1	1	2
13	19943737	19945167	2	1	1	2
13	19945168	19945415	2	1	1	1
13	19945416	19945953	2	1	1	1
13	19945954	20078757	1	1	0	2
13	20078758	28595840	7	6	1	2
13	28595841	28605511	6	5	1	2
13	28605512	41032114	7	6	1	2
13	41032115	41040423	1	1	0	2
13	41040424	42118183	1	1	0	3
13	42118184	42120192	1	1	0	1
13	42120193	42120226	7	6	1	1
13	42120227	46605540	7	6	1	2
13	46605541	46681279	6	6	0	1
13	46681280	46681290	6	6	0	1
13	46681291	47587958	1	1	0	2
13	47587959	48385507	2	1	1	2
13	48385508	49305920	1	1	0	3
13	49305921	50458794	2	1	1	2
13	50458795	51753042	1	1	0	2
13	51753043	52349937	2	1	1	2
13	52349938	52350160	2	1	1	2
13	52350161	52351116	2	1	1	2
13	52351117	52361231	2	1	1	2
13	52361232	53157474	1	1	0	2
13	53157475	55172665	7	6	1	2
13	55172666	55189965	2	1	1	2
13	55189966	55192178	2	1	1	2
13	55192179	55577043	1	1	0	2
13	55577044	55899932	2	1	1	2
13	55899933	57122357	1	1	0	2
13	57122358	80349385	7	6	1	2
13	80349386	80363474	3	2	1	2
13	80363475	81109128	1	1	0	2
13	81109129	114142800	7	6	1	2
13	114142801	115169877	7	6	1	2
14	1	16099999	4	2	2	1
14	16100000	19099999	NA	NA	NA	NA
14	19100000	61286979	4	2	2	2
14	61286980	67501002	4	2	2	2
14	67501003	103261224	4	2	2	2
14	103261225	103262198	4	2	2	2
14	103262199	106368400	4	2	2	2
15	1	15799999	3	2	1	1
15	15800000	20699999	3	2	1	2
15	20700000	100338800	3	2	1	2
15	100338801	102399921	3	2	1	2
16	84870	34174920	4	2	2	3
16	34174921	34599999	2	2	0	2
16	34600000	38599999	2	2	0	2
16	38600000	46388661	2	2	0	2
16	46388662	55794632	2	2	0	2
16	55794633	55865127	2	2	0	3
16	55865128	68576135	2	2	0	2
16	68576136	68777754	0	0	0	2
16	68777755	88827200	2	2	0	2
16	88827201	90354752	2	2	0	3
17	1869	18311703	2	2	0	3
17	18311704	21532499	2	2	0	2
17	21532500	21547420	13	11	2	1
17	21547421	21786820	14	12	2	2
17	21786821	21926000	5	3	2	2
17	21926001	21985794	7	5	2	2
17	21985795	22199999	7	5	2	2
17	22200000	25799999	NA	NA	NA	NA
17	25800000	37661274	3	2	1	2
17	37661275	37664396	3	2	1	2
17	37664397	78774600	3	2	1	3
17	78774601	81195209	3	2	1	2
18	34200	15399999	3	2	1	3
18	15400000	18999999	3	2	1	2
18	19000000	76117000	3	2	1	3
18	76117001	78077247	3	2	1	3
19	102500	226775	1	1	0	2
19	226776	6810800	1	1	0	3
19	6810801	7017437	95	94	1	2
19	7017438	7346200	25	24	1	1
19	7346201	9919904	3	2	1	2
19	9919905	9920744	13	12	1	2
19	9920745	14015004	13	12	1	2
19	14015005	14019996	13	12	1	1
19	14019997	15120622	4	3	1	2
19	15120623	19023677	7	6	1	2
19	19023678	24399999	4	3	1	2
19	24400000	28599999	4	3	1	2
19	28600000	55599514	4	3	1	2
19	55599515	55727662	4	3	1	2
19	55727663	56101317	4	3	1	2
19	56101318	56101328	4	3	1	2
19	56101329	57396710	4	3	1	2
19	57396711	57471855	3	2	1	2
19	57471856	59128982	4	3	1	2
20	28885	15112464	3	2	1	2
20	15112465	15114840	3	2	1	2
20	15114841	25599999	3	2	1	2
20	25600000	29456140	3	2	1	2
20	29456141	39424360	3	2	1	2
20	39424361	39426092	3	2	1	2
20	39426093	62432500	3	2	1	2
21	1	9417499	NA	NA	NA	NA
21	9417500	9761121	NA	NA	NA	NA
21	9761122	10899999	NA	NA	NA	NA
21	10900000	14424086	3	2	1	2
21	14424087	16183440	3	2	1	3
21	16183441	16183585	3	2	1	2
21	16183586	16187371	3	2	1	2
21	16187372	16194265	3	2	1	1
21	16194266	16221439	3	2	1	3
21	16221440	24227034	2	2	0	3
21	24227035	25889858	3	2	1	3
21	25889859	29488259	2	2	0	3
21	29488260	32373738	3	2	1	3
21	32373739	32376504	3	2	1	2
21	32376505	32390549	5	3	2	2
21	32390550	32605243	4	2	2	3
21	32605244	38634934	3	2	1	3
21	38634935	39832645	4	2	2	3
21	39832646	39839489	11	9	2	1
21	39839490	39839543	11	9	2	1
21	39839544	39858264	11	9	2	1
21	39858265	39964819	4	2	2	2
21	39964820	40625417	5	3	2	2
21	40625418	40631166	10	8	2	1
21	40631167	40632487	10	8	2	1
21	40632488	40969753	10	8	2	1
21	40969754	41096371	10	8	2	1
21	41096372	41098393	4	2	2	2
21	41098394	41099294	11	9	2	2
21	41099295	41329057	11	9	2	2
21	41329058	41338771	4	2	2	2
21	41338772	41411338	4	2	2	2
21	41411339	41606644	3	2	1	2
21	41606645	42146503	7	5	2	2
21	42146504	42146550	7	5	2	2
21	42146551	42170421	7	5	2	2
21	42170422	42170696	7	5	2	2
21	42170697	42173564	6	4	2	2
21	42173565	42306678	6	4	2	2
21	42306679	42313363	7	5	2	2
21	42313364	42324237	6	4	2	2
21	42324238	42381040	7	5	2	2
21	42381041	42383166	7	5	2	2
21	42383167	42763611	9	7	2	1
21	42763612	42938904	13	11	2	2
21	42938905	43073988	6	4	2	2
21	43073989	43099336	5	3	2	3
21	43099337	43262978	5	3	2	2
21	43262979	43289656	3	2	1	2
21	43289657	44201831	4	2	2	3
21	44201832	44202088	4	2	2	2
21	44202089	44202500	4	2	2	1
21	44202501	44471768	3	2	1	2
21	44471769	44479512	3	2	1	2
21	44479513	44485752	10	8	2	1
21	44485753	44513253	3	2	1	2
21	44513254	44513408	3	2	1	2
21	44513409	44515128	3	2	1	2
21	44515129	44585687	3	2	1	2
21	44585688	44603800	2	2	0	2
21	44603801	44915806	5	3	2	3
21	44915807	44924004	5	3	2	2
21	44924005	45122322	4	2	2	2
21	45122323	45133860	5	3	2	2
21	45133861	45136252	5	3	2	1
21	45136253	45303154	5	3	2	2
21	45303155	45335221	4	2	2	2
21	45335222	45342034	9	7	2	1
21	45342035	45343545	9	7	2	1
21	45343546	45344266	9	7	2	1
21	45344267	45344964	9	7	2	1
21	45344965	45427963	9	7	2	2
21	45427964	45433925	10	8	2	2
21	45433926	45441854	10	8	2	1
21	45441855	46015393	5	3	2	2
21	46015394	46015507	10	8	2	2
21	46015508	46055410	2	2	0	2
21	46055411	46105409	2	2	0	2
21	46105410	46134338	2	2	0	2
21	46134339	46338278	7	5	2	2
21	46338279	46617232	6	4	2	2
21	46617233	46617263	6	4	2	2
21	46617264	46723004	12	10	2	2
21	46723005	47064107	13	11	2	2
21	47064108	47074070	12	10	2	1
21	47074071	47324550	12	10	2	2
21	47324551	47608939	19	17	2	2
21	47608940	47660169	13	11	2	2
21	47660170	47748804	11	9	2	2
21	47748805	47753295	11	9	2	2
21	47753296	47753331	11	9	2	1
21	47753332	47764601	11	9	2	1
21	47764602	48017159	5	3	2	2
21	48017160	48078540	11	9	2	2
22	1	12199999	4	3	1	1
22	12200000	17899999	4	3	1	2
22	17900000	18797500	4	3	1	3
22	18797501	19061599	3	3	0	3
22	19061600	21475802	4	3	1	2
22	21475803	22004735	3	3	0	2
22	22004736	28379595	9	6	3	2
22	28379596	29065618	3	3	0	3
22	29065619	29065828	3	3	0	3
22	29065829	36340397	3	3	0	3
22	36340398	36343781	3	3	0	2
22	36343782	37326093	3	3	0	3
22	37326094	37797600	4	3	1	3
22	37797601	38512125	3	3	0	3
22	38512126	38525114	4	3	1	3
22	38525115	38525356	4	3	1	2
22	38525357	40018300	4	3	1	3
22	40018301	41408714	3	3	0	3
22	41408715	42550793	4	3	1	3
22	42550794	42563353	3	3	0	1
22	42563354	42826543	3	3	0	3
22	42826544	49691400	4	3	1	2
22	49691401	51304565	4	3	1	3
X	1	58099999	2	1	1	3
X	58100000	62999999	2	1	1	3
X	63000000	154913600	2	1	1	3
