chromosome	start	end	total_cn	major_cn	minor_cn	star
1	56401	63587277	4	2	2	2
1	63587278	63829413	3	2	1	2
1	63829414	63854110	3	2	1	2
1	63854111	121499999	4	2	2	2
1	121500000	128899999	NA	NA	NA	NA
1	128900000	142811402	3	2	1	2
1	142811403	149258647	4	3	1	2
1	149258648	208583646	4	3	1	2
1	208583647	208583817	5	4	1	1
1	208583818	208585880	4	3	1	2
1	208585881	208585915	1	1	0	2
1	208585916	210039866	1	1	0	2
1	210039867	210040512	2	1	1	2
1	210040513	210043095	2	1	1	2
1	210043096	247247500	4	3	1	2
1	247247501	249250620	4	3	1	2
2	20016	50493369	4	2	2	2
2	50493370	50494287	4	2	2	2
2	50494288	90499999	4	2	2	2
2	90500000	96799999	4	2	2	2
2	96800000	230664092	4	2	2	2
2	230664093	237164459	4	2	2	2
2	237164460	239745630	3	2	1	2
2	239745631	242985695	4	2	2	2
3	67500	1785534	3	2	1	2
3	1785535	2261767	1	1	0	2
3	2261768	60376345	3	2	1	2
3	60376346	60389970	2	2	0	2
3	60389971	60917018	3	2	1	2
3	60917019	60997569	2	2	0	2
3	60997570	76701346	3	2	1	2
3	76701347	87899999	3	2	1	2
3	87900000	93899999	3	2	1	2
3	93900000	96807829	3	2	1	2
3	96807830	174670695	4	2	2	2
3	174670696	174732665	2	2	0	2
3	174732666	174854136	4	2	2	2
3	174854137	174865031	5	3	2	2
3	174865032	198022429	4	2	2	2
4	28886	2015579	4	3	1	2
4	2015580	2504083	3	3	0	1
4	2504084	48199999	4	3	1	2
4	48200000	52699999	4	3	1	2
4	52700000	124635364	4	3	1	2
4	124635365	125128846	3	2	1	2
4	125128847	173034449	4	3	1	2
4	173034450	173527374	3	2	1	2
4	173527375	190987500	4	3	1	2
5	22500	850202	3	2	1	2
5	850203	3028472	4	3	1	2
5	3028473	3102413	3	3	0	2
5	3102414	27212366	4	3	1	2
5	27212367	27314829	4	3	1	2
5	27314830	27387585	4	3	1	2
5	27387586	46099999	4	3	1	2
5	46100000	50699999	4	3	1	2
5	50700000	59267831	4	3	1	2
5	59267832	59277779	4	3	1	1
5	59277780	67575079	4	3	1	2
5	67575080	74642180	4	3	1	2
5	74642181	74642216	3	2	1	2
5	74642217	74643643	3	2	1	2
5	74643644	74644023	1	1	0	1
5	74644024	74644039	4	2	2	2
5	74644040	74644066	3	2	1	1
5	74644067	74646223	4	3	1	2
5	74646224	74646292	3	2	1	1
5	74646293	83704371	4	3	1	2
5	83704372	84461035	2	2	0	2
5	84461036	101432364	4	3	1	2
5	101432365	101456666	4	3	1	2
5	101456667	102474361	4	3	1	2
5	102474362	102511744	4	3	1	2
5	102511745	102525650	4	3	1	2
5	102525651	158445186	4	3	1	2
5	158445187	158539527	3	3	0	2
5	158539528	180373553	4	3	1	2
5	180373554	180712500	4	3	1	2
6	39681	242500	4	2	2	1
6	242501	425572	3	2	1	2
6	425573	1309256	3	2	1	2
6	1309257	21232614	3	2	1	2
6	21232615	58699999	3	2	1	2
6	58700000	63299999	3	2	1	2
6	63300000	84345809	3	2	1	2
6	84345810	84540482	2	2	0	2
6	84540483	94325597	3	2	1	2
6	94325598	162322910	3	2	1	2
6	162322911	162510483	2	1	1	2
6	162510484	162529528	1	1	0	2
6	162529529	162560201	2	1	1	2
6	162560202	162721737	2	2	0	2
6	162721738	162795776	2	1	1	1
6	162795777	163009980	2	2	0	2
6	163009981	170849934	3	2	1	2
7	40386	1999735	5	3	2	2
7	1999736	2160052	6	4	2	1
7	2160053	2658437	5	3	2	2
7	2658438	3110939	6	4	2	2
7	3110940	4591967	5	3	2	2
7	4591968	7842182	6	4	2	2
7	7842183	7869939	5	3	2	2
7	7869940	8696391	5	3	2	2
7	8696392	8750741	5	3	2	2
7	8750742	11360361	5	3	2	2
7	11360362	11912112	6	4	2	2
7	11912113	12330710	5	3	2	2
7	12330711	16140738	5	3	2	2
7	16140739	17417022	5	3	2	2
7	17417023	17956757	2	2	0	2
7	17956758	18045031	5	3	2	2
7	18045032	18578334	5	3	2	2
7	18578335	18604978	5	3	2	2
7	18604979	19340511	5	3	2	2
7	19340512	19347719	5	3	2	2
7	19347720	24238675	5	3	2	2
7	24238676	38244920	5	3	2	2
7	38244921	38339539	5	3	2	2
7	38339540	38357098	5	3	2	2
7	38357099	38399410	8	5	3	2
7	38399411	57999999	5	3	2	2
7	58000000	61699999	NA	NA	NA	NA
7	61700000	62767202	6	3	3	2
7	62767203	78246498	6	3	3	2
7	78246499	78403504	2	2	0	2
7	78403505	111059967	6	3	3	2
7	111059968	111064098	4	2	2	2
7	111064099	142083401	6	3	3	2
7	142083402	158821400	6	3	3	2
8	163249	43099999	4	2	2	2
8	43100000	48979957	4	2	2	2
8	48979958	48980256	4	2	2	2
8	48980257	118000088	4	2	2	2
8	118000089	118349973	3	2	1	2
8	118349974	146364021	4	2	2	2
9	10001	153760	3	3	0	2
9	153761	9062229	3	3	0	2
9	9062230	9753524	1	1	0	2
9	9753525	21250082	3	3	0	2
9	21250083	23887146	0	0	0	2
9	23887147	42283601	3	3	0	3
9	42283602	44805801	3	3	0	2
9	44805802	47299999	3	3	0	2
9	47300000	50699999	3	3	0	2
9	50700000	66803670	3	3	0	2
9	66803671	140273200	3	3	0	3
10	102500	22156532	4	2	2	2
10	22156533	22169090	4	2	2	2
10	22169091	22169509	4	2	2	2
10	22169510	23830294	4	2	2	2
10	23830295	23850628	4	2	2	2
10	23850629	25486735	4	2	2	2
10	25486736	28625582	4	2	2	2
10	28625583	28626039	4	2	2	2
10	28626040	37999999	4	2	2	2
10	38000000	42299999	4	2	2	3
10	42300000	47704002	4	2	2	2
10	47704003	50401278	4	2	2	2
10	50401279	51234991	2	2	0	2
10	51234992	51595655	4	2	2	2
10	51595656	52133100	2	2	0	2
10	52133101	68872737	4	2	2	2
10	68872738	122241711	3	2	1	2
10	122241712	123048359	1	1	0	2
10	123048360	135389924	3	2	1	2
11	20721	48797285	3	2	1	3
11	48797286	49626786	2	2	0	2
11	49626787	51599999	3	2	1	2
11	51600000	55699999	3	2	1	3
11	55700000	134452200	3	2	1	2
12	110107	229457	4	2	2	2
12	229458	20725243	3	2	1	2
12	20725244	20737082	4	2	2	2
12	20737083	22680030	3	2	1	2
12	22680031	22727391	4	2	2	2
12	22727392	22727526	4	2	2	2
12	22727527	33299999	4	2	2	2
12	33300000	38199999	NA	NA	NA	NA
12	38200000	46462993	3	2	1	2
12	46462994	106890058	3	2	1	2
12	106890059	111630815	4	2	2	2
12	111630816	111630862	4	2	2	2
12	111630863	132349400	3	2	1	2
12	132349401	133851894	3	2	1	2
13	1	16299999	5	3	2	1
13	16300000	19499999	5	3	2	2
13	19500000	52320362	5	3	2	2
13	52320363	52433307	2	2	0	2
13	52433308	55165078	4	3	1	2
13	55165079	57423505	5	3	2	2
13	57423506	58434767	4	2	2	2
13	58434768	83817018	5	3	2	2
13	83817019	84177521	4	3	1	2
13	84177522	84845921	5	3	2	2
13	84845922	84846280	5	3	2	2
13	84846281	111693252	5	3	2	2
13	111693253	112119397	3	2	1	2
13	112119398	114142800	5	3	2	2
13	114142801	115169877	5	3	2	2
14	1	16099999	3	3	0	1
14	16100000	19099999	3	3	0	2
14	19100000	20470003	3	3	0	2
14	20470004	22341025	4	4	0	2
14	22341026	22955121	5	5	0	1
14	22955122	66221132	4	4	0	2
14	66221133	66455011	4	4	0	2
14	66455012	73994535	4	4	0	2
14	73994536	106368400	4	4	0	2
15	1	15799999	2	1	1	1
15	15800000	20699999	2	1	1	2
15	20700000	22572254	2	1	1	2
15	22572255	100338800	2	1	1	2
15	100338801	102438023	2	1	1	2
16	40318	144427	4	2	2	2
16	144428	4042382	4	2	2	3
16	4042383	31909969	4	2	2	2
16	31909970	34599999	4	2	2	2
16	34600000	38599999	NA	NA	NA	NA
16	38600000	46415802	4	2	2	2
16	46415803	60982397	4	2	2	2
16	60982398	61330202	2	2	0	2
16	61330203	78622687	4	2	2	2
16	78622688	79100026	4	2	2	2
16	79100027	79111062	4	2	2	2
16	79111063	88827200	4	2	2	2
16	88827201	90153346	4	2	2	2
17	12500	16658133	2	2	0	2
17	16658134	16725881	2	2	0	2
17	16725882	18348922	2	2	0	2
17	18348923	18985080	2	2	0	2
17	18985081	20237149	5	3	2	1
17	20237150	20773310	3	2	1	2
17	20773311	20962408	4	2	2	2
17	20962409	22199999	3	2	1	2
17	22200000	25799999	3	2	1	2
17	25800000	30607314	3	2	1	2
17	30607315	30695094	2	1	1	2
17	30695095	49997922	3	2	1	2
17	49997923	49998921	4	2	2	2
17	49998922	78774600	3	2	1	2
17	78774601	81195209	3	2	1	2
18	27500	80030	4	2	2	2
18	80031	4329086	4	2	2	2
18	4329087	5144722	4	2	2	2
18	5144723	14116476	4	2	2	2
18	14116477	15399999	4	2	2	2
18	15400000	18999999	NA	NA	NA	NA
18	19000000	22689508	8	6	2	2
18	22689509	27205077	5	3	2	2
18	27205078	27897092	2	2	0	3
18	27897093	28893908	8	6	2	2
18	28893909	28894836	2	2	0	2
18	28894837	28895230	8	6	2	2
18	28895231	28954527	8	6	2	2
18	28954528	42757607	2	2	0	2
18	42757608	43905599	8	6	2	2
18	43905600	43905647	8	6	2	2
18	43905648	43921794	8	6	2	2
18	43921795	44043798	8	6	2	2
18	44043799	48602846	2	2	0	2
18	48602847	49534106	0	0	0	2
18	49534107	49865753	3	3	0	2
18	49865754	50507499	5	3	2	2
18	50507500	52279995	2	2	0	2
18	52279996	52280374	2	2	0	2
18	52280375	52316375	2	2	0	2
18	52316376	52317158	1	1	0	1
18	52317159	52317433	3	2	1	1
18	52317434	52320517	3	2	1	2
18	52320518	52327233	3	2	1	2
18	52327234	52562785	3	2	1	3
18	52562786	52579431	3	2	1	2
18	52579432	53540277	2	2	0	2
18	53540278	54057098	3	2	1	2
18	54057099	54256680	1	1	0	2
18	54256681	54261284	1	1	0	2
18	54261285	54261714	2	2	0	1
18	54261715	54299841	0	0	0	2
18	54299842	54302725	1	1	0	1
18	54302726	54302758	0	0	0	2
18	54302759	54804463	0	0	0	2
18	54804464	55211198	2	2	0	2
18	55211199	62965433	3	2	1	2
18	62965434	63448786	2	2	0	2
18	63448787	63449106	3	2	1	2
18	63449107	63540177	3	2	1	2
18	63540178	63544123	2	2	0	2
18	63544124	64854975	3	2	1	2
18	64854976	65822004	1	1	0	2
18	65822005	66549756	3	2	1	2
18	66549757	66550078	4	2	2	2
18	66550079	66555916	4	2	2	2
18	66555917	66883858	2	2	0	2
18	66883859	76117000	3	2	1	2
18	76117001	78077247	3	2	1	2
19	102500	263449	2	1	1	2
19	263450	9898002	2	1	1	2
19	9898003	10842164	3	2	1	2
19	10842165	12563083	2	1	1	2
19	12563084	24399999	3	2	1	2
19	24400000	28599999	3	2	1	2
19	28600000	43750004	3	2	1	2
19	43750005	59128982	3	2	1	2
20	17500	12029276	4	2	2	2
20	12029277	12914829	5	3	2	2
20	12914830	14171002	4	2	2	2
20	14171003	14816785	4	2	2	2
20	14816786	14956473	4	2	2	2
20	14956474	15001912	3	2	1	1
20	15001913	15013108	4	2	2	2
20	15013109	25599999	4	2	2	2
20	25600000	29431978	NA	NA	NA	NA
20	29431979	62432500	5	3	2	1
21	1	10899999	NA	NA	NA	NA
21	10900000	14655550	4	2	2	2
21	14655551	17149939	4	2	2	2
21	17149940	46937500	3	2	1	2
21	46937501	48129894	3	2	1	2
22	1	12199999	3	2	1	1
22	12200000	17899999	3	2	1	2
22	17900000	49687500	3	2	1	2
22	49687501	51304565	3	2	1	2
X	1	7102799	2	2	0	3
X	7102800	7120270	2	2	0	2
X	7120271	13212230	2	2	0	2
X	13212231	13563846	0	0	0	2
X	13563847	58099999	2	2	0	3
X	58100000	62999999	2	2	0	2
X	63000000	79718361	2	2	0	2
X	79718362	81331641	0	0	0	2
X	81331642	154913600	2	2	0	2
