chromosome	start	end	total_cn	major_cn	minor_cn	star
1	1	840008	2	1	1	2
1	840009	58749760	2	1	1	3
1	58749761	58787521	38	37	1	1
1	58787522	58996566	38	37	1	1
1	58996567	58996741	38	37	1	1
1	58996742	59158032	38	37	1	1
1	59158033	59200072	49	49	0	1
1	59200073	59200910	49	49	0	1
1	59200911	59201062	49	49	0	1
1	59201063	59501293	111	110	1	1
1	59501294	59586931	99	98	1	1
1	59586932	59739155	111	110	1	1
1	59739156	59750468	111	110	1	1
1	59750469	59790859	111	110	1	1
1	59790860	59791128	111	110	1	1
1	59791129	59791256	111	110	1	1
1	59791257	59791409	111	110	1	1
1	59791410	59791812	111	110	1	1
1	59791813	59792054	111	110	1	1
1	59792055	59792112	111	110	1	1
1	59792113	59792373	111	110	1	1
1	59792374	59792402	111	110	1	1
1	59792403	59792641	111	110	1	1
1	59792642	59839766	111	110	1	1
1	59839767	59843911	111	110	1	1
1	59843912	59892093	111	110	1	1
1	59892094	59895596	111	110	1	1
1	59895597	60192544	148	147	1	1
1	60192545	60359985	113	112	1	1
1	60359986	60366438	113	112	1	1
1	60366439	60408167	113	112	1	1
1	60408168	60420420	113	112	1	1
1	60420421	60422999	113	112	1	1
1	60423000	60465819	113	112	1	1
1	60465820	60522694	113	112	1	1
1	60522695	60529943	23	23	0	1
1	60529944	60765148	34	33	1	1
1	60765149	60771526	34	33	1	1
1	60771527	60771727	14	13	1	1
1	60771728	60773764	14	13	1	1
1	60773765	60775617	24	23	1	1
1	60775618	60830305	2	1	1	2
1	60830306	60899806	23	22	1	1
1	60899807	60948783	52	50	2	1
1	60948784	60949972	52	50	2	1
1	60949973	60974964	52	50	2	1
1	60974965	60975313	14	13	1	1
1	60975314	60975704	14	13	1	1
1	60975705	61213917	23	22	1	1
1	61213918	61615457	2	1	1	3
1	61615458	61619090	2	1	1	1
1	61619091	61934184	2	1	1	3
1	61934185	61934910	2	1	1	2
1	61934911	61945928	2	1	1	3
1	61945929	62066076	8	7	1	1
1	62066077	62069739	2	1	1	2
1	62069740	62072072	2	1	1	2
1	62072073	62117132	2	1	1	3
1	62117133	62220527	3	2	1	2
1	62220528	62222219	7	6	1	1
1	62222220	62222314	7	6	1	1
1	62222315	62222833	7	6	1	1
1	62222834	62660520	2	1	1	3
1	62660521	62874942	23	22	1	1
1	62874943	63314001	2	1	1	3
1	63314002	63916788	6	5	1	1
1	63916789	63924460	9	8	1	1
1	63924461	63924900	6	5	1	1
1	63924901	63931765	9	8	1	1
1	63931766	63937455	5	4	1	1
1	63937456	63938040	5	4	1	1
1	63938041	64488538	6	5	1	1
1	64488539	64541633	21	19	2	1
1	64541634	65373415	3	2	1	2
1	65373416	65374757	7	6	1	1
1	65374758	65376741	7	6	1	2
1	65376742	65376791	7	6	1	2
1	65376792	65391731	7	6	1	2
1	65391732	65391777	7	6	1	2
1	65391778	65600725	7	6	1	1
1	65600726	65751753	4	2	2	1
1	65751754	65751912	2	1	1	1
1	65751913	121499999	2	1	1	3
1	121500000	128899999	2	1	1	2
1	128900000	164662478	2	1	1	3
1	164662479	164662625	2	1	1	2
1	164662626	247249600	2	1	1	3
1	247249601	249250620	2	1	1	2
2	42999	90499999	2	1	1	3
2	90500000	96799999	2	1	1	3
2	96800000	242988297	2	1	1	3
3	100074	70513198	2	1	1	3
3	70513199	70513331	2	1	1	2
3	70513332	71386570	2	1	1	3
3	71386571	71386817	2	1	1	2
3	71386818	72571702	2	1	1	3
3	72571703	72580585	2	1	1	2
3	72580586	74005686	2	1	1	3
3	74005687	74041163	46	45	1	1
3	74041164	74103240	83	82	1	1
3	74103241	74307518	71	70	1	1
3	74307519	74344112	71	70	1	1
3	74344113	74462995	64	63	1	1
3	74462996	77128312	2	1	1	3
3	77128313	77128742	2	1	1	2
3	77128743	77129807	2	1	1	2
3	77129808	77130372	2	1	1	2
3	77130373	77151813	2	1	1	2
3	77151814	77330042	47	46	1	1
3	77330043	77345028	37	36	1	1
3	77345029	77369945	48	48	0	1
3	77369946	77370168	23	22	1	1
3	77370169	77371800	23	22	1	1
3	77371801	77372343	23	22	1	1
3	77372344	77407467	35	33	2	1
3	77407468	79637026	2	1	1	3
3	79637027	79637964	48	47	1	1
3	79637965	79638330	48	47	1	1
3	79638331	79638682	48	47	1	1
3	79638683	79638788	48	47	1	1
3	79638789	79651411	48	47	1	1
3	79651412	79679508	79	78	1	1
3	79679509	79679760	48	47	1	1
3	79679761	80127853	48	47	1	1
3	80127854	87899999	2	1	1	3
3	87900000	93899999	2	1	1	2
3	93900000	197847500	2	1	1	2
4	44436	16935211	2	1	1	3
4	16935212	24523810	4	3	1	1
4	24523811	24523857	4	3	1	2
4	24523858	24542985	3	2	1	2
4	24542986	24543339	4	3	1	1
4	24543340	24792306	4	3	1	1
4	24792307	24792317	4	3	1	1
4	24792318	25848306	2	1	1	3
4	25848307	25852127	2	1	1	2
4	25852128	25931431	2	1	1	3
4	25931432	25933635	4	3	1	2
4	25933636	25933658	4	3	1	1
4	25933659	25934198	4	3	1	1
4	25934199	25934241	4	3	1	2
4	25934242	28893694	4	3	1	1
4	28893695	28939379	2	1	1	2
4	28939380	28943697	4	3	1	1
4	28943698	28943735	4	3	1	1
4	28943736	28952779	3	2	1	2
4	28952780	28954908	3	2	1	2
4	28954909	28964892	4	3	1	1
4	28964893	28965460	4	3	1	1
4	28965461	28967262	3	2	1	2
4	28967263	28989623	4	3	1	2
4	28989624	28996049	4	3	1	2
4	28996050	28996098	4	3	1	2
4	28996099	29621724	4	3	1	1
4	29621725	29621740	3	2	1	1
4	29621741	33261700	4	3	1	1
4	33261701	33325509	2	1	1	2
4	33325510	33331094	2	1	1	1
4	33331095	33331118	4	3	1	1
4	33331119	33334457	4	2	2	1
4	33334458	33520442	3	2	1	2
4	33520443	33561657	2	1	1	3
4	33561658	33561740	2	1	1	2
4	33561741	33561875	2	1	1	2
4	33561876	33569733	2	1	1	2
4	33569734	33699093	2	1	1	3
4	33699094	38379538	2	1	1	3
4	38379539	38379635	2	1	1	2
4	38379636	38379807	2	1	1	2
4	38379808	38379892	2	1	1	2
4	38379893	38587920	2	1	1	3
4	38587921	38595193	4	3	1	2
4	38595194	38595231	4	3	1	2
4	38595232	38990413	4	3	1	1
4	38990414	48199999	2	1	1	3
4	48200000	52699999	2	1	1	3
4	52700000	191154275	2	1	1	3
5	22500	2538276	2	1	1	3
5	2538277	2544869	2	1	1	1
5	2544870	7874850	2	1	1	3
5	7874851	7874990	2	1	1	2
5	7874991	10431345	2	1	1	3
5	10431346	13428753	2	1	1	3
5	13428754	13428974	2	1	1	2
5	13428975	22289313	2	1	1	3
5	22289314	22289433	2	1	1	2
5	22289434	22289612	2	1	1	2
5	22289613	22289624	2	1	1	2
5	22289625	22291796	2	1	1	2
5	22291797	23432805	2	1	1	3
5	23432806	23500112	13	12	1	1
5	23500113	23563923	87	86	1	1
5	23563924	23677468	87	86	1	1
5	23677469	23687580	87	86	1	1
5	23687581	23707787	87	86	1	1
5	23707788	46099999	2	1	1	3
5	46100000	50699999	2	1	1	3
5	50700000	180689978	2	1	1	3
6	39681	202330	2	1	1	2
6	202331	39736595	2	1	1	3
6	39736596	39767500	113	112	1	1
6	39767501	39788387	113	112	1	1
6	39788388	39847294	85	84	1	1
6	39847295	39861509	111	110	1	1
6	39861510	39861559	49	49	0	1
6	39861560	39920868	175	174	1	1
6	39920869	39920915	49	49	0	1
6	39920916	39922070	49	49	0	1
6	39922071	39922431	49	49	0	1
6	39922432	39924276	49	49	0	1
6	39924277	39926702	46	45	1	1
6	39926703	39937084	106	105	1	1
6	39937085	39961777	106	105	1	1
6	39961778	39987904	25	25	0	1
6	39987905	39999161	28	27	1	1
6	39999162	40006211	73	73	0	1
6	40006212	40012563	73	73	0	1
6	40012564	40018909	21	20	1	1
6	40018910	40043036	21	21	0	1
6	40043037	40081908	29	29	0	1
6	40081909	40088205	29	29	0	1
6	40088206	40130005	29	29	0	1
6	40130006	40147681	24	23	1	1
6	40147682	40151417	28	27	1	1
6	40151418	40151530	49	49	0	1
6	40151531	40200095	121	120	1	1
6	40200096	40205466	121	120	1	1
6	40205467	40206301	19	18	1	1
6	40206302	40207620	29	29	0	1
6	40207621	40276533	29	29	0	1
6	40276534	40277575	19	18	1	1
6	40277576	40304099	17	16	1	1
6	40304100	40329161	17	16	1	1
6	40329162	40331639	17	16	1	1
6	40331640	40368507	17	16	1	1
6	40368508	40369396	18	17	1	1
6	40369397	40646693	18	17	1	1
6	40646694	40702292	64	63	1	1
6	40702293	40741694	49	48	1	1
6	40741695	40745044	49	48	1	1
6	40745045	40755682	49	48	1	1
6	40755683	40779420	110	109	1	1
6	40779421	40791258	110	109	1	1
6	40791259	40800623	110	109	1	1
6	40800624	40814288	110	109	1	1
6	40814289	40816615	110	109	1	1
6	40816616	40820326	110	109	1	1
6	40820327	40821734	38	37	1	1
6	40821735	40821866	49	48	1	1
6	40821867	40822302	54	52	2	1
6	40822303	40823035	81	80	1	1
6	40823036	40823095	81	80	1	1
6	40823096	40827665	81	80	1	1
6	40827666	40836868	81	80	1	1
6	40836869	40840641	81	80	1	1
6	40840642	40918269	56	55	1	1
6	40918270	40931407	63	61	2	1
6	40931408	40934468	54	52	2	1
6	40934469	40935284	49	49	0	1
6	40935285	40943368	115	114	1	1
6	40943369	40968782	115	114	1	1
6	40968783	41007124	115	114	1	1
6	41007125	41023544	143	142	1	1
6	41023545	41033620	159	158	1	1
6	41033621	41033673	159	158	1	1
6	41033674	41047473	159	158	1	1
6	41047474	41047673	159	158	1	1
6	41047674	41099320	159	158	1	1
6	41099321	41099366	159	158	1	1
6	41099367	41107960	159	158	1	1
6	41107961	41132954	159	158	1	1
6	41132955	41136427	159	158	1	1
6	41136428	41148638	159	158	1	1
6	41148639	41150187	159	158	1	1
6	41150188	41154443	159	158	1	1
6	41154444	41160228	159	158	1	1
6	41160229	41162733	33	32	1	1
6	41162734	41169325	74	74	0	1
6	41169326	41169366	74	74	0	1
6	41169367	41200532	74	74	0	1
6	41200533	41225865	74	74	0	1
6	41225866	41246810	103	102	1	1
6	41246811	41251838	64	64	0	1
6	41251839	41272280	64	64	0	1
6	41272281	41289182	64	64	0	1
6	41289183	41292717	36	35	1	1
6	41292718	41322280	36	35	1	1
6	41322281	41330669	36	35	1	1
6	41330670	41330960	36	35	1	1
6	41330961	41341962	36	35	1	1
6	41341963	41374518	84	83	1	1
6	41374519	41381632	66	66	0	1
6	41381633	41381893	66	66	0	1
6	41381894	41395224	66	66	0	1
6	41395225	41396556	66	66	0	1
6	41396557	41437094	66	66	0	1
6	41437095	41437315	66	66	0	1
6	41437316	41445725	66	66	0	1
6	41445726	41453625	2	1	1	1
6	41453626	41457273	2	1	1	1
6	41457274	41702467	2	1	1	3
6	41702468	41764359	50	48	2	1
6	41764360	41765503	49	47	2	1
6	41765504	41786049	38	38	0	1
6	41786050	41793554	49	47	2	1
6	41793555	41803335	49	47	2	1
6	41803336	41836404	64	62	2	1
6	41836405	41837215	49	47	2	1
6	41837216	41837227	49	47	2	1
6	41837228	41849967	51	50	1	1
6	41849968	41851532	49	47	2	1
6	41851533	41854974	53	51	2	1
6	41854975	41869352	49	47	2	1
6	41869353	41876188	49	47	2	1
6	41876189	41897005	63	62	1	1
6	41897006	41897066	49	47	2	1
6	41897067	41897355	49	47	2	1
6	41897356	41897422	49	47	2	1
6	41897423	41897455	49	47	2	1
6	41897456	41897487	49	47	2	1
6	41897488	41897552	49	47	2	1
6	41897553	41897576	49	47	2	1
6	41897577	41897611	49	47	2	1
6	41897612	41897673	49	47	2	1
6	41897674	41897744	49	47	2	1
6	41897745	41897758	49	47	2	1
6	41897759	41897797	49	47	2	1
6	41897798	41897811	49	47	2	1
6	41897812	41897835	49	47	2	1
6	41897836	41897904	49	47	2	1
6	41897905	41898040	49	47	2	1
6	41898041	41898058	49	47	2	1
6	41898059	41898174	49	47	2	1
6	41898175	41898187	49	47	2	1
6	41898188	41898240	49	47	2	1
6	41898241	41898269	49	47	2	1
6	41898270	41898287	49	47	2	1
6	41898288	41898304	49	47	2	1
6	41898305	41898354	49	47	2	1
6	41898355	41902749	95	94	1	1
6	41902750	41902901	49	49	0	1
6	41902902	41902927	49	49	0	1
6	41902928	41902971	49	49	0	1
6	41902972	41903964	49	49	0	1
6	41903965	41904070	49	49	0	1
6	41904071	41906971	49	49	0	1
6	41906972	41968326	82	81	1	1
6	41968327	41976931	49	49	0	1
6	41976932	41988921	49	49	0	1
6	41988922	41989295	49	49	0	1
6	41989296	42010430	79	78	1	1
6	42010431	42022931	93	93	0	1
6	42022932	42044743	93	93	0	1
6	42044744	42049218	93	93	0	1
6	42049219	42055261	93	93	0	1
6	42055262	42059310	46	45	1	1
6	42059311	42059876	49	49	0	1
6	42059877	42066704	50	49	1	1
6	42066705	42079755	117	115	2	1
6	42079756	42092118	117	115	2	1
6	42092119	42100928	117	115	2	1
6	42100929	42100978	49	48	1	1
6	42100979	42106847	32	31	1	1
6	42106848	42114351	40	39	1	1
6	42114352	42131636	76	76	0	1
6	42131637	42161001	76	76	0	1
6	42161002	42171254	76	76	0	1
6	42171255	42172265	76	76	0	1
6	42172266	42197065	76	76	0	1
6	42197066	42207809	62	61	1	1
6	42207810	42215051	62	61	1	1
6	42215052	42216061	49	49	0	1
6	42216062	42219181	49	49	0	1
6	42219182	42220522	49	49	0	1
6	42220523	42275791	143	141	2	1
6	42275792	42285474	143	141	2	1
6	42285475	42324796	108	107	1	1
6	42324797	42325709	108	107	1	1
6	42325710	42409928	108	107	1	1
6	42409929	42462405	108	107	1	1
6	42462406	42462939	108	107	1	1
6	42462940	42514527	108	107	1	1
6	42514528	42536732	94	92	2	1
6	42536733	42536774	94	92	2	1
6	42536775	42536851	94	92	2	1
6	42536852	42536891	94	92	2	1
6	42536892	42537289	94	92	2	1
6	42537290	42560710	94	92	2	1
6	42560711	42577456	142	140	2	1
6	42577457	42578672	142	140	2	1
6	42578673	42602122	142	140	2	1
6	42602123	42622062	102	101	1	1
6	42622063	42632952	102	101	1	1
6	42632953	42690649	80	80	0	1
6	42690650	42690689	47	46	1	1
6	42690690	42719728	2	1	1	2
6	42719729	42719811	2	1	1	2
6	42719812	42719859	2	1	1	2
6	42719860	42720016	2	1	1	2
6	42720017	42720159	2	1	1	2
6	42720160	42963370	2	1	1	3
6	42963371	42990821	43	42	1	1
6	42990822	43003535	43	42	1	1
6	43003536	43045841	43	42	1	1
6	43045842	43131989	28	27	1	1
6	43131990	43133429	43	42	1	1
6	43133430	43134277	43	42	1	1
6	43134278	43151072	32	31	1	1
6	43151073	43223925	63	62	1	1
6	43223926	43287379	22	21	1	1
6	43287380	43295634	22	21	1	1
6	43295635	43299074	2	1	1	1
6	43299075	43305212	2	1	1	1
6	43305213	43336187	2	1	1	2
6	43336188	43364123	21	19	2	1
6	43364124	43364307	2	1	1	1
6	43364308	43381629	2	1	1	1
6	43381630	43396352	2	1	1	2
6	43396353	43403198	2	1	1	2
6	43403199	43403344	2	1	1	2
6	43403345	43550428	2	1	1	3
6	43550429	43550447	2	1	1	2
6	43550448	43550497	2	1	1	2
6	43550498	43550583	2	1	1	2
6	43550584	43570303	2	1	1	3
6	43570304	43793945	3	2	1	2
6	43793946	43824022	55	54	1	1
6	43824023	43874021	55	54	1	1
6	43874022	43901754	2	1	1	3
6	43901755	43901945	2	1	1	2
6	43901946	43939627	2	1	1	3
6	43939628	44040134	3	2	1	1
6	44040135	44053599	72	71	1	1
6	44053600	44101731	72	71	1	1
6	44101732	44102257	72	71	1	1
6	44102258	44123799	72	71	1	1
6	44123800	44124090	72	71	1	1
6	44124091	44124476	72	71	1	1
6	44124477	44124507	72	71	1	1
6	44124508	44127321	72	71	1	1
6	44127322	44131364	72	71	1	1
6	44131365	44144693	72	71	1	1
6	44144694	44158945	72	71	1	1
6	44158946	44188546	72	71	1	1
6	44188547	44190970	72	71	1	1
6	44190971	44191011	72	71	1	1
6	44191012	44191140	72	71	1	1
6	44191141	44191189	72	71	1	1
6	44191190	44192480	72	71	1	1
6	44192481	44192531	72	71	1	1
6	44192532	44192543	72	71	1	1
6	44192544	44192688	72	71	1	1
6	44192689	44192777	72	71	1	1
6	44192778	44192803	72	71	1	1
6	44192804	44192821	72	71	1	1
6	44192822	44192836	72	71	1	1
6	44192837	44202558	72	71	1	1
6	44202559	44226688	72	71	1	1
6	44226689	44269733	21	21	0	1
6	44269734	44279475	21	21	0	1
6	44279476	44279594	12	6	6	1
6	44279595	44291082	12	6	6	1
6	44291083	44300755	3	2	1	2
6	44300756	44300865	3	2	1	2
6	44300866	44300925	3	2	1	1
6	44300926	44301048	3	2	1	1
6	44301049	44301216	3	2	1	2
6	44301217	44364506	5	3	2	2
6	44364507	44364682	4	3	1	2
6	44364683	44475314	4	3	1	1
6	44475315	44487442	4	3	1	1
6	44487443	44558724	3	2	1	2
6	44558725	44559826	4	3	1	1
6	44559827	44559855	4	3	1	1
6	44559856	44559870	4	3	1	1
6	44559871	44677704	3	2	1	2
6	44677705	44677849	4	3	1	2
6	44677850	44677875	4	3	1	2
6	44677876	44678060	4	3	1	2
6	44678061	44812641	4	3	1	2
6	44812642	45629057	2	1	1	3
6	45629058	45629190	2	1	1	2
6	45629191	45986777	2	1	1	3
6	45986778	46001916	33	32	1	1
6	46001917	46801108	2	1	1	3
6	46801109	46849823	2	1	1	1
6	46849824	46851107	33	32	1	1
6	46851108	46863289	33	32	1	1
6	46863290	46875027	33	32	1	1
6	46875028	46955288	2	1	1	3
6	46955289	46963088	8	7	1	1
6	46963089	46972757	2	1	1	1
6	46972758	46977140	9	7	2	1
6	46977141	46981860	5	4	1	2
6	46981861	46985752	2	1	1	1
6	46985753	47256557	2	1	1	3
6	47256558	47344966	23	21	2	1
6	47344967	47363288	40	39	1	1
6	47363289	47458725	20	10	10	1
6	47458726	47503445	2	1	1	1
6	47503446	47521541	2	1	1	1
6	47521542	47547924	2	1	1	2
6	47547925	47548312	2	1	1	2
6	47548313	47564303	2	1	1	2
6	47564304	50427535	2	1	1	3
6	50427536	50468698	57	57	0	1
6	50468699	50489645	70	69	1	1
6	50489646	50502864	31	30	1	1
6	50502865	50526329	33	33	0	1
6	50526330	50528257	31	30	1	1
6	50528258	50533327	31	30	1	1
6	50533328	50593495	53	53	0	1
6	50593496	50594308	53	53	0	1
6	50594309	50594813	53	53	0	1
6	50594814	50685396	53	53	0	1
6	50685397	50721902	22	21	1	1
6	50721903	50722299	22	21	1	1
6	50722300	50727763	22	21	1	1
6	50727764	50732135	2	1	1	2
6	50732136	50732263	2	1	1	2
6	50732264	50732301	2	1	1	1
6	50732302	50732355	2	1	1	1
6	50732356	50732423	2	1	1	1
6	50732424	50732469	2	1	1	1
6	50732470	50811692	2	1	1	3
6	50811693	50839098	3	3	0	1
6	50839099	50962164	3	3	0	1
6	50962165	50968229	3	3	0	1
6	50968230	51020595	3	3	0	1
6	51020596	51020900	3	3	0	1
6	51020901	51022607	3	3	0	1
6	51022608	51023239	3	3	0	1
6	51023240	51105164	2	1	1	2
6	51105165	52354784	2	1	1	3
6	52354785	52359971	83	82	1	1
6	52359972	52373426	83	82	1	1
6	52373427	52455915	55	54	1	1
6	52455916	52467557	55	54	1	1
6	52467558	52576834	54	53	1	1
6	52576835	52577013	54	53	1	1
6	52577014	52737853	54	53	1	1
6	52737854	58699999	2	1	1	3
6	58700000	63299999	2	1	1	2
6	63300000	98493554	2	1	1	3
6	98493555	98537809	4	3	1	1
6	98537810	98700737	3	2	1	2
6	98700738	99626711	3	2	1	2
6	99626712	99626744	11	10	1	1
6	99626745	100039538	19	18	1	1
6	100039539	100367540	6	5	1	1
6	100367541	100465483	18	17	1	1
6	100465484	100471622	18	17	1	1
6	100471623	100471675	3	2	1	1
6	100471676	100474601	3	2	1	2
6	100474602	100608233	6	5	1	1
6	100608234	100664525	61	60	1	1
6	100664526	100672518	61	60	1	1
6	100672519	100672872	83	82	1	1
6	100672873	100673419	83	82	1	1
6	100673420	100698188	83	82	1	1
6	100698189	100698234	47	45	2	1
6	100698235	100698795	31	29	2	1
6	100698796	100698917	31	29	2	1
6	100698918	100700322	31	29	2	1
6	100700323	100700360	47	45	2	1
6	100700361	100700499	47	45	2	1
6	100700500	100700654	47	45	2	1
6	100700655	100700810	47	45	2	1
6	100700811	100700839	47	45	2	1
6	100700840	100700927	47	45	2	1
6	100700928	100700964	47	45	2	1
6	100700965	100701249	47	45	2	1
6	100701250	100702184	32	31	1	1
6	100702185	100703691	27	25	2	1
6	100703692	100703714	34	33	1	1
6	100703715	100703750	34	33	1	1
6	100703751	100703948	34	33	1	1
6	100703949	100703978	34	33	1	1
6	100703979	100704296	25	24	1	1
6	100704297	100704951	34	33	1	1
6	100704952	100705091	34	33	1	1
6	100705092	100705482	34	33	1	1
6	100705483	100705728	34	33	1	1
6	100705729	100705909	34	33	1	1
6	100705910	100706579	34	33	1	1
6	100706580	100706803	34	33	1	1
6	100706804	100707117	20	19	1	1
6	100707118	100707339	18	17	1	1
6	100707340	100720415	60	59	1	1
6	100720416	100720539	60	59	1	1
6	100720540	100795355	60	59	1	1
6	100795356	101139963	6	5	1	1
6	101139964	101140065	6	5	1	1
6	101140066	101435164	6	5	1	1
6	101435165	101435376	6	5	1	1
6	101435377	101444275	6	5	1	2
6	101444276	101444314	6	5	1	2
6	101444315	101464796	6	5	1	1
6	101464797	103096413	6	5	1	1
6	103096414	103096465	6	5	1	1
6	103096466	103100992	6	5	1	1
6	103100993	103645106	6	5	1	1
6	103645107	103645130	6	5	1	1
6	103645131	106604254	2	1	1	3
6	106604255	106627932	6	5	1	1
6	106627933	106636480	6	5	1	1
6	106636481	106636526	6	5	1	1
6	106636527	106930419	3	2	1	2
6	106930420	107064267	4	3	1	1
6	107064268	107064342	4	3	1	1
6	107064343	107065109	5	3	2	1
6	107065110	107065240	4	3	1	2
6	107065241	107065439	6	4	2	1
6	107065440	107065458	4	3	1	1
6	107065459	107066034	6	5	1	1
6	107066035	107085359	22	21	1	1
6	107085360	107087348	22	21	1	1
6	107087349	107087395	22	21	1	1
6	107087396	107091437	22	21	1	1
6	107091438	107091490	22	21	1	1
6	107091491	107094875	22	21	1	1
6	107094876	107094910	22	21	1	1
6	107094911	107103062	22	21	1	1
6	107103063	107119340	22	21	1	1
6	107119341	107124613	16	14	2	1
6	107124614	107263003	26	25	1	1
6	107263004	107263201	16	14	2	1
6	107263202	107264431	6	5	1	1
6	107264432	107265454	6	5	1	1
6	107265455	107269791	6	5	1	1
6	107269792	107270069	6	5	1	1
6	107270070	107270420	6	5	1	1
6	107270421	107270572	6	5	1	1
6	107270573	107270685	6	5	1	1
6	107270686	107270703	6	5	1	1
6	107270704	107270824	6	5	1	1
6	107270825	107270894	6	5	1	1
6	107270895	107271201	6	5	1	1
6	107271202	107271299	6	5	1	1
6	107271300	107271504	6	5	1	1
6	107271505	107271601	6	5	1	1
6	107271602	107272418	6	5	1	1
6	107272419	107273560	6	5	1	1
6	107273561	107312383	6	5	1	1
6	107312384	107312456	5	4	1	1
6	107312457	107829458	6	5	1	1
6	107829459	109178599	2	1	1	3
6	109178600	109202564	21	20	1	1
6	109202565	110320769	2	1	1	3
6	110320770	110333128	2	1	1	1
6	110333129	111626040	2	1	1	3
6	111626041	111626177	2	1	1	2
6	111626178	111626230	2	1	1	2
6	111626231	111626616	2	1	1	2
6	111626617	111627382	2	1	1	2
6	111627383	111627704	2	1	1	2
6	111627705	111628067	2	1	1	2
6	111628068	111628432	2	1	1	1
6	111628433	111628696	2	1	1	1
6	111628697	111628747	2	1	1	1
6	111628748	111628998	2	1	1	1
6	111628999	111635882	2	1	1	1
6	111635883	111636005	7	6	1	1
6	111636006	111636709	7	6	1	1
6	111636710	111637892	6	5	1	1
6	111637893	111638282	6	5	1	1
6	111638283	111638338	6	5	1	1
6	111638339	111689974	6	5	1	1
6	111689975	111698643	6	5	1	1
6	111698644	111742416	6	5	1	1
6	111742417	111911083	23	22	1	1
6	111911084	111927672	23	22	1	1
6	111927673	111929074	12	11	1	1
6	111929075	111929201	12	11	1	1
6	111929202	111929534	12	11	1	1
6	111929535	111929779	12	11	1	1
6	111929780	111930195	12	11	1	1
6	111930196	111930310	2	1	1	2
6	111930311	111931780	2	1	1	2
6	111931781	111931799	2	1	1	2
6	111931800	111931841	2	1	1	2
6	111931842	111932203	2	1	1	2
6	111932204	111932251	2	1	1	1
6	111932252	111932481	2	1	1	1
6	111932482	111932581	2	1	1	1
6	111932582	111932683	2	1	1	1
6	111932684	111932799	2	1	1	1
6	111932800	111933300	2	1	1	1
6	111933301	111933391	2	1	1	1
6	111933392	111933519	2	1	1	1
6	111933520	111935292	2	1	1	1
6	111935293	111935470	2	1	1	1
6	111935471	111935756	2	1	1	1
6	111935757	111935811	2	1	1	1
6	111935812	111935916	2	1	1	2
6	111935917	112974302	2	1	1	3
6	112974303	112974477	2	1	1	2
6	112974478	113732673	2	1	1	3
6	113732674	113739271	5	4	1	1
6	113739272	113739644	11	10	1	1
6	113739645	113741293	5	4	1	1
6	113741294	113762288	22	21	1	1
6	113762289	114088613	2	1	1	3
6	114088614	114089711	2	1	1	1
6	114089712	114456699	2	1	1	2
6	114456700	114457093	3	2	1	2
6	114457094	114461500	2	1	1	1
6	114461501	116213565	2	1	1	3
6	116213566	116213709	2	1	1	2
6	116213710	116213754	2	1	1	1
6	116213755	116213982	2	1	1	1
6	116213983	116214008	4	3	1	1
6	116214009	116214084	4	3	1	1
6	116214085	116219184	4	3	1	1
6	116219185	116219381	4	3	1	1
6	116219382	116219412	4	3	1	1
6	116219413	116219526	4	3	1	1
6	116219527	116219543	4	3	1	1
6	116219544	116494623	3	2	1	2
6	116494624	116501359	4	3	1	1
6	116501360	116501480	4	3	1	1
6	116501481	116501564	4	3	1	1
6	116501565	116501737	4	3	1	1
6	116501738	116501749	4	3	1	1
6	116501750	116501908	4	3	1	1
6	116501909	116502258	4	3	1	1
6	116502259	116502405	4	3	1	1
6	116502406	116502513	4	3	1	1
6	116502514	116502556	4	3	1	1
6	116502557	116503146	4	3	1	1
6	116503147	116503358	4	3	1	1
6	116503359	116503382	4	3	1	1
6	116503383	116503724	4	3	1	1
6	116503725	116503753	4	3	1	1
6	116503754	116503843	4	3	1	1
6	116503844	116508395	4	3	1	1
6	116508396	116540718	4	3	1	1
6	116540719	116540740	4	3	1	1
6	116540741	116541012	4	3	1	1
6	116541013	116541325	4	3	1	1
6	116541326	116541342	4	3	1	1
6	116541343	116541745	4	3	1	1
6	116541746	116547713	4	3	1	1
6	116547714	116549167	4	3	1	1
6	116549168	116549302	4	3	1	1
6	116549303	116549507	4	3	1	1
6	116549508	116550213	4	3	1	1
6	116550214	116550302	4	3	1	1
6	116550303	116550367	4	3	1	1
6	116550368	116550526	4	3	1	1
6	116550527	116550697	4	3	1	1
6	116550698	116550797	4	3	1	1
6	116550798	116551055	4	3	1	1
6	116551056	116551111	4	3	1	1
6	116551112	116551256	4	3	1	1
6	116551257	116551280	4	3	1	1
6	116551281	116551307	4	3	1	1
6	116551308	116551479	4	3	1	1
6	116551480	117145763	4	3	1	1
6	117145764	117146933	6	5	1	1
6	117146934	117146968	6	5	1	1
6	117146969	117235323	6	5	1	1
6	117235324	117235375	6	5	1	2
6	117235376	117249460	2	1	1	2
6	117249461	117280324	12	6	6	1
6	117280325	117295468	2	1	1	2
6	117295469	117295580	9	7	2	1
6	117295581	117296128	9	7	2	1
6	117296129	117297809	7	6	1	1
6	117297810	117298066	7	6	1	1
6	117298067	117298610	7	6	1	1
6	117298611	117310154	7	6	1	1
6	117310155	117499656	19	18	1	1
6	117499657	117500744	2	1	1	1
6	117500745	117501393	2	1	1	1
6	117501394	117501678	2	1	1	1
6	117501679	117502040	2	1	1	1
6	117502041	117502251	2	1	1	1
6	117502252	117576618	2	1	1	1
6	117576619	119324170	2	1	1	3
6	119324171	119324341	2	1	1	2
6	119324342	119324378	2	1	1	2
6	119324379	119324398	2	1	1	2
6	119324399	119324542	2	1	1	2
6	119324543	141358535	2	1	1	3
6	141358536	141369347	2	1	1	2
6	141369348	144117685	2	1	1	3
6	144117686	144137591	8	7	1	1
6	144137592	145115624	2	1	1	3
6	145115625	145363283	4	3	1	1
6	145363284	146095002	3	2	1	2
6	146095003	148639395	4	3	1	1
6	148639396	148989898	27	26	1	1
6	148989899	148998996	27	26	1	1
6	148998997	149293877	27	26	1	1
6	149293878	149294019	16	15	1	1
6	149294020	149294087	16	15	1	1
6	149294088	149295552	16	15	1	1
6	149295553	149295570	9	8	1	1
6	149295571	149295598	9	8	1	1
6	149295599	149295669	9	8	1	1
6	149295670	149296649	11	10	1	1
6	149296650	149296855	9	8	1	1
6	149296856	149299383	15	14	1	1
6	149299384	151701172	3	2	1	2
6	151701173	152792349	4	3	1	1
6	152792350	153004402	6	5	1	1
6	153004403	153057500	3	2	1	2
6	153057501	153148185	4	3	1	1
6	153148186	153198185	6	5	1	1
6	153198186	153265937	3	2	1	2
6	153265938	153266299	3	2	1	1
6	153266300	154728917	4	3	1	1
6	154728918	154728948	4	3	1	1
6	154728949	154729045	4	3	1	1
6	154729046	154729064	4	3	1	1
6	154729065	154729154	4	3	1	1
6	154729155	154729314	4	3	1	1
6	154729315	154732617	2	1	1	2
6	154732618	154733073	2	1	1	2
6	154733074	154733134	2	1	1	2
6	154733135	154733187	2	1	1	2
6	154733188	154733325	2	1	1	2
6	154733326	154733381	2	1	1	2
6	154733382	156789909	2	1	1	3
6	156789910	156790345	2	1	1	2
6	156790346	156790476	2	1	1	2
6	156790477	156791283	2	1	1	2
6	156791284	156791894	2	1	1	2
6	156791895	156791938	2	1	1	2
6	156791939	158858716	2	1	1	3
6	158858717	158859735	2	1	1	1
6	158859736	158859758	2	1	1	2
6	158859759	170899934	2	1	1	3
7	40386	57999999	2	1	1	3
7	58000000	61699999	2	1	1	2
7	61700000	63397352	2	1	1	2
7	63397353	72996189	2	1	1	2
7	72996190	158821400	2	1	1	3
8	10001	170011	20	19	1	1
8	170012	368141	20	19	1	1
8	368142	368468	20	19	1	1
8	368469	544031	20	19	1	1
8	544032	544979	12	11	1	1
8	544980	549714	2	1	1	1
8	549715	28457171	2	1	1	3
8	28457172	28466983	2	1	1	1
8	28466984	34160554	2	1	1	3
8	34160555	34160568	2	1	1	2
8	34160569	34161118	2	1	1	2
8	34161119	34161134	2	1	1	2
8	34161135	34161173	2	1	1	2
8	34161174	39826168	2	1	1	3
8	39826169	39826432	2	1	1	2
8	39826433	43099999	2	1	1	3
8	43100000	48099999	2	1	1	3
8	48100000	85930333	2	1	1	3
8	85930334	85930651	2	1	1	2
8	85930652	85930667	2	1	1	2
8	85930668	104536158	2	1	1	3
8	104536159	104536264	2	1	1	2
8	104536265	112393070	2	1	1	3
8	112393071	112393408	2	1	1	2
8	112393409	112393428	2	1	1	2
8	112393429	112396660	2	1	1	2
8	112396661	112402730	2	1	1	2
8	112402731	114970839	2	1	1	3
8	114970840	114971214	2	1	1	2
8	114971215	141292299	2	1	1	3
8	141292300	141368212	6	5	1	1
8	141368213	141420126	3	2	1	2
8	141420127	141420179	4	3	1	1
8	141420180	145884284	2	1	1	3
8	145884285	145905986	5	4	1	1
9	47500	200100	2	1	1	2
9	200101	43137135	2	1	1	3
9	43137136	47299999	2	1	1	1
9	47300000	50699999	NA	NA	NA	NA
9	50700000	68147499	2	2	0	1
9	68147500	68507565	2	1	1	2
9	68507566	74734360	2	1	1	3
9	74734361	77552093	6	5	1	1
9	77552094	78728970	3	2	1	2
9	78728971	79728433	6	5	1	1
9	79728434	85244734	3	2	1	2
9	85244735	91721415	2	1	1	3
9	91721416	95104055	6	5	1	1
9	95104056	96718367	4	3	1	2
9	96718368	99337149	4	3	1	2
9	99337150	99339936	11	10	1	1
9	99339937	99340426	11	10	1	1
9	99340427	99943001	18	17	1	1
9	99943002	101100486	3	2	1	2
9	101100487	101460401	4	3	1	2
9	101460402	102617400	3	2	1	2
9	102617401	105064997	3	2	1	2
9	105064998	109532156	4	3	1	2
9	109532157	112483936	4	3	1	2
9	112483937	112484288	4	3	1	2
9	112484289	115680098	4	3	1	2
9	115680099	115810548	6	5	1	1
9	115810549	115810946	6	5	1	1
9	115810947	115811572	6	5	1	1
9	115811573	115923927	3	2	1	2
9	115923928	116268650	3	2	1	2
9	116268651	116268966	4	3	1	2
9	116268967	116269190	4	3	1	2
9	116269191	116269525	4	3	1	2
9	116269526	116270130	4	3	1	2
9	116270131	116271663	4	3	1	2
9	116271664	116271915	4	3	1	2
9	116271916	116272090	4	3	1	2
9	116272091	116272835	4	3	1	2
9	116272836	116273216	4	3	1	2
9	116273217	116273566	4	3	1	2
9	116273567	116368218	4	3	1	1
9	116368219	116368408	4	3	1	2
9	116368409	116368463	4	3	1	2
9	116368464	116371375	4	3	1	2
9	116371376	116371528	4	3	1	2
9	116371529	116372012	4	3	1	2
9	116372013	116372153	4	3	1	2
9	116372154	116373158	4	3	1	2
9	116373159	116373190	4	3	1	2
9	116373191	116375787	4	3	1	2
9	116375788	116901280	3	2	1	2
9	116901281	116910326	4	3	1	2
9	116910327	117262100	4	3	1	1
9	117262101	118268098	4	3	1	2
9	118268099	118268408	1	1	0	1
9	118268409	118268537	1	1	0	1
9	118268538	118271414	3	2	1	1
9	118271415	118570107	3	2	1	2
9	118570108	118570634	4	3	1	2
9	118570635	118575041	4	3	1	2
9	118575042	118575392	4	3	1	2
9	118575393	118577429	4	3	1	2
9	118577430	118577904	4	3	1	2
9	118577905	120208698	3	2	1	2
9	120208699	120209033	4	3	1	1
9	120209034	120209216	4	3	1	1
9	120209217	120209943	4	3	1	1
9	120209944	120210096	7	6	1	1
9	120210097	121012344	6	5	1	1
9	121012345	121139977	4	3	1	2
9	121139978	121407146	6	5	1	1
9	121407147	123689397	3	2	1	2
9	123689398	123693141	6	5	1	1
9	123693142	123699118	6	5	1	1
9	123699119	123699164	6	5	1	2
9	123699165	124303476	6	5	1	1
9	124303477	135299772	18	17	1	1
9	135299773	135710010	18	17	1	1
9	135710011	135710046	18	17	1	1
9	135710047	135710696	18	17	1	1
9	135710697	135722269	18	17	1	1
9	135722270	136532782	18	17	1	1
9	136532783	136544896	18	17	1	1
9	136544897	136700938	18	18	0	1
9	136700939	136728946	18	18	0	1
9	136728947	136728977	18	17	1	1
9	136728978	137641247	18	17	1	1
9	137641248	137645562	18	17	1	1
9	137645563	137650608	18	17	1	1
9	137650609	137654908	18	17	1	1
9	137654909	137654949	18	17	1	1
9	137654950	138239460	18	17	1	1
9	138239461	138290042	18	17	1	1
9	138290043	138290053	18	17	1	1
9	138290054	138296579	18	17	1	1
9	138296580	138296631	18	17	1	1
9	138296632	138414130	18	17	1	1
9	138414131	138422787	18	17	1	1
9	138422788	138422826	18	17	1	1
9	138422827	138435524	18	17	1	1
9	138435525	138435559	18	17	1	1
9	138435560	139925936	18	17	1	1
9	139925937	139925958	7	6	1	1
9	139925959	139934574	7	6	1	1
9	139934575	139934621	7	6	1	1
9	139934622	140146920	19	18	1	1
9	140146921	140146958	19	18	1	1
9	140146959	140678952	19	18	1	1
9	140678953	140682701	12	11	1	1
9	140682702	140690320	7	6	1	1
9	140690321	140768564	7	6	1	1
9	140768565	140773051	9	8	1	1
9	140773052	140777476	9	8	1	1
9	140777477	140790455	9	8	1	1
10	126822	37999999	2	1	1	3
10	38000000	42299999	2	1	1	2
10	42300000	135389924	2	1	1	3
11	20721	202071	2	1	1	2
11	202072	51599999	2	1	1	3
11	51600000	55699999	2	1	1	3
11	55700000	122966708	2	1	1	3
11	122966709	122967627	2	1	1	1
11	122967628	134452200	2	1	1	3
12	110107	33299999	2	1	1	3
12	33300000	38199999	2	1	1	2
12	38200000	48431353	2	1	1	3
12	48431354	48435885	2	1	1	1
12	48435886	48438512	2	1	1	2
12	48438513	48467500	2	1	1	3
12	48467501	48497754	2	1	1	2
12	48497755	48515428	42	40	2	1
12	48515429	48553237	2	1	1	3
12	48553238	48555165	2	1	1	1
12	48555166	48562146	2	1	1	1
12	48562147	48571746	2	1	1	2
12	48571747	48574315	2	1	1	1
12	48574316	52688765	2	1	1	3
12	52688766	52784890	2	2	0	2
12	52784891	54910885	2	1	1	3
12	54910886	54912662	122	121	1	1
12	54912663	54912708	122	121	1	1
12	54912709	54918455	122	121	1	1
12	54918456	54918854	122	121	1	1
12	54918855	54959246	122	121	1	1
12	54959247	54977036	122	121	1	1
12	54977037	54977260	122	121	1	1
12	54977261	54977375	122	121	1	1
12	54977376	54977423	122	121	1	1
12	54977424	55062958	122	121	1	1
12	55062959	55080218	136	135	1	1
12	55080219	55092306	68	68	0	1
12	55092307	55147016	68	68	0	1
12	55147017	55214401	6	5	1	1
12	55214402	55214500	2	1	1	1
12	55214501	55214515	2	1	1	1
12	55214516	55214545	2	1	1	1
12	55214546	55216768	18	16	2	1
12	55216769	55216780	2	1	1	1
12	55216781	55222613	2	1	1	1
12	55222614	55223940	2	1	1	2
12	55223941	55466317	2	1	1	2
12	55466318	55466551	2	1	1	2
12	55466552	55467395	2	1	1	2
12	55467396	55604810	2	1	1	3
12	55604811	55615272	6	4	2	1
12	55615273	55627842	2	1	1	2
12	55627843	55628263	2	1	1	2
12	55628264	55628283	2	1	1	2
12	55628284	55629179	2	1	1	2
12	55629180	55629997	2	1	1	2
12	55629998	55744544	2	1	1	1
12	55744545	55839101	27	26	1	1
12	55839102	55864200	58	57	1	1
12	55864201	55883902	58	57	1	1
12	55883903	55908317	2	1	1	2
12	55908318	55909687	5	3	2	1
12	55909688	55909700	5	3	2	1
12	55909701	55925040	5	3	2	1
12	55925041	55937294	5	3	2	1
12	55937295	55945774	5	3	2	1
12	55945775	56415828	2	1	1	1
12	56415829	56422991	2	1	1	2
12	56422992	56423320	2	1	1	1
12	56423321	56438950	2	1	1	1
12	56438951	56684682	2	1	1	2
12	56684683	56684876	2	1	1	2
12	56684877	56761612	2	1	1	2
12	56761613	56765782	9	8	1	1
12	56765783	56767528	9	8	1	1
12	56767529	56768209	9	8	1	1
12	56768210	56769159	9	8	1	1
12	56769160	56778681	8	7	1	1
12	56778682	56785523	8	7	1	1
12	56785524	56820263	8	7	1	1
12	56820264	56825264	10	9	1	1
12	56825265	57762595	2	1	1	3
12	57762596	57767353	2	1	1	1
12	57767354	57789978	2	1	1	2
12	57789979	57807581	2	1	1	2
12	57807582	57839977	2	1	1	1
12	57839978	57864004	2	1	1	2
12	57864005	57878864	2	1	1	1
12	57878865	57931015	4	3	1	1
12	57931016	57955067	4	3	1	2
12	57955068	57955555	4	3	1	1
12	57955556	57955576	4	3	1	1
12	57955577	57955589	4	3	1	2
12	57955590	57994809	4	3	1	1
12	57994810	57995752	4	3	1	1
12	57995753	58009205	49	48	1	1
12	58009206	58009791	49	48	1	1
12	58009792	58023704	49	48	1	1
12	58023705	58035725	49	48	1	1
12	58035726	58056142	49	48	1	1
12	58056143	58087413	60	58	2	1
12	58087414	58108746	49	48	1	1
12	58108747	58178278	49	48	1	1
12	58178279	58178393	49	48	1	1
12	58178394	58208463	67	66	1	1
12	58208464	58216311	83	81	2	1
12	58216312	58217649	49	48	1	1
12	58217650	58225776	49	48	1	1
12	58225777	58366633	31	30	1	1
12	58366634	58367512	49	48	1	1
12	58367513	58370108	49	48	1	1
12	58370109	58390798	35	34	1	1
12	58390799	58405910	49	48	1	1
12	58405911	58416602	49	48	1	1
12	58416603	58521934	115	114	1	1
12	58521935	58521954	115	114	1	1
12	58521955	58522155	115	114	1	1
12	58522156	58522198	115	114	1	1
12	58522199	58522580	115	114	1	1
12	58522581	58522619	115	114	1	1
12	58522620	58529151	115	114	1	1
12	58529152	58529184	115	114	1	1
12	58529185	58545250	115	114	1	1
12	58545251	58545296	115	114	1	1
12	58545297	58552094	115	114	1	1
12	58552095	58552304	10	8	2	1
12	58552305	58553952	10	8	2	1
12	58553953	58555133	31	30	1	1
12	58555134	58669529	2	1	1	3
12	58669530	58669959	2	1	1	2
12	58669960	58685395	32	31	1	1
12	58685396	58709277	2	1	1	2
12	58709278	58746865	6	3	3	1
12	58746866	58753293	2	1	1	1
12	58753294	59501896	2	1	1	3
12	59501897	59518210	2	1	1	1
12	59518211	61638516	2	1	1	3
12	61638517	61639142	2	1	1	2
12	61639143	61640110	2	1	1	1
12	61640111	61640124	2	1	1	1
12	61640125	61642679	19	18	1	1
12	61642680	61687680	19	18	1	1
12	61687681	61688070	19	18	1	1
12	61688071	61762025	19	18	1	1
12	61762026	61764150	2	2	0	1
12	61764151	61766143	2	1	1	1
12	61766144	61841127	43	42	1	1
12	61841128	61849419	23	23	0	1
12	61849420	61849617	23	23	0	1
12	61849618	61849636	23	23	0	1
12	61849637	61849687	23	23	0	1
12	61849688	61958600	23	23	0	1
12	61958601	62001146	43	42	1	1
12	62001147	62003972	16	15	1	1
12	62003973	62014903	16	15	1	1
12	62014904	62070556	16	15	1	1
12	62070557	62083141	16	15	1	1
12	62083142	62084904	7	6	1	1
12	62084905	62086862	10	10	0	1
12	62086863	62090018	27	25	2	1
12	62090019	62104121	27	25	2	1
12	62104122	62109209	27	25	2	1
12	62109210	62134717	27	25	2	1
12	62134718	62134845	27	25	2	1
12	62134846	62150116	27	25	2	1
12	62150117	62155953	27	25	2	1
12	62155954	62169772	47	46	1	1
12	62169773	62187868	47	46	1	1
12	62187869	62192244	47	46	1	1
12	62192245	62196981	47	46	1	1
12	62196982	62197708	49	47	2	1
12	62197709	62197821	49	47	2	1
12	62197822	62197889	49	47	2	1
12	62197890	62198203	49	47	2	1
12	62198204	62223509	49	47	2	1
12	62223510	62245297	49	47	2	1
12	62245298	62268730	65	64	1	1
12	62268731	62268761	65	64	1	1
12	62268762	62292365	65	64	1	1
12	62292366	62292410	49	47	2	1
12	62292411	62306899	77	76	1	1
12	62306900	62306979	49	47	2	1
12	62306980	62306995	49	47	2	1
12	62306996	62307313	49	47	2	1
12	62307314	62307478	49	47	2	1
12	62307479	62307504	49	47	2	1
12	62307505	62307667	49	47	2	1
12	62307668	62307871	49	47	2	1
12	62307872	62308056	49	47	2	1
12	62308057	62308115	49	47	2	1
12	62308116	62308177	49	47	2	1
12	62308178	62308758	37	36	1	1
12	62308759	62309001	49	47	2	1
12	62309002	62309099	49	47	2	1
12	62309100	62309154	49	47	2	1
12	62309155	62320659	44	44	0	1
12	62320660	62320877	39	38	1	1
12	62320878	62320890	39	38	1	1
12	62320891	62320976	39	38	1	1
12	62320977	62321018	39	38	1	1
12	62321019	62329209	64	63	1	1
12	62329210	62406006	64	63	1	1
12	62406007	62409325	2	1	1	1
12	62409326	62422531	2	1	1	2
12	62422532	62429114	32	31	1	1
12	62429115	62429128	32	31	1	1
12	62429129	62429171	32	31	1	1
12	62429172	62429198	32	31	1	1
12	62429199	62429304	32	31	1	1
12	62429305	62429369	32	31	1	1
12	62429370	62429539	32	31	1	1
12	62429540	62429579	32	31	1	1
12	62429580	62429598	32	31	1	1
12	62429599	62515991	32	31	1	1
12	62515992	62525035	32	31	1	1
12	62525036	62560165	32	31	1	1
12	62560166	62576751	38	38	0	1
12	62576752	62813006	31	30	1	1
12	62813007	62813297	31	30	1	1
12	62813298	62870275	31	30	1	1
12	62870276	62884389	58	57	1	1
12	62884390	62905764	58	57	1	1
12	62905765	62908605	36	35	1	1
12	62908606	62909186	36	35	1	1
12	62909187	62973134	36	35	1	1
12	62973135	62973179	2	1	1	1
12	62973180	63235887	2	1	1	3
12	63235888	63239245	92	90	2	1
12	63239246	63257923	92	90	2	1
12	63257924	63260604	2	1	1	1
12	63260605	63262387	22	20	2	1
12	63262388	63303834	2	1	1	3
12	63303835	63304080	2	1	1	1
12	63304081	63613525	2	1	1	3
12	63613526	63614881	2	1	1	2
12	63614882	64197132	2	1	1	3
12	64197133	64208912	2	1	1	2
12	64208913	64214313	2	1	1	2
12	64214314	64226982	2	1	1	2
12	64226983	64529177	2	1	1	3
12	64529178	64537181	5	4	1	1
12	64537182	64537595	5	4	1	1
12	64537596	64542618	5	4	1	1
12	64542619	64543083	2	1	1	1
12	64543084	64656186	3	2	1	2
12	64656187	64671345	2	1	1	2
12	64671346	64687807	2	1	1	1
12	64687808	64704843	2	1	1	2
12	64704844	64718239	2	1	1	1
12	64718240	64718256	2	1	1	1
12	64718257	66109394	2	1	1	3
12	66109395	66132078	16	15	1	1
12	66132079	66234902	2	1	1	3
12	66234903	66236111	2	1	1	2
12	66236112	66236176	2	1	1	2
12	66236177	66236193	2	1	1	2
12	66236194	66236291	2	1	1	2
12	66236292	66236317	2	1	1	2
12	66236318	66236392	2	1	1	2
12	66236393	66236417	2	1	1	2
12	66236418	66236434	2	1	1	2
12	66236435	66236446	2	1	1	2
12	66236447	66236461	2	1	1	2
12	66236462	66236479	2	1	1	2
12	66236480	66236584	2	1	1	2
12	66236585	66236625	2	1	1	2
12	66236626	66236746	2	1	1	2
12	66236747	66236793	2	1	1	2
12	66236794	66236892	2	1	1	2
12	66236893	66237133	2	1	1	2
12	66237134	66237631	2	1	1	2
12	66237632	66237796	2	1	1	2
12	66237797	66237809	2	1	1	2
12	66237810	66237912	2	1	1	2
12	66237913	66238040	2	1	1	2
12	66238041	66238054	2	1	1	2
12	66238055	66238141	2	1	1	2
12	66238142	66242215	2	1	1	2
12	66242216	67070946	2	1	1	3
12	67070947	67083508	2	1	1	1
12	67083509	67397008	2	1	1	3
12	67397009	67408263	2	1	1	1
12	67408264	67450223	2	1	1	2
12	67450224	67476240	31	30	1	1
12	67476241	67479769	31	30	1	1
12	67479770	67486384	31	30	1	1
12	67486385	67604426	15	15	0	1
12	67604427	67873604	2	1	1	3
12	67873605	67874893	2	1	1	2
12	67874894	67926226	2	1	1	3
12	67926227	67926315	2	1	1	2
12	67926316	67926360	2	1	1	2
12	67926361	67926618	2	1	1	2
12	67926619	67933591	2	1	1	1
12	67933592	67933618	2	1	1	2
12	67933619	67976461	2	1	1	2
12	67976462	68133976	95	95	0	1
12	68133977	68145601	95	95	0	1
12	68145602	68185071	15	14	1	1
12	68185072	69034607	2	1	1	3
12	69034608	69048445	49	49	0	1
12	69048446	69064969	6	5	1	2
12	69064970	69065110	49	49	0	1
12	69065111	69065142	49	49	0	1
12	69065143	69068351	49	49	0	1
12	69068352	69068398	49	49	0	1
12	69068399	69082631	49	49	0	1
12	69082632	69091336	14	13	1	1
12	69091337	69096651	49	49	0	1
12	69096652	69099978	49	49	0	1
12	69099979	69100841	49	49	0	1
12	69100842	69151656	4	4	0	1
12	69151657	69159488	4	4	0	1
12	69159489	69160975	4	4	0	1
12	69160976	69171722	4	4	0	1
12	69171723	69176816	49	49	0	1
12	69176817	69184821	49	49	0	1
12	69184822	69223018	88	87	1	1
12	69223019	69223454	49	49	0	1
12	69223455	69241808	76	76	0	1
12	69241809	69300692	272	271	1	1
12	69300693	69332757	147	146	1	1
12	69332758	69333646	49	48	1	1
12	69333647	69333712	49	48	1	1
12	69333713	69333746	49	48	1	1
12	69333747	69333865	49	48	1	1
12	69333866	69339901	110	109	1	1
12	69339902	69343210	110	109	1	1
12	69343211	69442250	110	109	1	1
12	69442251	69456017	36	35	1	1
12	69456018	69476133	102	101	1	1
12	69476134	69487796	102	101	1	1
12	69487797	69524043	62	61	1	1
12	69524044	69532146	62	61	1	1
12	69532147	69563494	62	61	1	1
12	69563495	69699175	62	61	1	1
12	69699176	69699484	62	61	1	1
12	69699485	69714550	62	61	1	1
12	69714551	69727791	95	94	1	1
12	69727792	69729752	33	32	1	1
12	69729753	69731991	33	32	1	1
12	69731992	69739729	55	54	1	1
12	69739730	69928194	55	54	1	1
12	69928195	69929465	55	54	1	1
12	69929466	70003450	55	54	1	1
12	70003451	70030151	2	1	1	2
12	70030152	70085167	32	32	0	1
12	70085168	70277533	2	1	1	3
12	70277534	70280399	13	12	1	1
12	70280400	70280441	9	8	1	1
12	70280442	70281116	3	2	1	2
12	70281117	70281270	9	8	1	1
12	70281271	70281355	9	8	1	1
12	70281356	70282867	15	14	1	1
12	70282868	70318118	3	2	1	2
12	70318119	70321655	15	14	1	1
12	70321656	70330509	15	14	1	1
12	70330510	70330552	37	35	2	1
12	70330553	70388227	54	53	1	1
12	70388228	70447647	72	71	1	1
12	70447648	70461707	82	80	2	1
12	70461708	70497532	43	42	1	1
12	70497533	70497550	26	25	1	1
12	70497551	70497904	26	25	1	1
12	70497905	70498313	18	17	1	1
12	70498314	70504627	32	30	2	1
12	70504628	70518984	7	6	1	2
12	70518985	70557714	75	73	2	1
12	70557715	70558473	35	34	1	1
12	70558474	70558542	35	34	1	1
12	70558543	70558571	35	34	1	1
12	70558572	70558591	35	34	1	1
12	70558592	70585501	35	34	1	1
12	70585502	70591531	35	34	1	1
12	70591532	70594611	58	57	1	1
12	70594612	70629206	58	57	1	1
12	70629207	70669485	75	75	0	1
12	70669486	70701432	22	21	1	1
12	70701433	70838481	2	1	1	3
12	70838482	70840700	5	4	1	1
12	70840701	70842176	1	1	0	1
12	70842177	70863987	19	18	1	1
12	70863988	70987354	2	1	1	2
12	70987355	71001501	51	49	2	1
12	71001502	71114713	2	1	1	3
12	71114714	71115661	2	1	1	2
12	71115662	75058867	2	1	1	3
12	75058868	75061688	2	1	1	1
12	75061689	75069343	2	1	1	1
12	75069344	75187085	2	1	1	3
12	75187086	75188048	2	1	1	2
12	75188049	75188087	2	1	1	2
12	75188088	75973299	2	1	1	3
12	75973300	75973475	2	1	1	2
12	75973476	76037085	2	1	1	2
12	76037086	76037470	32	31	1	1
12	76037471	76037498	32	31	1	1
12	76037499	76039831	32	31	1	1
12	76039832	76040298	32	31	1	1
12	76040299	76041418	4	2	2	1
12	76041419	76075715	57	56	1	1
12	76075716	76099260	3	2	1	2
12	76099261	76134376	15	14	1	1
12	76134377	76154153	23	22	1	1
12	76154154	76177501	31	30	1	1
12	76177502	76177607	31	30	1	1
12	76177608	76191927	31	30	1	1
12	76191928	76291656	209	208	1	1
12	76291657	76293412	170	169	1	1
12	76293413	76353015	170	169	1	1
12	76353016	76385595	170	169	1	1
12	76385596	76386007	49	49	0	1
12	76386008	76388324	31	30	1	1
12	76388325	76390056	36	34	2	1
12	76390057	76394288	15	14	1	1
12	76394289	76435504	15	14	1	1
12	76435505	76443792	15	14	1	1
12	76443793	76521271	15	14	1	1
12	76521272	76532287	15	14	1	1
12	76532288	76534111	15	14	1	1
12	76534112	76534124	15	14	1	1
12	76534125	76534350	15	14	1	1
12	76534351	76544112	15	14	1	1
12	76544113	76548060	9	8	1	1
12	76548061	76548092	9	8	1	1
12	76548093	76559132	35	34	1	1
12	76559133	76574251	8	7	1	1
12	76574252	76574745	8	7	1	1
12	76574746	76574764	8	7	1	1
12	76574765	76595128	8	7	1	1
12	76595129	76597396	8	7	1	1
12	76597397	76622243	8	7	1	1
12	76622244	76623201	8	7	1	1
12	76623202	76638921	8	7	1	1
12	76638922	76657846	8	7	1	1
12	76657847	76661123	8	7	1	1
12	76661124	76661658	8	7	1	1
12	76661659	76670054	8	7	1	1
12	76670055	76670171	16	14	2	1
12	76670172	76673831	23	22	1	1
12	76673832	76694568	23	22	1	1
12	76694569	76697397	23	22	1	1
12	76697398	76697801	23	22	1	1
12	76697802	76697914	23	22	1	1
12	76697915	76697935	23	22	1	1
12	76697936	76700926	23	22	1	1
12	76700927	76701628	23	22	1	1
12	76701629	76701648	23	22	1	1
12	76701649	76701666	23	22	1	1
12	76701667	76701679	23	22	1	1
12	76701680	76701703	23	22	1	1
12	76701704	76701739	23	22	1	1
12	76701740	76701753	23	22	1	1
12	76701754	76701770	23	22	1	1
12	76701771	76701782	23	22	1	1
12	76701783	76701889	23	22	1	1
12	76701890	76701922	23	22	1	1
12	76701923	76701951	23	22	1	1
12	76701952	76701970	23	22	1	1
12	76701971	76708709	23	22	1	1
12	76708710	76708738	23	22	1	1
12	76708739	76709161	23	22	1	1
12	76709162	76714247	23	22	1	1
12	76714248	76735593	23	22	1	1
12	76735594	76753727	44	34	10	1
12	76753728	76754781	44	34	10	1
12	76754782	76806686	5	4	1	1
12	76806687	76809537	44	34	10	1
12	76809538	76829211	4	2	2	1
12	76829212	76835008	17	15	2	1
12	76835009	76865863	49	48	1	1
12	76865864	76886897	71	68	3	1
12	76886898	76900126	49	48	1	1
12	76900127	76901084	49	48	1	1
12	76901085	76901125	49	48	1	1
12	76901126	76901416	49	48	1	1
12	76901417	76901715	49	48	1	1
12	76901716	76901768	49	48	1	1
12	76901769	76902072	49	48	1	1
12	76902073	76920467	79	79	0	1
12	76920468	76923864	79	79	0	1
12	76923865	76928565	79	79	0	1
12	76928566	76940606	79	79	0	1
12	76940607	76942622	79	79	0	1
12	76942623	76943783	79	79	0	1
12	76943784	76944047	79	79	0	1
12	76944048	76944172	79	79	0	1
12	76944173	76944240	79	79	0	1
12	76944241	76944405	79	79	0	1
12	76944406	76944461	79	79	0	1
12	76944462	76944575	79	79	0	1
12	76944576	76944634	79	79	0	1
12	76944635	76944673	79	79	0	1
12	76944674	76944833	79	79	0	1
12	76944834	76944964	79	79	0	1
12	76944965	76945017	79	79	0	1
12	76945018	76946087	79	79	0	1
12	76946088	76950995	79	79	0	1
12	76950996	76996554	91	90	1	1
12	76996555	77028185	152	150	2	1
12	77028186	77028202	93	92	1	1
12	77028203	77138553	93	92	1	1
12	77138554	77167817	2	1	1	1
12	77167818	77188562	2	1	1	1
12	77188563	77198723	2	1	1	1
12	77198724	77250134	51	49	2	1
12	77250135	77250168	2	1	1	1
12	77250169	77257026	2	1	1	1
12	77257027	77261987	2	1	1	1
12	77261988	77280371	43	42	1	1
12	77280372	77282806	2	1	1	1
12	77282807	77284402	40	39	1	1
12	77284403	77302107	38	37	1	1
12	77302108	132349400	2	1	1	3
12	132349401	133851894	2	1	1	2
13	1	16299999	2	1	1	1
13	16300000	19499999	2	1	1	3
13	19500000	114142800	2	1	1	3
13	114142801	115169877	2	1	1	2
14	1	16099999	2	1	1	1
14	16100000	19099999	NA	NA	NA	NA
14	19100000	20428591	2	2	0	2
14	20428592	106368400	1	1	0	1
15	1	15799999	2	1	1	1
15	15800000	20699999	2	1	1	2
15	20700000	100338800	2	1	1	3
15	100338801	102401912	2	1	1	2
16	100010	34599999	2	1	1	3
16	34600000	38599999	2	1	1	3
16	38600000	72490400	2	1	1	3
16	72490401	72490505	2	1	1	2
16	72490506	72747412	2	1	1	3
16	72747413	72747786	2	1	1	2
16	72747787	76867035	2	1	1	3
16	76867036	76867071	2	1	1	2
16	76867072	76868010	2	1	1	2
16	76868011	88827200	2	1	1	3
16	88827201	90354752	2	1	1	2
17	1880	22199999	2	1	1	3
17	22200000	25799999	2	1	1	3
17	25800000	78774600	2	1	1	3
17	78774601	81195209	2	1	1	2
18	27500	15399999	2	1	1	3
18	15400000	18999999	2	1	1	3
18	19000000	76117000	2	1	1	3
18	76117001	77962410	2	1	1	2
19	245844	24399999	2	1	1	3
19	24400000	28599999	2	1	1	3
19	28600000	34643265	2	1	1	3
19	34643266	34643366	2	1	1	2
19	34643367	52747634	2	1	1	3
19	52747635	52747896	2	1	1	2
19	52747897	59128982	2	1	1	3
20	78432	25599999	2	1	1	3
20	25600000	29399999	2	1	1	3
20	29400000	62432500	2	1	1	3
21	1	9417499	NA	NA	NA	NA
21	9417500	10899999	NA	NA	NA	NA
21	10900000	14299999	2	1	1	1
21	14300000	47619266	2	1	1	2
21	47619267	47619514	3	2	1	1
21	47619515	47619614	2	1	1	1
21	47619615	47620074	7	6	1	1
21	47620075	47620088	2	1	1	1
22	1	12199999	2	1	1	1
22	12200000	17899999	2	1	1	3
22	17900000	49687500	2	1	1	3
22	49687501	51304565	2	1	1	2
X	1	58099999	1	1	0	3
X	58100000	62999999	1	1	0	3
X	63000000	155270559	1	1	0	3
Y	1	11599999	NA	NA	NA	NA
Y	11600000	13399999	NA	NA	NA	NA
Y	13400000	59373565	NA	NA	NA	NA
