chromosome	start	end	total_cn	major_cn	minor_cn	star
1	1	840008	4	4	0	2
1	840009	5187499	4	4	0	2
1	5187500	12984252	4	4	0	2
1	12984253	14329601	4	4	0	2
1	14329602	14583002	5	5	0	2
1	14583003	17097499	4	4	0	2
1	17097500	17280904	4	4	0	2
1	17280905	49341367	4	4	0	2
1	49341368	49341436	4	4	0	2
1	49341437	72761401	4	4	0	2
1	72761402	72813209	4	4	0	2
1	72813210	84514017	4	4	0	2
1	84514018	84514657	4	4	0	2
1	84514658	84514703	4	4	0	2
1	84514704	84514769	4	4	0	2
1	84514770	84515240	4	4	0	2
1	84515241	84516086	4	4	0	2
1	84516087	84516363	4	4	0	2
1	84516364	84517419	4	4	0	2
1	84517420	84517575	4	4	0	2
1	84517576	84517939	4	4	0	2
1	84517940	84517954	4	4	0	2
1	84517955	98958708	4	4	0	2
1	98958709	101511737	4	4	0	2
1	101511738	121362499	2	2	0	3
1	121362500	128899999	2	2	0	2
1	128900000	142730938	2	2	0	1
1	142730939	144562889	2	2	0	1
1	144562890	163628638	3	2	1	2
1	163628639	163628658	3	2	1	2
1	163628659	174937855	3	2	1	2
1	174937856	175831712	4	3	1	2
1	175831713	197311375	3	2	1	2
1	197311376	197311426	3	2	1	2
1	197311427	245922500	3	2	1	2
1	245922501	245934456	3	2	1	2
1	245934457	247249600	3	2	1	2
1	247249601	249250620	3	2	1	3
2	20016	33063642	3	2	1	3
2	33063643	33065426	3	2	1	2
2	33065427	52915536	3	2	1	3
2	52915537	52916760	3	2	1	3
2	52916761	76162063	3	2	1	3
2	76162064	90499999	3	2	1	3
2	90500000	96799999	NA	NA	NA	NA
2	96800000	96951689	2	1	1	3
2	96951690	96954973	37	33	4	1
2	96954974	96971731	37	33	4	1
2	96971732	96972397	37	33	4	1
2	96972398	96987744	37	33	4	1
2	96987745	97033033	37	33	4	1
2	97033034	97034707	37	33	4	1
2	97034708	97039026	37	33	4	1
2	97039027	97039624	37	33	4	1
2	97039625	97051680	37	33	4	1
2	97051681	97082018	37	33	4	1
2	97082019	97146903	37	33	4	1
2	97146904	97334160	37	33	4	1
2	97334161	97334337	37	33	4	1
2	97334338	97334348	45	44	1	1
2	97334349	97334393	45	44	1	1
2	97334394	97335990	45	44	1	1
2	97335991	97336084	45	44	1	1
2	97336085	97336135	45	44	1	1
2	97336136	97338336	45	44	1	1
2	97338337	97338484	45	44	1	1
2	97338485	97505085	45	44	1	1
2	97505086	97516120	45	44	1	1
2	97516121	97517734	45	44	1	1
2	97517735	97868800	45	44	1	1
2	97868801	98175907	19	18	1	1
2	98175908	98178865	19	18	1	1
2	98178866	98266183	19	18	1	1
2	98266184	98266231	19	18	1	1
2	98266232	98269400	19	18	1	1
2	98269401	98285359	19	18	1	1
2	98285360	98286295	19	18	1	1
2	98286296	98286344	19	18	1	1
2	98286345	98737206	18	17	1	2
2	98737207	98925816	18	17	1	2
2	98925817	98933729	7	6	1	1
2	98933730	98954733	7	6	1	1
2	98954734	98955952	7	6	1	1
2	98955953	99093900	7	6	1	2
2	99093901	99095064	7	6	1	1
2	99095065	99472697	5	4	1	3
2	99472698	99475813	5	4	1	2
2	99475814	99475903	1	1	0	2
2	99475904	99475923	1	1	0	2
2	99475924	100484267	1	1	0	3
2	100484268	100484434	1	1	0	3
2	100484435	100498118	2	1	1	1
2	100498119	104386899	2	1	1	3
2	104386900	116905443	3	2	1	2
2	116905444	126803693	2	1	1	3
2	126803694	126803795	2	1	1	3
2	126803796	126803847	2	1	1	2
2	126803848	133848059	2	1	1	3
2	133848060	133913085	2	1	1	2
2	133913086	134288718	2	1	1	3
2	134288719	134290254	2	1	1	3
2	134290255	142337591	2	1	1	3
2	142337592	142344553	2	1	1	1
2	142344554	154285766	2	1	1	3
2	154285767	154447161	1	1	0	3
2	154447162	154792895	2	1	1	3
2	154792896	154794227	2	1	1	2
2	154794228	154896747	2	1	1	3
2	154896748	154915125	2	1	1	1
2	154915126	154965348	2	1	1	3
2	154965349	154996034	1	1	0	2
2	154996035	187218743	2	1	1	3
2	187218744	187235165	1	1	0	2
2	187235166	187416136	2	1	1	2
2	187416137	187416171	2	1	1	2
2	187416172	187417531	0	0	0	1
2	187417532	187422792	1	1	0	2
2	187422793	187484207	0	0	0	2
2	187484208	187534984	1	1	0	2
2	187534985	187538652	1	1	0	2
2	187538653	187540503	2	1	1	1
2	187540504	206390648	2	1	1	2
2	206390649	206423373	3	2	1	2
2	206423374	206435356	2	1	1	2
2	206435357	206529255	3	2	1	2
2	206529256	242999968	2	1	1	2
3	100074	45071674	2	2	0	3
3	45071675	45077630	2	2	0	1
3	45077631	60453953	2	2	0	3
3	60453954	60494075	1	1	0	2
3	60494076	60509620	0	0	0	2
3	60509621	60553776	1	1	0	2
3	60553777	60639833	0	0	0	3
3	60639834	60643781	2	2	0	1
3	60643782	60962973	2	2	0	3
3	60962974	61016038	3	3	0	2
3	61016039	75568401	2	2	0	3
3	75568402	87899999	2	2	0	3
3	87900000	93899999	2	2	0	3
3	93900000	97455344	2	2	0	3
3	97455345	97456329	2	2	0	2
3	97456330	102535180	4	2	2	3
3	102535181	102535226	4	2	2	3
3	102535227	161798389	4	2	2	3
3	161798390	174708066	4	2	2	3
3	174708067	174751274	4	2	2	1
3	174751275	174776589	4	2	2	2
3	174776590	174784276	4	2	2	2
3	174784277	174886895	4	2	2	3
3	174886896	174983410	3	2	1	3
3	174983411	189032664	4	2	2	3
3	189032665	189048900	6	4	2	1
3	189048901	189165525	6	4	2	2
3	189165526	189298429	5	3	2	3
3	189298430	197847500	4	2	2	3
4	27500	60645	2	2	0	1
4	60646	18745014	4	2	2	3
4	18745015	18745045	4	2	2	3
4	18745046	34833441	4	2	2	3
4	34833442	34906006	2	2	0	2
4	34906007	35443372	4	2	2	3
4	35443373	35443423	4	2	2	3
4	35443424	35794971	4	2	2	3
4	35794972	35795065	4	2	2	3
4	35795066	42001046	4	2	2	3
4	42001047	42002701	4	2	2	3
4	42002702	45696569	4	2	2	3
4	45696570	45696620	4	2	2	3
4	45696621	48199999	4	2	2	3
4	48200000	52699999	NA	NA	NA	NA
4	52700000	67093485	3	2	1	3
4	67093486	87479963	3	2	1	3
4	87479964	87516412	3	2	1	2
4	87516413	87551058	1	1	0	2
4	87551059	87568798	3	2	1	2
4	87568799	99256356	3	2	1	3
4	99256357	99362674	3	2	1	3
4	99362675	135033037	3	2	1	3
4	135033038	135033094	3	2	1	3
4	135033095	142682348	3	2	1	3
4	142682349	142682365	3	2	1	2
4	142682366	147722796	3	2	1	2
4	147722797	174764043	2	1	1	3
4	174764044	174771219	2	1	1	3
4	174771220	176930807	2	1	1	3
4	176930808	176930861	2	1	1	3
4	176930862	187952429	2	1	1	3
4	187952430	190987500	3	2	1	2
5	14782	164067	5	3	2	1
5	164068	3980290	6	4	2	3
5	3980291	13886259	4	2	2	3
5	13886260	29002506	3	2	1	2
5	29002507	46099999	4	2	2	3
5	46100000	50699999	NA	NA	NA	NA
5	50700000	51426356	2	2	0	3
5	51426357	51428264	2	2	0	2
5	51428265	134927968	2	2	0	2
5	134927969	134932419	2	2	0	2
5	134932420	140220780	2	2	0	2
5	140220781	180685900	2	2	0	2
6	39681	205799	3	2	1	1
6	205800	2417856	3	2	1	3
6	2417857	10843033	3	2	1	3
6	10843034	10843690	3	2	1	2
6	10843691	10845021	3	2	1	2
6	10845022	41009611	3	2	1	3
6	41009612	41063328	4	3	1	2
6	41063329	52949966	3	2	1	3
6	52949967	53632078	4	2	2	3
6	53632079	53632897	4	2	2	2
6	53632898	56477733	3	2	1	3
6	56477734	56768568	2	1	1	3
6	56768569	57330007	3	2	1	2
6	57330008	58102500	4	2	2	2
6	58102501	63299999	4	2	2	2
6	63300000	65229550	4	2	2	3
6	65229551	65232336	4	2	2	3
6	65232337	81268023	4	2	2	3
6	81268024	81271749	4	2	2	1
6	81271750	92616187	4	2	2	3
6	92616188	92616235	4	2	2	3
6	92616236	102771772	4	2	2	3
6	102771773	120877979	4	2	2	3
6	120877980	124765475	4	2	2	3
6	124765476	124952521	4	2	2	2
6	124952522	133390097	4	2	2	3
6	133390098	133390149	4	2	2	3
6	133390150	134308396	4	2	2	3
6	134308397	142112250	4	2	2	2
6	142112251	142112315	4	2	2	2
6	142112316	162988577	4	2	2	3
6	162988578	168424247	4	2	2	3
6	168424248	168424464	4	2	2	2
6	168424465	168599018	5	3	2	2
6	168599019	170899800	4	2	2	3
7	40386	57999999	3	2	1	3
7	58000000	61699999	3	2	1	2
7	61700000	110029583	3	2	1	3
7	110029584	110242045	3	2	1	3
7	110242046	110438718	3	2	1	3
7	110438719	110480662	3	2	1	3
7	110480663	110491178	3	2	1	2
7	110491179	110543148	3	2	1	2
7	110543149	120477122	3	2	1	3
7	120477123	120826275	3	2	1	3
7	120826276	120835754	3	2	1	2
7	120835755	145497890	3	2	1	3
7	145497891	145984067	1	1	0	3
7	145984068	158821400	3	2	1	3
8	10001	181661	2	2	0	2
8	181662	3355538	2	2	0	2
8	3355539	3666437	1	1	0	2
8	3666438	4670760	2	2	0	2
8	4670761	4720319	1	1	0	3
8	4720320	36123081	2	2	0	2
8	36123082	36123096	2	2	0	2
8	36123097	39230024	2	2	0	2
8	39230025	43099999	2	2	0	2
8	43100000	48099999	NA	NA	NA	NA
8	48100000	48370073	5	3	2	1
8	48370074	50379675	5	3	2	3
8	50379676	50381556	5	3	2	2
8	50381557	78469365	3	2	1	3
8	78469366	100629431	3	2	1	2
8	100629432	100816841	2	1	1	2
8	100816842	108143394	3	2	1	2
8	108143395	108143804	3	2	1	2
8	108143805	130879194	3	2	1	2
8	130879195	130903755	2	1	1	2
8	130903756	146364021	3	2	1	2
9	58998	203936	2	2	0	2
9	203937	5491885	2	2	0	2
9	5491886	9442962	2	2	0	2
9	9442963	9712818	1	1	0	2
9	9712819	9794832	2	2	0	3
9	9794833	9834614	2	2	0	3
9	9834615	9871222	2	2	0	2
9	9871223	9913011	1	1	0	2
9	9913012	23381798	2	2	0	2
9	23381799	43442209	2	2	0	2
9	43442210	44064014	2	2	0	2
9	44064015	44247801	2	2	0	2
9	44247802	44807011	2	2	0	2
9	44807012	45710435	2	2	0	2
9	45710436	47299999	2	2	0	2
9	47300000	50699999	2	2	0	2
9	50700000	69937201	2	2	0	2
9	69937202	79157809	1	1	0	3
9	79157810	97798553	2	2	0	2
9	97798554	97828180	3	3	0	2
9	97828181	115556323	2	2	0	2
9	115556324	115556551	2	2	0	2
9	115556552	115556928	2	2	0	2
9	115556929	115557326	2	2	0	2
9	115557327	115559740	2	2	0	2
9	115559741	115559765	2	2	0	2
9	115559766	115559826	2	2	0	2
9	115559827	115559848	2	2	0	2
9	115559849	115559903	2	2	0	2
9	115559904	115559924	2	2	0	2
9	115559925	115559963	2	2	0	2
9	115559964	115560002	2	2	0	2
9	115560003	115560015	2	2	0	2
9	115560016	115560040	2	2	0	2
9	115560041	115560054	2	2	0	2
9	115560055	115560105	2	2	0	2
9	115560106	115560169	2	2	0	2
9	115560170	115560223	2	2	0	2
9	115560224	115560241	2	2	0	2
9	115560242	115560303	2	2	0	2
9	115560304	115560399	2	2	0	2
9	115560400	140273200	2	2	0	2
9	140273201	141058424	2	2	0	3
10	130013	20486923	3	3	0	3
10	20486924	30329172	2	2	0	2
10	30329173	30606906	3	3	0	2
10	30606907	30621687	3	3	0	2
10	30621688	30635802	4	4	0	3
10	30635803	36549620	2	2	0	2
10	36549621	36549894	2	2	0	2
10	36549895	36550473	4	4	0	1
10	36550474	36860548	4	4	0	3
10	36860549	36871899	4	4	0	3
10	36871900	37805038	4	4	0	2
10	37805039	37999999	5	4	1	1
10	38000000	42355001	NA	NA	NA	NA
10	42355002	56502104	1	1	0	3
10	56502105	56503817	1	1	0	2
10	56503818	58511794	6	6	0	2
10	58511795	60120221	5	5	0	2
10	60120222	60264780	6	6	0	2
10	60264781	60281690	12	12	0	1
10	60281691	64273668	2	2	0	2
10	64273669	64274560	16	16	0	1
10	64274561	64794591	3	3	0	2
10	64794592	64795933	15	15	0	2
10	64795934	64800625	18	18	0	1
10	64800626	66238733	2	2	0	2
10	66238734	66240211	18	18	0	1
10	66240212	66241140	18	18	0	1
10	66241141	66241311	1	1	0	2
10	66241312	68171229	1	1	0	3
10	68171230	68179572	2	1	1	3
10	68179573	68179675	2	1	1	3
10	68179676	84320069	2	1	1	3
10	84320070	111115625	2	1	1	3
10	111115626	111115677	2	1	1	3
10	111115678	111450410	2	1	1	3
10	111450411	111450512	2	1	1	2
10	111450513	135389924	3	2	1	3
11	20721	202071	3	2	1	2
11	202072	24612129	3	2	1	3
11	24612130	25306877	1	1	0	3
11	25306878	51125705	3	2	1	3
11	51125706	55699999	NA	NA	NA	NA
11	55700000	56269977	4	2	2	3
11	56269978	56470201	3	2	1	2
11	56470202	56681807	5	3	2	2
11	56681808	62609101	4	2	2	3
11	62609102	62609234	4	2	2	2
11	62609235	63320498	8	6	2	2
11	63320499	63763502	7	5	2	2
11	63763503	64132370	6	4	2	2
11	64132371	64440810	7	5	2	2
11	64440811	64441057	7	5	2	2
11	64441058	64465198	7	5	2	2
11	64465199	64467807	7	5	2	1
11	64467808	64508924	10	8	2	1
11	64508925	64523820	11	8	3	1
11	64523821	64871843	11	8	3	2
11	64871844	66314994	8	5	3	2
11	66314995	66315044	8	5	3	2
11	66315045	66517654	7	4	3	2
11	66517655	67253859	6	3	3	2
11	67253860	67373737	5	3	2	2
11	67373738	69070080	6	3	3	2
11	69070081	69220997	8	5	3	2
11	69220998	69900841	6	3	3	2
11	69900842	69902964	9	6	3	2
11	69902965	70045628	10	5	5	2
11	70045629	70049941	42	36	6	1
11	70049942	70051240	42	36	6	1
11	70051241	70054490	42	36	6	1
11	70054491	70061402	42	36	6	1
11	70061403	70217977	42	36	6	1
11	70217978	70230399	43	37	6	1
11	70230400	70230411	43	37	6	1
11	70230412	70278865	43	37	6	1
11	70278866	70286443	43	37	6	1
11	70286444	70345907	43	37	6	1
11	70345908	70386810	43	37	6	1
11	70386811	70387652	43	37	6	1
11	70387653	70402271	46	40	6	1
11	70402272	70413881	46	40	6	1
11	70413882	70463880	38	33	5	2
11	70463881	70480628	46	40	6	1
11	70480629	70480845	46	40	6	1
11	70480846	70539058	46	40	6	1
11	70539059	70624620	46	40	6	1
11	70624621	70670225	43	37	6	2
11	70670226	70676713	41	36	5	1
11	70676714	70694567	41	36	5	1
11	70694568	70786673	41	36	5	1
11	70786674	70787985	41	36	5	1
11	70787986	70805881	41	36	5	1
11	70805882	70833707	41	36	5	1
11	70833708	70864669	25	19	6	1
11	70864670	71976356	6	5	1	2
11	71976357	78556790	7	6	1	2
11	78556791	78556919	7	6	1	2
11	78556920	78560656	7	6	1	1
11	78560657	88021327	7	6	1	2
11	88021328	88114189	6	5	1	1
11	88114190	88131032	6	5	1	2
11	88131033	88256184	5	4	1	2
11	88256185	88485411	7	6	1	2
11	88485412	88507917	6	5	1	2
11	88507918	89736601	7	6	1	2
11	89736602	93348874	7	6	1	2
11	93348875	93350585	7	6	1	2
11	93350586	93371846	17	16	1	2
11	93371847	93960656	17	16	1	1
11	93960657	93963514	14	14	0	2
11	93963515	94471426	15	14	1	1
11	94471427	95142329	2	1	1	3
11	95142330	95143825	2	1	1	1
11	95143826	95228615	2	1	1	1
11	95228616	97846340	2	1	1	3
11	97846341	98036373	15	14	1	1
11	98036374	98111774	30	29	1	1
11	98111775	98111969	30	29	1	1
11	98111970	98140323	28	27	1	2
11	98140324	98344893	15	14	1	1
11	98344894	98344964	15	14	1	1
11	98344965	99714453	2	1	1	3
11	99714454	99714628	2	1	1	3
11	99714629	99888981	2	1	1	2
11	99888982	100017355	27	26	1	2
11	100017356	100055666	15	14	1	1
11	100055667	100245486	27	26	1	2
11	100245487	100604160	15	14	1	1
11	100604161	100645520	27	26	1	2
11	100645521	100666592	17	16	1	1
11	100666593	100667956	17	16	1	1
11	100667957	100669365	15	14	1	2
11	100669366	100674817	15	14	1	1
11	100674818	101276191	15	14	1	1
11	101276192	101521209	17	16	1	1
11	101521210	101598541	15	14	1	1
11	101598542	101876767	15	14	1	1
11	101876768	101876848	27	26	1	2
11	101876849	101876939	27	26	1	2
11	101876940	101996884	27	26	1	2
11	101996885	101996905	27	26	1	2
11	101996906	101998254	27	26	1	2
11	101998255	102019962	27	26	1	2
11	102019963	102022147	16	15	1	2
11	102022148	102069239	17	16	1	2
11	102069240	102073489	17	16	1	2
11	102073490	102122599	19	18	1	1
11	102122600	102130107	18	17	1	1
11	102130108	102145019	18	17	1	1
11	102145020	102148939	18	17	1	1
11	102148940	102149543	18	17	1	1
11	102149544	102149581	18	17	1	1
11	102149582	102150567	18	17	1	1
11	102150568	102266910	17	16	1	1
11	102266911	102316321	18	17	1	1
11	102316322	102323380	18	17	1	1
11	102323381	102336594	18	17	1	1
11	102336595	102363443	18	17	1	1
11	102363444	102417171	18	17	1	1
11	102417172	102904446	16	15	1	2
11	102904447	103094091	19	18	1	1
11	103094092	103678571	17	16	1	1
11	103678572	103678954	17	16	1	1
11	103678955	103944458	2	1	1	3
11	103944459	103944592	2	1	1	2
11	103944593	103944674	2	1	1	2
11	103944675	134452200	2	1	1	3
12	110107	208783	4	2	2	2
12	208784	11877231	4	2	2	3
12	11877232	17709365	3	2	1	3
12	17709366	17709417	3	2	1	3
12	17709418	17709454	3	2	1	2
12	17709455	24584016	3	2	1	3
12	24584017	24586883	3	2	1	2
12	24586884	31434843	3	2	1	3
12	31434844	33299999	3	2	1	3
12	33300000	38199999	3	2	1	3
12	38200000	57779238	3	2	1	3
12	57779239	57782101	3	2	1	2
12	57782102	66451370	3	2	1	3
12	66451371	75306101	3	2	1	3
12	75306102	75306141	3	2	1	3
12	75306142	100598647	3	2	1	3
12	100598648	100619302	3	2	1	3
12	100619303	113518150	3	2	1	3
12	113518151	113572756	3	2	1	2
12	113572757	132349400	3	2	1	3
12	132349401	133851894	3	2	1	3
13	1	16299999	7	5	2	1
13	16300000	19499999	NA	NA	NA	NA
13	19500000	19501265	7	5	2	2
13	19501266	19785177	7	5	2	3
13	19785178	19786890	7	5	2	2
13	19786891	64936474	3	2	1	3
13	64936475	73836907	3	2	1	3
13	73836908	82859905	3	2	1	3
13	82859906	82859940	3	2	1	3
13	82859941	90574134	3	2	1	3
13	90574135	91918123	3	2	1	3
13	91918124	91918163	3	2	1	3
13	91918164	114142800	3	2	1	3
13	114142801	115169877	3	2	1	3
14	1	16099999	NA	NA	NA	NA
14	16100000	19099999	3	2	1	1
14	19100000	19126201	5	4	1	1
14	19126202	20155685	5	4	1	1
14	20155686	20437888	4	3	1	1
14	20437889	34136248	4	3	1	3
14	34136249	34137107	4	3	1	3
14	34137108	41619400	4	3	1	3
14	41619401	44035658	4	3	1	3
14	44035659	44039361	4	3	1	3
14	44039362	44039407	4	3	1	2
14	44039408	44040142	4	3	1	2
14	44040143	44041312	4	3	1	2
14	44041313	44041332	4	3	1	2
14	44041333	65614459	4	3	1	3
14	65614460	65642996	4	3	1	3
14	65642997	79837730	4	3	1	3
14	79837731	79837752	4	3	1	3
14	79837753	85812660	4	3	1	3
14	85812661	86399187	2	1	1	3
14	86399188	96450719	4	3	1	3
14	96450720	106055743	5	4	1	3
14	106055744	106188601	8	5	3	1
14	106188602	106368400	5	4	1	2
15	1	15799999	3	2	1	1
15	15800000	20699999	3	2	1	3
15	20700000	60707028	3	2	1	3
15	60707029	60752821	3	2	1	1
15	60752822	100338800	3	2	1	3
15	100338801	102446047	3	2	1	3
16	83802	6500765	3	2	1	2
16	6500766	6915538	2	2	0	2
16	6915539	7027457	2	2	0	1
16	7027458	7178700	2	2	0	3
16	7178701	32520029	3	2	1	2
16	32520030	34599999	4	2	2	2
16	34600000	38599999	NA	NA	NA	NA
16	38600000	47417645	3	2	1	3
16	47417646	47637534	2	1	1	3
16	47637535	53155510	3	2	1	3
16	53155511	53266329	2	1	1	3
16	53266330	72915246	3	2	1	3
16	72915247	72916710	3	2	1	2
16	72916711	88827200	3	2	1	3
16	88827201	90354752	3	2	1	3
17	7	16662499	3	3	0	3
17	16662500	16757027	4	2	2	1
17	16757028	18321823	3	3	0	3
17	18321824	21917129	3	3	0	3
17	21917130	25799999	NA	NA	NA	NA
17	25800000	36224957	2	2	0	3
17	36224958	43548423	3	3	0	3
17	43548424	43670808	3	3	0	2
17	43670809	43690636	3	3	0	2
17	43690637	57726842	3	3	0	3
17	57726843	57902847	3	3	0	1
17	57902848	67791572	3	3	0	3
17	67791573	67791976	3	3	0	2
17	67791977	67810348	1	1	0	1
17	67810349	68246276	1	1	0	3
17	68246277	68922036	3	3	0	3
17	68922037	69280303	2	2	0	3
17	69280304	78774600	3	3	0	3
17	78774601	81195209	3	3	0	3
18	29751	125370	4	2	2	1
18	125371	9546790	4	2	2	3
18	9546791	9547365	4	2	2	3
18	9547366	9547403	4	2	2	2
18	9547404	15399999	4	2	2	3
18	15400000	18999999	NA	NA	NA	NA
18	19000000	21904095	3	2	1	3
18	21904096	30423376	3	2	1	3
18	30423377	76117000	2	2	0	3
18	76117001	78077247	2	2	0	3
19	102500	245630	3	2	1	2
19	245631	24399999	3	2	1	3
19	24400000	28599999	3	2	1	2
19	28600000	56673558	3	2	1	3
19	56673559	59128982	4	2	2	3
20	17500	8275744	4	2	2	2
20	8275745	8275796	4	2	2	2
20	8275797	14584615	4	2	2	2
20	14584616	14749910	3	2	1	2
20	14749911	14760860	3	2	1	2
20	14760861	14941456	3	2	1	2
20	14941457	14946133	3	2	1	2
20	14946134	15042391	4	2	2	1
20	15042392	16074623	4	2	2	3
20	16074624	16074665	4	2	2	2
20	16074666	25599999	4	2	2	3
20	25600000	29421394	NA	NA	NA	NA
20	29421395	29617602	6	4	2	2
20	29617603	30607725	5	3	2	2
20	30607726	30675369	4	2	2	2
20	30675370	62432500	3	2	1	2
21	1	10720000	NA	NA	NA	NA
21	10720001	10899999	4	3	1	1
21	10900000	14346319	NA	NA	NA	NA
21	14346320	20003245	3	2	1	3
21	20003246	20003304	3	2	1	2
21	20003305	40189992	3	2	1	3
21	40189993	46640195	2	1	1	2
21	46640196	46640211	2	1	1	2
21	46640212	46640239	2	1	1	2
21	46640240	46937500	2	1	1	2
21	46937501	48129894	2	1	1	2
22	1	12199999	2	1	1	1
22	12200000	17899999	2	1	1	3
22	17900000	18823801	2	1	1	3
22	18823802	19657832	4	3	1	2
22	19657833	19663399	4	3	1	2
22	19663400	19676675	4	3	1	2
22	19676676	19681167	5	4	1	2
22	19681168	20703401	4	3	1	2
22	20703402	21029634	4	3	1	2
22	21029635	21183938	6	5	1	3
22	21183939	22655354	4	3	1	2
22	22655355	22800815	3	2	1	3
22	22800816	29065638	2	1	1	3
22	29065639	29065707	2	1	1	3
22	29065708	29065725	2	1	1	2
22	29065726	29065804	2	1	1	2
22	29065805	29066164	2	1	1	2
22	29066165	49691400	2	1	1	3
22	49691401	51304565	2	1	1	3
X	1	11952982	3	2	1	2
X	11952983	11953312	3	2	1	2
X	11953313	29134672	3	2	1	2
X	29134673	29232276	3	2	1	2
X	29232277	29322823	3	2	1	2
X	29322824	29437662	3	2	1	2
X	29437663	32007515	3	2	1	2
X	32007516	32007562	3	2	1	2
X	32007563	53578170	3	2	1	2
X	53578171	56666605	4	2	2	2
X	56666606	56914624	5	3	2	2
X	56914625	58099999	4	2	2	2
X	58100000	62999999	NA	NA	NA	NA
X	63000000	65597590	2	2	0	2
X	65597591	65607264	2	2	0	2
X	65607265	75979251	2	2	0	2
X	75979252	75980802	2	2	0	2
X	75980803	88643881	2	2	0	2
X	88643882	88994498	2	2	0	2
X	88994499	96434334	2	2	0	2
X	96434335	96690082	1	1	0	2
X	96690083	98501771	2	2	0	2
X	98501772	123655419	2	2	0	2
X	123655420	123655466	2	2	0	2
X	123655467	136835942	2	2	0	2
X	136835943	139689636	2	2	0	2
X	139689637	139689666	2	2	0	2
X	139689667	154913600	2	2	0	2
