chromosome	start	end	total_cn	major_cn	minor_cn	star
1	10001	25983142	2	1	1	2
1	25983143	25999168	2	1	1	2
1	25999169	89196798	2	1	1	3
1	89196799	89300878	1	1	0	2
1	89300879	98071525	2	1	1	3
1	98071526	98144911	2	1	1	1
1	98144912	98155484	1	1	0	2
1	98155485	98156177	2	1	1	1
1	98156178	121499999	2	1	1	3
1	121500000	128899999	2	1	1	2
1	128900000	143176938	2	1	1	2
1	143176939	151398131	3	2	1	2
1	151398132	151399329	3	2	1	2
1	151399330	188096265	3	2	1	2
1	188096266	188133911	3	2	1	2
1	188133912	194597827	3	2	1	2
1	194597828	194610625	3	2	1	2
1	194610626	247247500	3	2	1	2
1	247247501	249250620	3	2	1	3
2	20016	20462069	2	1	1	2
2	20462070	20648645	3	2	1	3
2	20648646	57979666	2	1	1	2
2	57979667	58091227	1	1	0	3
2	58091228	90499999	2	1	1	2
2	90500000	96799999	2	1	1	3
2	96800000	104338268	2	1	1	2
2	104338269	104342444	2	1	1	2
2	104342445	118853074	2	1	1	2
2	118853075	118947567	2	1	1	1
2	118947568	143811319	2	1	1	2
2	143811320	143813806	2	1	1	2
2	143813807	177378224	2	1	1	2
2	177378225	177379779	2	1	1	2
2	177379780	205624527	2	1	1	2
2	205624528	206203706	2	1	1	2
2	206203707	220310993	2	1	1	2
2	220310994	220311990	2	1	1	2
2	220311991	220532672	2	1	1	2
2	220532673	220533259	2	1	1	2
2	220533260	227785452	2	1	1	2
2	227785453	227794286	2	1	1	3
2	227794287	236636371	2	1	1	2
2	236636372	236746078	1	1	0	2
2	236746079	242980952	2	1	1	2
3	100074	56858651	2	1	1	2
3	56858652	56863262	2	1	1	2
3	56863263	60740056	2	1	1	2
3	60740057	60790972	1	1	0	3
3	60790973	61964519	2	1	1	2
3	61964520	62062052	1	1	0	3
3	62062053	87899999	2	1	1	2
3	87900000	93899999	2	1	1	2
3	93900000	107302804	2	1	1	2
3	107302805	107315376	2	1	1	2
3	107315377	107417177	1	1	0	3
3	107417178	119543767	2	1	1	2
3	119543768	119675916	1	1	0	3
3	119675917	129389803	2	1	1	2
3	129389804	129501801	2	1	1	2
3	129501802	136153350	2	1	1	2
3	136153351	136247236	2	1	1	3
3	136247237	136332141	2	1	1	2
3	136332142	136393362	2	1	1	2
3	136393363	188021865	2	1	1	2
3	188021866	188119819	1	1	0	3
3	188119820	197847500	2	1	1	2
4	27500	48199999	2	1	1	2
4	48200000	52699999	2	1	1	3
4	52700000	69643800	2	1	1	3
4	69643801	69662275	2	1	1	3
4	69662276	69873921	2	1	1	3
4	69873922	69905559	2	1	1	3
4	69905560	116306788	2	1	1	3
4	116306789	116312969	2	1	1	3
4	116312970	176650824	2	1	1	3
4	176650825	191154275	1	1	0	3
5	22500	849604	2	1	1	2
5	849605	21046598	2	1	1	2
5	21046599	21125380	2	1	1	1
5	21125381	46099999	2	1	1	3
5	46100000	50699999	2	1	1	3
5	50700000	82596358	2	1	1	3
5	82596359	82654110	1	1	0	2
5	82654111	138220389	2	1	1	3
5	138220390	154586101	3	2	1	3
5	154586102	154624024	3	2	1	3
5	154624025	180689978	3	2	1	3
6	39681	201975	2	1	1	1
6	201976	58699999	2	1	1	3
6	58700000	63299999	2	1	1	3
6	63300000	86636544	2	1	1	3
6	86636545	87159504	1	1	0	2
6	87159505	142092156	2	1	1	3
6	142092157	142111019	2	1	1	3
6	142111020	170899934	2	1	1	3
7	40386	11427525	5	4	1	2
7	11427526	11436768	5	4	1	2
7	11436769	16345731	5	4	1	2
7	16345732	29230006	4	3	1	2
7	29230007	40506776	3	2	1	2
7	40506777	40584349	3	2	1	2
7	40584350	51879680	3	2	1	2
7	51879681	52640531	4	3	1	2
7	52640532	53798473	3	2	1	2
7	53798474	53816995	3	2	1	2
7	53816996	57999999	3	2	1	2
7	58000000	61699999	3	2	1	2
7	61700000	81830088	3	2	1	2
7	81830089	81894616	3	2	1	2
7	81894617	94810409	3	2	1	2
7	94810410	94814256	3	2	1	2
7	94814257	118351888	3	2	1	2
7	118351889	118353211	3	2	1	2
7	118353212	153464491	3	2	1	2
7	153464492	153465578	3	2	1	2
7	153465579	158821400	3	2	1	2
8	10001	170011	2	1	1	2
8	170012	43099999	2	1	1	3
8	43100000	48099999	NA	NA	NA	NA
8	48100000	63140704	3	2	1	2
8	63140705	63151361	3	2	1	2
8	63151362	117076080	3	2	1	2
8	117076081	117372879	2	2	0	2
8	117372880	128491835	3	2	1	2
8	128491836	128503725	3	2	1	2
8	128503726	146364021	3	2	1	2
9	47500	223985	2	1	1	2
9	223986	11198609	2	1	1	2
9	11198610	11852033	1	1	0	2
9	11852034	17052200	2	1	1	2
9	17052201	19851735	2	1	1	2
9	19851736	19851746	2	1	1	2
9	19851747	19859119	2	1	1	2
9	19859120	22468418	1	1	0	2
9	22468419	23134081	0	0	0	2
9	23134082	26273992	1	1	0	2
9	26273993	47299999	2	1	1	3
9	47300000	50699999	2	1	1	2
9	50700000	140273200	2	1	1	3
10	95662	175806	3	2	1	3
10	175807	204505	3	2	1	3
10	204506	5023839	3	2	1	3
10	5023840	5027420	3	2	1	3
10	5027421	16687864	3	2	1	3
10	16687865	16690584	2	1	1	2
10	16690585	16987261	3	2	1	3
10	16987262	17015130	2	1	1	2
10	17015131	17487669	3	2	1	3
10	17487670	18859236	2	1	1	2
10	18859237	37999999	3	2	1	3
10	38000000	42387499	3	2	1	2
10	42387500	44307712	3	2	1	3
10	44307713	44308942	3	2	1	2
10	44308943	46246462	1	1	0	3
10	46246463	47375894	1	1	0	2
10	47375895	135534746	1	1	0	3
11	198986	32258571	2	1	1	3
11	32258572	32261024	2	1	1	3
11	32261025	51599999	2	1	1	3
11	51600000	55699999	2	1	1	3
11	55700000	81430156	2	1	1	2
11	81430157	81443756	2	1	1	2
11	81443757	85193985	2	1	1	2
11	85193986	85780000	3	2	1	2
11	85780001	134452200	2	1	1	2
12	110107	9750000	2	1	1	2
12	9750001	25883658	1	1	0	3
12	25883659	25887521	1	1	0	3
12	25887522	30118575	1	1	0	3
12	30118576	33299999	2	1	1	3
12	33300000	38199999	2	1	1	3
12	38200000	111739680	2	1	1	3
12	111739681	111756499	2	1	1	2
12	111756500	132349400	2	1	1	3
12	132349401	133851894	2	1	1	2
13	1	16299999	2	1	1	1
13	16300000	19499999	2	1	1	2
13	19500000	31106219	2	1	1	3
13	31106220	31108011	2	1	1	2
13	31108012	37536109	2	1	1	3
13	37536110	39529981	3	2	1	3
13	39529982	114142800	1	1	0	3
13	114142801	115169877	1	1	0	3
14	1	16099999	2	1	1	1
14	16100000	19099999	2	1	1	1
14	19100000	38134387	2	1	1	3
14	38134388	38144794	2	1	1	2
14	38144795	38258886	1	1	0	3
14	38258887	38448776	1	1	0	2
14	38448777	68273811	2	1	1	3
14	68273812	106368400	1	1	0	3
15	1	15799999	2	1	1	1
15	15800000	20699999	2	1	1	3
15	20700000	25590411	2	1	1	3
15	25590412	33165349	3	2	1	2
15	33165350	33893268	4	2	2	3
15	33893269	33894563	4	2	2	2
15	33894564	53323879	2	2	0	2
15	53323880	56151305	2	2	0	2
15	56151306	56408450	1	1	0	3
15	56408451	100338800	2	2	0	3
15	100338801	102372568	2	2	0	3
16	84170	34599999	2	1	1	3
16	34600000	38599999	2	1	1	3
16	38600000	72808081	2	1	1	3
16	72808082	88827200	1	1	0	3
16	88827201	90354752	1	1	0	3
17	12500	18325187	1	1	0	3
17	18325188	21860004	1	1	0	3
17	21860005	22199999	1	1	0	2
17	22200000	25799999	NA	NA	NA	NA
17	25800000	70816909	2	1	1	3
17	70816910	70932010	1	1	0	3
17	70932011	78774600	2	1	1	2
17	78774601	81195209	2	1	1	2
18	27500	15399999	2	1	1	3
18	15400000	18999999	2	1	1	3
18	19000000	30985782	2	1	1	3
18	30985783	30989342	2	1	1	3
18	30989343	76117000	2	1	1	3
18	76117001	78077247	2	1	1	3
19	102500	265063	2	1	1	2
19	265064	24399999	2	1	1	2
19	24400000	28599999	2	1	1	2
19	28600000	42347472	2	1	1	3
19	42347473	59128982	2	1	1	3
20	17500	20514401	1	1	0	3
20	20514402	25599999	3	2	1	2
20	25600000	29399999	NA	NA	NA	NA
20	29400000	45221169	2	1	1	3
20	45221170	45227504	2	1	1	2
20	45227505	45272875	4	3	1	3
20	45272876	62432500	3	2	1	3
21	1	9417499	NA	NA	NA	NA
21	9417500	10899999	NA	NA	NA	NA
21	10900000	14430494	2	1	1	2
21	14430495	36890976	2	1	1	2
21	36890977	36968984	1	1	0	3
21	36968985	38894496	2	1	1	2
21	38894497	38903278	2	1	1	2
21	38903279	46937500	2	1	1	2
21	46937501	48129894	2	1	1	2
22	1	12199999	2	1	1	1
22	12200000	17899999	2	1	1	3
22	17900000	36814497	2	1	1	3
22	36814498	36816050	2	1	1	2
22	36816051	49687500	2	1	1	2
22	49687501	51304565	2	1	1	2
X	1	2721999	1	1	0	2
X	2722000	58099999	1	1	0	3
X	58100000	62999999	NA	NA	NA	NA
X	63000000	69869309	2	2	0	2
X	69869310	69871610	1	1	0	2
X	69871611	75849142	2	2	0	2
X	75849143	75851429	2	2	0	2
X	75851430	84043229	2	2	0	2
X	84043230	136699224	1	1	0	3
X	136699225	136702306	1	1	0	2
X	136702307	155270559	1	1	0	3
Y	1	11599999	3	3	0	1
Y	11600000	13399999	NA	NA	NA	NA
Y	13400000	21993479	3	3	0	1
Y	21993480	59373565	NA	NA	NA	NA
