chromosome	start	end	total_cn	major_cn	minor_cn	star
1	1	6223723	2	2	0	2
1	6223724	6467274	1	1	0	3
1	6467275	25611401	2	2	0	2
1	25611402	33305781	2	2	0	2
1	33305782	51250123	3	2	1	2
1	51250124	81957788	2	2	0	2
1	81957789	81958009	2	2	0	2
1	81958010	100430365	2	2	0	2
1	100430366	121499999	3	3	0	2
1	121500000	128899999	3	3	0	2
1	128900000	143391938	3	3	0	2
1	143391939	143688938	4	4	0	1
1	143688939	149033801	3	3	0	2
1	149033802	149241742	3	3	0	2
1	149241743	150890868	3	3	0	3
1	150890869	150891092	3	3	0	3
1	150891093	226587488	3	3	0	2
1	226587489	226587735	3	3	0	2
1	226587736	226593513	3	3	0	2
1	226593514	226597435	3	3	0	1
1	226597436	247249600	3	3	0	2
1	247249601	249250620	3	3	0	3
2	20016	23187120	4	2	2	2
2	23187121	23189093	4	2	2	1
2	23189094	24069602	4	2	2	2
2	24069603	27275659	5	3	2	2
2	27275660	27275701	2	1	1	2
2	27275702	28606018	5	3	2	2
2	28606019	38357704	3	2	1	2
2	38357705	38358606	3	2	1	2
2	38358607	39476425	3	2	1	2
2	39476426	47198342	3	2	1	2
2	47198343	47359932	3	2	1	2
2	47359933	48040079	2	1	1	2
2	48040080	54102288	1	1	0	3
2	54102289	54102608	1	1	0	3
2	54102609	54102661	1	1	0	3
2	54102662	54102854	1	1	0	3
2	54102855	54102873	1	1	0	3
2	54102874	54716899	1	1	0	3
2	54716900	54717191	1	1	0	3
2	54717192	54717208	1	1	0	2
2	54717209	54717450	1	1	0	2
2	54717451	54722835	1	1	0	2
2	54722836	54723033	1	1	0	2
2	54723034	54723083	1	1	0	2
2	54723084	54723724	1	1	0	2
2	54723725	54726631	2	1	1	1
2	54726632	54788148	2	1	1	2
2	54788149	54849818	3	2	1	2
2	54849819	71798845	2	1	1	3
2	71798846	90499999	3	2	1	2
2	90500000	96799999	3	2	1	2
2	96800000	197250989	3	2	1	2
2	197250990	197279383	2	2	0	3
2	197279384	198406588	3	2	1	2
2	198406589	198409402	3	2	1	2
2	198409403	228513202	3	2	1	2
2	228513203	242951000	3	2	1	2
3	62226	13854101	3	2	1	2
3	13854102	87899999	3	2	1	2
3	87900000	93899999	NA	NA	NA	NA
3	93900000	107826250	2	1	1	2
3	107826251	107828051	2	1	1	2
3	107828052	107828102	2	1	1	2
3	107828103	107834862	2	1	1	2
3	107834863	107835526	2	1	1	2
3	107835527	107836252	2	1	1	2
3	107836253	107836393	2	1	1	2
3	107836394	108260529	2	1	1	2
3	108260530	108261234	2	1	1	2
3	108261235	108261759	2	1	1	2
3	108261760	108262225	2	1	1	2
3	108262226	108262319	2	1	1	1
3	108262320	108262485	2	1	1	1
3	108262486	108263146	2	1	1	1
3	108263147	108263344	2	1	1	1
3	108263345	108265011	2	1	1	1
3	108265012	108265074	2	1	1	1
3	108265075	108330343	3	2	1	2
3	108330344	108607941	2	1	1	2
3	108607942	109048126	2	1	1	2
3	109048127	109049161	2	1	1	2
3	109049162	109053487	2	1	1	2
3	109053488	109053614	2	1	1	2
3	109053615	109195728	2	1	1	2
3	109195729	109198358	3	2	1	2
3	109198359	109198600	1	1	0	1
3	109198601	109198696	1	1	0	1
3	109198697	109199658	1	1	0	1
3	109199659	109201177	1	1	0	1
3	109201178	109201481	1	1	0	1
3	109201482	109201522	1	1	0	1
3	109201523	109201617	0	0	0	1
3	109201618	109206586	3	2	1	2
3	109206587	109231177	4	3	1	2
3	109231178	109231196	4	3	1	2
3	109231197	109231975	3	2	1	1
3	109231976	109233851	3	2	1	2
3	109233852	109233892	3	2	1	1
3	109233893	109234134	3	2	1	1
3	109234135	109401929	3	2	1	2
3	109401930	109402418	3	2	1	2
3	109402419	109403751	2	1	1	1
3	109403752	109404074	2	1	1	2
3	109404075	109451599	2	1	1	2
3	109451600	109452145	2	1	1	2
3	109452146	109453338	2	1	1	2
3	109453339	109453602	2	1	1	2
3	109453603	109509641	2	1	1	2
3	109509642	109509791	2	1	1	2
3	109509792	109520480	2	1	1	2
3	109520481	109521810	2	1	1	1
3	109521811	109522332	2	1	1	2
3	109522333	109523308	2	1	1	1
3	109523309	109523549	2	1	1	2
3	109523550	109624259	2	1	1	3
3	109624260	109624773	2	1	1	2
3	109624774	109628838	2	1	1	2
3	109628839	109628917	2	1	1	2
3	109628918	109674134	2	1	1	2
3	109674135	109674239	2	1	1	2
3	109674240	109679056	2	1	1	2
3	109679057	109679518	3	2	1	1
3	109679519	109679618	3	2	1	1
3	109679619	109681267	3	2	1	2
3	109681268	109683027	3	2	1	2
3	109683028	109683388	3	2	1	1
3	109683389	109683484	3	2	1	1
3	109683485	109683635	3	2	1	2
3	109683636	109893464	3	2	1	2
3	109893465	109894381	2	1	1	1
3	109894382	109894464	2	1	1	1
3	109894465	109895193	2	1	1	1
3	109895194	109895264	2	1	1	1
3	109895265	109895814	2	1	1	1
3	109895815	109896571	2	1	1	1
3	109896572	109896609	2	1	1	2
3	109896610	110129110	2	1	1	3
3	110129111	110132370	2	1	1	2
3	110132371	110133074	3	2	1	2
3	110133075	164542414	3	2	1	2
3	164542415	164846681	3	2	1	1
3	164846682	191046385	3	2	1	2
3	191046386	191046479	3	2	1	2
3	191046480	197771958	3	2	1	2
4	9997	70006	2	1	1	2
4	70007	4327468	2	1	1	2
4	4327469	4348379	3	2	1	2
4	4348380	24997239	2	1	1	2
4	24997240	25663092	3	2	1	2
4	25663093	35624587	2	1	1	2
4	35624588	35624643	2	1	1	2
4	35624644	41329280	2	1	1	2
4	41329281	42127224	3	2	1	2
4	42127225	42650240	7	5	2	2
4	42650241	42699965	3	2	1	3
4	42699966	42726686	7	5	2	1
4	42726687	43625850	3	2	1	2
4	43625851	43646895	7	5	2	2
4	43646896	43696020	3	2	1	2
4	43696021	43952033	7	5	2	2
4	43952034	45276433	3	2	1	2
4	45276434	45298644	3	2	1	1
4	45298645	45431760	3	2	1	3
4	45431761	45546209	5	5	0	1
4	45546210	45634349	5	5	0	2
4	45634350	45636633	5	5	0	1
4	45636634	46928178	5	5	0	2
4	46928179	46929181	5	5	0	2
4	46929182	48199999	5	5	0	2
4	48200000	52699999	NA	NA	NA	NA
4	52700000	55693625	5	5	0	2
4	55693626	55855342	2	2	0	2
4	55855343	55899021	8	8	0	2
4	55899022	55949021	8	8	0	2
4	55949022	56016093	16	16	0	1
4	56016094	56016510	15	15	0	2
4	56016511	56022927	5	5	0	1
4	56022928	60454977	5	5	0	2
4	60454978	61036738	6	5	1	2
4	61036739	89443436	5	5	0	2
4	89443437	136539520	2	2	0	3
4	136539521	140942541	3	2	1	3
4	140942542	142047439	2	2	0	3
4	142047440	142056247	2	2	0	2
4	142056248	151812833	2	2	0	2
4	151812834	151812905	2	2	0	2
4	151812906	151832120	2	2	0	2
4	151832121	151832170	2	2	0	2
4	151832171	181172761	2	2	0	2
4	181172762	181866960	1	1	0	2
4	181866961	182667505	2	2	0	2
4	182667506	182717436	3	3	0	3
4	182717437	184380427	2	2	0	2
4	184380428	190987500	4	4	0	2
5	39977	703449	1	1	0	2
5	703450	1166013	6	4	2	1
5	1166014	1228048	1	1	0	2
5	1228049	1296860	5	4	1	1
5	1296861	9199581	1	1	0	2
5	9199582	9202453	1	1	0	2
5	9202454	11924179	1	1	0	2
5	11924180	12005006	5	4	1	2
5	12005007	13805723	1	1	0	2
5	13805724	13892035	5	4	1	2
5	13892036	31390126	1	1	0	2
5	31390127	32091773	7	6	1	2
5	32091774	32095195	8	7	1	2
5	32095196	32098917	5	4	1	1
5	32098918	32098985	4	3	1	2
5	32098986	32107651	4	3	1	2
5	32107652	32107761	4	3	1	2
5	32107762	32363102	4	3	1	2
5	32363103	34441037	5	4	1	2
5	34441038	34441116	4	3	1	1
5	34441117	35120903	1	1	0	2
5	35120904	35135149	1	1	0	2
5	35135150	35842041	1	1	0	2
5	35842042	37024202	5	4	1	2
5	37024203	37488381	4	3	1	2
5	37488382	37727037	4	3	1	2
5	37727038	38226512	5	4	1	2
5	38226513	38300848	4	3	1	2
5	38300849	38554014	5	4	1	2
5	38554015	38556376	4	3	1	2
5	38556377	38718944	5	4	1	2
5	38718945	38719145	4	3	1	2
5	38719146	38789846	5	4	1	2
5	38789847	38790217	5	4	1	2
5	38790218	39749125	5	4	1	2
5	39749126	39751769	5	4	1	1
5	39751770	39864712	4	3	1	2
5	39864713	40217721	5	4	1	2
5	40217722	41001679	5	4	1	2
5	41001680	41399118	4	3	1	2
5	41399119	41478630	5	4	1	2
5	41478631	41849625	4	3	1	2
5	41849626	42018127	5	4	1	2
5	42018128	42018196	5	4	1	2
5	42018197	43832890	5	4	1	2
5	43832891	44109182	1	1	0	2
5	44109183	46099999	2	1	1	2
5	46100000	50699999	2	1	1	2
5	50700000	53824175	2	1	1	2
5	53824176	53825021	2	1	1	2
5	53825022	89324512	2	1	1	2
5	89324513	92851840	1	1	0	2
5	92851841	180687907	2	1	1	2
6	39681	237608	3	2	1	2
6	237609	382211	3	2	1	2
6	382212	18758426	4	3	1	2
6	18758427	18775189	5	4	1	2
6	18775190	29855021	4	3	1	2
6	29855022	29908127	3	2	1	2
6	29908128	31210602	4	3	1	2
6	31210603	36481593	4	3	1	2
6	36481594	49424263	3	2	1	2
6	49424264	54901482	2	1	1	2
6	54901483	54909444	2	1	1	2
6	54909445	58699999	2	1	1	2
6	58700000	63299999	NA	NA	NA	NA
6	63300000	63901382	4	3	1	2
6	63901383	63904530	3	2	1	2
6	63904531	63904930	3	2	1	2
6	63904931	64232275	3	2	1	2
6	64232276	64264824	4	3	1	2
6	64264825	64643886	5	4	1	2
6	64643887	65878745	4	3	1	2
6	65878746	74728641	1	1	0	2
6	74728642	74752303	2	2	0	2
6	74752304	75156107	0	0	0	2
6	75156108	78986200	2	2	0	2
6	78986201	103735327	2	2	0	3
6	103735328	125708694	2	2	0	3
6	125708695	170915316	2	2	0	3
7	40386	1718337	3	2	1	2
7	1718338	1810240	4	2	2	2
7	1810241	57999999	3	2	1	2
7	58000000	61699999	NA	NA	NA	NA
7	61700000	99092651	4	3	1	2
7	99092652	99095900	4	3	1	2
7	99095901	102689073	4	3	1	2
7	102689074	102703876	6	5	1	2
7	102703877	103016522	6	5	1	2
7	103016523	103021565	6	5	1	2
7	103021566	105917777	4	3	1	2
7	105917778	105917791	4	3	1	2
7	105917792	121441503	4	3	1	2
7	121441504	121487412	4	3	1	2
7	121487413	148161823	4	3	1	2
7	148161824	150785459	4	3	1	2
7	150785460	150785630	4	3	1	2
7	150785631	158821400	4	3	1	2
8	10001	198545	3	3	0	2
8	198546	870635	3	3	0	2
8	870636	949165	2	2	0	2
8	949166	7035402	1	1	0	2
8	7035403	8087401	1	1	0	2
8	8087402	9092072	1	1	0	2
8	9092073	22894245	3	2	1	2
8	22894246	28179503	4	2	2	2
8	28179504	43099999	5	3	2	2
8	43100000	48099999	5	3	2	2
8	48100000	53893182	5	3	2	2
8	53893183	54762903	4	2	2	2
8	54762904	56022542	4	2	2	2
8	56022543	58244877	3	2	1	2
8	58244878	64809963	4	2	2	2
8	64809964	64830736	4	2	2	1
8	64830737	70746602	4	2	2	2
8	70746603	71019963	5	3	2	2
8	71019964	72135789	4	2	2	2
8	72135790	89785872	5	3	2	2
8	89785873	89787633	5	3	2	2
8	89787634	89787735	5	3	2	1
8	89787736	89788397	5	3	2	2
8	89788398	89792335	5	3	2	2
8	89792336	89797356	5	3	2	1
8	89797357	89797730	5	3	2	1
8	89797731	89800955	5	3	2	2
8	89800956	89805619	5	3	2	2
8	89805620	98034744	5	3	2	2
8	98034745	98036560	5	3	2	2
8	98036561	113987100	5	3	2	2
8	113987101	113988839	5	3	2	2
8	113988840	113989044	5	3	2	1
8	113989045	114005881	5	3	2	1
8	114005882	115100527	5	3	2	2
8	115100528	115125872	5	3	2	1
8	115125873	123848111	5	3	2	2
8	123848112	123915411	4	2	2	2
8	123915412	125905824	5	3	2	2
8	125905825	126063308	6	4	2	2
8	126063309	146364021	5	3	2	2
9	47500	225178	3	2	1	2
9	225179	435055	3	2	1	2
9	435056	447091	5	4	1	2
9	447092	506663	3	2	1	2
9	506664	506866	3	2	1	2
9	506867	506993	3	2	1	2
9	506994	507174	3	2	1	2
9	507175	1284177	3	2	1	2
9	1284178	1284333	3	2	1	2
9	1284334	1314280	3	2	1	2
9	1314281	1431581	2	1	1	2
9	1431582	1431597	2	1	1	2
9	1431598	1432342	2	1	1	2
9	1432343	1465822	5	4	1	2
9	1465823	1477839	3	2	1	2
9	1477840	1486483	5	4	1	1
9	1486484	1498456	3	2	1	2
9	1498457	1530483	5	4	1	2
9	1530484	1539462	5	4	1	1
9	1539463	1586121	5	4	1	2
9	1586122	1586846	5	4	1	2
9	1586847	1614938	5	4	1	2
9	1614939	1622298	3	2	1	2
9	1622299	1631099	4	3	1	1
9	1631100	1710071	3	2	1	2
9	1710072	1759037	5	4	1	2
9	1759038	3353691	3	2	1	2
9	3353692	7595365	2	1	1	2
9	7595366	7617240	4	3	1	2
9	7617241	7723046	3	2	1	2
9	7723047	7867276	1	1	0	2
9	7867277	8016394	2	1	1	2
9	8016395	8026913	3	2	1	2
9	8026914	8775311	1	1	0	2
9	8775312	8859310	2	1	1	2
9	8859311	8957914	1	1	0	2
9	8957915	9040024	2	1	1	2
9	9040025	9161229	1	1	0	2
9	9161230	9505430	2	1	1	2
9	9505431	9513407	2	1	1	2
9	9513408	9723319	3	2	1	2
9	9723320	9741763	1	1	0	2
9	9741764	9775397	3	2	1	2
9	9775398	20737294	1	1	0	2
9	20737295	30237022	0	0	0	2
9	30237023	30237070	0	0	0	2
9	30237071	30253855	2	2	0	2
9	30253856	31075699	1	1	0	2
9	31075700	31303114	2	2	0	2
9	31303115	32414795	3	3	0	2
9	32414796	33034524	4	4	0	2
9	33034525	35973005	5	4	1	2
9	35973006	37537039	6	5	1	2
9	37537040	39158805	5	4	1	2
9	39158806	43425801	2	2	0	1
9	43425802	45373894	1	1	0	2
9	45373895	47299999	1	1	0	2
9	47300000	50699999	1	1	0	2
9	50700000	66350401	1	1	0	2
9	66350402	78263611	1	1	0	2
9	78263612	82610945	2	1	1	2
9	82610946	83142108	1	1	0	2
9	83142109	86131145	3	2	1	2
9	86131146	86567912	4	3	1	2
9	86567913	86575955	4	3	1	2
9	86575956	87425433	4	3	1	2
9	87425434	87432363	3	2	1	2
9	87432364	87435512	2	1	1	2
9	87435513	90305979	3	2	1	2
9	90305980	97812609	2	1	1	2
9	97812610	97880388	3	2	1	2
9	97880389	97890259	3	2	1	2
9	97890260	97914380	3	2	1	2
9	97914381	112313250	2	1	1	2
9	112313251	112649998	3	2	1	2
9	112649999	112908973	2	1	1	2
9	112908974	124328404	3	2	1	2
9	124328405	125789767	4	2	2	2
9	125789768	129694679	3	2	1	2
9	129694680	129694800	3	2	1	2
9	129694801	134807957	3	2	1	3
9	134807958	134810390	3	2	1	3
9	134810391	140273200	3	2	1	2
9	140273201	140970097	3	2	1	2
10	95096	15756962	2	1	1	2
10	15756963	15773348	2	1	1	1
10	15773349	34328059	2	1	1	2
10	34328060	37999999	1	1	0	2
10	38000000	42299999	1	1	0	2
10	42300000	44489298	1	1	0	2
10	44489299	45470868	2	1	1	3
10	45470869	53844521	1	1	0	2
10	53844522	54366519	0	0	0	2
10	54366520	70422947	1	1	0	2
10	70422948	71840053	2	1	1	2
10	71840054	71906997	1	1	0	2
10	71906998	71915445	2	1	1	2
10	71915446	73871940	1	1	0	3
10	73871941	81097595	2	1	1	2
10	81097596	81343176	1	1	0	2
10	81343177	81652025	2	1	1	2
10	81652026	81838530	2	1	1	2
10	81838531	82042250	2	1	1	3
10	82042251	83206163	1	1	0	3
10	83206164	83663196	2	1	1	2
10	83663197	88963363	1	1	0	2
10	88963364	89573680	1	1	0	2
10	89573681	89841805	1	1	0	2
10	89841806	90040034	1	1	0	2
10	90040035	96124153	2	1	1	2
10	96124154	134765756	3	2	1	2
10	134765757	135389924	2	1	1	2
11	20721	196943	2	2	0	2
11	196944	19135980	2	2	0	2
11	19135981	19136102	2	2	0	2
11	19136103	36307463	2	2	0	2
11	36307464	44235137	1	1	0	2
11	44235138	44511672	2	2	0	2
11	44511673	45505328	1	1	0	2
11	45505329	45912279	2	2	0	2
11	45912280	45934342	2	2	0	2
11	45934343	46992419	2	2	0	2
11	46992420	46992699	2	2	0	2
11	46992700	51599999	2	2	0	2
11	51600000	55699999	2	2	0	2
11	55700000	64198766	2	2	0	2
11	64198767	68325232	5	3	2	2
11	68325233	68331411	4	2	2	2
11	68331412	68526015	4	2	2	2
11	68526016	68554179	4	2	2	2
11	68554180	69251921	4	2	2	2
11	69251922	69271985	4	2	2	1
11	69271986	69395406	4	2	2	2
11	69395407	69459561	13	11	2	1
11	69459562	69466932	2	1	1	2
11	69466933	69635745	4	2	2	2
11	69635746	69649869	2	1	1	2
11	69649870	69675920	13	11	2	2
11	69675921	69675970	13	11	2	1
11	69675971	69895031	5	3	2	2
11	69895032	69895832	6	3	3	1
11	69895833	69920130	13	11	2	1
11	69920131	70621671	4	2	2	2
11	70621672	70622809	4	2	2	1
11	70622810	70722711	4	2	2	2
11	70722712	71078240	5	3	2	2
11	71078241	71228198	4	2	2	2
11	71228199	71461405	5	3	2	2
11	71461406	71532756	2	2	0	1
11	71532757	72305133	2	2	0	2
11	72305134	72316622	2	2	0	2
11	72316623	72332555	3	3	0	2
11	72332556	72493788	2	2	0	2
11	72493789	72539491	9	7	2	2
11	72539492	72704912	2	2	0	2
11	72704913	73018690	6	4	2	2
11	73018691	73024873	6	4	2	2
11	73024874	73143761	5	3	2	2
11	73143762	73176636	16	14	2	1
11	73176637	73234972	16	14	2	1
11	73234973	73274233	16	14	2	1
11	73274234	73327469	16	14	2	1
11	73327470	73420905	14	12	2	1
11	73420906	73441286	14	10	4	1
11	73441287	73466007	14	10	4	1
11	73466008	73838023	6	4	2	2
11	73838024	73954778	14	10	4	1
11	73954779	74127107	15	13	2	1
11	74127108	74147091	15	13	2	1
11	74147092	74165207	15	13	2	1
11	74165208	74327091	15	13	2	2
11	74327092	74383510	4	2	2	2
11	74383511	74563124	15	13	2	2
11	74563125	74588357	15	13	2	2
11	74588358	74727378	13	11	2	2
11	74727379	74737279	11	9	2	1
11	74737280	74742604	11	9	2	2
11	74742605	74767244	11	8	3	1
11	74767245	74812228	11	9	2	1
11	74812229	74878827	11	9	2	1
11	74878828	74901706	11	9	2	1
11	74901707	74939697	10	8	2	1
11	74939698	75105052	10	8	2	1
11	75105053	75158726	7	5	2	1
11	75158727	75159076	6	4	2	2
11	75159077	75326684	6	4	2	2
11	75326685	75332743	6	4	2	2
11	75332744	75376604	6	4	2	2
11	75376605	75493069	9	7	2	1
11	75493070	75508825	9	7	2	2
11	75508826	75549882	9	7	2	2
11	75549883	75558276	8	6	2	2
11	75558277	75595230	9	7	2	1
11	75595231	75658715	9	7	2	1
11	75658716	75670754	13	11	2	1
11	75670755	75878391	12	10	2	2
11	75878392	76075619	15	13	2	1
11	76075620	76150264	22	20	2	2
11	76150265	76155899	22	20	2	1
11	76155900	76191792	22	20	2	1
11	76191793	76374379	22	20	2	1
11	76374380	76409271	22	20	2	1
11	76409272	76504033	18	16	2	2
11	76504034	76696598	21	19	2	2
11	76696599	76717335	23	21	2	1
11	76717336	76769485	21	19	2	1
11	76769486	76820767	14	12	2	2
11	76820768	76823906	14	12	2	2
11	76823907	76833194	14	12	2	1
11	76833195	76862278	16	14	2	1
11	76862279	76871365	24	23	1	1
11	76871366	76990035	9	7	2	1
11	76990036	77153378	10	8	2	1
11	77153379	77362181	10	8	2	2
11	77362182	77458036	14	12	2	2
11	77458037	77460963	14	12	2	2
11	77460964	77653113	18	16	2	1
11	77653114	77653344	18	16	2	2
11	77653345	77685036	18	16	2	1
11	77685037	77685160	31	30	1	2
11	77685161	77758542	18	16	2	2
11	77758543	77826650	13	12	1	2
11	77826651	78036847	14	12	2	2
11	78036848	78040458	14	12	2	1
11	78040459	78101334	13	11	2	2
11	78101335	78121146	11	9	2	1
11	78121147	78127244	11	9	2	1
11	78127245	78214708	15	13	2	2
11	78214709	78214730	15	13	2	2
11	78214731	78359250	17	15	2	2
11	78359251	78422319	19	17	2	1
11	78422320	78427209	28	27	1	2
11	78427210	78570804	28	27	1	2
11	78570805	78603549	4	2	2	2
11	78603550	78606223	12	10	2	1
11	78606224	78852493	12	10	2	2
11	78852494	78854314	4	2	2	2
11	78854315	78877381	3	2	1	2
11	78877382	79238983	5	3	2	2
11	79238984	79393393	13	11	2	2
11	79393394	79843238	9	7	2	2
11	79843239	79861411	10	8	2	1
11	79861412	79863498	8	6	2	2
11	79863499	79944627	8	6	2	2
11	79944628	80009272	5	3	2	2
11	80009273	80085346	11	9	2	2
11	80085347	80126227	9	7	2	2
11	80126228	80166229	4	2	2	2
11	80166230	80224227	5	4	1	2
11	80224228	80242928	6	4	2	2
11	80242929	80256462	7	5	2	2
11	80256463	80271684	5	3	2	2
11	80271685	80275288	7	5	2	2
11	80275289	80348993	7	5	2	2
11	80348994	80474155	8	6	2	2
11	80474156	80477521	9	7	2	2
11	80477522	80488893	8	6	2	2
11	80488894	80950302	5	3	2	2
11	80950303	80950449	9	7	2	2
11	80950450	81168970	8	6	2	2
11	81168971	81318565	11	9	2	2
11	81318566	81318806	11	9	2	2
11	81318807	81338943	11	9	2	2
11	81338944	81629177	6	4	2	2
11	81629178	82471738	9	7	2	2
11	82471739	82478590	6	4	2	2
11	82478591	82594235	6	4	2	2
11	82594236	82623526	7	5	2	1
11	82623527	82655106	7	5	2	2
11	82655107	82656644	7	5	2	2
11	82656645	82705155	7	5	2	1
11	82705156	82764650	7	5	2	1
11	82764651	82774489	7	5	2	1
11	82774490	82775145	7	5	2	1
11	82775146	82775183	7	5	2	1
11	82775184	82792317	7	5	2	1
11	82792318	82990663	5	3	2	1
11	82990664	82990790	5	3	2	2
11	82990791	83020129	4	2	2	2
11	83020130	83096230	4	3	1	2
11	83096231	88786375	2	2	0	2
11	88786376	88827015	1	1	0	2
11	88827016	117914665	2	2	0	2
11	117914666	117925242	1	1	0	2
11	117925243	120372703	2	2	0	2
11	120372704	120377832	2	2	0	2
11	120377833	125581211	2	2	0	2
11	125581212	125581423	2	2	0	2
11	125581424	134734146	2	2	0	2
12	110107	33299999	2	1	1	2
12	33300000	38199999	2	1	1	2
12	38200000	45681682	2	1	1	2
12	45681683	45688518	2	1	1	2
12	45688519	55086090	2	1	1	2
12	55086091	55112107	2	1	1	2
12	55112108	55112262	2	1	1	2
12	55112263	55112294	2	1	1	2
12	55112295	55114305	2	1	1	2
12	55114306	59481070	2	1	1	2
12	59481071	59481375	2	1	1	2
12	59481376	59481414	2	1	1	2
12	59481415	61662288	2	1	1	2
12	61662289	61662495	2	1	1	2
12	61662496	61664346	2	1	1	1
12	61664347	61666012	2	1	1	2
12	61666013	61666664	2	1	1	2
12	61666665	61667254	2	1	1	2
12	61667255	61667294	2	1	1	2
12	61667295	61675205	2	1	1	2
12	61675206	61686177	3	2	1	2
12	61686178	61686759	3	2	1	2
12	61686760	61686890	3	2	1	2
12	61686891	61686935	3	2	1	2
12	61686936	61687140	3	2	1	2
12	61687141	61688341	3	2	1	2
12	61688342	62959946	2	1	1	2
12	62959947	62960355	2	1	1	2
12	62960356	62961698	2	1	1	2
12	62961699	62963154	2	1	1	2
12	62963155	62963433	2	1	1	2
12	62963434	62967447	2	1	1	2
12	62967448	62967464	2	1	1	2
12	62967465	63644564	2	1	1	2
12	63644565	63644877	2	1	1	2
12	63644878	63644888	2	1	1	2
12	63644889	63645194	2	1	1	2
12	63645195	64437052	3	2	1	2
12	64437053	64437366	3	2	1	1
12	64437367	64438294	3	2	1	2
12	64438295	64438345	3	2	1	2
12	64438346	64438461	3	2	1	2
12	64438462	64440402	2	1	1	2
12	64440403	64440414	2	1	1	1
12	64440415	64440467	2	1	1	1
12	64440468	64442706	2	1	1	2
12	64442707	64480688	2	1	1	2
12	64480689	65022444	2	1	1	2
12	65022445	65022858	2	1	1	2
12	65022859	65022898	2	1	1	2
12	65022899	65027426	2	1	1	2
12	65027427	65027680	2	1	1	2
12	65027681	65950761	2	1	1	2
12	65950762	65950842	2	1	1	2
12	65950843	66310034	2	1	1	2
12	66310035	66490637	3	2	1	2
12	66490638	109098093	2	1	1	2
12	109098094	109463368	3	2	1	2
12	109463369	109476271	2	1	1	2
12	109476272	109476983	3	2	1	2
12	109476984	109477179	3	2	1	2
12	109477180	109537067	3	2	1	3
12	109537068	132349400	2	1	1	2
12	132349401	133851894	2	1	1	2
13	1	16299999	3	2	1	1
13	16300000	19499999	3	2	1	2
13	19500000	26276509	3	2	1	2
13	26276510	26588596	4	3	1	2
13	26588597	52109305	3	2	1	2
13	52109306	52109331	2	2	0	1
13	52109332	99917072	3	2	1	2
13	99917073	102632899	2	1	1	2
13	102632900	107951542	3	2	1	2
13	107951543	114142800	2	1	1	2
13	114142801	115169877	2	1	1	2
14	1	16099999	NA	NA	NA	NA
14	16100000	19099999	2	2	0	1
14	19100000	19477476	2	2	0	1
14	19477477	20435749	2	1	1	2
14	20435750	22746322	2	2	0	2
14	22746323	22762840	2	2	0	2
14	22762841	24585038	2	2	0	2
14	24585039	24910825	1	1	0	2
14	24910826	24938444	2	2	0	2
14	24938445	25192633	1	1	0	2
14	25192634	25701924	2	2	0	2
14	25701925	33939972	1	1	0	2
14	33939973	50053670	2	1	1	2
14	50053671	50252532	3	2	1	2
14	50252533	50625572	4	3	1	2
14	50625573	55501142	3	2	1	2
14	55501143	102793377	2	1	1	2
14	102793378	106368400	1	1	0	2
15	1	15799999	2	1	1	1
15	15800000	20699999	2	1	1	2
15	20700000	100338800	2	1	1	2
15	100338801	102409948	2	1	1	2
16	94080	2005705	3	2	1	2
16	2005706	2006456	3	2	1	2
16	2006457	2031755	4	2	2	2
16	2031756	2033292	4	2	2	2
16	2033293	3963147	2	1	1	2
16	3963148	6638131	2	1	1	2
16	6638132	7212215	1	1	0	2
16	7212216	7385026	2	1	1	2
16	7385027	7385107	2	1	1	2
16	7385108	7820103	2	1	1	2
16	7820104	8062189	1	1	0	2
16	8062190	8378712	2	1	1	2
16	8378713	8455316	1	1	0	3
16	8455317	13638469	2	1	1	2
16	13638470	14879916	3	2	1	2
16	14879917	16239939	2	1	1	2
16	16239940	17692965	2	1	1	2
16	17692966	21488678	3	2	1	2
16	21488679	22251848	2	1	1	2
16	22251849	27746158	2	1	1	2
16	27746159	29919676	2	1	1	2
16	29919677	32361670	1	1	0	2
16	32361671	32361910	1	1	0	2
16	32361911	34022802	1	1	0	1
16	34022803	34389591	5	3	2	2
16	34389592	34389884	3	3	0	2
16	34389885	34599999	3	3	0	2
16	34600000	38599999	NA	NA	NA	NA
16	38600000	46447499	5	3	2	1
16	46447500	69328305	3	3	0	2
16	69328306	69336152	3	3	0	1
16	69336153	69500237	3	3	0	2
16	69500238	69537441	4	2	2	2
16	69537442	69649853	3	3	0	2
16	69649854	69653874	6	3	3	2
16	69653875	69723267	5	3	2	2
16	69723268	69766858	3	3	0	2
16	69766859	69777216	3	3	0	2
16	69777217	69790202	3	3	0	2
16	69790203	69802292	2	2	0	1
16	69802293	69834921	2	2	0	2
16	69834922	69914187	5	3	2	2
16	69914188	70137720	3	3	0	2
16	70137721	70146090	2	2	0	1
16	70146091	70226202	2	2	0	1
16	70226203	70865090	5	3	2	2
16	70865091	71976063	4	3	1	2
16	71976064	72300784	3	3	0	2
16	72300785	72420461	5	3	2	2
16	72420462	72447137	3	3	0	2
16	72447138	72533227	5	3	2	2
16	72533228	72533259	5	3	2	2
16	72533260	72533270	5	3	2	1
16	72533271	72533978	5	3	2	2
16	72533979	72557931	3	3	0	1
16	72557932	72921478	3	3	0	2
16	72921479	72924242	6	3	3	2
16	72924243	72943850	3	3	0	2
16	72943851	72973554	6	3	3	2
16	72973555	72973789	3	3	0	1
16	72973790	74174673	3	3	0	2
16	74174674	74187086	3	3	0	2
16	74187087	76336422	3	3	0	2
16	76336423	77031133	3	3	0	2
16	77031134	77031192	3	3	0	2
16	77031193	77051498	3	3	0	2
16	77051499	77071129	4	4	0	2
16	77071130	77071210	4	4	0	2
16	77071211	77134335	4	4	0	2
16	77134336	78279924	3	3	0	2
16	78279925	78280115	3	3	0	2
16	78280116	78282990	3	3	0	2
16	78282991	78803664	3	3	0	2
16	78803665	78832575	4	2	2	2
16	78832576	79584986	3	3	0	3
16	79584987	79652492	3	3	0	1
16	79652493	79813358	3	3	0	2
16	79813359	79813510	3	3	0	2
16	79813511	79813573	3	3	0	2
16	79813574	80580708	3	3	0	2
16	80580709	80582050	3	3	0	2
16	80582051	80706911	3	3	0	2
16	80706912	80708385	3	3	0	2
16	80708386	80946992	3	3	0	2
16	80946993	80951970	3	3	0	2
16	80951971	81012921	3	3	0	2
16	81012922	81051276	5	3	2	2
16	81051277	81067114	5	3	2	1
16	81067115	81349999	4	2	2	2
16	81350000	81528063	5	3	2	2
16	81528064	81537891	4	4	0	1
16	81537892	81555167	4	4	0	1
16	81555168	81562951	3	3	0	2
16	81562952	81622956	5	3	2	2
16	81622957	81795568	3	3	0	2
16	81795569	81829251	5	3	2	2
16	81829252	82183188	3	3	0	3
16	82183189	82790226	3	3	0	3
16	82790227	82822796	5	3	2	2
16	82822797	82832500	3	3	0	2
16	82832501	82874333	3	3	0	2
16	82874334	82908431	5	3	2	2
16	82908432	83050344	3	3	0	2
16	83050345	83052961	3	3	0	2
16	83052962	88827200	3	3	0	2
16	88827201	90354752	3	3	0	2
17	1665	22199999	2	1	1	3
17	22200000	25799999	2	1	1	2
17	25800000	36222172	2	1	1	2
17	36222173	38259168	2	1	1	2
17	38259169	38319320	3	2	1	2
17	38319321	38509584	2	1	1	2
17	38509585	46914694	2	1	1	2
17	46914695	49137086	7	6	1	2
17	49137087	49190302	4	3	1	2
17	49190303	49892487	4	3	1	3
17	49892488	49948745	6	5	1	2
17	49948746	52266020	4	3	1	2
17	52266021	52266945	4	3	1	2
17	52266946	52498004	4	3	1	2
17	52498005	52558962	6	5	1	1
17	52558963	52700227	4	3	1	3
17	52700228	52720801	6	5	1	2
17	52720802	52971426	4	3	1	2
17	52971427	52990247	6	5	1	2
17	52990248	55175832	4	3	1	3
17	55175833	55203348	5	4	1	2
17	55203349	55445825	4	3	1	3
17	55445826	55740562	4	3	1	2
17	55740563	55741202	4	3	1	2
17	55741203	55950858	4	3	1	3
17	55950859	55997075	4	3	1	1
17	55997076	57435315	4	3	1	2
17	57435316	57476434	4	3	1	2
17	57476435	57476963	4	3	1	1
17	57476964	57478926	3	2	1	2
17	57478927	57701732	4	3	1	2
17	57701733	57798924	5	3	2	2
17	57798925	58072104	5	3	2	1
17	58072105	58078641	4	2	2	2
17	58078642	58172118	4	2	2	2
17	58172119	58356966	3	2	1	3
17	58356967	59524799	4	3	1	2
17	59524800	59633326	5	4	1	2
17	59633327	59668040	5	4	1	2
17	59668041	60045259	4	3	1	2
17	60045260	60093059	4	3	1	2
17	60093060	61336234	4	3	1	2
17	61336235	61380266	5	4	1	3
17	61380267	61380646	5	4	1	3
17	61380647	61571951	5	4	1	3
17	61571952	61572250	5	4	1	3
17	61572251	62005635	5	4	1	2
17	62005636	62050986	4	3	1	2
17	62050987	62102990	6	5	1	2
17	62102991	62157525	6	5	1	1
17	62157526	62263966	6	5	1	3
17	62263967	62283105	5	4	1	2
17	62283106	63343485	6	5	1	2
17	63343486	63831722	5	4	1	2
17	63831723	63848978	5	4	1	2
17	63848979	63959673	5	4	1	1
17	63959674	64015251	5	4	1	1
17	64015252	64169461	5	4	1	1
17	64169462	64307060	6	5	1	2
17	64307061	65526578	5	4	1	3
17	65526579	66160873	5	4	1	2
17	66160874	66170794	5	4	1	2
17	66170795	67432982	5	4	1	3
17	67432983	67433006	5	4	1	3
17	67433007	68135628	5	4	1	3
17	68135629	68147073	5	4	1	1
17	68147074	68249528	5	4	1	3
17	68249529	70230330	6	4	2	3
17	70230331	71996338	5	4	1	2
17	71996339	72133353	6	5	1	2
17	72133354	72133373	6	5	1	2
17	72133374	73177986	5	4	1	2
17	73177987	73179584	6	5	1	2
17	73179585	76943230	5	4	1	2
17	76943231	77232130	5	4	1	2
17	77232131	77702345	6	5	1	2
17	77702346	78858824	5	4	1	2
17	78858825	78956353	6	5	1	2
17	78956354	78961011	6	5	1	2
17	78961012	78961421	5	4	1	1
17	78961422	79268771	5	4	1	2
17	79268772	79569695	6	5	1	2
17	79569696	81195209	4	3	1	2
18	27500	80030	2	2	0	2
18	80031	14551567	2	2	0	2
18	14551568	18999999	2	2	0	2
18	19000000	47945933	2	2	0	2
18	47945934	76117000	2	2	0	2
18	76117001	78077247	2	2	0	2
19	102500	254303	2	1	1	2
19	254304	16126059	2	1	1	2
19	16126060	17041140	2	1	1	2
19	17041141	24399999	2	1	1	2
19	24400000	28599999	NA	NA	NA	NA
19	28600000	32193722	3	2	1	2
19	32193723	38343378	3	2	1	2
19	38343379	59128982	2	1	1	3
20	32139	25599999	2	1	1	2
20	25600000	29510413	NA	NA	NA	NA
20	29510414	29854998	3	2	1	2
20	29854999	32875083	3	2	1	2
20	32875084	33461622	3	2	1	2
20	33461623	33466171	2	1	1	2
20	33466172	34562102	3	2	1	2
20	34562103	37323723	2	2	0	2
20	37323724	40994548	4	4	0	2
20	40994549	41214826	3	3	0	2
20	41214827	41304723	4	4	0	2
20	41304724	41337019	3	3	0	2
20	41337020	41589206	4	4	0	2
20	41589207	41662006	3	3	0	2
20	41662007	41737127	3	3	0	2
20	41737128	41774315	2	2	0	2
20	41774316	41774330	2	2	0	2
20	41774331	50731412	2	2	0	2
20	50731413	51296481	3	2	1	2
20	51296482	51828351	4	3	1	2
20	51828352	51832330	4	3	1	1
20	51832331	53665879	3	2	1	2
20	53665880	53710588	5	4	1	2
20	53710589	54028837	5	4	1	2
20	54028838	56394225	4	3	1	2
20	56394226	56417563	5	4	1	2
20	56417564	56418798	5	4	1	1
20	56418799	58099126	5	4	1	2
20	58099127	58099165	4	3	1	2
20	58099166	58845438	5	4	1	2
20	58845439	58845661	4	3	1	2
20	58845662	58863274	5	4	1	2
20	58863275	58863286	5	4	1	2
20	58863287	58936788	5	4	1	2
20	58936789	58989019	4	3	1	2
20	58989020	59189992	5	4	1	2
20	59189993	59255033	4	3	1	2
20	59255034	59336020	3	3	0	2
20	59336021	62435800	3	3	0	2
21	1	9417499	NA	NA	NA	NA
21	9417500	10720000	NA	NA	NA	NA
21	10720001	10899999	2	2	0	1
21	10900000	15273231	NA	NA	NA	NA
21	15273232	24798844	0	0	0	2
21	24798845	26102401	5	5	0	2
21	26102402	27203559	3	3	0	2
21	27203560	27626203	4	4	0	2
21	27626204	27626253	4	4	0	2
21	27626254	38339195	2	2	0	2
21	38339196	38497265	4	4	0	2
21	38497266	38497420	4	4	0	2
21	38497421	44322312	4	4	0	2
21	44322313	45159886	3	3	0	2
21	45159887	47490230	4	4	0	2
22	1	12199999	2	1	1	1
22	12200000	17899999	2	1	1	3
22	17900000	22749700	2	1	1	2
22	22749701	22884992	3	2	1	2
22	22884993	41781923	2	1	1	2
22	41781924	41808865	2	1	1	2
22	41808866	49691400	2	1	1	2
22	49691401	51304565	2	1	1	2
X	1	58099999	3	2	1	2
X	58100000	62999999	NA	NA	NA	NA
X	63000000	65433868	2	1	1	1
X	65433869	76859377	2	1	1	2
X	76859378	82262321	1	1	0	2
X	82262322	154913600	2	2	0	2
