chromosome	start	end	total_cn	major_cn	minor_cn	star
1	1	802500	2	2	0	2
1	802501	121499999	2	2	0	2
1	121500000	128899999	2	2	0	2
1	128900000	142547938	2	2	0	2
1	142547939	143663938	3	2	1	2
1	143663939	146112802	3	2	1	1
1	146112803	149195802	4	2	2	2
1	149195803	151677400	4	2	2	2
1	151677401	153495060	4	2	2	2
1	153495061	156356802	4	2	2	2
1	156356803	169476554	4	2	2	2
1	169476555	172279368	5	3	2	2
1	172279369	172924542	5	3	2	2
1	172924543	224256602	5	3	2	2
1	224256603	224569969	3	2	1	2
1	224569970	228224165	4	2	2	2
1	228224166	228228110	5	3	2	2
1	228228111	247249600	5	3	2	2
1	247249601	249174581	5	3	2	2
2	55219	10950032	4	2	2	3
2	10950033	24060202	4	2	2	3
2	24060203	32949931	3	2	1	1
2	32949932	37437802	4	2	2	3
2	37437803	39480043	4	2	2	2
2	39480044	44217213	4	2	2	3
2	44217214	44640016	3	2	1	2
2	44640017	48204993	4	2	2	3
2	48204994	55320019	4	2	2	3
2	55320020	56029994	5	3	2	2
2	56029995	60889981	4	2	2	2
2	60889982	62643801	2	1	1	1
2	62643802	64149165	4	2	2	3
2	64149166	64149445	4	2	2	2
2	64149446	65829402	4	2	2	2
2	65829403	70619986	4	2	2	3
2	70619987	85110041	4	2	2	3
2	85110042	88590955	4	2	2	2
2	88590956	88859801	2	1	1	2
2	88859802	90499999	4	2	2	2
2	90500000	96810039	4	2	2	2
2	96810040	102390004	4	2	2	2
2	102390005	103324553	4	2	2	3
2	103324554	110361111	4	2	2	3
2	110361112	113155078	4	2	2	2
2	113155079	113469997	2	1	1	2
2	113469998	128509965	4	2	2	3
2	128509966	129015402	2	1	1	2
2	129015403	131947002	4	2	2	3
2	131947003	132959998	4	2	2	3
2	132959999	133089973	2	1	1	2
2	133089974	170180065	4	2	2	3
2	170180066	171479995	4	2	2	2
2	171479996	191427078	4	2	2	3
2	191427079	210182989	3	2	1	3
2	210182990	211336957	3	2	1	3
2	211336958	214278515	3	2	1	2
2	214278516	214278929	3	2	1	2
2	214278930	242951000	3	2	1	3
3	16403	100073	4	2	2	2
3	100074	9520019	4	2	2	3
3	9520020	10315202	4	2	2	1
3	10315203	12890004	4	2	2	2
3	12890005	22288911	4	2	2	3
3	22288912	24159870	4	2	2	3
3	24159871	33600030	4	2	2	3
3	33600031	47057602	4	2	2	3
3	47057603	50174602	2	1	1	2
3	50174603	51723450	3	2	1	1
3	51723451	72890044	4	2	2	3
3	72890045	87899999	4	2	2	2
3	87900000	93899999	4	2	2	3
3	93900000	100335087	4	2	2	3
3	100335088	100447164	4	2	2	2
3	100447165	109269992	4	2	2	3
3	109269993	125109910	4	2	2	3
3	125109911	128250044	4	2	2	2
3	128250045	135771202	4	2	2	3
3	135771203	152690032	4	2	2	3
3	152690033	155439936	4	2	2	3
3	155439937	176860017	4	2	2	3
3	176860018	181480001	4	2	2	3
3	181480002	181699997	2	1	1	1
3	181699998	185741201	3	2	1	1
3	185741202	190688406	4	2	2	3
3	190688407	194955319	5	3	2	3
3	194955320	196645401	3	2	1	2
3	196645402	197779891	4	2	2	2
3	197779892	197847500	5	3	2	2
4	31303	2400014	2	1	1	2
4	2400015	3179950	1	1	0	2
4	3179951	10076802	3	2	1	3
4	10076803	10413111	4	2	2	1
4	10413112	48199999	3	2	1	3
4	48200000	52699999	3	2	1	2
4	52700000	58681871	3	2	1	2
4	58681872	61296572	2	2	0	3
4	61296573	62178264	3	2	1	3
4	62178265	166916295	2	2	0	3
4	166916296	166955071	1	1	0	1
4	166955072	190778060	2	2	0	3
5	22500	1296467	6	4	2	2
5	1296468	1296480	6	4	2	1
5	1296481	31565149	4	2	2	2
5	31565150	32839704	3	2	1	2
5	32839705	32883128	2	2	0	3
5	32883129	37042201	4	2	2	2
5	37042202	40741884	4	2	2	2
5	40741885	45917419	4	2	2	2
5	45917420	50699999	4	2	2	2
5	50700000	52866493	4	2	2	2
5	52866494	56009338	6	4	2	2
5	56009339	56009553	4	2	2	2
5	56009554	63376523	4	2	2	3
5	63376524	63418434	5	3	2	2
5	63418435	63418796	4	2	2	1
5	63418797	68270010	4	2	2	3
5	68270011	70440202	2	1	1	2
5	70440203	76017202	4	2	2	3
5	76017203	78461330	4	2	2	3
5	78461331	126144323	4	2	2	3
5	126144324	132220010	4	2	2	3
5	132220011	134299994	3	2	1	1
5	134299995	139009954	4	2	2	3
5	139009955	140160021	4	2	2	2
5	140160022	141350070	4	2	2	3
5	141350071	148722226	4	2	2	3
5	148722227	149956482	5	3	2	2
5	149956483	152428849	4	2	2	3
5	152428850	154554853	5	3	2	3
5	154554854	155130995	2	2	0	3
5	155130996	156335019	5	3	2	3
5	156335020	163489715	5	3	2	3
5	163489716	163494070	3	2	1	2
5	163494071	163635179	3	2	1	2
5	163635180	163645558	5	3	2	2
5	163645559	163646057	5	3	2	2
5	163646058	163650313	5	3	2	2
5	163650314	171375200	5	3	2	3
5	171375201	171780086	3	2	1	2
5	171780087	180663035	2	1	1	1
6	39681	202776	4	3	1	1
6	202777	10979965	4	3	1	2
6	10979966	13675201	4	3	1	2
6	13675202	13885790	3	2	1	2
6	13885791	15289907	3	2	1	2
6	15289908	24359921	4	3	1	2
6	24359922	32272601	3	2	1	2
6	32272602	43680001	3	2	1	2
6	43680002	58699999	4	3	1	2
6	58700000	63299999	NA	NA	NA	NA
6	63300000	63369840	3	3	0	2
6	63369841	64053218	4	3	1	3
6	64053219	64336649	3	2	1	2
6	64336650	66922211	4	3	1	3
6	66922212	79651401	3	3	0	3
6	79651402	82779987	3	3	0	3
6	82779988	112007279	3	3	0	3
6	112007280	116069532	3	3	0	3
6	116069533	116090583	2	2	0	2
6	116090584	127770027	3	3	0	3
6	127770028	170886918	3	3	0	3
7	40386	3343381	5	4	1	2
7	3343382	4275009	7	5	2	2
7	4275010	4782419	4	3	1	1
7	4782420	4795418	6	4	2	1
7	4795419	7020200	4	3	1	2
7	7020201	26381401	7	5	2	2
7	26381402	33190601	7	5	2	2
7	33190602	40373200	7	5	2	2
7	40373201	43738002	7	5	2	2
7	43738003	57999999	7	5	2	2
7	58000000	61699999	NA	NA	NA	NA
7	61700000	69055001	4	3	1	2
7	69055002	70209972	7	5	2	2
7	70209973	76276001	4	3	1	2
7	76276002	131409601	7	5	2	2
7	131409602	135119002	7	5	2	2
7	135119003	137718955	7	5	2	2
7	137718956	158821400	5	3	2	2
8	159286	2801813	4	2	2	3
8	2801814	2833850	4	2	2	2
8	2833851	6019168	4	2	2	3
8	6019169	6279986	2	1	1	2
8	6279987	22419990	4	2	2	3
8	22419991	28288681	4	2	2	3
8	28288682	28560055	4	2	2	2
8	28560056	33222421	4	2	2	3
8	33222422	39754801	4	2	2	3
8	39754802	39924017	2	1	1	1
8	39924018	43099999	3	2	1	2
8	43100000	48099999	NA	NA	NA	NA
8	48100000	54819990	4	2	2	2
8	54819991	57099962	4	2	2	2
8	57099963	66626208	4	2	2	2
8	66626209	71069915	4	2	2	2
8	71069916	74505601	4	2	2	2
8	74505602	81069976	4	2	2	2
8	81069977	81404296	2	1	1	2
8	81404297	95477052	4	2	2	2
8	95477053	99159949	4	2	2	2
8	99159950	103348202	4	2	2	2
8	103348203	104088118	3	2	1	2
8	104088119	141379756	4	2	2	2
8	141379757	146364021	4	2	2	2
9	64037	202398	2	2	0	2
9	202399	11644017	2	2	0	2
9	11644018	11651097	0	0	0	2
9	11651098	11859148	2	2	0	2
9	11859149	11955292	0	0	0	3
9	11955293	21721186	2	2	0	2
9	21721187	22821615	0	0	0	3
9	22821616	22865941	2	2	0	2
9	22865942	22884245	0	0	0	3
9	22884246	47299999	2	2	0	2
9	47300000	50699999	2	2	0	2
9	50700000	66827499	2	2	0	2
9	66827500	77965018	4	4	0	3
9	77965019	128143456	4	4	0	3
9	128143457	134470131	4	4	0	2
9	134470132	140273200	4	4	0	2
9	140273201	141057896	2	2	0	1
10	95353	37999999	2	2	0	2
10	38000000	42450401	2	2	0	2
10	42450402	65226570	2	2	0	2
10	65226571	65226757	2	2	0	2
10	65226758	89722297	2	2	0	2
10	89722298	89734661	5	5	0	1
10	89734662	90900906	0	0	0	2
10	90900907	93515743	2	2	0	2
10	93515744	93515757	2	2	0	2
10	93515758	135389924	2	2	0	3
11	20721	197336	1	1	0	1
11	197337	2292640	1	1	0	1
11	2292641	2876095	1	1	0	2
11	2876096	16509983	3	2	1	2
11	16509984	51582499	3	2	1	2
11	51582500	55699999	3	2	1	2
11	55700000	61265479	3	2	1	2
11	61265480	134452200	2	2	0	3
12	110107	19033402	2	1	1	2
12	19033403	19062280	1	1	0	2
12	19062281	33299999	2	1	1	2
12	33300000	38199999	2	1	1	2
12	38200000	132349400	2	1	1	2
12	132349401	133851894	2	1	1	2
13	1	16299999	3	2	1	1
13	16300000	19499999	NA	NA	NA	NA
13	19500000	20599887	3	2	1	2
13	20599888	24854029	4	2	2	2
13	24854030	24885673	2	2	0	2
13	24885674	41231555	4	2	2	2
13	41231556	46059912	4	2	2	2
13	46059913	48814807	4	2	2	2
13	48814808	50624602	4	2	2	2
13	50624603	103243470	4	2	2	2
13	103243471	103244900	4	2	2	2
13	103244901	107762056	4	2	2	2
13	107762057	107762223	4	2	2	2
13	107762224	113910049	4	2	2	2
13	113910050	114142800	4	2	2	1
13	114142801	115169877	4	2	2	2
14	1	16099999	2	1	1	1
14	16100000	19099999	NA	NA	NA	NA
14	19100000	20375050	0	0	0	1
14	20375051	106318400	2	1	1	3
14	106318401	107349539	2	1	1	2
15	1	15799999	4	2	2	1
15	15800000	20699999	NA	NA	NA	NA
15	20700000	22532884	4	2	2	2
15	22532885	45989979	4	2	2	3
15	45989980	72270040	4	2	2	3
15	72270041	74749999	4	2	2	2
15	74750000	75919998	4	2	2	1
15	75919999	79259996	4	2	2	2
15	79259997	82581802	4	2	2	3
15	82581803	83775201	4	2	2	2
15	83775202	84925004	4	2	2	3
15	84925005	85929315	3	2	1	1
15	85929316	89426049	4	2	2	3
15	89426050	89611556	2	1	1	1
15	89611557	90110012	4	2	2	2
15	90110013	91335743	4	2	2	1
15	91335744	91336728	4	2	2	2
15	91336729	91337315	4	2	2	2
15	91337316	91337333	4	2	2	2
15	91337334	91337989	4	2	2	2
15	91337990	91349340	4	2	2	2
15	91349341	93303542	4	2	2	3
15	93303543	93429979	2	1	1	2
15	93429980	100381937	4	2	2	3
15	100381938	102442517	4	2	2	2
16	90769	134371	4	2	2	1
16	134372	9402212	3	2	1	1
16	9402213	10327125	4	2	2	3
16	10327126	14417157	3	2	1	1
16	14417158	20930148	5	3	2	2
16	20930149	32291202	5	3	2	2
16	32291203	33458401	4	2	2	2
16	33458402	34599999	3	2	1	2
16	34600000	38599999	NA	NA	NA	NA
16	38600000	48365611	5	3	2	2
16	48365612	50291503	4	2	2	2
16	50291504	52970022	4	2	2	3
16	52970023	70709978	4	2	2	3
16	70709979	72049961	4	2	2	2
16	72049962	88860015	4	2	2	3
16	88860016	90033239	4	2	2	2
17	828	22199999	2	1	1	1
17	22200000	25799999	2	1	1	2
17	25800000	78774600	2	1	1	1
17	78774601	81195209	2	1	1	2
18	27500	349483	3	2	1	2
18	349484	15399999	3	2	1	2
18	15400000	18999999	NA	NA	NA	NA
18	19000000	33173809	2	1	1	2
18	33173810	33984173	3	2	1	3
18	33984174	76117000	2	1	1	2
18	76117001	78077247	2	1	1	2
19	249357	834168	2	1	1	2
19	834169	12190243	2	1	1	2
19	12190244	24399999	2	1	1	2
19	24400000	28599999	NA	NA	NA	NA
19	28600000	30469970	4	2	2	2
19	30469971	35370035	3	2	1	1
19	35370036	43860029	3	2	1	2
19	43860030	44995407	3	2	1	2
19	44995408	59128982	2	1	1	2
20	32012	17900007	4	2	2	2
20	17900008	18245036	3	2	1	1
20	18245037	25599999	4	2	2	2
20	25600000	29399999	NA	NA	NA	NA
20	29400000	46220801	3	2	1	2
20	46220802	47459992	4	2	2	2
20	47459993	52532602	3	2	1	2
20	52532603	54893402	4	2	2	2
20	54893403	62435800	4	2	2	2
21	1	10899999	NA	NA	NA	NA
21	10900000	14299999	4	2	2	2
21	14300000	27242158	3	2	1	2
21	27242159	27244747	3	2	1	2
21	27244748	46944200	3	2	1	2
21	46944201	48129894	3	2	1	2
22	1	12199999	3	2	1	1
22	12200000	17899999	3	2	1	2
22	17900000	22308201	3	2	1	2
22	22308202	32870041	3	2	1	2
22	32870042	43610008	3	2	1	2
22	43610009	46558235	4	2	2	2
22	46558236	49691400	4	2	2	2
22	49691401	51304565	4	2	2	2
X	1	1461946	1	1	0	1
X	1461947	58099999	2	2	0	2
X	58100000	62999999	NA	NA	NA	NA
X	63000000	154913600	2	2	0	2
