chromosome	start	end	total_cn	major_cn	minor_cn	star
1	1	121499999	2	1	1	1
1	121500000	128899999	2	1	1	1
1	128900000	143752499	2	1	1	1
1	143752500	191620011	2	1	1	1
1	191620012	247247500	3	2	1	1
1	247247501	249250620	3	2	1	1
2	54536	55217950	1	1	0	1
2	55217951	55219530	2	1	1	1
2	55219531	55515191	3	2	1	1
2	55515192	55517532	3	2	1	1
2	55517533	55698893	3	2	1	1
2	55698894	56030188	5	4	1	1
2	56030189	66609601	3	2	1	1
2	66609602	66889355	4	3	1	1
2	66889356	90499999	2	1	1	1
2	90500000	96799999	2	1	1	1
2	96800000	242979500	2	1	1	1
3	62309	566240	1	1	0	1
3	566241	573251	1	1	0	1
3	573252	87899999	1	1	0	1
3	87900000	93899999	NA	NA	NA	NA
3	93900000	197847500	2	2	0	1
4	27500	48199999	2	1	1	1
4	48200000	52699999	2	1	1	1
4	52700000	154122521	2	1	1	1
4	154122522	170707239	1	1	0	1
4	170707240	170707706	1	1	0	1
4	170707707	170710181	1	1	0	1
4	170710182	170711321	1	1	0	1
4	170711322	170711802	1	1	0	1
4	170711803	176562281	1	1	0	1
4	176562282	181060847	1	1	0	1
4	181060848	185972851	1	1	0	1
4	185972852	190810421	1	1	0	1
5	22500	34567772	4	3	1	1
5	34567773	34574021	2	1	1	1
5	34574022	45295607	4	3	1	1
5	45295608	45295841	2	1	1	1
5	45295842	50699999	NA	NA	NA	NA
5	50700000	171009979	1	1	0	1
5	171009980	180689978	2	1	1	1
6	39681	240400	2	1	1	1
6	240401	58699999	2	1	1	1
6	58700000	63299999	2	1	1	1
6	63300000	165391417	2	1	1	1
6	165391418	170905605	1	1	0	1
7	40386	16182339	2	1	1	1
7	16182340	16426693	1	1	0	1
7	16426694	57999999	2	1	1	1
7	58000000	61699999	2	1	1	1
7	61700000	86652279	2	1	1	1
7	86652280	86659727	2	1	1	1
7	86659728	158817500	2	1	1	1
8	10001	201887	1	1	0	1
8	201888	37270595	1	1	0	1
8	37270596	37280434	1	1	0	1
8	37280435	37464759	7	7	0	1
8	37464760	37747131	6	5	1	1
8	37747132	38358818	9	9	0	1
8	38358819	38376606	11	11	0	1
8	38376607	38377167	11	11	0	1
8	38377168	40723621	1	1	0	1
8	40723622	42159767	4	3	1	1
8	42159768	42741993	6	5	1	1
8	42741994	42756667	2	1	1	1
8	42756668	48099999	2	1	1	1
8	48100000	67393553	2	1	1	1
8	67393554	67394538	2	1	1	1
8	67394539	146364021	2	1	1	1
9	52204	238610	1	1	0	1
9	238611	9360051	1	1	0	1
9	9360052	9805709	0	0	0	1
9	9805710	20209989	1	1	0	1
9	20209990	31827026	0	0	0	1
9	31827027	31827768	4	4	0	1
9	31827769	31876009	7	7	0	1
9	31876010	31925772	7	7	0	1
9	31925773	31948870	9	9	0	1
9	31948871	31957576	8	8	0	1
9	31957577	31991075	10	10	0	1
9	31991076	31992070	7	7	0	1
9	31992071	31995236	3	3	0	1
9	31995237	32180544	3	3	0	1
9	32180545	32184600	3	3	0	1
9	32184601	43580402	1	1	0	1
9	43580403	47299999	2	1	1	1
9	47300000	50699999	2	1	1	1
9	50700000	65910002	2	1	1	1
9	65910003	93487147	2	1	1	1
9	93487148	93487672	2	1	1	1
9	93487673	97682424	2	1	1	1
9	97682425	97682486	2	1	1	1
9	97682487	99321456	2	1	1	1
9	99321457	99329150	2	1	1	1
9	99329151	111957773	2	1	1	1
9	111957774	116813325	2	1	1	1
9	116813326	118966783	2	1	1	1
9	118966784	118968340	2	1	1	1
9	118968341	127472499	2	1	1	1
9	127472500	140273200	2	1	1	1
10	95353	37999999	1	1	0	1
10	38000000	42299999	NA	NA	NA	NA
10	42300000	130522136	2	1	1	1
10	130522137	131159557	2	1	1	1
10	131159558	131159971	2	1	1	1
10	131159972	132423074	2	1	1	1
10	132423075	133619511	1	1	0	1
10	133619512	133619827	1	1	0	1
10	133619828	133620126	1	1	0	1
10	133620127	133620707	1	1	0	1
10	133620708	135235874	2	1	1	1
10	135235875	135389924	2	1	1	1
11	20721	196943	2	1	1	1
11	196944	50286319	2	1	1	1
11	50286320	50287182	2	1	1	1
11	50287183	51599999	2	1	1	1
11	51600000	55699999	2	1	1	1
11	55700000	134452200	2	1	1	1
12	110107	24165588	2	1	1	1
12	24165589	24180847	1	1	0	1
12	24180848	33299999	2	1	1	1
12	33300000	38199999	NA	NA	NA	NA
12	38200000	107336969	1	1	0	1
12	107336970	132349400	2	1	1	1
12	132349401	133851894	2	1	1	1
13	1	16299999	2	1	1	1
13	16300000	19499999	2	1	1	1
13	19500000	63815836	2	1	1	1
13	63815837	94395991	2	1	1	1
13	94395992	94443894	3	2	1	1
13	94443895	114142800	2	1	1	1
13	114142801	115169877	2	1	1	1
14	1	16099999	1	1	0	1
14	16100000	19099999	1	1	0	1
14	19100000	106368400	1	1	0	1
15	1	15799999	2	1	1	1
15	15800000	20699999	2	1	1	1
15	20700000	24367499	2	1	1	1
15	24367500	26919027	2	1	1	1
15	26919028	26923472	3	2	1	1
15	26923473	26955325	4	3	1	1
15	26955326	26960264	3	2	1	1
15	26960265	100338800	2	1	1	1
15	100338801	102531391	2	1	1	1
16	85065	33437499	2	1	1	1
16	33437500	34200029	2	1	1	1
16	34200030	38599999	NA	NA	NA	NA
16	38600000	46415802	3	2	1	1
16	46415803	88827200	3	2	1	1
16	88827201	90354752	3	2	1	1
17	12500	22199999	1	1	0	1
17	22200000	25799999	NA	NA	NA	NA
17	25800000	32526415	2	1	1	1
17	32526416	32658792	4	3	1	1
17	32658793	78799211	2	1	1	1
17	78799212	81195209	2	1	1	1
18	27500	160697	3	2	1	1
18	160698	14938083	3	2	1	1
18	14938084	18999999	NA	NA	NA	NA
18	19000000	20254953	3	2	1	1
18	20254954	21786403	4	3	1	1
18	21786404	21857605	3	2	1	1
18	21857606	39168887	1	1	0	1
18	39168888	39230695	3	2	1	1
18	39230696	76117000	1	1	0	1
18	76117001	78077247	1	1	0	1
19	102500	22029417	2	1	1	1
19	22029418	23250003	3	2	1	1
19	23250004	24399999	2	1	1	1
19	24400000	28599999	NA	NA	NA	NA
19	28600000	59128982	3	2	1	1
20	32209	23413220	2	1	1	1
20	23413221	23413656	2	1	1	1
20	23413657	25599999	2	1	1	1
20	25600000	29512499	2	1	1	1
20	29512500	62432500	2	1	1	1
21	1	9417499	NA	NA	NA	NA
21	9417500	10899999	NA	NA	NA	NA
21	10900000	14299999	2	2	0	1
21	14300000	46937500	2	1	1	1
21	46937501	48129894	2	1	1	1
22	1	12199999	2	1	1	1
22	12200000	17899999	2	1	1	1
22	17900000	18877786	2	1	1	1
22	18877787	19014463	2	1	1	1
22	19014464	49687500	2	1	1	1
22	49687501	51304565	2	1	1	1
X	1	36210510	2	1	1	1
X	36210511	36212245	2	1	1	1
X	36212246	38482828	3	2	1	1
X	38482829	38787678	2	1	1	1
X	38787679	58099999	3	2	1	1
X	58100000	62999999	NA	NA	NA	NA
X	63000000	92379999	2	1	1	1
X	92380000	99089947	2	1	1	1
X	99089948	99089969	2	1	1	1
X	99089970	154929638	2	1	1	1
