chromosome	start	end	total_cn	major_cn	minor_cn	star
1	10001	8224256	2	1	1	1
1	8224257	8479660	6	5	1	1
1	8479661	8480229	6	5	1	1
1	8480230	9470585	5	3	2	1
1	9470586	9669508	5	3	2	1
1	9669509	10236512	3	2	1	1
1	10236513	10253446	5	3	2	1
1	10253447	17700320	3	2	1	1
1	17700321	17850211	4	3	1	1
1	17850212	17866508	1	1	0	1
1	17866509	18031830	4	3	1	1
1	18031831	19301221	2	1	1	1
1	19301222	19301328	2	1	1	1
1	19301329	19301407	2	1	1	1
1	19301408	19426519	4	2	2	1
1	19426520	24118625	5	3	2	1
1	24118626	24233938	3	2	1	1
1	24233939	25743315	3	2	1	1
1	25743316	25749211	4	3	1	1
1	25749212	33895002	3	2	1	1
1	33895003	36021171	4	2	2	1
1	36021172	36063940	3	2	1	1
1	36063941	40341644	4	2	2	1
1	40341645	40345922	2	1	1	1
1	40345923	40418234	6	4	2	1
1	40418235	40428786	6	4	2	1
1	40428787	40428912	9	6	3	1
1	40428913	40441045	5	3	2	1
1	40441046	40441080	5	4	1	1
1	40441081	41386353	4	2	2	1
1	41386354	41387246	5	3	2	1
1	41387247	43769759	2	1	1	1
1	43769760	43770699	2	1	1	1
1	43770700	47413476	4	2	2	1
1	47413477	47429881	6	4	2	1
1	47429882	51935441	4	2	2	1
1	51935442	52138644	6	4	2	1
1	52138645	53515335	5	3	2	1
1	53515336	53556608	6	4	2	1
1	53556609	53636842	8	4	4	1
1	53636843	53826707	5	3	2	1
1	53826708	58768230	2	1	1	1
1	58768231	67951391	4	2	2	1
1	67951392	68215240	6	4	2	1
1	68215241	94726965	4	2	2	1
1	94726966	94984834	3	2	1	1
1	94984835	95399559	4	2	2	1
1	95399560	95448291	2	1	1	1
1	95448292	109698928	4	2	2	1
1	109698929	109918214	6	4	2	1
1	109918215	113691686	4	2	2	1
1	113691687	113708616	2	1	1	1
1	113708617	119995965	4	2	2	1
1	119995966	120285685	4	2	2	1
1	120285686	120287684	3	2	1	1
1	120287685	120288273	9	6	3	1
1	120288274	120294009	6	4	2	1
1	120294010	120361214	6	4	2	1
1	120361215	121499999	5	3	2	1
1	121500000	128899999	NA	NA	NA	NA
1	128900000	144018801	3	2	1	1
1	144018802	145716903	5	3	2	1
1	145716904	145748370	7	5	2	1
1	145748371	149058055	5	3	2	1
1	149058056	150405485	5	3	2	1
1	150405486	150583193	7	4	3	1
1	150583194	155132290	5	3	2	1
1	155132291	155161219	3	2	1	1
1	155161220	157641623	5	3	2	1
1	157641624	157641663	5	3	2	1
1	157641664	157645475	3	2	1	1
1	157645476	161178124	3	2	1	1
1	161178125	161259598	5	4	1	1
1	161259599	161309674	5	3	2	1
1	161309675	161365601	5	3	2	1
1	161365602	161957634	4	2	2	1
1	161957635	162147819	5	3	2	1
1	162147820	162404449	2	1	1	1
1	162404450	162411599	2	1	1	1
1	162411600	162411644	6	3	3	1
1	162411645	196258968	2	1	1	1
1	196258969	196327078	5	3	2	1
1	196327079	196690003	4	2	2	1
1	196690004	196854919	3	2	1	1
1	196854920	214340050	3	2	1	1
1	214340051	214355636	2	1	1	1
1	214355637	224353651	2	1	1	1
1	224353652	224362045	2	1	1	1
1	224362046	234774220	3	2	1	1
1	234774221	234809616	4	2	2	1
1	234809617	236876961	2	1	1	1
1	236876962	236958616	4	3	1	1
1	236958617	247249600	3	2	1	1
1	247249601	249250620	4	2	2	1
2	20016	8230613	2	1	1	1
2	8230614	8267293	2	1	1	1
2	8267294	17539917	4	3	1	1
2	17539918	17734628	4	2	2	1
2	17734629	20316279	4	3	1	1
2	20316280	20457863	5	3	2	1
2	20457864	23432719	4	3	1	1
2	23432720	23475180	3	2	1	1
2	23475181	24251966	4	3	1	1
2	24251967	24282292	2	1	1	1
2	24282293	27928083	4	3	1	1
2	27928084	28017238	4	2	2	1
2	28017239	38506751	4	3	1	1
2	38506752	38507923	1	1	0	1
2	38507924	38508841	1	1	0	1
2	38508842	38700299	4	3	1	1
2	38700300	43954365	4	3	1	1
2	43954366	44027167	2	1	1	1
2	44027168	45839359	4	3	1	1
2	45839360	45865084	4	3	1	1
2	45865085	47195694	2	1	1	1
2	47195695	47429113	5	3	2	1
2	47429114	48347740	4	3	1	1
2	48347741	48358416	4	2	2	1
2	48358417	62706588	4	3	1	1
2	62706589	62724893	4	2	2	1
2	62724894	68650963	4	3	1	1
2	68650964	69013544	4	2	2	1
2	69013545	71433940	4	3	1	1
2	71433941	71479879	3	3	0	1
2	71479880	75828631	2	1	1	1
2	75828632	75848535	3	2	1	1
2	75848536	85701501	4	3	1	1
2	85701502	85748049	2	1	1	1
2	85748050	89847499	4	3	1	1
2	89847500	96799999	NA	NA	NA	NA
2	96800000	102646710	2	1	1	1
2	102646711	102766308	4	3	1	1
2	102766309	102766876	1	1	0	1
2	102766877	102774947	4	3	1	1
2	102774948	114093150	2	1	1	1
2	114093151	114275867	3	2	1	1
2	114275868	158899262	4	3	1	1
2	158899263	158930855	2	1	1	1
2	158930856	162951382	4	3	1	1
2	162951383	163065201	2	1	1	1
2	163065202	201683044	4	3	1	1
2	201683045	201690757	5	4	1	1
2	201690758	201697706	7	6	1	1
2	201697707	201701075	4	3	1	1
2	201701076	204261656	4	3	1	1
2	204261657	204427720	4	2	2	1
2	204427721	204439692	4	2	2	1
2	204439693	204469721	3	2	1	1
2	204469722	204520923	6	4	2	1
2	204520924	204566173	2	1	1	1
2	204566174	204615821	4	2	2	1
2	204615822	208850950	4	3	1	1
2	208850951	208941303	5	3	2	1
2	208941304	217341064	4	3	1	1
2	217341065	217417313	2	1	1	1
2	217417314	223691951	2	1	1	1
2	223691952	223797395	2	1	1	1
2	223797396	242985752	2	1	1	1
3	60202	13277094	4	2	2	1
3	13277095	13338412	3	2	1	1
3	13338413	13466426	3	2	1	1
3	13466427	27360470	2	1	1	1
3	27360471	27437604	5	3	2	1
3	27437605	47211711	2	1	1	1
3	47211712	47290393	2	1	1	1
3	47290394	47390614	3	2	1	1
3	47390615	49271632	3	2	1	1
3	49271633	49410741	2	1	1	1
3	49410742	49811604	2	1	1	1
3	49811605	50016481	3	2	1	1
3	50016482	52018251	4	2	2	1
3	52018252	52320892	1	1	0	1
3	52320893	52331819	1	1	0	1
3	52331820	52350181	4	2	2	1
3	52350182	52352135	6	3	3	1
3	52352136	52474300	6	3	3	1
3	52474301	52541496	8	4	4	1
3	52541497	52558473	5	3	2	1
3	52558474	61518385	3	2	1	1
3	61518386	61543312	3	2	1	1
3	61543313	68318255	2	1	1	1
3	68318256	68385721	1	1	0	1
3	68385722	72060137	3	2	1	1
3	72060138	72166056	6	3	3	1
3	72166057	87899999	2	1	1	1
3	87900000	93899999	NA	NA	NA	NA
3	93900000	123517629	2	1	1	1
3	123517630	124653485	3	2	1	1
3	124653486	124713700	2	1	1	1
3	124713701	125056100	2	1	1	1
3	125056101	125150307	5	3	2	1
3	125150308	126027165	3	2	1	1
3	126027166	126150304	6	4	2	1
3	126150305	127688349	3	2	1	1
3	127688350	127752433	3	2	1	1
3	127752434	133325028	2	1	1	1
3	133325029	133512364	5	3	2	1
3	133512365	148966695	2	1	1	1
3	148966696	149091720	6	4	2	1
3	149091721	151938455	2	1	1	1
3	151938456	151947386	6	3	3	1
3	151947387	158041969	2	1	1	1
3	158041970	158109313	3	3	0	1
3	158109314	172018651	3	2	1	1
3	172018652	172042473	8	6	2	1
3	172042474	172119669	3	2	1	1
3	172119670	172369972	8	6	2	1
3	172369973	187660493	2	1	1	1
3	187660494	187664651	3	2	1	1
3	187664652	187741952	3	2	1	1
3	187741953	187742086	2	1	1	1
3	187742087	187752982	4	2	2	1
3	187752983	194077737	1	1	0	1
3	194077738	194093702	2	2	0	1
3	194093703	194266791	3	3	0	1
3	194266792	195830896	3	2	1	1
3	195830897	196099070	5	3	2	1
3	196099071	197303721	3	2	1	1
3	197303722	197308087	2	1	1	1
3	197308088	197850842	3	2	1	1
4	27500	50083	1	1	0	1
4	50084	1676292	2	1	1	1
4	1676293	1872783	3	2	1	1
4	1872784	3456173	4	3	1	1
4	3456174	3464649	2	1	1	1
4	3464650	6904108	2	1	1	1
4	6904109	6911972	2	1	1	1
4	6911973	46354377	4	3	1	1
4	46354378	46356702	2	1	1	1
4	46356703	46364655	1	1	0	1
4	46364656	48199999	2	1	1	1
4	48200000	52699999	NA	NA	NA	NA
4	52700000	69551890	4	3	1	1
4	69551891	69562499	5	3	2	1
4	69562500	69610804	5	3	2	1
4	69610805	70376579	2	1	1	1
4	70376580	70434694	4	3	1	1
4	70434695	74109832	2	1	1	1
4	74109833	74237689	4	3	1	1
4	74237690	74267843	4	3	1	1
4	74267844	74268059	4	3	1	1
4	74268060	74270307	3	2	1	1
4	74270308	74326939	2	1	1	1
4	74326940	74358491	5	3	2	1
4	74358492	74400289	3	2	1	1
4	74400290	77338175	2	1	1	1
4	77338176	77451352	4	3	1	1
4	77451353	77699621	4	3	1	1
4	77699622	77753834	3	2	1	1
4	77753835	77775511	6	5	1	1
4	77775512	77796751	3	2	1	1
4	77796752	100004491	2	1	1	1
4	100004492	100030269	3	2	1	1
4	100030270	100117021	3	2	1	1
4	100117022	100117040	4	4	0	1
4	100117041	100209809	3	2	1	1
4	100209810	100406919	2	1	1	1
4	100406920	109524817	0	0	0	1
4	109524818	120495117	2	1	1	1
4	120495118	120497415	2	1	1	1
4	120497416	155474024	2	1	1	1
4	155474025	155653183	4	3	1	1
4	155653184	165867597	2	1	1	1
4	165867598	166030331	5	3	2	1
4	166030332	185815548	2	1	1	1
4	185815549	185940947	3	2	1	1
4	185940948	191154275	4	3	1	1
5	22500	981782	1	1	0	1
5	981783	1304408	3	2	1	1
5	1304409	7970387	4	3	1	1
5	7970388	7982367	5	3	2	1
5	7982368	29292659	3	2	1	1
5	29292660	29303526	3	2	1	1
5	29303527	35324879	3	2	1	1
5	35324880	35329506	4	2	2	1
5	35329507	40661167	3	2	1	1
5	40661168	40958050	3	2	1	1
5	40958051	46099999	3	2	1	1
5	46100000	50699999	NA	NA	NA	NA
5	50700000	54724433	2	1	1	1
5	54724434	54858831	5	3	2	1
5	54858832	54873682	5	3	2	1
5	54873683	55044212	5	3	2	1
5	55044213	55566993	3	2	1	1
5	55566994	67382126	4	3	1	1
5	67382127	67558274	4	3	1	1
5	67558275	74636637	4	3	1	1
5	74636638	74637085	2	1	1	1
5	74637086	75797990	4	3	1	1
5	75797991	75999734	3	3	0	1
5	75999735	80414368	4	3	1	1
5	80414369	80423212	3	2	1	1
5	80423213	90111931	4	3	1	1
5	90111932	90282611	4	3	1	1
5	90282612	132171231	4	3	1	1
5	132171232	132239072	4	3	1	1
5	132239073	133771192	2	1	1	1
5	133771193	133795253	2	1	1	1
5	133795254	133910988	4	3	1	1
5	133910989	133945504	4	3	1	1
5	133945505	172053564	4	3	1	1
5	172053565	172208482	2	1	1	1
5	172208483	172208891	2	1	1	1
5	172208892	172215847	1	1	0	1
5	172215848	172260444	2	1	1	1
5	172260445	179479668	2	1	1	1
5	179479669	179529061	5	3	2	1
5	179529062	180718018	2	1	1	1
6	39681	202467	1	1	0	1
6	202468	399995	2	1	1	1
6	399996	11278919	4	2	2	1
6	11278920	11480842	5	3	2	1
6	11480843	12209440	4	2	2	1
6	12209441	12552445	6	4	2	1
6	12552446	33575108	4	2	2	1
6	33575109	33743963	3	2	1	1
6	33743964	35886820	4	2	2	1
6	35886821	37028240	4	2	2	1
6	37028241	37038423	6	3	3	1
6	37038424	39260228	2	1	1	1
6	39260229	39260453	6	3	3	1
6	39260454	43510485	2	1	1	1
6	43510486	43513530	2	1	1	1
6	43513531	43657949	9	7	2	1
6	43657950	43802617	10	7	3	1
6	43802618	43809867	5	3	2	1
6	43809868	43922054	10	7	3	1
6	43922055	44136681	4	3	1	1
6	44136682	44137353	4	3	1	1
6	44137354	44137892	1	1	0	1
6	44137893	44138193	1	1	0	1
6	44138194	44172825	17	15	2	1
6	44172826	44173118	7	6	1	1
6	44173119	44794760	4	2	2	1
6	44794761	44805732	8	6	2	1
6	44805733	45388429	3	2	1	1
6	45388430	45398404	7	5	2	1
6	45398405	45451726	7	5	2	1
6	45451727	45659336	7	5	2	1
6	45659337	45708193	7	5	2	1
6	45708194	45833128	4	2	2	1
6	45833129	45837341	4	3	1	1
6	45837342	45846388	7	5	2	1
6	45846389	45846864	5	4	1	1
6	45846865	46089366	7	5	2	1
6	46089367	46093092	4	2	2	1
6	46093093	46136489	3	2	1	1
6	46136490	46139192	6	4	2	1
6	46139193	46388367	6	4	2	1
6	46388368	46624863	6	4	2	1
6	46624864	46646181	3	2	1	1
6	46646182	56184344	4	2	2	1
6	56184345	56350250	6	4	2	1
6	56350251	58699999	4	2	2	1
6	58700000	63299999	4	2	2	1
6	63300000	65078376	4	2	2	1
6	65078377	88491157	3	2	1	1
6	88491158	95591473	3	2	1	1
6	95591474	97530236	4	3	1	1
6	97530237	97598169	3	2	1	1
6	97598170	111257637	3	2	1	1
6	111257638	111310795	2	1	1	1
6	111310796	167913557	4	3	1	1
6	167913558	168047248	5	3	2	1
6	168047249	170919682	3	2	1	1
7	40386	30284351	2	1	1	1
7	30284352	30320916	7	5	2	1
7	30320917	34915870	2	1	1	1
7	34915871	35015095	4	3	1	1
7	35015096	38244495	2	1	1	1
7	38244496	44156891	2	1	1	1
7	44156892	44353794	3	2	1	1
7	44353795	57999999	2	1	1	1
7	58000000	61699999	NA	NA	NA	NA
7	61700000	70017614	2	1	1	1
7	70017615	70050098	5	3	2	1
7	70050099	73077001	2	1	1	1
7	73077002	73218672	4	3	1	1
7	73218673	98867495	2	1	1	1
7	98867496	98909088	4	2	2	1
7	98909089	99597350	2	1	1	1
7	99597351	99625537	2	1	1	1
7	99625538	100366904	4	3	1	1
7	100366905	100543180	4	3	1	1
7	100543181	100731159	4	3	1	1
7	100731160	100732394	3	2	1	1
7	100732395	128747957	2	1	1	1
7	128747958	128859438	5	4	1	1
7	128859439	142497211	2	1	1	1
7	142497212	154910870	3	2	1	1
7	154910871	154911035	3	2	1	1
7	154911036	154911683	3	2	1	1
7	154911684	155099733	5	3	2	1
7	155099734	158821400	2	1	1	1
8	10001	156503	1	1	0	1
8	156504	6936904	2	2	0	1
8	6936905	6961802	1	1	0	1
8	6961803	7280002	2	2	0	1
8	7280003	8087401	2	2	0	1
8	8087402	9176251	2	2	0	1
8	9176252	9321818	6	4	2	1
8	9321819	9891932	2	1	1	1
8	9891933	9910484	2	1	1	1
8	9910485	18508881	4	2	2	1
8	18508882	18828615	1	1	0	1
8	18828616	26563851	2	2	0	1
8	26563852	26619135	2	2	0	1
8	26619136	43099999	3	3	0	1
8	43100000	48099999	NA	NA	NA	NA
8	48100000	53993001	3	3	0	1
8	53993002	58517278	3	3	0	1
8	58517279	58520017	1	1	0	1
8	58520018	58557444	1	1	0	1
8	58557445	87248166	4	2	2	1
8	87248167	87258786	4	2	2	1
8	87258787	98800063	4	2	2	1
8	98800064	98865043	4	2	2	1
8	98865044	98878927	5	3	2	1
8	98878928	99097413	4	2	2	1
8	99097414	99102547	5	3	2	1
8	99102548	104808711	4	2	2	1
8	104808712	108615516	3	3	0	1
8	108615517	133583670	3	3	0	1
8	133583671	133595512	1	1	0	1
8	133595513	146364021	3	3	0	1
9	47500	203936	3	2	1	1
9	203937	4220614	2	1	1	1
9	4220615	4369875	3	2	1	1
9	4369876	30309615	2	1	1	1
9	30309616	30689686	1	1	0	1
9	30689687	33240855	3	2	1	1
9	33240856	33241135	3	2	1	1
9	33241136	44102499	2	1	1	1
9	44102500	47299999	3	2	1	1
9	47300000	50699999	3	2	1	1
9	50700000	66462499	3	2	1	1
9	66462500	68778819	3	2	1	1
9	68778820	71703519	4	2	2	1
9	71703520	71704253	3	2	1	1
9	71704254	71711507	6	4	2	1
9	71711508	71718291	6	4	2	1
9	71718292	80014169	2	1	1	1
9	80014170	86194735	2	1	1	1
9	86194736	86263925	3	2	1	1
9	86263926	92254691	2	1	1	1
9	92254692	92270748	6	4	2	1
9	92270749	99810645	2	1	1	1
9	99810646	99938850	5	3	2	1
9	99938851	114772721	3	2	1	1
9	114772722	114796130	2	1	1	1
9	114796131	115999535	3	2	1	1
9	115999536	116038482	8	6	2	1
9	116038483	116253073	7	5	2	1
9	116253074	116298650	6	3	3	1
9	116298651	120881771	2	1	1	1
9	120881772	120882153	3	2	1	1
9	120882154	120902158	4	2	2	1
9	120902159	120902601	4	2	2	1
9	120902602	121019064	4	2	2	1
9	121019065	121019097	4	2	2	1
9	121019098	121088163	3	2	1	1
9	121088164	121088283	2	1	1	1
9	121088284	121088506	2	1	1	1
9	121088507	121089340	2	1	1	1
9	121089341	123515740	2	1	1	1
9	123515741	123534580	2	1	1	1
9	123534581	124284330	2	1	1	1
9	124284331	124301627	5	3	2	1
9	124301628	127208802	2	1	1	1
9	127208803	128003162	2	1	1	1
9	128003163	128023724	5	3	2	1
9	128023725	129923778	3	2	1	1
9	129923779	130108493	5	3	2	1
9	130108494	130740016	3	2	1	1
9	130740017	130872660	5	3	2	1
9	130872661	136312930	3	2	1	1
9	136312931	136397213	5	3	2	1
9	136397214	137105312	3	2	1	1
9	137105313	137110600	3	2	1	1
9	137110601	137182357	3	2	1	1
9	137182358	139467651	2	1	1	1
9	139467652	139467898	3	2	1	1
9	139467899	140273200	3	2	1	1
10	95662	413325	2	1	1	1
10	413326	462488	2	1	1	1
10	462489	4979264	4	3	1	1
10	4979265	12324932	3	2	1	1
10	12324933	12367685	4	3	1	1
10	12367686	21786644	3	2	1	1
10	21786645	21805618	4	3	1	1
10	21805619	30112976	3	2	1	1
10	30112977	30113115	2	1	1	1
10	30113116	30163816	5	4	1	1
10	30163817	30163866	5	4	1	1
10	30163867	37999999	3	2	1	1
10	38000000	42299999	3	2	1	1
10	42300000	49201917	3	2	1	1
10	49201918	51136633	2	1	1	1
10	51136634	51727979	4	3	1	1
10	51727980	52793658	2	1	1	1
10	52793659	70044287	4	3	1	1
10	70044288	70046289	1	1	0	1
10	70046290	73349166	4	3	1	1
10	73349167	73351215	3	2	1	1
10	73351216	94942712	4	3	1	1
10	94942713	95071222	4	3	1	1
10	95071223	95976332	2	1	1	1
10	95976333	95976729	2	1	1	1
10	95976730	96030333	2	1	1	1
10	96030334	96030671	2	1	1	1
10	96030672	96802714	2	1	1	1
10	96802715	96903861	4	3	1	1
10	96903862	101613581	2	1	1	1
10	101613582	101646878	4	3	1	1
10	101646879	104276928	2	1	1	1
10	104276929	104392768	4	3	1	1
10	104392769	104521046	4	3	1	1
10	104521047	104714954	1	1	0	1
10	104714955	114015114	2	1	1	1
10	114015115	114015323	3	2	1	1
10	114015324	114061271	5	4	1	1
10	114061272	114071134	5	4	1	1
10	114071135	114109608	4	3	1	1
10	114109609	114109749	4	3	1	1
10	114109750	114133788	1	1	0	1
10	114133789	135146172	4	3	1	1
10	135146173	135389924	1	1	0	1
11	20721	196943	2	1	1	1
11	196944	781703	2	1	1	1
11	781704	994441	3	2	1	1
11	994442	9489091	2	1	1	1
11	9489092	9701181	6	3	3	1
11	9701182	34435656	2	1	1	1
11	34435657	34452398	2	1	1	1
11	34452399	34738909	2	1	1	1
11	34738910	35015186	2	1	1	1
11	35015187	47003552	2	1	1	1
11	47003553	47029313	2	1	1	1
11	47029314	51599999	2	1	1	1
11	51600000	55699999	NA	NA	NA	NA
11	55700000	62556740	4	3	1	1
11	62556741	62762934	3	2	1	1
11	62762935	64880513	4	3	1	1
11	64880514	65235054	4	3	1	1
11	65235055	65255508	5	4	1	1
11	65255509	65280391	3	2	1	1
11	65280392	65290060	2	1	1	1
11	65290061	66260869	4	3	1	1
11	66260870	66432245	5	3	2	1
11	66432246	67863659	4	3	1	1
11	67863660	67896417	4	3	1	1
11	67896418	67929955	5	3	2	1
11	67929956	67941686	5	4	1	1
11	67941687	68703572	4	3	1	1
11	68703573	68886471	4	3	1	1
11	68886472	72900249	4	3	1	1
11	72900250	86251036	3	2	1	1
11	86251037	86251576	2	1	1	1
11	86251577	118586296	4	3	1	1
11	118586297	118593078	2	1	1	1
11	118593079	118595204	5	3	2	1
11	118595205	118601985	5	3	2	1
11	118601986	118617309	5	3	2	1
11	118617310	121828321	2	1	1	1
11	121828322	123408522	2	1	1	1
11	123408523	123506332	3	2	1	1
11	123506333	123506791	2	1	1	1
11	123506792	129061894	2	1	1	1
11	129061895	129369112	4	3	1	1
11	129369113	129793051	2	1	1	1
11	129793052	129805936	4	3	1	1
11	129805937	134452200	2	1	1	1
12	110107	206762	3	2	1	1
12	206763	6457438	3	2	1	1
12	6457439	6519946	3	2	1	1
12	6519947	26720958	3	2	1	1
12	26720959	33299999	3	2	1	1
12	33300000	38199999	NA	NA	NA	NA
12	38200000	52335346	2	1	1	1
12	52335347	52344731	2	1	1	1
12	52344732	52344765	3	2	1	1
12	52344766	52344784	3	2	1	1
12	52344785	54829894	3	2	1	1
12	54829895	56639053	2	1	1	1
12	56639054	56663532	2	1	1	1
12	56663533	57169359	3	2	1	1
12	57169360	57209568	2	1	1	1
12	57209569	57242877	8	5	3	1
12	57242878	69366430	6	4	2	1
12	69366431	69374574	3	2	1	1
12	69374575	89697686	6	4	2	1
12	89697687	89706753	6	4	2	1
12	89706754	92765579	6	4	2	1
12	92765580	93156344	4	2	2	1
12	93156345	103167084	3	2	1	1
12	103167085	103338027	4	3	1	1
12	103338028	107487995	6	4	2	1
12	107487996	107530134	3	2	1	1
12	107530135	111034595	3	2	1	1
12	111034596	111035933	3	2	1	1
12	111035934	122028968	3	2	1	1
12	122028969	122212528	5	3	2	1
12	122212529	122262584	4	2	2	1
12	122262585	122317017	4	2	2	1
12	122317018	122329178	2	1	1	1
12	122329179	125153938	5	3	2	1
12	125153939	125154073	2	1	1	1
12	125154074	125174445	6	3	3	1
12	125174446	125229353	2	1	1	1
12	125229354	125397280	5	3	2	1
12	125397281	132279058	4	2	2	1
12	132279059	132279935	2	1	1	1
12	132279936	132279989	4	3	1	1
12	132279990	132280037	4	3	1	1
12	132280038	132353236	6	4	2	1
12	132353237	132375069	3	2	1	1
12	132375070	132375235	5	4	1	1
12	132375236	132444620	5	3	2	1
12	132444621	133851894	4	3	1	1
13	1	16299999	1	1	0	1
13	16300000	19499999	NA	NA	NA	NA
13	19500000	38070401	3	3	0	1
13	38070402	46670853	3	3	0	1
13	46670854	46695066	2	2	0	1
13	46695067	94581900	3	3	0	1
13	94581901	94704249	3	3	0	1
13	94704250	94727724	1	1	0	1
13	94727725	94727859	1	1	0	1
13	94727860	114142800	1	1	0	1
13	114142801	115169877	1	1	0	1
14	1	16099999	2	1	1	1
14	16100000	19099999	NA	NA	NA	NA
14	19100000	20438523	2	1	1	1
14	20438524	35733105	2	1	1	1
14	35733106	35849361	5	3	2	1
14	35849362	35864419	5	3	2	1
14	35864420	35870063	4	2	2	1
14	35870064	35874669	4	2	2	1
14	35874670	35967777	4	3	1	1
14	35967778	53563909	2	1	1	1
14	53563910	53565560	4	3	1	1
14	53565561	68699218	2	1	1	1
14	68699219	68727724	3	2	1	1
14	68727725	69173484	2	1	1	1
14	69173485	69174034	2	1	1	1
14	69174035	69174076	2	1	1	1
14	69174077	69175079	6	3	3	1
14	69175080	69175326	1	1	0	1
14	69175327	69175819	6	3	3	1
14	69175820	69176791	6	3	3	1
14	69176792	74512047	2	1	1	1
14	74512048	94894734	2	1	1	1
14	94894735	94913642	5	3	2	1
14	94913643	106368400	2	1	1	1
15	1	15799999	2	1	1	1
15	15800000	20699999	NA	NA	NA	NA
15	20700000	22543677	1	1	0	1
15	22543678	22556136	5	3	2	1
15	22556137	41250458	3	2	1	1
15	41250459	41255344	4	3	1	1
15	41255345	41266160	5	3	2	1
15	41266161	41268422	5	4	1	1
15	41268423	41772093	3	2	1	1
15	41772094	41819394	4	2	2	1
15	41819395	45085683	3	2	1	1
15	45085684	45178683	4	2	2	1
15	45178684	58662219	3	2	1	1
15	58662220	58697851	3	2	1	1
15	58697852	59050280	3	2	1	1
15	59050281	59076739	5	3	2	1
15	59076740	63233314	3	2	1	1
15	63233315	63245285	5	3	2	1
15	63245286	72791113	4	3	1	1
15	72791114	72802186	8	6	2	1
15	72802187	72907038	13	11	2	1
15	72907039	73006468	8	6	2	1
15	73006469	73144209	4	2	2	1
15	73144210	74995475	3	2	1	1
15	74995476	75030462	5	3	2	1
15	75030463	75114055	7	4	3	1
15	75114056	75169566	5	3	2	1
15	75169567	78372219	3	2	1	1
15	78372220	78414046	7	5	2	1
15	78414047	85416503	3	2	1	1
15	85416504	85427324	3	2	1	1
15	85427325	89592927	5	3	2	1
15	89592928	89612027	6	3	3	1
15	89612028	89986512	6	4	2	1
15	89986513	89992638	5	3	2	1
15	89992639	100338800	5	3	2	1
15	100338801	102531391	5	3	2	1
16	83802	8922098	2	1	1	1
16	8922099	9023028	5	3	2	1
16	9023029	11700183	2	1	1	1
16	11700184	11703725	2	1	1	1
16	11703726	15278745	2	1	1	1
16	15278746	29248642	2	1	1	1
16	29248643	29259893	4	2	2	1
16	29259894	30684480	4	3	1	1
16	30684481	30706087	4	2	2	1
16	30706088	32436095	4	3	1	1
16	32436096	34599999	2	1	1	1
16	34600000	38599999	2	1	1	1
16	38600000	46442499	2	1	1	1
16	46442500	71599229	2	1	1	1
16	71599230	71640960	2	1	1	1
16	71640961	88827200	2	1	1	1
16	88827201	90123394	2	1	1	1
17	3621	4276251	3	3	0	1
17	4276252	4277327	1	1	0	1
17	4277328	4277353	2	2	0	1
17	4277354	18345287	3	3	0	1
17	18345288	19411291	3	3	0	1
17	19411292	19419666	1	1	0	1
17	19419667	19655075	3	3	0	1
17	19655076	20418024	7	5	2	1
17	20418025	20716627	8	6	2	1
17	20716628	21129766	8	6	2	1
17	21129767	22199999	7	5	2	1
17	22200000	25799999	NA	NA	NA	NA
17	25800000	29368848	4	2	2	1
17	29368849	29565246	9	6	3	1
17	29565247	30126443	4	2	2	1
17	30126444	30162842	7	5	2	1
17	30162843	31253760	8	6	2	1
17	31253761	33567766	4	2	2	1
17	33567767	33929589	4	3	1	1
17	33929590	33957631	4	3	1	1
17	33957632	36397499	7	5	2	1
17	36397500	36911660	6	4	2	1
17	36911661	45222518	4	2	2	1
17	45222519	45222672	4	2	2	1
17	45222673	45385088	6	3	3	1
17	45385089	45385134	5	3	2	1
17	45385135	48574686	4	2	2	1
17	48574687	48577103	4	2	2	1
17	48577104	48583264	7	4	3	1
17	48583265	48763406	4	2	2	1
17	48763407	56143843	4	2	2	1
17	56143844	56229104	9	8	1	1
17	56229105	56400040	4	3	1	1
17	56400041	56943892	5	4	1	1
17	56943893	56950100	5	4	1	1
17	56950101	58643407	5	4	1	1
17	58643408	58643425	5	4	1	1
17	58643426	58643567	10	8	2	1
17	58643568	58974579	5	4	1	1
17	58974580	64236955	4	2	2	1
17	64236956	64338230	4	2	2	1
17	64338231	66642340	4	2	2	1
17	66642341	66786295	6	4	2	1
17	66786296	67135081	4	2	2	1
17	67135082	67154290	6	4	2	1
17	67154291	73655030	4	2	2	1
17	73655031	73855023	6	4	2	1
17	73855024	74236173	5	3	2	1
17	74236174	74247930	6	4	2	1
17	74247931	74397917	4	2	2	1
17	74397918	77198125	4	2	2	1
17	77198126	77989989	3	2	1	1
17	77989990	78376226	5	4	1	1
17	78376227	78389156	11	9	2	1
17	78389157	78876538	3	2	1	1
17	78876539	79606989	10	8	2	1
17	79606990	79945008	10	8	2	1
17	79945009	80086134	10	8	2	1
17	80086135	80098588	8	6	2	1
17	80098589	80135572	8	6	2	1
17	80135573	80161263	7	5	2	1
17	80161264	80183734	4	2	2	1
17	80183735	80194528	2	1	1	1
17	80194529	80282905	5	3	2	1
17	80282906	80295856	1	1	0	1
17	80295857	80307858	1	1	0	1
18	27500	80030	4	2	2	1
18	80031	15399999	2	1	1	1
18	15400000	18999999	NA	NA	NA	NA
18	19000000	29023271	2	1	1	1
18	29023272	29093971	4	2	2	1
18	29093972	29094585	4	2	2	1
18	29094586	29104871	4	2	2	1
18	29104872	29106101	6	3	3	1
18	29106102	29106277	4	2	2	1
18	29106278	30155841	4	2	2	1
18	30155842	41110696	2	1	1	1
18	41110697	41111014	6	3	3	1
18	41111015	41194139	2	1	1	1
18	41194140	43641484	2	1	1	1
18	43641485	43671814	6	4	2	1
18	43671815	46380823	2	1	1	1
18	46380824	46430858	5	3	2	1
18	46430859	48002765	2	1	1	1
18	48002766	48011465	2	1	1	1
18	48011466	76117000	2	1	1	1
18	76117001	78077247	4	2	2	1
19	247288	2169210	4	2	2	1
19	2169211	2380817	7	5	2	1
19	2380818	3471919	4	2	2	1
19	3471920	3493698	2	1	1	1
19	3493699	4053427	4	2	2	1
19	4053428	4100846	4	2	2	1
19	4100847	6603677	4	2	2	1
19	6603678	6747853	4	2	2	1
19	6747854	6834226	4	2	2	1
19	6834227	6929417	4	2	2	1
19	6929418	6930193	4	2	2	1
19	6930194	8233931	2	1	1	1
19	8233932	8336606	6	4	2	1
19	8336607	12474433	4	2	2	1
19	12474434	12479792	4	2	2	1
19	12479793	15543105	4	2	2	1
19	15543106	15588044	5	3	2	1
19	15588045	15594556	3	2	1	1
19	15594557	15632441	5	3	2	1
19	15632442	15744065	3	2	1	1
19	15744066	15748338	2	1	1	1
19	15748339	24399999	4	2	2	1
19	24400000	28599999	NA	NA	NA	NA
19	28600000	30271505	2	1	1	1
19	30271506	30276808	2	1	1	1
19	30276809	30298825	6	4	2	1
19	30298826	30299633	9	6	3	1
19	30299634	30437923	5	3	2	1
19	30437924	33746538	4	2	2	1
19	33746539	33873435	4	2	2	1
19	33873436	41295127	4	2	2	1
19	41295128	41483626	6	4	2	1
19	41483627	41523224	3	2	1	1
19	41523225	43028321	1	1	0	1
19	43028322	49993305	3	3	0	1
19	49993306	49995118	1	1	0	1
19	49995119	49995453	3	2	1	1
19	49995454	59128982	3	2	1	1
20	32217	349653	3	2	1	1
20	349654	361124	5	3	2	1
20	361125	20296337	2	1	1	1
20	20296338	25599999	2	1	1	1
20	25600000	29466955	NA	NA	NA	NA
20	29466956	30835731	4	2	2	1
20	30835732	30836640	2	1	1	1
20	30836641	33253460	2	1	1	1
20	33253461	33295796	2	1	1	1
20	33295797	33311498	6	4	2	1
20	33311499	36870124	2	1	1	1
20	36870125	37229407	3	2	1	1
20	37229408	37507502	2	1	1	1
20	37507503	37514406	2	1	1	1
20	37514407	39639790	4	2	2	1
20	39639791	39661732	4	2	2	1
20	39661733	48127630	4	2	2	1
20	48127631	48454046	7	5	2	1
20	48454047	48851519	4	2	2	1
20	48851520	48871964	6	4	2	1
20	48871965	48935402	5	3	2	1
20	48935403	49044299	4	2	2	1
20	49044300	49066490	7	4	3	1
20	49066491	49067265	7	4	3	1
20	49067266	49110850	7	4	3	1
20	49110851	49301566	6	3	3	1
20	49301567	49446245	5	3	2	1
20	49446246	62432500	6	3	3	1
21	1	10899999	NA	NA	NA	NA
21	10900000	14713940	6	3	3	1
21	14713941	22114772	4	2	2	1
21	22114773	46240582	4	2	2	1
21	46240583	46344201	6	4	2	1
21	46344202	46937500	4	2	2	1
21	46937501	48129894	2	1	1	1
22	1	12199999	3	2	1	1
22	12200000	17899999	NA	NA	NA	NA
22	17900000	24334948	3	2	1	1
22	24334949	24339398	2	1	1	1
22	24339399	24469802	6	4	2	1
22	24469803	29230242	3	2	1	1
22	29230243	31971014	3	2	1	1
22	31971015	35770645	3	2	1	1
22	35770646	36831162	3	2	1	1
22	36831163	38483932	3	2	1	1
22	38483933	38631647	5	3	2	1
22	38631648	46510828	3	2	1	1
22	46510829	46527913	6	3	3	1
22	46527914	50294018	3	2	1	1
22	50294019	50294166	2	1	1	1
22	50294167	50423663	2	1	1	1
22	50423664	50423951	1	1	0	1
22	50423952	50424330	1	1	0	1
X	1	9760201	1	1	0	1
X	9760202	30436534	1	1	0	1
X	30436535	30453432	1	1	0	1
X	30453433	54329132	1	1	0	1
X	54329133	54336586	1	1	0	1
X	54336587	55033441	1	1	0	1
X	55033442	55034724	1	1	0	1
X	55034725	55290718	1	1	0	1
X	55290719	55336741	3	3	0	1
X	55336742	55987212	1	1	0	1
X	55987213	56004805	1	1	0	1
X	56004806	58099999	1	1	0	1
X	58100000	62999999	1	1	0	1
X	63000000	81414804	1	1	0	1
X	81414805	97594981	1	1	0	1
X	97594982	97603865	1	1	0	1
X	97603866	105010074	1	1	0	1
X	105010075	105522061	1	1	0	1
X	105522062	109059583	1	1	0	1
X	109059584	109079808	1	1	0	1
X	109079809	109091227	1	1	0	1
X	109091228	109096540	1	1	0	1
X	109096541	109158862	1	1	0	1
X	109158863	123049705	1	1	0	1
X	123049706	123061085	1	1	0	1
X	123061086	128311948	1	1	0	1
X	128311949	128611048	1	1	0	1
X	128611049	133136728	1	1	0	1
X	133136729	133309753	1	1	0	1
X	133309754	155270559	1	1	0	1
Y	1	11599999	1	1	0	1
Y	11600000	13399999	1	1	0	1
Y	13400000	23855002	1	1	0	1
Y	23855003	59373565	1	1	0	1
