chromosome	start	end	total_cn	major_cn	minor_cn	star
1	10001	10583563	2	1	1	2
1	10583564	10870891	3	2	1	2
1	10870892	10881609	4	3	1	1
1	10881610	11150871	3	3	0	1
1	11150872	17830879	2	1	1	2
1	17830880	17840332	2	1	1	2
1	17840333	36201972	2	1	1	2
1	36201973	36255680	2	1	1	2
1	36255681	41543691	2	1	1	2
1	41543692	41545598	2	1	1	2
1	41545599	110806458	2	1	1	2
1	110806459	111093404	2	1	1	2
1	111093405	111093699	2	1	1	2
1	111093700	111105681	2	1	1	2
1	111105682	111106024	2	1	1	2
1	111106025	111186935	2	1	1	2
1	111186936	121499999	2	1	1	2
1	121500000	128899999	2	1	1	2
1	128900000	143392499	2	1	1	2
1	143392500	234524141	2	1	1	2
1	234524142	234822169	2	1	1	2
1	234822170	247247500	2	1	1	2
1	247247501	249250620	2	1	1	2
2	20016	11099271	2	1	1	2
2	11099272	11101143	2	1	1	2
2	11101144	50264639	2	1	1	2
2	50264640	50397374	2	1	1	2
2	50397375	90499999	2	1	1	2
2	90500000	96799999	2	1	1	2
2	96800000	198980272	2	1	1	2
2	198980273	199027812	3	2	1	2
2	199027813	211036052	2	1	1	2
2	211036053	211323729	2	1	1	2
2	211323730	234213405	2	1	1	2
2	234213406	234216247	2	1	1	2
2	234216248	238418180	2	1	1	2
2	238418181	238424316	2	1	1	2
2	238424317	242985695	2	1	1	2
3	17500	100073	2	1	1	2
3	100074	49488230	2	1	1	2
3	49488231	49502902	2	1	1	2
3	49502903	87899999	2	1	1	2
3	87900000	93899999	2	1	1	2
3	93900000	174399507	2	1	1	2
3	174399508	174528611	2	1	1	2
3	174528612	185934644	2	1	1	2
3	185934645	185958159	3	2	1	2
3	185958160	185969386	2	1	1	1
3	185969387	185973696	2	1	1	1
3	185973697	196756660	2	1	1	2
3	196756661	196948044	2	1	1	2
3	196948045	197338846	2	1	1	2
4	9997	8927215	2	1	1	2
4	8927216	19041856	2	1	1	2
4	19041857	19043743	2	1	1	2
4	19043744	48199999	2	1	1	2
4	48200000	52699999	2	1	1	2
4	52700000	91435216	2	1	1	2
4	91435217	91436827	2	1	1	2
4	91436828	93069754	2	1	1	2
4	93069755	93256912	3	2	1	2
4	93256913	96683729	2	1	1	2
4	96683730	96786557	3	2	1	2
4	96786558	129239957	2	1	1	2
4	129239958	129375923	2	1	1	2
4	129375924	134557450	2	1	1	2
4	134557451	134606420	2	1	1	2
4	134606421	134964799	2	1	1	2
4	134964800	135027799	2	1	1	2
4	135027800	169826725	2	1	1	2
4	169826726	170081878	2	1	1	2
4	170081879	188657004	2	1	1	2
4	188657005	188658390	2	1	1	2
4	188658391	190783038	2	1	1	2
5	22500	788978	2	1	1	2
5	788979	851581	2	1	1	2
5	851582	46099999	2	1	1	2
5	46100000	50699999	2	1	1	2
5	50700000	180673206	2	1	1	2
6	39681	203291	2	1	1	1
6	203292	3306243	2	1	1	2
6	3306244	3306417	2	1	1	2
6	3306418	30503479	2	1	1	2
6	30503480	58699999	2	1	1	3
6	58700000	63299999	2	1	1	2
6	63300000	141702241	2	1	1	2
6	141702242	141705523	2	1	1	2
6	141705524	170912653	2	1	1	3
7	40386	57951404	2	1	1	3
7	57951405	61699999	2	1	1	2
7	61700000	100180471	2	1	1	2
7	100180472	100539924	2	1	1	2
7	100539925	107300027	2	1	1	2
7	107300028	107353791	2	1	1	2
7	107353792	149084000	2	1	1	2
7	149084001	149085661	2	1	1	2
7	149085662	155535173	2	1	1	2
7	155535174	155732722	4	3	1	2
7	155732723	155749873	2	1	1	2
7	155749874	158817500	2	1	1	2
8	10001	156503	2	1	1	2
8	156504	43029360	2	1	1	2
8	43029361	43030934	2	1	1	2
8	43030935	48099999	NA	NA	NA	NA
8	48100000	110901249	3	2	1	2
8	110901250	110902804	2	1	1	2
8	110902805	146364021	3	2	1	2
9	59810	47299999	2	1	1	2
9	47300000	50699999	2	1	1	2
9	50700000	68147499	2	1	1	2
9	68147500	116137526	2	1	1	2
9	116137527	116206250	2	1	1	2
9	116206251	116771627	2	1	1	2
9	116771628	139793973	2	1	1	2
9	139793974	139794495	2	1	1	2
9	139794496	140153972	2	1	1	1
9	140153973	140159439	2	1	1	2
9	140159440	140271585	2	1	1	2
9	140271586	140275717	2	1	1	2
9	140275718	141050021	2	1	1	2
10	94426	37999999	2	1	1	3
10	38000000	42299999	2	1	1	2
10	42300000	63079861	2	1	1	2
10	63079862	63081491	2	1	1	2
10	63081492	63456626	2	1	1	2
10	63456627	63512108	3	2	1	2
10	63512109	65790708	3	2	1	2
10	65790709	66095270	3	2	1	2
10	66095271	66848740	3	2	1	2
10	66848741	66849218	3	2	1	2
10	66849219	69549462	2	1	1	2
10	69549463	75388634	2	1	1	2
10	75388635	75390878	2	1	1	2
10	75390879	127122809	2	1	1	2
10	127122810	127391169	3	2	1	2
10	127391170	135389304	2	1	1	2
11	20721	199255	2	1	1	2
11	199256	1626029	2	1	1	2
11	1626030	32637581	2	1	1	2
11	32637582	32791592	2	1	1	2
11	32791593	35195608	3	2	1	2
11	35195609	35202702	2	1	1	2
11	35202703	51599999	2	1	1	2
11	51600000	55699999	2	1	1	2
11	55700000	63680108	2	1	1	2
11	63680109	63702014	2	1	1	2
11	63702015	65257038	2	1	1	2
11	65257039	65265309	2	1	1	2
11	65265310	67019275	2	1	1	2
11	67019276	67143913	2	1	1	2
11	67143914	70344726	2	1	1	2
11	70344727	134442500	2	1	1	2
12	110107	33299999	2	1	1	3
12	33300000	38199999	2	1	1	2
12	38200000	41633019	2	1	1	2
12	41633020	41731136	5	3	2	2
12	41731137	50259662	2	1	1	3
12	50259663	50410059	2	1	1	2
12	50410060	51704459	2	1	1	2
12	51704460	52082886	2	1	1	2
12	52082887	112914432	2	1	1	2
12	112914433	112916488	2	1	1	2
12	112916489	132349400	2	1	1	2
12	132349401	133851894	2	1	1	2
13	1	16299999	2	1	1	1
13	16300000	19499999	2	1	1	2
13	19500000	114142800	2	1	1	2
13	114142801	115169877	2	1	1	2
14	1	16099999	2	1	1	1
14	16100000	19099999	NA	NA	NA	NA
14	19100000	23010072	1	1	0	2
14	23010073	34917036	2	1	1	2
14	34917037	34919049	2	1	1	2
14	34919050	90764749	2	1	1	2
14	90764750	90935446	2	1	1	2
14	90935447	96918895	2	1	1	2
14	96918896	96925485	2	1	1	2
14	96925486	104726612	2	1	1	2
14	104726613	105276759	1	1	0	1
14	105276760	106385869	1	1	0	2
15	1	15799999	2	1	1	1
15	15800000	20699999	2	1	1	2
15	20700000	70421692	2	1	1	3
15	70421693	70427034	2	1	1	2
15	70427035	100338800	2	1	1	3
15	100338801	102531391	2	1	1	3
16	84170	19765782	2	1	1	3
16	19765783	20088587	2	1	1	2
16	20088588	34599999	2	1	1	3
16	34600000	38599999	2	1	1	2
16	38600000	88382475	2	1	1	2
16	88382476	88439729	2	1	1	2
16	88439730	88446425	2	1	1	2
16	88446426	88728870	2	1	1	2
16	88728871	90354752	2	1	1	2
17	12500	4237334	1	1	0	2
17	4237335	4766591	2	1	1	2
17	4766592	7588114	2	1	1	2
17	7588115	7590982	2	1	1	2
17	7590983	14073345	2	1	1	2
17	14073346	22199999	2	1	1	2
17	22200000	25799999	2	1	1	2
17	25800000	41376037	2	1	1	3
17	41376038	80131271	2	1	1	3
17	80131272	80275545	2	1	1	2
17	80275546	80275821	2	1	1	1
17	80275822	80475590	2	1	1	2
18	27500	15393143	2	1	1	3
18	15393144	19066327	2	1	1	2
18	19066328	19067982	2	1	1	2
18	19067983	20526827	4	3	1	2
18	20526828	21329841	3	2	1	2
18	21329842	21331504	3	2	1	2
18	21331505	22671105	3	2	1	2
18	22671106	22671269	6	5	1	1
18	22671270	30837044	2	1	1	2
18	30837045	31155902	4	3	1	1
18	31155903	31159490	2	1	1	2
18	31159491	62221163	2	1	1	2
18	62221164	76117000	2	1	1	2
18	76117001	78077247	2	1	1	2
19	102500	1622115	2	1	1	2
19	1622116	2084697	3	2	1	2
19	2084698	4858988	1	1	0	2
19	4858989	5586940	2	1	1	2
19	5586941	5791208	2	1	1	2
19	5791209	5828417	2	1	1	2
19	5828418	10473400	1	1	0	2
19	10473401	10735611	2	1	1	2
19	10735612	14369975	1	1	0	2
19	14369976	24399999	1	1	0	2
19	24400000	28599999	NA	NA	NA	NA
19	28600000	29382398	4	2	2	2
19	29382399	29561256	3	2	1	2
19	29561257	30959928	4	3	1	2
19	30959929	31118191	3	2	1	2
19	31118192	44226637	2	1	1	2
19	44226638	44231451	2	1	1	2
19	44231452	46717784	2	1	1	2
19	46717785	46736936	2	1	1	2
19	46736937	59128982	2	1	1	2
20	17500	8832665	2	1	1	2
20	8832666	8834392	2	1	1	2
20	8834393	25599999	2	1	1	2
20	25600000	29985194	2	1	1	2
20	29985195	62432500	2	1	1	2
21	1	9417499	NA	NA	NA	NA
21	9417500	10899999	NA	NA	NA	NA
21	10900000	15250541	2	1	1	1
21	15250542	44063780	2	1	1	2
21	44063781	44233023	2	1	1	2
21	44233024	46937500	2	1	1	2
21	46937501	48129894	2	1	1	2
22	1	12199999	2	1	1	1
22	12200000	17899999	2	1	1	2
22	17900000	49687500	2	1	1	2
22	49687501	51304565	2	1	1	2
X	1	58099999	1	1	0	3
X	58100000	62999999	1	1	0	1
X	63000000	92823259	1	1	0	3
X	92823260	92861936	1	1	0	1
X	92861937	155270559	1	1	0	3
Y	1	11599999	1	1	0	1
Y	11600000	13399999	1	1	0	1
Y	13400000	17622005	1	1	0	1
Y	17622006	17624525	1	1	0	1
Y	17624526	59373565	1	1	0	1
