chromosome	start	end	total_cn	major_cn	minor_cn	star
1	1	41982035	2	1	1	3
1	41982036	43249807	1	1	0	3
1	43249808	43250212	1	1	0	2
1	43250213	43250249	1	1	0	1
1	43250250	121499999	2	1	1	3
1	121500000	128899999	2	1	1	2
1	128900000	234620153	2	1	1	3
1	234620154	235308018	1	1	0	3
1	235308019	235308528	1	1	0	2
1	235308529	235308578	1	1	0	2
1	235308579	235311846	1	1	0	2
1	235311847	235311889	2	1	1	1
1	235311890	235358635	2	1	1	2
1	235358636	235358839	2	1	1	2
1	235358840	235368131	2	1	1	1
1	235368132	235453605	2	1	1	2
1	235453606	235585038	2	1	1	3
1	235585039	235585075	2	1	1	2
1	235585076	247247500	2	1	1	3
1	247247501	249250620	2	1	1	3
2	20016	2249197	2	1	1	3
2	2249198	90499999	2	1	1	3
2	90500000	96799999	2	1	1	3
2	96800000	108394142	2	1	1	3
2	108394143	108396843	2	1	1	3
2	108396844	195559466	2	1	1	3
2	195559467	195559630	2	1	1	3
2	195559631	195564018	2	1	1	2
2	195564019	195564102	2	1	1	2
2	195564103	206822865	2	1	1	3
2	206822866	206823482	2	1	1	3
2	206823483	228682981	2	1	1	3
2	228682982	228683026	2	1	1	3
2	228683027	232316063	2	1	1	3
2	232316064	232316103	2	1	1	3
2	232316104	242999968	2	1	1	3
3	100074	87899999	2	1	1	3
3	87900000	93899999	2	1	1	3
3	93900000	173943615	2	1	1	3
3	173943616	174571842	3	2	1	2
3	174571843	198022429	2	1	1	3
4	27500	48199999	2	1	1	3
4	48200000	52699999	2	1	1	3
4	52700000	191154275	2	1	1	3
5	22500	46099999	2	1	1	3
5	46100000	50699999	2	1	1	3
5	50700000	67591145	2	1	1	3
5	67591146	67702133	2	1	1	2
5	67702134	180689978	2	1	1	3
6	39681	201975	2	1	1	2
6	201976	2013902	2	1	1	3
6	2013903	12915971	2	1	1	3
6	12915972	31340030	2	1	1	3
6	31340031	31340230	2	1	1	3
6	31340231	31834763	2	1	1	3
6	31834764	31834776	2	1	1	3
6	31834777	58699999	2	1	1	3
6	58700000	63299999	2	1	1	3
6	63300000	116568243	2	1	1	3
6	116568244	116568289	2	1	1	3
6	116568290	116576013	2	1	1	2
6	116576014	116576081	2	1	1	2
6	116576082	116581667	2	1	1	2
6	116581668	116581721	2	1	1	2
6	116581722	160953987	2	1	1	3
6	160953988	160954071	2	1	1	3
6	160954072	160958774	2	1	1	2
6	160958775	160959015	2	1	1	2
6	160959016	170907734	2	1	1	3
7	40386	17061944	2	1	1	3
7	17061945	17073056	1	1	0	2
7	17073057	57999999	2	1	1	3
7	58000000	61699999	2	1	1	3
7	61700000	96795239	2	1	1	3
7	96795240	97621488	2	1	1	2
7	97621489	102326201	2	1	1	3
7	102326202	105698195	1	1	0	3
7	105698196	112828634	2	1	1	2
7	112828635	123286690	2	1	1	3
7	123286691	123421734	1	1	0	2
7	123421735	152540646	2	1	1	3
7	152540647	152722610	1	1	0	3
7	152722611	152765081	1	1	0	3
7	152765082	152770315	1	1	0	3
7	152770316	152892112	1	1	0	3
7	152892113	152895467	1	1	0	2
7	152895468	152895512	2	1	1	1
7	152895513	158821400	2	1	1	3
8	203511	29218442	1	1	0	3
8	29218443	43099999	2	1	1	3
8	43100000	48099999	2	1	1	3
8	48100000	67546221	2	1	1	2
8	67546222	146364021	3	2	1	2
9	47500	214718	2	1	1	2
9	214719	47299999	2	1	1	3
9	47300000	50699999	2	1	1	2
9	50700000	66712499	2	1	1	2
9	66712500	140273200	2	1	1	3
10	96469	37999999	2	1	1	3
10	38000000	42299999	2	1	1	3
10	42300000	52049319	2	1	1	3
10	52049320	82256848	2	1	1	3
10	82256849	82261204	2	1	1	2
10	82261205	82286182	2	1	1	2
10	82286183	89676898	1	1	0	3
10	89676899	89677390	1	1	0	2
10	89677391	89970906	0	0	0	2
10	89970907	90068486	2	1	1	2
10	90068487	91557451	2	1	1	3
10	91557452	91566897	2	1	1	3
10	91566898	97589394	2	1	1	3
10	97589395	97600131	2	1	1	1
10	97600132	130143688	2	1	1	3
10	130143689	130767681	1	1	0	3
10	130767682	135234543	2	1	1	3
10	135234544	135389924	2	1	1	3
11	20721	190009	2	1	1	2
11	190010	1558529	2	1	1	3
11	1558530	2160306	1	1	0	3
11	2160307	4127851	2	1	1	2
11	4127852	4157604	2	1	1	2
11	4157605	4168915	2	1	1	2
11	4168916	51599999	2	1	1	3
11	51600000	55699999	2	1	1	3
11	55700000	113581250	2	1	1	3
11	113581251	113728265	1	1	0	3
11	113728266	114541197	0	0	0	3
11	114541198	114545133	1	1	0	2
11	114545134	114545163	1	1	0	2
11	114545164	116379865	1	1	0	3
11	116379866	119041467	2	1	1	3
11	119041468	119041510	2	1	1	2
11	119041511	119046213	1	1	0	1
11	119046214	119048141	1	1	0	2
11	119048142	119049363	1	1	0	2
11	119049364	119197440	1	1	0	3
11	119197441	119205307	2	1	1	3
11	119205308	119205388	2	1	1	2
11	119205389	134452200	2	1	1	3
12	110107	4518160	2	1	1	3
12	4518161	21870260	2	1	1	2
12	21870261	22162786	1	1	0	3
12	22162787	26995248	2	1	1	3
12	26995249	28993469	1	1	0	3
12	28993470	33299999	2	1	1	3
12	33300000	38199999	2	1	1	2
12	38200000	57421314	2	1	1	3
12	57421315	58067752	1	1	0	3
12	58067753	131553621	2	1	1	3
12	131553622	132427004	1	1	0	3
12	132427005	133851894	2	1	1	2
13	1	16299999	2	1	1	1
13	16300000	19499999	2	1	1	2
13	19500000	114142800	2	1	1	3
13	114142801	115169877	2	1	1	3
14	1	16099999	2	1	1	1
14	16100000	19099999	2	1	1	2
14	19100000	106368400	2	1	1	3
15	1	15799999	2	1	1	1
15	15800000	20699999	2	1	1	2
15	20700000	63603625	2	1	1	3
15	63603626	100338800	2	1	1	3
15	100338801	102407814	2	1	1	3
16	85065	34599999	2	1	1	3
16	34600000	38599999	2	1	1	3
16	38600000	88827200	2	1	1	3
16	88827201	90354752	2	1	1	3
17	12500	22199999	2	1	1	3
17	22200000	25799999	2	1	1	3
17	25800000	42036297	2	1	1	3
17	42036298	44162500	1	1	0	3
17	44162501	44289230	1	1	0	1
17	44289231	75329202	2	1	1	3
17	75329203	75329225	2	1	1	3
17	75329226	78774600	2	1	1	3
17	78774601	81195209	2	1	1	3
18	27500	155473	2	1	1	2
18	155474	15399999	2	1	1	3
18	15400000	18999999	2	1	1	3
18	19000000	76117000	2	1	1	3
18	76117001	78077247	2	1	1	3
19	102500	267212	2	1	1	2
19	267213	2858118	2	1	1	3
19	2858119	2858787	2	1	1	2
19	2858788	7011173	2	1	1	2
19	7011174	15953866	2	1	1	3
19	15953867	24399999	2	1	1	3
19	24400000	28599999	2	1	1	2
19	28600000	59128982	2	1	1	3
20	20980	25599999	2	1	1	3
20	25600000	29399999	2	1	1	3
20	29400000	62432500	2	1	1	3
21	1	9417499	NA	NA	NA	NA
21	9417500	10899999	NA	NA	NA	NA
21	10900000	14299999	2	2	0	1
21	14300000	39868059	2	1	1	3
21	39868060	39868082	2	1	1	2
21	39868083	42859150	2	1	1	3
21	42859151	42862565	2	1	1	2
21	42862566	44747548	2	1	1	3
21	44747549	44846483	1	1	0	2
21	44846484	46937500	2	1	1	3
21	46937501	48129894	2	1	1	3
22	1	12199999	2	1	1	1
22	12200000	17899999	2	1	1	3
22	17900000	49710220	2	1	1	3
22	49710221	51304565	2	1	1	3
X	1	58099999	1	1	0	3
X	58100000	62999999	1	1	0	2
X	63000000	155270559	1	1	0	3
Y	1	11599999	1	1	0	1
Y	11600000	13399999	1	1	0	1
Y	13400000	59373565	1	1	0	1
