chromosome	start	end	total_cn	major_cn	minor_cn	star
1	1	9578749	1	1	0	3
1	9578750	9586084	2	1	1	2
1	9586085	11087777	2	1	1	3
1	11087778	11139576	2	1	1	2
1	11139577	16500408	2	1	1	3
1	16500409	16515456	2	1	1	3
1	16515457	22123119	2	1	1	3
1	22123120	22274340	1	1	0	1
1	22274341	23603401	2	1	1	3
1	23603402	23669470	4	3	1	1
1	23669471	23842445	3	2	1	2
1	23842446	24719515	2	1	1	3
1	24719516	24719691	2	1	1	3
1	24719692	24719830	2	1	1	2
1	24719831	26910370	2	1	1	3
1	26910371	26977357	3	2	1	1
1	26977358	28283481	2	1	1	3
1	28283482	28283530	2	1	1	3
1	28283531	32320766	2	1	1	3
1	32320767	32350246	3	2	1	2
1	32350247	53358862	2	1	1	3
1	53358863	54842838	2	1	1	3
1	54842839	55548649	3	2	1	3
1	55548650	56865595	2	1	1	3
1	56865596	56961115	3	2	1	3
1	56961116	57190838	2	1	1	3
1	57190839	57309500	2	1	1	2
1	57309501	59219037	2	1	1	3
1	59219038	59248012	2	1	1	2
1	59248013	65156734	2	1	1	3
1	65156735	65929735	4	3	1	3
1	65929736	65933239	5	4	1	1
1	65933240	65969212	3	2	1	3
1	65969213	67978616	2	1	1	3
1	67978617	68039714	3	2	1	2
1	68039715	94089808	2	1	1	3
1	94089809	94619559	2	1	1	2
1	94619560	94856637	2	1	1	3
1	94856638	94866437	3	2	1	1
1	94866438	100152802	2	1	1	3
1	100152803	100588329	2	1	1	2
1	100588330	110327477	2	1	1	3
1	110327478	110431197	3	2	1	2
1	110431198	110437602	3	2	1	2
1	110437603	110448645	4	3	1	1
1	110448646	121499999	2	1	1	3
1	121500000	128899999	2	1	1	2
1	128900000	143489938	2	1	1	2
1	143489939	145305801	2	1	1	1
1	145305802	146422500	2	1	1	2
1	146422501	148000385	3	2	1	2
1	148000386	149709801	2	1	1	2
1	149709802	149958247	3	2	1	2
1	149958248	150769926	5	3	2	2
1	150769927	156309071	4	2	2	2
1	156309072	156320830	4	2	2	2
1	156320831	161380022	4	2	2	2
1	161380023	161380483	4	2	2	2
1	161380484	168718196	4	2	2	2
1	168718197	178704165	3	2	1	2
1	178704166	180090174	3	2	1	2
1	180090175	180122130	5	4	1	2
1	180122131	196172572	3	2	1	2
1	196172573	196719395	2	1	1	2
1	196719396	196770873	2	1	1	2
1	196770874	196771648	4	3	1	1
1	196771649	196771877	4	3	1	1
1	196771878	196776632	3	2	1	1
1	196776633	196781345	3	2	1	1
1	196781346	196800714	3	2	1	2
1	196800715	196825637	3	2	1	2
1	196825638	196899437	4	2	2	2
1	196899438	197003709	4	2	2	2
1	197003710	197117587	4	2	2	2
1	197117588	200289264	3	2	1	2
1	200289265	200301205	3	2	1	2
1	200301206	201317642	3	2	1	2
1	201317643	201639940	4	2	2	3
1	201639941	203952846	3	2	1	2
1	203952847	203953144	3	2	1	2
1	203953145	203953448	4	2	2	2
1	203953449	203955019	4	2	2	1
1	203955020	203955571	4	2	2	2
1	203955572	203955625	4	2	2	2
1	203955626	203955648	4	2	2	2
1	203955649	203956045	4	2	2	2
1	203956046	203956071	4	2	2	2
1	203956072	203956461	4	2	2	2
1	203956462	203956511	4	2	2	2
1	203956512	204035431	4	2	2	2
1	204035432	214218710	3	2	1	2
1	214218711	214228647	3	2	1	2
1	214228648	220906684	3	2	1	2
1	220906685	220941088	3	2	1	2
1	220941089	224000584	3	2	1	2
1	224000585	224001461	3	2	1	2
1	224001462	224033234	3	2	1	2
1	224033235	224172996	3	2	1	2
1	224172997	225760773	3	2	1	2
1	225760774	225957849	4	2	2	3
1	225957850	228322285	3	2	1	2
1	228322286	234884787	3	2	1	2
1	234884788	234885171	3	2	1	2
1	234885172	235123397	3	2	1	2
1	235123398	235183514	4	2	2	2
1	235183515	236397500	3	2	1	2
1	236397501	236542382	3	2	1	2
1	236542383	248031891	3	2	1	2
1	248031892	248101359	3	2	1	2
1	248101360	249250620	3	2	1	2
2	37501	20691685	2	1	1	3
2	20691686	20708243	3	2	1	3
2	20708244	21815709	2	1	1	3
2	21815710	21815979	2	1	1	3
2	21815980	38377082	2	1	1	3
2	38377083	38388010	3	2	1	2
2	38388011	38388248	3	2	1	2
2	38388249	38420904	3	2	1	3
2	38420905	38459390	4	2	2	3
2	38459391	38459783	4	2	2	3
2	38459784	38471503	4	2	2	3
2	38471504	38485473	3	2	1	2
2	38485474	38672724	2	1	1	2
2	38672725	38687910	3	2	1	2
2	38687911	39000190	2	1	1	3
2	39000191	39042792	2	1	1	3
2	39042793	42308223	2	1	1	3
2	42308224	42333218	2	1	1	3
2	42333219	43230663	2	1	1	3
2	43230664	43921874	2	1	1	2
2	43921875	44147810	2	1	1	2
2	44147811	46554206	2	1	1	2
2	46554207	55628059	2	1	1	3
2	55628060	55628166	2	1	1	2
2	55628167	55628457	2	1	1	2
2	55628458	55629179	2	1	1	2
2	55629180	55629254	2	1	1	2
2	55629255	55629696	2	1	1	2
2	55629697	55756425	2	1	1	2
2	55756426	55770882	2	1	1	2
2	55770883	55771080	2	1	1	2
2	55771081	58310376	2	1	1	3
2	58310377	58621050	1	1	0	2
2	58621051	62332335	2	1	1	3
2	62332336	62340314	3	2	1	3
2	62340315	62340523	3	2	1	2
2	62340524	62340680	3	2	1	2
2	62340681	62340836	3	2	1	2
2	62340837	62341214	3	2	1	2
2	62341215	62471027	3	2	1	3
2	62471028	63911193	2	1	1	3
2	63911194	64389704	1	1	0	2
2	64389705	65761573	2	1	1	3
2	65761574	65779965	3	2	1	1
2	65779966	85591777	2	1	1	3
2	85591778	85614129	1	1	0	2
2	85614130	85633518	2	1	1	2
2	85633519	86101382	2	1	1	3
2	86101383	86105451	3	2	1	1
2	86105452	86155450	3	2	1	2
2	86155451	86222225	2	1	1	2
2	86222226	86260172	3	2	1	1
2	86260173	90499999	2	1	1	3
2	90500000	96799999	2	1	1	3
2	96800000	113015495	2	1	1	3
2	113015496	113043088	3	2	1	2
2	113043089	141155839	2	1	1	3
2	141155840	141376312	1	1	0	2
2	141376313	141395191	1	1	0	2
2	141395192	141416999	1	1	0	2
2	141417000	141666769	2	1	1	2
2	141666770	141832995	2	1	1	2
2	141832996	150045849	2	1	1	3
2	150045850	150048490	2	1	1	3
2	150048491	159596489	2	1	1	3
2	159596490	159606847	2	1	1	2
2	159606848	169862574	2	1	1	3
2	169862575	170023512	3	2	1	3
2	170023513	177654678	2	1	1	3
2	177654679	178389310	3	2	1	3
2	178389311	198083778	2	1	1	3
2	198083779	198135371	1	1	0	2
2	198135372	200716699	2	1	1	3
2	200716700	201002159	3	2	1	3
2	201002160	201002859	3	2	1	3
2	201002860	201012766	3	2	1	3
2	201012767	201100486	3	2	1	3
2	201100487	201632935	3	2	1	3
2	201632936	208568670	2	1	1	3
2	208568671	208702500	4	3	1	2
2	208702501	208762979	4	3	1	2
2	208762980	209050090	3	2	1	3
2	209050091	211387033	2	1	1	3
2	211387034	211414006	3	2	1	2
2	211414007	216410056	2	1	1	3
2	216410057	216447159	3	2	1	2
2	216447160	216447626	3	2	1	2
2	216447627	216471381	3	2	1	3
2	216471382	217393256	2	1	1	3
2	217393257	217393494	2	1	1	2
2	217393495	217584797	2	1	1	2
2	217584798	241876146	2	1	1	3
2	241876147	241891371	3	2	1	1
2	241891372	242983963	2	1	1	3
3	62226	1908616	2	1	1	3
3	1908617	1913121	2	1	1	3
3	1913122	4391220	2	1	1	3
3	4391221	4396056	2	1	1	3
3	4396057	12158252	2	1	1	3
3	12158253	12183972	2	1	1	2
3	12183973	15819177	2	1	1	3
3	15819178	15828923	2	1	1	2
3	15828924	20080260	2	1	1	3
3	20080261	20118541	1	1	0	2
3	20118542	20250507	2	1	1	3
3	20250508	20377920	1	1	0	2
3	20377921	37147852	2	1	1	3
3	37147853	45540533	2	1	1	3
3	45540534	45584521	3	2	1	3
3	45584522	45625155	4	2	2	2
3	45625156	45879487	3	2	1	2
3	45879488	50259561	2	1	1	3
3	50259562	50393573	2	1	1	2
3	50393574	67857735	2	1	1	3
3	67857736	87899999	2	1	1	3
3	87900000	93899999	2	1	1	3
3	93900000	100344326	2	1	1	3
3	100344327	100401685	3	2	1	1
3	100401686	124613001	2	1	1	3
3	124613002	124702376	3	2	1	3
3	124702377	125340269	2	1	1	3
3	125340270	125380770	3	2	1	1
3	125380771	132925487	2	1	1	3
3	132925488	132946334	1	1	0	2
3	132946335	142636360	2	1	1	3
3	142636361	142637910	2	1	1	3
3	142637911	150487303	2	1	1	3
3	150487304	150492340	2	1	1	3
3	150492341	171045803	2	1	1	3
3	171045804	171584553	4	3	1	2
3	171584554	171608327	5	4	1	2
3	171608328	171608596	5	4	1	2
3	171608597	171730441	5	4	1	2
3	171730442	171730842	5	4	1	2
3	171730843	171731181	4	3	1	1
3	171731182	171767714	4	3	1	2
3	171767715	171767761	4	3	1	2
3	171767762	171768086	3	2	1	1
3	171768087	171768169	3	2	1	2
3	171768170	172110668	3	2	1	2
3	172110669	172249708	2	1	1	2
3	172249709	172252238	2	1	1	2
3	172252239	172252745	3	2	1	1
3	172252746	172296024	3	2	1	2
3	172296025	186459271	2	1	1	3
3	186459272	186459297	2	1	1	2
3	186459298	186459771	2	1	1	2
3	186459772	186478043	3	2	1	2
3	186478044	191032025	2	1	1	3
3	191032026	191041859	2	1	1	2
3	191041860	194269345	2	1	1	3
3	194269346	194332346	3	2	1	2
3	194332347	195423075	2	1	1	3
3	195423076	195717555	2	1	1	2
3	195717556	195742897	3	2	1	2
3	195742898	198022429	2	1	1	3
4	27500	3448680	2	1	1	2
4	3448681	3498379	2	1	1	2
4	3498380	15010300	2	1	1	2
4	15010301	15068441	2	1	1	2
4	15068442	15107541	3	2	1	2
4	15107542	23977795	2	1	1	2
4	23977796	38905122	2	1	1	2
4	38905123	39098590	2	1	1	2
4	39098591	47862679	2	1	1	2
4	47862680	47991306	2	1	1	2
4	47991307	48199999	2	1	1	2
4	48200000	52699999	2	1	1	3
4	52700000	93512282	2	1	1	2
4	93512283	94037839	1	1	0	2
4	94037840	100065888	2	1	1	2
4	100065889	100127055	3	2	1	2
4	100127056	100608184	1	1	0	3
4	100608185	100672324	1	1	0	3
4	100672325	111136845	1	1	0	3
4	111136846	111152471	1	1	0	3
4	111152472	122717539	1	1	0	3
4	122717540	122755878	3	2	1	2
4	122755879	140131124	2	1	1	2
4	140131125	140213082	3	2	1	2
4	140213083	146101975	2	1	1	2
4	146101976	146179990	2	1	1	2
4	146179991	146326942	2	1	1	2
4	146326943	146347627	2	1	1	2
4	146347628	185747819	2	1	1	2
4	185747820	185764635	2	1	1	2
4	185764636	187096780	2	1	1	3
4	187096781	187104342	3	2	1	1
4	187104343	191154275	2	1	1	2
5	22500	984833	3	2	1	2
5	984834	1300633	4	2	2	2
5	1300634	46099999	3	2	1	3
5	46100000	50699999	3	2	1	3
5	50700000	67465096	3	2	1	3
5	67465097	68091522	2	1	1	2
5	68091523	68339352	3	2	1	3
5	68339353	68371112	4	3	1	2
5	68371113	68638049	3	2	1	3
5	68638050	68645554	3	2	1	2
5	68645555	73847245	3	2	1	3
5	73847246	73912413	4	3	1	2
5	73912414	89747339	3	2	1	3
5	89747340	90251325	4	3	1	3
5	90251326	103911755	3	2	1	3
5	103911756	104257545	3	2	1	2
5	104257546	122754648	3	2	1	3
5	122754649	122833098	4	2	2	2
5	122833099	133197755	3	2	1	3
5	133197756	133235532	3	2	1	2
5	133235533	133235802	3	2	1	1
5	133235803	133235820	4	2	2	2
5	133235821	133455082	4	2	2	3
5	133455083	133518819	3	2	1	2
5	133518820	133721172	3	2	1	2
5	133721173	133721528	3	2	1	2
5	133721529	133802717	3	2	1	2
5	133802718	133803057	3	2	1	2
5	133803058	138547786	3	2	1	3
5	138547787	138556475	3	2	1	3
5	138556476	139913185	3	2	1	3
5	139913186	139913354	3	2	1	2
5	139913355	139971298	3	2	1	1
5	139971299	139971567	3	2	1	1
5	139971568	139971622	3	2	1	1
5	139971623	139971670	3	2	1	1
5	139971671	139971960	3	2	1	1
5	139971961	140076786	4	2	2	2
5	140076787	142410363	3	2	1	3
5	142410364	143068400	4	3	1	2
5	143068401	180689978	3	2	1	3
6	39681	209979	2	1	1	2
6	209980	11448203	2	1	1	2
6	11448204	11530659	3	2	1	3
6	11530660	11879064	2	1	1	3
6	11879065	12004961	3	2	1	2
6	12004962	12008636	3	2	1	2
6	12008637	12051230	3	2	1	3
6	12051231	13461354	2	1	1	2
6	13461355	13516973	3	2	1	2
6	13516974	24733841	2	1	1	2
6	24733842	25006694	2	1	1	2
6	25006695	26099241	2	1	1	2
6	26099242	26158871	2	1	1	2
6	26158872	36657367	2	1	1	2
6	36657368	36657924	2	1	1	2
6	36657925	36658694	2	1	1	2
6	36658695	36659094	2	1	1	2
6	36659095	36666867	2	1	1	2
6	36666868	36667245	3	2	1	1
6	36667246	36671266	2	1	1	2
6	36671267	36671427	2	1	1	2
6	36671428	36671637	2	1	1	2
6	36671638	36688096	2	1	1	2
6	36688097	36698060	2	1	1	2
6	36698061	36698257	2	1	1	2
6	36698258	36712596	2	1	1	2
6	36712597	36888781	3	2	1	2
6	36888782	43190433	2	1	1	2
6	43190434	43191196	2	1	1	2
6	43191197	43253234	2	1	1	2
6	43253235	43253714	2	1	1	2
6	43253715	43253954	2	1	1	2
6	43253955	43254584	2	1	1	2
6	43254585	58699999	2	1	1	2
6	58700000	63299999	2	1	1	2
6	63300000	74249803	2	1	1	2
6	74249804	74296872	3	2	1	2
6	74296873	109162786	2	1	1	2
6	109162787	109303084	3	2	1	3
6	109303085	136516953	2	1	1	2
6	136516954	136530736	2	1	1	2
6	136530737	150612542	2	1	1	2
6	150612543	150678228	3	2	1	2
6	150678229	152660007	2	1	1	2
6	152660008	152664903	3	2	1	2
6	152664904	170915316	2	1	1	2
7	40386	17035547	2	1	1	3
7	17035548	17036908	2	1	1	2
7	17036909	17037167	3	2	1	2
7	17037168	17108619	3	2	1	3
7	17108620	17108671	2	1	1	1
7	17108672	28451809	2	1	1	3
7	28451810	28458258	3	2	1	1
7	28458259	44028627	2	1	1	3
7	44028628	44295000	3	2	1	3
7	44295001	44988837	2	1	1	3
7	44988838	45015979	3	2	1	2
7	45015980	57999999	2	1	1	3
7	58000000	61699999	2	1	1	3
7	61700000	65305831	2	1	1	3
7	65305832	65311846	2	1	1	2
7	65311847	70244655	2	1	1	3
7	70244656	112032134	2	1	1	3
7	112032135	112056866	2	1	1	2
7	112056867	139542010	2	1	1	3
7	139542011	139542203	2	1	1	2
7	139542204	139542217	2	1	1	2
7	139542218	150930832	2	1	1	3
7	150930833	150946758	2	1	1	2
7	150946759	155595202	2	1	1	3
7	155595203	155609574	2	1	1	2
7	155609575	158821400	2	1	1	3
8	219059	9010407	1	1	0	2
8	9010408	9049461	2	2	0	3
8	9049462	9118783	1	1	0	2
8	9118784	9137690	2	2	0	2
8	9137691	9714279	1	1	0	2
8	9714280	10059789	2	2	0	2
8	10059790	22047359	1	1	0	2
8	22047360	22257084	1	1	0	2
8	22257085	27940360	1	1	0	2
8	27940361	27945126	1	1	0	2
8	27945127	32934819	1	1	0	2
8	32934820	32956062	1	1	0	2
8	32956063	39979013	1	1	0	3
8	39979014	40038719	2	1	1	2
8	40038720	41022993	2	1	1	3
8	41022994	43099999	1	1	0	3
8	43100000	48099999	NA	NA	NA	NA
8	48100000	58706586	2	1	1	3
8	58706587	58931725	3	2	1	2
8	58931726	91754976	2	1	1	3
8	91754977	91805747	2	1	1	3
8	91805748	98398709	2	1	1	3
8	98398710	98494193	2	1	1	2
8	98494194	103773518	2	1	1	3
8	103773519	103805710	2	1	1	3
8	103805711	146364021	2	1	1	3
9	47500	219448	2	1	1	2
9	219449	5991333	2	1	1	2
9	5991334	6150719	1	1	0	2
9	6150720	37513110	2	1	1	2
9	37513111	44862773	2	1	1	2
9	44862774	47299999	2	1	1	2
9	47300000	50699999	2	1	1	2
9	50700000	66799971	2	1	1	2
9	66799972	74122465	2	1	1	2
9	74122466	74277812	2	1	1	2
9	74277813	86571157	2	1	1	3
9	86571158	86584101	2	1	1	3
9	86584102	104179839	2	1	1	3
9	104179840	104193201	3	2	1	2
9	104193202	104392142	3	2	1	3
9	104392143	111270875	2	1	1	3
9	111270876	111285136	2	1	1	2
9	111285137	116818791	2	1	1	3
9	116818792	116986452	3	2	1	2
9	116986453	124017785	2	1	1	3
9	124017786	124110098	3	2	1	3
9	124110099	131557222	2	1	1	3
9	131557223	131585992	3	2	1	2
9	131585993	132163316	2	1	1	3
9	132163317	132175859	2	1	1	2
9	132175860	133390229	2	1	1	3
9	133390230	133390581	2	1	1	3
9	133390582	133392082	2	1	1	2
9	133392083	137122987	2	1	1	3
9	137122988	137186129	3	2	1	2
9	137186130	139507775	2	1	1	3
9	139507776	139520488	3	2	1	1
9	139520489	139567145	3	2	1	2
9	139567146	139569610	2	1	1	1
9	139569611	139874995	2	1	1	2
9	139874996	140273200	2	1	1	2
10	94426	5782681	2	1	1	3
10	5782682	5878159	2	1	1	3
10	5878160	33860374	2	1	1	3
10	33860375	33981729	2	1	1	2
10	33981730	37999999	2	1	1	3
10	38000000	42299999	2	1	1	3
10	42300000	47661226	2	1	1	3
10	47661227	58955125	2	1	1	3
10	58955126	58973709	2	1	1	3
10	58973710	60771421	2	1	1	3
10	60771422	60837179	3	2	1	2
10	60837180	73839461	2	1	1	3
10	73839462	73846441	2	1	1	2
10	73846442	74041404	2	1	1	2
10	74041405	74041736	2	1	1	2
10	74041737	74041768	2	1	1	2
10	74041769	74119357	2	1	1	2
10	74119358	74119384	2	1	1	2
10	74119385	75226704	2	1	1	3
10	75226705	75848607	1	1	0	2
10	75848608	76995701	2	1	1	3
10	76995702	76995887	2	1	1	3
10	76995888	89672326	2	1	1	3
10	89672327	89782187	2	1	1	3
10	89782188	94402034	2	1	1	3
10	94402035	94601312	2	1	1	2
10	94601313	94818736	2	1	1	3
10	94818737	95066687	3	2	1	2
10	95066688	95361191	2	1	1	3
10	95361192	95417836	3	2	1	1
10	95417837	96394447	2	1	1	3
10	96394448	96394728	2	1	1	2
10	96394729	96402934	2	1	1	2
10	96402935	96442085	3	2	1	2
10	96442086	113598983	2	1	1	3
10	113598984	113726840	3	2	1	3
10	113726841	113925248	3	2	1	3
10	113925249	113991234	3	2	1	3
10	113991235	114132429	4	3	1	3
10	114132430	114326170	3	2	1	2
10	114326171	114477405	3	2	1	2
10	114477406	114477433	2	1	1	2
10	114477434	114495970	2	1	1	2
10	114495971	135389924	2	1	1	3
11	20721	196943	2	1	1	2
11	196944	9472161	2	1	1	3
11	9472162	9703815	3	2	1	3
11	9703816	34402348	2	1	1	3
11	34402349	34474981	3	2	1	2
11	34474982	47899698	2	1	1	3
11	47899699	48104143	3	3	0	1
11	48104144	51599999	2	1	1	3
11	51600000	55699999	2	1	1	3
11	55700000	65212913	2	1	1	3
11	65212914	65361015	3	3	0	1
11	65361016	68628225	2	1	1	3
11	68628226	68654104	3	2	1	1
11	68654105	69797948	2	1	1	3
11	69797949	69818066	3	2	1	2
11	69818067	75018295	2	1	1	3
11	75018296	75100604	3	2	1	3
11	75100605	83727615	2	1	1	3
11	83727616	83778745	2	1	1	3
11	83778746	85776238	2	1	1	3
11	85776239	86590379	1	1	0	2
11	86590380	114156177	2	1	1	3
11	114156178	114172728	2	1	1	2
11	114172729	116538500	2	1	1	3
11	116538501	116576647	3	3	0	1
11	116576648	118051210	2	1	1	3
11	118051211	118064513	3	2	1	1
11	118064514	118389018	2	1	1	3
11	118389019	118538314	3	2	1	2
11	118538315	120028809	2	1	1	3
11	120028810	120094424	2	1	1	2
11	120094425	134452200	2	1	1	3
12	110107	7182620	2	1	1	3
12	7182621	12170048	2	1	1	3
12	12170049	12187642	3	2	1	1
12	12187643	24558111	2	1	1	3
12	24558112	24706057	1	1	0	2
12	24706058	31698052	2	1	1	3
12	31698053	31799761	1	1	0	2
12	31799762	33299999	2	1	1	3
12	33300000	38199999	2	1	1	3
12	38200000	57114658	2	1	1	3
12	57114659	57115097	2	1	1	3
12	57115098	57193096	2	1	1	2
12	57193097	57596622	3	2	1	3
12	57596623	57607093	2	1	1	1
12	57607094	57637881	3	2	1	2
12	57637882	95755972	2	1	1	3
12	95755973	100672251	2	1	1	3
12	100672252	100966395	2	1	1	3
12	100966396	120656745	2	1	1	3
12	120656746	120663541	3	2	1	1
12	120663542	120663791	3	2	1	1
12	120663792	120663832	3	2	1	1
12	120663833	120667115	3	2	1	1
12	120667116	120667412	3	2	1	1
12	120667413	120668913	3	2	1	1
12	120668914	120669425	3	2	1	1
12	120669426	120669455	3	2	1	1
12	120669456	120791473	3	2	1	2
12	120791474	120791507	2	1	1	2
12	120791508	121717953	2	1	1	2
12	121717954	122278007	3	2	1	3
12	122278008	122278027	3	2	1	3
12	122278028	122323554	3	2	1	2
12	122323555	123312437	2	1	1	3
12	123312438	123341137	2	1	1	2
12	123341138	133174873	2	1	1	3
12	133174874	133198083	3	2	1	2
13	1	16299999	1	1	0	1
13	16300000	19499999	1	1	0	2
13	19500000	42997042	1	1	0	2
13	42997043	43188920	1	1	0	2
13	43188921	48878648	1	1	0	2
13	48878649	49006457	1	1	0	2
13	49006458	49013145	1	1	0	2
13	49013146	49156492	1	1	0	2
13	49156493	59420618	1	1	0	2
13	59420619	64594860	2	1	1	2
13	64594861	64600070	2	1	1	2
13	64600071	100234037	2	1	1	2
13	100234038	100239129	2	1	1	2
13	100239130	114142800	2	1	1	2
13	114142801	115169877	2	1	1	2
14	1	16099999	2	1	1	1
14	16100000	19099999	2	1	1	1
14	19100000	19442415	2	1	1	2
14	19442416	35820597	2	1	1	2
14	35820598	35855717	3	2	1	2
14	35855718	54967309	2	1	1	2
14	54967310	55072519	1	1	0	2
14	55072520	58673052	2	1	1	2
14	58673053	58726800	3	2	1	2
14	58726801	67115942	2	1	1	2
14	67115943	67148263	2	1	1	2
14	67148264	68957151	2	1	1	2
14	68957152	68957234	2	1	1	2
14	68957235	68957335	2	1	1	2
14	68957336	68957478	2	1	1	2
14	68957479	68957521	2	1	1	2
14	68957522	68957634	2	1	1	2
14	68957635	69132516	2	1	1	2
14	69132517	69132532	2	1	1	2
14	69132533	69148252	2	1	1	2
14	69148253	69148304	2	1	1	2
14	69148305	74368983	1	1	0	2
14	74368984	74369325	1	1	0	2
14	74369326	91342754	1	1	0	2
14	91342755	93631008	1	1	0	2
14	93631009	93634205	1	1	0	2
14	93634206	106368400	1	1	0	2
15	1	15799999	2	1	1	1
15	15800000	20699999	2	1	1	2
15	20700000	40959307	2	1	1	3
15	40959308	40961207	2	1	1	2
15	40961208	41394680	2	1	1	3
15	41394681	41543795	2	1	1	3
15	41543796	43112970	2	1	1	3
15	43112971	43191025	2	1	1	3
15	43191026	43230019	2	1	1	3
15	43230020	51992456	2	1	1	3
15	51992457	53707704	2	1	1	3
15	53707705	53740094	3	2	1	3
15	53740095	62863768	2	1	1	3
15	62863769	62903761	1	1	0	2
15	62903762	64312853	2	1	1	3
15	64312854	64321992	2	1	1	2
15	64321993	64322019	3	2	1	1
15	64322020	64368875	3	2	1	1
15	64368876	64369257	3	2	1	1
15	64369258	64369270	2	1	1	1
15	64369271	64369285	2	1	1	1
15	64369286	64378268	2	1	1	1
15	64378269	64378574	2	1	1	1
15	64378575	64378593	2	1	1	1
15	64378594	64384294	2	1	1	2
15	64384295	65227307	2	1	1	3
15	65227308	65341348	3	2	1	2
15	65341349	67182352	2	1	1	3
15	67182353	67257833	3	2	1	2
15	67257834	75913508	2	1	1	3
15	75913509	76013709	2	1	1	2
15	76013710	86316333	2	1	1	3
15	86316334	86333314	3	2	1	3
15	86333315	86369059	3	2	1	2
15	86369060	86380611	3	2	1	2
15	86380612	86474320	3	2	1	2
15	86474321	86474909	3	2	1	2
15	86474910	86475245	3	2	1	2
15	86475246	86475625	3	2	1	1
15	86475626	86475828	3	2	1	1
15	86475829	86476390	3	2	1	2
15	86476391	86476429	3	2	1	2
15	86476430	86477667	2	1	1	2
15	86477668	89600297	2	1	1	3
15	89600298	89614797	3	2	1	1
15	89614798	89925728	2	1	1	3
15	89925729	90065591	2	1	1	2
15	90065592	91234664	2	1	1	3
15	91234665	91329004	3	2	1	2
15	91329005	100374858	2	1	1	3
15	100374859	102531391	2	1	1	3
16	86010	8966386	3	2	1	2
16	8966387	8993425	4	2	2	2
16	8993426	14363120	3	2	1	2
16	14363121	14387737	3	2	1	2
16	14387738	14906872	3	2	1	2
16	14906873	15580785	2	1	1	2
16	15580786	15580840	2	1	1	2
16	15580841	21122917	2	1	1	3
16	21122918	21205746	3	2	1	2
16	21205747	29157084	2	1	1	3
16	29157085	29157241	2	1	1	2
16	29157242	29167347	2	1	1	2
16	29167348	34599999	2	1	1	3
16	34600000	38599999	2	1	1	3
16	38600000	46447499	2	1	1	2
16	46447500	50362731	1	1	0	2
16	50362732	50414212	1	1	0	2
16	50414213	50858980	1	1	0	2
16	50858981	51021282	2	1	1	2
16	51021283	69960025	1	1	0	3
16	69960026	70203777	2	1	1	1
16	70203778	70252615	2	1	1	2
16	70252616	71613699	2	1	1	3
16	71613700	71677740	3	2	1	3
16	71677741	71881105	2	1	1	3
16	71881106	72137855	3	2	1	3
16	72137856	73728446	2	1	1	3
16	73728447	73731752	1	1	0	1
16	73731753	75303664	2	1	1	3
16	75303665	75309459	2	1	1	2
16	75309460	85417543	2	1	1	3
16	85417544	85518106	2	1	1	2
16	85518107	87814387	2	1	1	3
16	87814388	87836026	2	1	1	2
16	87836027	88827200	2	1	1	2
16	88827201	90354752	2	1	1	2
17	12500	5169417	1	1	0	2
17	5169418	5198633	2	2	0	2
17	5198634	6728828	1	1	0	2
17	6728829	6729029	1	1	0	2
17	6729030	19411952	1	1	0	2
17	19411953	22199999	2	1	1	3
17	22200000	25799999	2	1	1	3
17	25800000	27031304	2	1	1	3
17	27031305	27059258	2	1	1	2
17	27059259	40054793	2	1	1	3
17	40054794	40099860	3	2	1	2
17	40099861	40154754	4	3	1	1
17	40154755	40155054	4	3	1	1
17	40155055	40155327	4	3	1	1
17	40155328	40234521	3	2	1	2
17	40234522	40354201	4	2	2	2
17	40354202	41158294	3	2	1	2
17	41158295	41385241	2	1	1	2
17	41385242	41397515	3	2	1	2
17	41397516	48858339	3	2	1	2
17	48858340	48936511	4	2	2	2
17	48936512	48936549	5	4	1	1
17	48936550	60223837	3	2	1	2
17	60223838	60224036	3	2	1	2
17	60224037	60251036	3	2	1	2
17	60251037	60251239	3	2	1	2
17	60251240	61771102	3	2	1	2
17	61771103	61781940	4	2	2	2
17	61781941	78774600	3	2	1	2
17	78774601	81195209	3	2	1	2
18	27500	165021	2	1	1	2
18	165022	3236047	2	1	1	3
18	3236048	3239696	2	1	1	3
18	3239697	15399999	2	1	1	3
18	15400000	19525090	2	1	1	3
18	19525091	19541021	2	1	1	2
18	19541022	29554178	2	1	1	3
18	29554179	29583183	3	2	1	2
18	29583184	46433979	2	1	1	3
18	46433980	46448450	2	1	1	3
18	46448451	47360411	2	1	1	3
18	47360412	47381512	3	2	1	2
18	47381513	60110399	2	1	1	3
18	60110400	60118983	3	2	1	2
18	60118984	76117000	2	1	1	3
18	76117001	78077247	2	1	1	3
19	102500	256010	2	1	1	2
19	256011	1107401	2	1	1	3
19	1107402	1232339	2	1	1	2
19	1232340	1232497	2	1	1	2
19	1232498	1235091	2	1	1	3
19	1235092	5853405	2	1	1	3
19	5853406	5881157	2	1	1	2
19	5881158	8328365	2	1	1	3
19	8328366	8368586	3	2	1	1
19	8368587	9407985	2	1	1	3
19	9407986	9440850	2	1	1	2
19	9440851	24399999	2	1	1	3
19	24400000	28599999	2	1	1	3
19	28600000	33667979	2	1	1	3
19	33667980	33842751	3	2	1	2
19	33842752	59128982	2	1	1	3
20	17500	3027423	2	1	1	2
20	3027424	3089616	3	2	1	2
20	3089617	25599999	2	1	1	3
20	25600000	29399999	2	1	1	3
20	29400000	31866825	2	1	1	3
20	31866826	32473229	3	2	1	2
20	32473230	35288568	2	1	1	3
20	35288569	35293714	2	1	1	3
20	35293715	43059882	2	1	1	3
20	43059883	43187709	3	2	1	3
20	43187710	43220984	2	2	0	2
20	43220985	43976303	1	1	0	3
20	43976304	43990163	2	2	0	1
20	43990164	48775831	1	1	0	3
20	48775832	48878115	2	2	0	2
20	48878116	48901455	2	2	0	2
20	48901456	48905833	3	2	1	2
20	48905834	48906119	3	2	1	2
20	48906120	48906146	2	1	1	2
20	48906147	48906159	2	1	1	2
20	48906160	48907862	4	3	1	2
20	48907863	48908053	4	3	1	2
20	48908054	48909570	4	3	1	2
20	48909571	49023481	2	1	1	3
20	49023482	49064859	3	2	1	2
20	49064860	49065175	3	2	1	2
20	49065176	49115205	5	3	2	2
20	49115206	49125540	3	2	1	2
20	49125541	49126737	2	1	1	2
20	49126738	52187459	2	1	1	3
20	52187460	52338618	2	1	1	3
20	52338619	62432500	2	1	1	3
21	1	9417499	NA	NA	NA	NA
21	9417500	10899999	NA	NA	NA	NA
21	10900000	15273442	2	1	1	2
21	15273443	36683057	2	1	1	3
21	36683058	36692679	3	2	1	1
21	36692680	37348145	2	1	1	3
21	37348146	37445396	1	1	0	2
21	37445397	37490622	1	1	0	2
21	37490623	37511876	2	1	1	3
21	37511877	44235353	2	1	1	3
21	44235354	45618845	2	1	1	3
21	45618846	45619326	2	1	1	2
21	45619327	45619523	3	2	1	1
21	45619524	45774025	3	2	1	3
21	45774026	45774278	3	2	1	2
21	45774279	45775632	2	1	1	2
21	45775633	45775651	2	1	1	2
21	45775652	46944200	2	1	1	3
21	46944201	48129894	2	1	1	3
22	1	12199999	2	1	1	1
22	12200000	17899999	2	1	1	3
22	17900000	18471544	2	1	1	2
22	18471545	19494856	2	1	1	3
22	19494857	19672002	2	1	1	2
22	19672003	21717977	2	1	1	3
22	21717978	29963445	1	1	0	3
22	29963446	32299444	2	1	1	3
22	32299445	32318735	2	1	1	2
22	32318736	38058025	2	1	1	3
22	38058026	38108215	3	2	1	1
22	38108216	46640218	2	1	1	3
22	46640219	46651704	2	1	1	3
22	46651705	46652135	2	1	1	2
22	46652136	49691400	2	1	1	3
22	49691401	51304565	2	1	1	3
X	1	7609915	2	1	1	2
X	7609916	7830799	2	1	1	2
X	7830800	34388958	2	1	1	2
X	34388959	34403785	2	1	1	2
X	34403786	38730299	2	1	1	2
X	38730300	38804654	3	2	1	2
X	38804655	58099999	2	1	1	2
X	58100000	62999999	2	1	1	2
X	63000000	70478767	2	1	1	2
X	70478768	70478820	2	1	1	2
X	70478821	70524126	2	1	1	2
X	70524127	70530842	2	1	1	2
X	70530843	122859911	2	1	1	2
X	122859912	122892853	2	1	1	2
X	122892854	154913600	2	1	1	2
