chromosome	start	end	total_cn	major_cn	minor_cn	star
1	10001	11130648	2	1	1	3
1	11130649	11704911	2	1	1	2
1	11704912	21235980	2	1	1	2
1	21235981	22382808	1	1	0	2
1	22382809	51789435	2	1	1	2
1	51789436	51789530	2	1	1	2
1	51789531	52091727	2	1	1	2
1	52091728	52121427	2	1	1	1
1	52121428	65783225	2	1	1	2
1	65783226	65816502	0	0	0	2
1	65816503	66776036	2	1	1	2
1	66776037	66815392	2	1	1	1
1	66815393	66913476	2	1	1	2
1	66913477	84186761	2	1	1	2
1	84186762	87683440	3	2	1	3
1	87683441	100423252	2	1	1	3
1	100423253	101708274	2	1	1	2
1	101708275	101921536	2	1	1	3
1	101921537	101937488	2	1	1	2
1	101937489	101937705	2	1	1	2
1	101937706	121499999	2	1	1	3
1	121500000	128899999	2	1	1	2
1	128900000	149248742	2	1	1	3
1	149248743	161742249	2	1	1	3
1	161742250	161977783	2	1	1	2
1	161977784	162499296	2	1	1	3
1	162499297	164950009	1	1	0	2
1	164950010	171753975	2	1	1	3
1	171753976	173186612	1	1	0	3
1	173186613	227687914	2	1	1	2
1	227687915	230409630	1	1	0	3
1	230409631	232517202	2	1	1	3
1	232517203	232550167	1	1	0	2
1	232550168	246171839	2	1	1	3
1	246171840	246534758	2	1	1	3
1	246534759	246814026	1	1	0	2
1	246814027	246814198	1	1	0	2
1	246814199	248081739	2	1	1	3
1	248081740	248226143	2	1	1	2
1	248226144	249250620	2	1	1	2
2	42991	3647957	2	1	1	3
2	3647958	8976967	1	1	0	3
2	8976968	10821783	2	1	1	3
2	10821784	18483251	1	1	0	3
2	18483252	90499999	2	1	1	3
2	90500000	96799999	2	1	1	3
2	96800000	242951000	2	1	1	3
3	100074	10311569	1	1	0	2
3	10311570	17857247	2	1	1	2
3	17857248	18290043	1	1	0	2
3	18290044	87899999	2	1	1	2
3	87900000	93899999	2	1	1	2
3	93900000	96355051	2	1	1	2
3	96355052	96464686	2	1	1	2
3	96464687	116697347	2	1	1	2
3	116697348	116698506	2	1	1	2
3	116698507	198022429	2	1	1	2
4	31303	13952852	2	1	1	3
4	13952853	15130134	1	1	0	3
4	15130135	43735423	2	1	1	3
4	43735424	43738404	2	1	1	2
4	43738405	46599747	2	1	1	3
4	46599748	46613884	2	1	1	2
4	46613885	48199999	2	1	1	3
4	48200000	52699999	2	1	1	3
4	52700000	72185895	2	1	1	3
4	72185896	72206900	2	1	1	2
4	72206901	191154275	2	1	1	2
5	14757	46099999	2	1	1	3
5	46100000	50699999	NA	NA	NA	NA
5	50700000	54730904	1	1	0	2
5	54730905	54745632	1	1	0	2
5	54745633	55288397	1	1	0	2
5	55288398	55347023	0	0	0	2
5	55347024	55551807	1	1	0	2
5	55551808	57994213	0	0	0	2
5	57994214	58023358	1	1	0	2
5	58023359	58095207	0	0	0	2
5	58095208	61379937	1	1	0	2
5	61379938	62831513	2	1	1	3
5	62831514	79457529	1	1	0	3
5	79457530	79457587	1	1	0	3
5	79457588	79532089	1	1	0	2
5	79532090	180662500	2	1	1	3
6	39681	203396	NA	NA	NA	NA
6	203397	15679260	2	1	1	3
6	15679261	16206436	1	1	0	3
6	16206437	58699999	2	1	1	3
6	58700000	63299999	2	1	1	3
6	63300000	68380118	2	1	1	3
6	68380119	93528312	1	1	0	3
6	93528313	96959102	2	1	1	3
6	96959103	96991139	2	1	1	1
6	96991140	170897500	2	1	1	3
7	40386	1665048	1	1	0	2
7	1665049	57999999	2	1	1	2
7	58000000	61699999	2	1	1	2
7	61700000	65063212	2	1	1	2
7	65063213	65346870	2	2	0	1
7	65346871	158817500	2	1	1	2
8	10001	156330	1	1	0	2
8	156331	9194648	1	1	0	3
8	9194649	9195603	1	1	0	2
8	9195604	9332981	1	1	0	3
8	9332982	9335162	1	1	0	3
8	9335163	9341057	1	1	0	2
8	9341058	9343064	1	1	0	2
8	9343065	9344514	1	1	0	2
8	9344515	43099999	1	1	0	3
8	43100000	48099999	1	1	0	2
8	48100000	59772117	1	1	0	3
8	59772118	60273600	2	1	1	2
8	60273601	60478335	1	1	0	2
8	60478336	60479202	1	1	0	2
8	60479203	60497239	2	1	1	1
8	60497240	66569171	2	1	1	2
8	66569172	66569878	1	1	0	2
8	66569879	66570856	1	1	0	2
8	66570857	66572523	1	1	0	2
8	66572524	66963573	1	1	0	3
8	66963574	66964501	1	1	0	2
8	66964502	67005078	1	1	0	2
8	67005079	67006395	1	1	0	2
8	67006396	67013342	1	1	0	2
8	67013343	67013967	2	1	1	2
8	67013968	67016337	2	1	1	2
8	67016338	67026108	2	1	1	2
8	67026109	67026377	2	1	1	2
8	67026378	67030234	2	1	1	2
8	67030235	67038804	1	1	0	2
8	67038805	67046987	2	1	1	2
8	67046988	67572263	1	1	0	2
8	67572264	146364021	2	1	1	2
9	47500	47299999	2	1	1	3
9	47300000	50699999	2	1	1	2
9	50700000	66467499	2	1	1	2
9	66467500	140267500	3	2	1	2
10	10001	130012	2	1	1	2
10	130013	37999999	2	1	1	3
10	38000000	42299999	2	1	1	2
10	42300000	115060429	2	1	1	3
10	115060430	135389304	1	1	0	3
11	20721	196943	2	1	1	2
11	196944	25754425	2	1	1	3
11	25754426	27733477	3	2	1	3
11	27733478	51599999	2	1	1	3
11	51600000	55699999	2	1	1	3
11	55700000	134442500	2	1	1	3
12	110107	33299999	2	1	1	3
12	33300000	38199999	2	1	1	2
12	38200000	132342500	2	1	1	3
12	132342501	133851894	2	1	1	2
13	1	16299999	NA	NA	NA	NA
13	16300000	19499999	2	1	1	2
13	19500000	24152861	2	1	1	3
13	24152862	24156709	2	1	1	2
13	24156710	25071630	1	1	0	3
13	25071631	25098463	2	1	1	2
13	25098464	25100370	2	1	1	2
13	25100371	25106544	2	1	1	1
13	25106545	32470493	2	1	1	2
13	32470494	35692675	1	1	0	3
13	35692676	37703523	2	1	1	3
13	37703524	73310580	1	1	0	3
13	73310581	114137500	2	1	1	3
13	114137501	115169877	2	1	1	2
14	1	16099999	NA	NA	NA	NA
14	16100000	19099999	2	2	0	1
14	19100000	20375050	2	1	1	2
14	20375051	43832499	2	1	1	2
14	43832500	44257499	2	2	0	2
14	44257500	106362500	2	1	1	2
15	1	15799999	NA	NA	NA	NA
15	15800000	20699999	2	1	1	2
15	20700000	40311150	2	1	1	3
15	40311151	40504388	1	1	0	2
15	40504389	100332500	2	1	1	3
15	100332501	102421267	2	1	1	2
16	83807	34599999	2	1	1	3
16	34600000	38599999	2	1	1	3
16	38600000	80789466	2	1	1	3
16	80789467	88822500	1	1	0	3
16	88822501	90354752	1	1	0	2
17	1389	7962159	2	1	1	3
17	7962160	10827227	1	1	0	3
17	10827228	10831252	1	1	0	2
17	10831253	10831265	1	1	0	2
17	10831266	10832199	1	1	0	2
17	10832200	10835572	2	1	1	1
17	10835573	10839979	1	1	0	2
17	10839980	10840058	2	1	1	1
17	10840059	10851367	2	1	1	1
17	10851368	10853198	1	1	0	2
17	10853199	10855343	1	1	0	2
17	10855344	10875665	1	1	0	2
17	10875666	10878027	1	1	0	2
17	10878028	10886384	1	1	0	2
17	10886385	10887240	2	1	1	1
17	10887241	10888563	1	1	0	2
17	10888564	10889664	2	1	1	1
17	10889665	10905836	2	1	1	2
17	10905837	10919146	1	1	0	2
17	10919147	10919639	1	1	0	2
17	10919640	10921031	1	1	0	2
17	10921032	10923343	1	1	0	2
17	10923344	10925857	1	1	0	2
17	10925858	10927864	1	1	0	2
17	10927865	10946910	1	1	0	2
17	10946911	10949885	1	1	0	2
17	10949886	10950240	1	1	0	2
17	10950241	10952679	1	1	0	2
17	10952680	10952917	1	1	0	2
17	10952918	10953668	1	1	0	2
17	10953669	10953719	1	1	0	2
17	10953720	10954756	1	1	0	2
17	10954757	10958850	1	1	0	2
17	10958851	10960286	1	1	0	2
17	10960287	10963859	1	1	0	2
17	10963860	10966813	1	1	0	2
17	10966814	10967057	2	1	1	1
17	10967058	10969700	2	1	1	1
17	10969701	10978808	1	1	0	2
17	10978809	10979592	1	1	0	2
17	10979593	10984070	1	1	0	2
17	10984071	10984765	1	1	0	2
17	10984766	10991666	1	1	0	2
17	10991667	10993624	2	1	1	1
17	10993625	10997086	2	1	1	1
17	10997087	11000103	2	1	1	2
17	11000104	11000140	2	1	1	2
17	11000141	11010686	2	1	1	2
17	11010687	11013177	2	1	1	2
17	11013178	11022900	2	1	1	1
17	11022901	11022984	2	1	1	2
17	11022985	22199999	2	1	1	2
17	22200000	25799999	2	1	1	2
17	25800000	41389991	2	1	1	2
17	41389992	41610694	1	1	0	1
17	41610695	43603998	1	1	0	3
17	43603999	78772500	2	1	1	3
17	78772501	81195209	2	1	1	2
18	27500	12321772	1	1	0	3
18	12321773	12373046	2	1	1	1
18	12373047	12381999	2	1	1	2
18	12382000	15399999	2	1	1	2
18	15400000	18999999	2	1	1	2
18	19000000	76112500	2	1	1	2
18	76112501	78077247	2	1	1	2
19	260137	24399999	2	1	1	3
19	24400000	28599999	2	1	1	3
19	28600000	59128982	2	1	1	3
20	32012	7178988	2	1	1	2
20	7178989	7179020	2	1	1	2
20	7179021	7200554	2	1	1	2
20	7200555	7200692	2	1	1	2
20	7200693	25599999	2	1	1	3
20	25600000	29399999	2	1	1	3
20	29400000	62432500	2	1	1	3
21	1	9417499	NA	NA	NA	NA
21	9417500	10899999	NA	NA	NA	NA
21	10900000	14299999	2	2	0	1
21	14300000	38735161	2	1	1	3
21	38735162	42494821	1	1	0	3
21	42494822	44564730	2	1	1	2
21	44564731	45609998	1	1	0	3
21	45609999	46937500	2	1	1	2
21	46937501	48129894	2	1	1	2
22	1	12199999	NA	NA	NA	NA
22	12200000	17899999	2	1	1	3
22	17900000	29802389	2	1	1	3
22	29802390	30447501	1	1	0	3
22	30447502	49687500	2	1	1	3
22	49687501	51304565	2	1	1	2
X	1	58099999	1	1	0	3
X	58100000	62999999	1	1	0	3
X	63000000	155270559	1	1	0	3
Y	1	11599999	1	1	0	1
Y	11600000	13399999	1	1	0	1
Y	13400000	59373565	1	1	0	1
