chromosome	start	end	total_cn	major_cn	minor_cn	star
1	1	1036401	2	2	0	2
1	1036402	1124522	2	2	0	1
1	1124523	1215478	2	2	0	1
1	1215479	1391354	2	2	0	1
1	1391355	1393475	2	2	0	1
1	1393476	5807165	2	2	0	2
1	5807166	6040063	3	3	0	2
1	6040064	7988605	2	2	0	2
1	7988606	7990115	2	2	0	2
1	7990116	9740493	2	2	0	2
1	9740494	9842789	2	2	0	2
1	9842790	27533740	2	2	0	2
1	27533741	27936610	3	3	0	2
1	27936611	31899464	2	2	0	2
1	31899465	32269946	3	3	0	2
1	32269947	36447539	2	2	0	2
1	36447540	36724097	3	3	0	1
1	36724098	37021677	3	3	0	3
1	37021678	49883770	2	2	0	2
1	49883771	49893242	2	2	0	2
1	49893243	49926289	0	0	0	2
1	49926290	49970693	1	1	0	2
1	49970694	50038312	0	0	0	2
1	50038313	50107176	1	1	0	2
1	50107177	54953539	2	2	0	3
1	54953540	55541344	3	3	0	2
1	55541345	72127800	2	2	0	3
1	72127801	72131990	2	2	0	3
1	72131991	84555760	2	2	0	3
1	84555761	84565482	2	2	0	3
1	84565483	96665160	2	2	0	3
1	96665161	96743084	2	2	0	1
1	96743085	97988465	2	2	0	3
1	97988466	98248685	1	1	0	3
1	98248686	111890022	2	2	0	3
1	111890023	112100004	3	3	0	3
1	112100005	115888145	2	2	0	3
1	115888146	116740039	3	3	0	3
1	116740040	119945027	2	2	0	3
1	119945028	121298310	3	2	1	2
1	121298311	121382499	2	1	1	2
1	121382500	128899999	2	1	1	1
1	128900000	143502202	2	1	1	2
1	143502203	151315324	3	2	1	2
1	151315325	151393806	3	2	1	2
1	151393807	151663942	3	2	1	2
1	151663943	152504983	4	2	2	2
1	152504984	152993084	3	2	1	2
1	152993085	153048155	3	2	1	2
1	153048156	153876121	5	4	1	2
1	153876122	155622537	3	2	1	3
1	155622538	155873848	6	3	3	1
1	155873849	156024775	6	3	3	2
1	156024776	156469006	5	3	2	3
1	156469007	173418210	3	2	1	2
1	173418211	173531399	4	2	2	2
1	173531400	174221612	3	2	1	3
1	174221613	174312811	4	3	1	2
1	174312812	182890782	3	2	1	2
1	182890783	183599441	4	3	1	2
1	183599442	192690663	3	2	1	2
1	192690664	192759272	2	1	1	2
1	192759273	192776085	1	1	0	2
1	192776086	192814236	0	0	0	2
1	192814237	192930373	1	1	0	2
1	192930374	192941891	1	1	0	2
1	192941892	193157942	1	1	0	2
1	193157943	193172354	2	2	0	1
1	193172355	193174791	2	2	0	2
1	193174792	193381635	2	2	0	3
1	193381636	193512946	3	2	1	2
1	193512947	196562220	2	1	1	2
1	196562221	196957879	3	2	1	2
1	196957880	206794550	2	1	1	2
1	206794551	207302771	3	2	1	2
1	207302772	207303346	3	2	1	2
1	207303347	207303916	3	2	1	2
1	207303917	214988391	2	1	1	2
1	214988392	225838522	3	2	1	2
1	225838523	225892372	4	3	1	2
1	225892373	246168226	3	2	1	2
1	246168227	246381046	2	1	1	2
1	246381047	247226500	3	2	1	2
1	247226501	247227494	3	2	1	2
1	247227495	247249600	3	2	1	2
1	247249601	249250620	3	2	1	3
2	20016	2075662	3	2	1	2
2	2075663	2216135	2	1	1	2
2	2216136	15399098	3	2	1	2
2	15399099	15600694	4	3	1	2
2	15600695	15794941	3	2	1	2
2	15794942	17019014	4	3	1	2
2	17019015	30924055	3	2	1	2
2	30924056	31414989	4	2	2	2
2	31414990	36492956	3	2	1	2
2	36492957	36596448	4	3	1	2
2	36596449	37369125	3	2	1	2
2	37369126	37441239	4	3	1	2
2	37441240	37442591	3	2	1	2
2	37442592	37453527	4	3	1	2
2	37453528	46443109	3	2	1	2
2	46443110	46612454	2	2	0	2
2	46612455	55235606	3	2	1	2
2	55235607	55252320	3	2	1	1
2	55252321	66965595	3	2	1	2
2	66965596	67082646	4	2	2	2
2	67082647	70382181	3	2	1	2
2	70382182	70382329	3	2	1	2
2	70382330	70395900	3	2	1	2
2	70395901	70396043	3	2	1	1
2	70396044	70574758	3	2	1	2
2	70574759	70574778	3	2	1	2
2	70574779	90499999	3	2	1	2
2	90500000	96799999	NA	NA	NA	NA
2	96800000	97898190	2	2	0	3
2	97898191	98370743	2	2	0	1
2	98370744	98562533	3	3	0	2
2	98562534	99926629	2	2	0	3
2	99926630	99973994	2	2	0	2
2	99973995	114912129	2	2	0	3
2	114912130	114981626	3	3	0	2
2	114981627	118041204	2	2	0	3
2	118041205	118093306	2	2	0	2
2	118093307	141598126	2	2	0	3
2	141598127	141618796	0	0	0	1
2	141618797	141741885	0	0	0	2
2	141741886	142145807	1	1	0	2
2	142145808	190830036	2	2	0	3
2	190830037	190986699	3	3	0	3
2	190986700	202297430	2	2	0	3
2	202297431	202383403	2	2	0	2
2	202383404	210437300	2	2	0	2
2	210437301	210561900	2	2	0	1
2	210561901	211166393	2	2	0	2
2	211166394	211300122	3	3	0	3
2	211300123	211300847	3	3	0	2
2	211300848	211305145	3	3	0	2
2	211305146	213151608	2	2	0	2
2	213151609	213268164	1	1	0	2
2	213268165	213379986	1	1	0	2
2	213379987	213443532	1	1	0	2
2	213443533	231370736	2	2	0	2
2	231370737	231523412	3	3	0	3
2	231523413	242979500	2	2	0	2
3	66661	34188850	2	2	0	3
3	34188851	34254592	3	3	0	2
3	34254593	39952545	2	2	0	3
3	39952546	40029632	3	3	0	2
3	40029633	43191278	2	2	0	3
3	43191279	43282317	3	3	0	2
3	43282318	49372764	2	2	0	3
3	49372765	49485946	3	3	0	2
3	49485947	72924636	2	2	0	3
3	72924637	75469995	3	3	0	3
3	75469996	75825847	3	3	0	3
3	75825848	85113812	2	2	0	3
3	85113813	85158028	2	2	0	2
3	85158029	87899999	2	2	0	3
3	87900000	93899999	2	2	0	3
3	93900000	112470412	2	2	0	3
3	112470413	112471393	2	2	0	3
3	112471394	113956082	2	2	0	3
3	113956083	114219092	1	1	0	2
3	114219093	115919942	2	2	0	3
3	115919943	115924776	2	2	0	2
3	115924777	115935295	2	2	0	3
3	115935296	116052323	1	1	0	3
3	116052324	116271940	0	0	0	2
3	116271941	116287559	2	2	0	2
3	116287560	116461826	2	2	0	2
3	116461827	116467735	2	2	0	1
3	116467736	116531591	2	2	0	2
3	116531592	116560562	1	1	0	3
3	116560563	116576248	1	1	0	1
3	116576249	117066167	1	1	0	2
3	117066168	123595171	2	2	0	3
3	123595172	123595438	2	2	0	3
3	123595439	124385859	2	2	0	3
3	124385860	124386169	2	2	0	3
3	124386170	125192756	2	2	0	3
3	125192757	125426330	3	2	1	3
3	125426331	126660168	2	2	0	2
3	126660169	127183724	3	2	1	3
3	127183725	127376898	2	2	0	2
3	127376899	127377834	3	2	1	2
3	127377835	127378832	3	2	1	2
3	127378833	127528126	3	2	1	2
3	127528127	127530214	3	2	1	2
3	127530215	127762568	2	2	0	3
3	127762569	128997886	3	2	1	3
3	128997887	129297511	4	3	1	3
3	129297512	131298823	3	2	1	3
3	131298824	131628404	4	2	2	3
3	131628405	135729653	3	2	1	3
3	135729654	135748721	4	3	1	2
3	135748722	137813497	3	2	1	3
3	137813498	137823193	4	3	1	2
3	137823194	155389636	4	3	1	2
3	155389637	161905491	5	3	2	2
3	161905492	162096242	3	2	1	2
3	162096243	171784579	5	3	2	2
3	171784580	172040904	6	4	2	2
3	172040905	172056278	7	4	3	2
3	172056279	172123793	8	4	4	2
3	172123794	172143953	7	4	3	2
3	172143954	172477684	8	4	4	2
3	172477685	172506302	6	3	3	2
3	172506303	173672452	6	4	2	2
3	173672453	174984979	5	3	2	2
3	174984980	175561504	4	3	1	2
3	175561505	175564479	5	3	2	2
3	175564480	176782111	6	4	2	2
3	176782112	176972343	4	2	2	2
3	176972344	177429698	6	3	3	2
3	177429699	179195258	5	3	2	2
3	179195259	179209487	6	4	2	2
3	179209488	179210092	4	2	2	2
3	179210093	179210105	4	2	2	2
3	179210106	182781738	5	3	2	2
3	182781739	183406557	3	2	1	2
3	183406558	184442896	4	2	2	2
3	184442897	184445980	5	3	2	2
3	184445981	184466643	4	2	2	3
3	184466644	184469297	4	2	2	2
3	184469298	184776314	4	2	2	3
3	184776315	184781874	4	2	2	2
3	184781875	186769915	4	2	2	3
3	186769916	186778756	4	2	2	3
3	186778757	187029780	4	2	2	3
3	187029781	187032788	4	2	2	2
3	187032789	187054075	4	2	2	2
3	187054076	187065653	4	2	2	2
3	187065654	187074101	4	2	2	2
3	187074102	187075178	4	2	2	2
3	187075179	187085973	4	2	2	2
3	187085974	187103017	4	2	2	2
3	187103018	187110266	5	3	2	2
3	187110267	187223230	5	3	2	2
3	187223231	187417078	4	3	1	2
3	187417079	187990835	5	3	2	2
3	187990836	188003957	5	3	2	2
3	188003958	188101000	4	2	2	2
3	188101001	188536025	3	2	1	3
3	188536026	188899829	4	2	2	2
3	188899830	188918037	5	3	2	2
3	188918038	188967520	4	2	2	2
3	188967521	188968900	4	2	2	2
3	188968901	190392393	4	2	2	3
3	190392394	190473487	4	2	2	3
3	190473488	190827111	4	2	2	3
3	190827112	193663118	3	2	1	2
3	193663119	193775343	5	3	2	2
3	193775344	193782352	5	3	2	2
3	193782353	194025666	5	3	2	2
3	194025667	194032255	5	3	2	2
3	194032256	194111263	5	3	2	2
3	194111264	194141885	6	4	2	3
3	194141886	194704039	5	3	2	2
3	194704040	194708057	4	2	2	2
3	194708058	194718150	3	2	1	2
3	194718151	194722315	3	2	1	1
3	194722316	194738413	4	2	2	2
3	194738414	195552124	3	2	1	2
3	195552125	197438560	5	3	2	2
3	197438561	197700922	3	2	1	2
4	27500	50083	2	1	1	2
4	50084	245379	2	1	1	2
4	245380	725519	3	2	1	2
4	725520	799219	4	3	1	2
4	799220	8772981	3	2	1	3
4	8772982	11576683	3	2	1	2
4	11576684	11587993	3	2	1	2
4	11587994	13002226	3	2	1	2
4	13002227	13069521	2	1	1	2
4	13069522	13150599	1	1	0	2
4	13150600	13301359	2	1	1	2
4	13301360	17654851	3	2	1	2
4	17654852	18035507	4	3	1	2
4	18035508	18142437	5	4	1	2
4	18142438	18896313	4	3	1	2
4	18896314	19393675	3	2	1	2
4	19393676	19674660	2	1	1	2
4	19674661	20310395	3	2	1	2
4	20310396	20427788	2	1	1	2
4	20427789	34778800	3	2	1	2
4	34778801	38029620	3	2	1	2
4	38029621	38564385	4	3	1	2
4	38564386	41215064	3	2	1	2
4	41215065	48199999	3	2	1	3
4	48200000	52699999	3	2	1	3
4	52700000	65723712	3	2	1	3
4	65723713	65729531	3	2	1	2
4	65729532	69374101	3	2	1	3
4	69374102	69627231	3	2	1	2
4	69627232	69673644	3	2	1	2
4	69673645	78702926	3	2	1	3
4	78702927	78710326	3	2	1	3
4	78710327	90929418	3	2	1	3
4	90929419	91553725	4	3	1	3
4	91553726	91860036	3	3	0	2
4	91860037	99393650	4	3	1	2
4	99393651	99396261	4	3	1	2
4	99396262	104259592	4	3	1	2
4	104259593	109235324	5	4	1	2
4	109235325	109352783	6	4	2	2
4	109352784	110695085	5	4	1	2
4	110695086	110701652	4	3	1	2
4	110701653	131118309	5	4	1	2
4	131118310	131143140	2	1	1	2
4	131143141	155115337	5	4	1	2
4	155115338	155170552	8	7	1	2
4	155170553	156050605	5	4	1	2
4	156050606	156050799	5	4	1	2
4	156050800	166155432	5	4	1	2
4	166155433	166338491	8	7	1	2
4	166338492	168585536	5	4	1	2
4	168585537	168854806	6	5	1	2
4	168854807	169158554	7	6	1	2
4	169158555	169165567	6	5	1	2
4	169165568	170365078	5	4	1	2
4	170365079	170666566	6	5	1	2
4	170666567	171410690	5	4	1	2
4	171410691	171433713	6	5	1	2
4	171433714	188793464	5	4	1	2
4	188793465	188800163	5	4	1	2
4	188800164	190987500	5	4	1	2
5	30000	32257	3	2	1	2
5	32258	4658914	3	2	1	2
5	4658915	4659683	2	1	1	2
5	4659684	4668070	3	2	1	2
5	4668071	4668129	3	2	1	2
5	4668130	6523539	3	2	1	2
5	6523540	6566377	3	2	1	2
5	6566378	9954632	3	2	1	2
5	9954633	10063482	4	3	1	2
5	10063483	19386242	3	2	1	2
5	19386243	19482234	4	3	1	2
5	19482235	43905355	3	2	1	2
5	43905356	43916546	2	1	1	2
5	43916547	43963576	3	2	1	2
5	43963577	43969076	3	2	1	2
5	43969077	46099999	3	2	1	3
5	46100000	50699999	3	2	1	2
5	50700000	53267621	3	2	1	2
5	53267622	53320759	3	2	1	2
5	53320760	58525406	3	2	1	2
5	58525407	58904495	4	2	2	2
5	58904496	59052603	2	2	0	2
5	59052604	59133416	3	3	0	2
5	59133417	59635041	2	2	0	2
5	59635042	60077118	1	1	0	2
5	60077119	60242177	2	2	0	1
5	60242178	60516006	1	1	0	2
5	60516007	73736968	2	2	0	2
5	73736969	88319593	3	2	1	2
5	88319594	88320932	3	2	1	2
5	88320933	93257510	3	2	1	2
5	93257511	93351906	4	3	1	2
5	93351907	102440757	3	2	1	2
5	102440758	102596473	4	3	1	2
5	102596474	107878873	3	2	1	2
5	107878874	108084290	4	3	1	2
5	108084291	114976094	3	2	1	2
5	114976095	114987755	4	3	1	2
5	114987756	121989362	3	2	1	2
5	121989363	125478728	4	3	1	2
5	125478729	125551160	3	2	1	2
5	125551161	125595165	4	3	1	2
5	125595166	125770374	5	4	1	2
5	125770375	125932620	4	3	1	2
5	125932621	158121226	3	2	1	2
5	158121227	158216717	2	1	1	2
5	158216718	170805878	3	2	1	2
5	170805879	170861276	2	2	0	2
5	170861277	175276161	3	2	1	2
5	175276162	175287903	4	2	2	2
5	175287904	180689978	3	2	1	2
6	39681	180247	2	2	0	1
6	180248	6872133	2	2	0	3
6	6872134	6945234	3	3	0	3
6	6945235	7109119	2	2	0	3
6	7109120	30259746	4	4	0	3
6	30259747	31567890	7	7	0	3
6	31567891	31584094	9	9	0	1
6	31584095	31584427	9	9	0	2
6	31584428	31610792	9	9	0	2
6	31610793	31661507	2	2	0	2
6	31661508	31748718	6	6	0	2
6	31748719	31915895	6	6	0	2
6	31915896	35043721	4	4	0	2
6	35043722	43140805	2	2	0	2
6	43140806	45542229	1	1	0	2
6	45542230	45613566	2	2	0	2
6	45613567	56227406	1	1	0	2
6	56227407	58699999	2	1	1	3
6	58700000	63299999	2	1	1	3
6	63300000	76228931	2	1	1	3
6	76228932	105516902	3	2	1	3
6	105516903	105605116	3	2	1	2
6	105605117	108490010	3	2	1	3
6	108490011	109764411	2	1	1	3
6	109764412	110592344	3	2	1	3
6	110592345	110876841	4	2	2	3
6	110876842	116768445	3	2	1	3
6	116768446	116791821	4	2	2	3
6	116791822	120617492	3	2	1	3
6	120617493	120639100	4	3	1	2
6	120639101	126450769	3	2	1	3
6	126450770	126516494	3	2	1	2
6	126516495	126615466	3	2	1	3
6	126615467	126630731	3	2	1	2
6	126630732	128166527	3	2	1	3
6	128166528	128180834	3	2	1	3
6	128180835	137548322	3	2	1	3
6	137548323	138838475	4	3	1	3
6	138838476	152764484	3	2	1	3
6	152764485	157920991	2	1	1	3
6	157920992	158433918	4	3	1	3
6	158433919	164793842	2	1	1	3
6	164793843	164871347	3	2	1	3
6	164871348	170921585	2	1	1	3
7	40386	4939515	2	2	0	3
7	4939516	4948044	2	2	0	1
7	4948045	6837107	2	2	0	3
7	6837108	7015359	1	1	0	2
7	7015360	12550017	2	2	0	3
7	12550018	12685242	1	1	0	2
7	12685243	33074669	2	2	0	3
7	33074670	33212925	3	3	0	2
7	33212926	39496079	2	2	0	3
7	39496080	39559323	3	3	0	1
7	39559324	57999999	2	2	0	3
7	58000000	61699999	2	2	0	2
7	61700000	77988925	2	2	0	3
7	77988926	78058048	1	1	0	2
7	78058049	88578157	2	2	0	3
7	88578158	88616505	2	2	0	2
7	88616506	99658450	2	2	0	2
7	99658451	99852415	3	3	0	3
7	99852416	101700011	2	2	0	3
7	101700012	101754282	2	2	0	2
7	101754283	101760639	1	1	0	2
7	101760640	102119974	1	1	0	2
7	102119975	104346543	2	2	0	2
7	104346544	104472174	4	4	0	2
7	104472175	104533055	7	7	0	2
7	104533056	104708542	5	5	0	2
7	104708543	104981798	2	2	0	2
7	104981799	104982477	2	2	0	2
7	104982478	109188277	2	2	0	2
7	109188278	109382253	2	2	0	2
7	109382254	109755293	2	2	0	3
7	109755294	109797191	1	1	0	2
7	109797192	110302958	0	0	0	2
7	110302959	110437601	1	1	0	3
7	110437602	111081677	2	2	0	3
7	111081678	111352897	1	1	0	2
7	111352898	139283819	2	2	0	2
7	139283820	139766363	3	3	0	2
7	139766364	142927007	2	2	0	2
7	142927008	143548159	3	3	0	2
7	143548160	145387627	2	2	0	2
7	145387628	145390455	2	2	0	2
7	145390456	146249894	2	2	0	2
7	146249895	146579963	1	1	0	3
7	146579964	158821400	2	2	0	2
8	142425	4833287	2	2	0	3
8	4833288	4897985	1	1	0	3
8	4897986	7025801	2	2	0	3
8	7025802	8045114	2	2	0	2
8	8045115	21943003	2	2	0	3
8	21943004	22062716	3	3	0	3
8	22062717	24750751	2	2	0	3
8	24750752	25078032	3	3	0	2
8	25078033	26459356	2	2	0	3
8	26459357	26565606	3	3	0	3
8	26565607	39230024	2	2	0	3
8	39230025	43099999	2	2	0	3
8	43100000	48659394	NA	NA	NA	NA
8	48659395	48715309	3	3	0	2
8	48715310	52528094	2	2	0	3
8	52528095	76736006	3	2	1	3
8	76736007	76749755	3	2	1	1
8	76749756	89717124	3	2	1	3
8	89717125	89791077	2	2	0	3
8	89791078	91720733	3	2	1	3
8	91720734	91773510	3	2	1	2
8	91773511	100396180	3	2	1	3
8	100396181	100530400	2	2	0	2
8	100530401	100541528	2	2	0	2
8	100541529	100711628	4	4	0	2
8	100711629	102306143	5	4	1	3
8	102306144	102306191	5	4	1	2
8	102306192	102308237	5	4	1	2
8	102308238	102350674	3	2	1	1
8	102350675	102351080	3	2	1	2
8	102351081	120799541	3	2	1	3
8	120799542	120831787	3	2	1	2
8	120831788	120901706	5	4	1	2
8	120901707	120945545	4	3	1	2
8	120945546	120945793	6	4	2	1
8	120945794	120946257	6	4	2	1
8	120946258	121106115	5	3	2	2
8	121106116	121173434	6	4	2	1
8	121173435	121184295	5	3	2	2
8	121184296	121184412	5	3	2	1
8	121184413	121184643	5	3	2	1
8	121184644	121184988	5	3	2	2
8	121184989	121242412	5	3	2	2
8	121242413	121389395	4	2	2	3
8	121389396	122655107	3	2	1	3
8	122655108	122746196	4	3	1	3
8	122746197	126605247	3	2	1	3
8	126605248	126898184	4	3	1	3
8	126898185	129472056	3	2	1	3
8	129472057	129598496	4	3	1	3
8	129598497	130731622	3	2	1	3
8	130731623	130731659	3	2	1	3
8	130731660	131336420	3	2	1	3
8	131336421	131337963	3	2	1	3
8	131337964	141937364	3	2	1	3
8	141937365	142251177	4	3	1	3
8	142251178	145503836	3	2	1	3
9	10001	236490	2	1	1	2
9	236491	13090329	2	1	1	2
9	13090330	13090575	2	1	1	2
9	13090576	13233525	1	1	0	3
9	13233526	13233739	1	1	0	2
9	13233740	20641086	2	1	1	2
9	20641087	20809511	1	1	0	2
9	20809512	27231894	2	1	1	2
9	27231895	27569941	1	1	0	3
9	27569942	28543722	2	1	1	2
9	28543723	28675826	1	1	0	2
9	28675827	28732072	1	1	0	2
9	28732073	29235285	1	1	0	3
9	29235286	32042467	2	1	1	2
9	32042468	32158481	2	1	1	2
9	32158482	35748926	2	1	1	3
9	35748927	36067075	3	2	1	2
9	36067076	36068010	2	1	1	1
9	36068011	36084677	3	2	1	2
9	36084678	47299999	2	1	1	3
9	47300000	50699999	2	1	1	2
9	50700000	77016035	2	1	1	3
9	77016036	77095226	3	2	1	3
9	77095227	77106586	3	2	1	1
9	77106587	77166360	3	2	1	3
9	77166361	80841418	2	1	1	3
9	80841419	80883457	3	2	1	2
9	80883458	80934593	4	3	1	2
9	80934594	80937370	3	2	1	2
9	80937371	101189703	2	1	1	3
9	101189704	101261773	3	2	1	2
9	101261774	108585816	2	1	1	3
9	108585817	108724205	1	1	0	3
9	108724206	116057343	2	1	1	3
9	116057344	116285102	3	2	1	3
9	116285103	124275628	2	1	1	3
9	124275629	124347680	3	2	1	3
9	124347681	132122685	2	1	1	3
9	132122686	132162895	5	4	1	1
9	132162896	132319549	5	4	1	2
9	132319550	132412890	3	2	1	3
9	132412891	134255439	2	1	1	3
9	134255440	134414440	2	1	1	1
9	134414441	139697536	2	1	1	2
9	139697537	140007122	3	2	1	2
9	140007123	140273200	2	1	1	3
10	94426	2569602	3	2	1	2
10	2569603	2592975	3	2	1	2
10	2592976	4558241	3	2	1	2
10	4558242	4636883	4	2	2	2
10	4636884	13525504	3	2	1	2
10	13525505	13527016	3	2	1	2
10	13527017	23935679	3	2	1	2
10	23935680	24013095	4	2	2	2
10	24013096	26190186	3	2	1	2
10	26190187	26201006	4	3	1	2
10	26201007	37999999	3	2	1	2
10	38000000	42299999	3	2	1	2
10	42300000	55829976	3	2	1	2
10	55829977	56629638	2	1	1	2
10	56629639	56864606	2	1	1	3
10	56864607	56926253	2	1	1	2
10	56926254	70513787	3	2	1	2
10	70513788	71317985	4	3	1	2
10	71317986	74088689	3	2	1	2
10	74088690	77105744	4	2	2	3
10	77105745	77325218	4	2	2	2
10	77325219	85851216	4	2	2	3
10	85851217	94299238	3	2	1	3
10	94299239	101366478	2	2	0	3
10	101366479	102572593	3	2	1	3
10	102572594	102755486	5	4	1	2
10	102755487	105086444	3	2	1	3
10	105086445	106085099	2	2	0	3
10	106085100	108180316	3	2	1	3
10	108180317	108412241	5	4	1	2
10	108412242	109579748	3	2	1	3
10	109579749	109688374	2	2	0	3
10	109688375	110105235	3	2	1	3
10	110105236	112325233	2	2	0	3
10	112325234	112519936	3	2	1	3
10	112519937	112769631	2	2	0	2
10	112769632	119006518	3	2	1	3
10	119006519	119262506	2	2	0	3
10	119262507	119571630	3	2	1	2
10	119571631	119718812	2	2	0	3
10	119718813	119792471	2	2	0	1
10	119792472	120727519	2	2	0	3
10	120727520	124430587	3	2	1	3
10	124430588	135262499	2	2	0	2
10	135262500	135389924	2	2	0	2
11	20721	196943	3	2	1	2
11	196944	318102	3	2	1	3
11	318103	413300	4	2	2	2
11	413301	23403291	3	2	1	2
11	23403292	23496849	4	2	2	2
11	23496850	29466390	3	2	1	2
11	29466391	29472650	3	2	1	1
11	29472651	32933257	3	2	1	3
11	32933258	32972972	3	2	1	2
11	32972973	34462343	3	2	1	3
11	34462344	34533090	4	2	2	2
11	34533091	34555345	6	4	2	2
11	34555346	34765058	8	5	3	2
11	34765059	34915328	5	3	2	3
11	34915329	34944743	4	2	2	2
11	34944744	36110793	3	2	1	3
11	36110794	36111503	3	2	1	2
11	36111504	36111554	3	2	1	2
11	36111555	37033344	3	2	1	3
11	37033345	37034394	3	2	1	3
11	37034395	37053313	3	2	1	2
11	37053314	37053525	3	2	1	2
11	37053526	37550454	3	2	1	3
11	37550455	37550513	3	2	1	2
11	37550514	37551410	3	2	1	2
11	37551411	42609373	2	1	1	3
11	42609374	42628335	2	1	1	2
11	42628336	42628385	2	1	1	2
11	42628386	48243048	2	1	1	3
11	48243049	48759004	3	2	1	2
11	48759005	50065838	3	2	1	2
11	50065839	50070430	3	2	1	2
11	50070431	50224357	3	2	1	3
11	50224358	51599999	3	2	1	2
11	51600000	55699999	3	2	1	2
11	55700000	56731930	3	2	1	3
11	56731931	56737272	3	2	1	2
11	56737273	62324485	3	2	1	3
11	62324486	62385364	5	3	2	1
11	62385365	62742844	5	3	2	3
11	62742845	62778878	4	2	2	2
11	62778879	66768624	3	2	1	3
11	66768625	66981961	3	2	1	2
11	66981962	68857587	3	2	1	3
11	68857588	69031213	4	3	1	3
11	69031214	72687231	3	2	1	3
11	72687232	72810407	2	2	0	2
11	72810408	78380474	3	2	1	3
11	78380475	78435927	3	2	1	2
11	78435928	84113554	3	2	1	2
11	84113555	84442950	2	1	1	2
11	84442951	84474415	1	1	0	3
11	84474416	84520299	0	0	0	2
11	84520300	84547722	1	1	0	2
11	84547723	85165300	2	1	1	3
11	85165301	86890620	3	2	1	2
11	86890621	86922903	4	3	1	2
11	86922904	87352908	3	2	1	3
11	87352909	87372931	4	3	1	2
11	87372932	90395327	3	2	1	3
11	90395328	90441946	4	3	1	2
11	90441947	99183924	3	2	1	3
11	99183925	99722906	2	1	1	2
11	99722907	99788383	3	2	1	2
11	99788384	101000143	2	1	1	2
11	101000144	101355396	1	1	0	3
11	101355397	108038228	2	1	1	2
11	108038229	108038241	2	1	1	2
11	108038242	108038454	2	1	1	2
11	108038455	108039911	2	1	1	2
11	108039912	108040268	2	1	1	2
11	108040269	108042396	2	1	1	1
11	108042397	110090007	2	1	1	2
11	110090008	110283554	3	2	1	2
11	110283555	111194284	2	1	1	2
11	111194285	111262972	3	2	1	2
11	111262973	118534791	2	1	1	2
11	118534792	119092931	3	2	1	2
11	119092932	132476934	2	1	1	2
11	132476935	132478713	2	1	1	2
11	132478714	134452200	2	1	1	2
12	110107	11019807	2	1	1	3
12	11019808	11157897	1	1	0	3
12	11157898	11450004	2	1	1	2
12	11450005	19802757	1	1	0	3
12	19802758	19926793	2	1	1	3
12	19926794	20649723	1	1	0	3
12	20649724	20657015	1	1	0	1
12	20657016	22672473	1	1	0	3
12	22672474	22672518	1	1	0	1
12	22672519	31026881	2	1	1	3
12	31026882	33299999	3	2	1	3
12	33300000	38199999	3	2	1	2
12	38200000	46530291	3	2	1	3
12	46530292	46530459	3	2	1	2
12	46530460	46530482	3	2	1	1
12	46530483	46690722	4	3	1	2
12	46690723	46691129	4	3	1	2
12	46691130	46691153	4	3	1	1
12	46691154	46823228	5	4	1	2
12	46823229	47014937	4	3	1	3
12	47014938	49169180	3	2	1	3
12	49169181	49384544	4	3	1	2
12	49384545	52979626	3	2	1	3
12	52979627	52983553	3	2	1	2
12	52983554	52998617	4	3	1	1
12	52998618	52999930	4	3	1	1
12	52999931	53000312	4	3	1	1
12	53000313	53288681	4	3	1	2
12	53288682	53368071	3	2	1	2
12	53368072	53391844	4	3	1	2
12	53391845	53392169	4	3	1	2
12	53392170	54279781	4	3	1	3
12	54279782	55640110	5	4	1	3
12	55640111	56038632	4	3	1	3
12	56038633	57458358	5	3	2	3
12	57458359	60531668	3	2	1	3
12	60531669	60586066	4	3	1	2
12	60586067	64276465	3	2	1	3
12	64276466	64342643	4	2	2	3
12	64342644	70327500	3	2	1	3
12	70327501	70415020	4	2	2	2
12	70415021	85991510	3	2	1	3
12	85991511	86144215	2	2	0	3
12	86144216	99704516	3	2	1	3
12	99704517	99766164	2	2	0	2
12	99766165	99812222	1	1	0	1
12	99812223	99940832	1	1	0	2
12	99940833	100143588	2	1	1	2
12	100143589	100181767	2	2	0	2
12	100181768	100184334	2	2	0	2
12	100184335	100332398	2	1	1	2
12	100332399	113566481	3	2	1	3
12	113566482	113566496	3	2	1	3
12	113566497	117814345	3	2	1	3
12	117814346	117814521	3	2	1	3
12	117814522	125016444	3	2	1	3
12	125016445	125258122	4	2	2	3
12	125258123	132349400	3	2	1	3
12	132349401	133851894	3	2	1	3
13	1	16299999	2	2	0	1
13	16300000	19499999	2	2	0	2
13	19500000	44410436	2	2	0	3
13	44410437	44864706	3	3	0	2
13	44864707	48916660	2	2	0	3
13	48916661	49014084	1	1	0	2
13	49014085	66618180	2	2	0	3
13	66618181	73542304	1	1	0	3
13	73542305	73918917	2	2	0	3
13	73918918	76074655	1	1	0	3
13	76074656	87603430	2	2	0	3
13	87603431	90490320	1	1	0	3
13	90490321	90850776	2	2	0	3
13	90850777	109790345	3	3	0	3
13	109790346	109885489	4	4	0	2
13	109885490	114142800	3	3	0	3
13	114142801	115169877	3	3	0	3
14	1	16099999	3	2	1	1
14	16100000	19099999	3	2	1	2
14	19100000	20425050	3	2	1	2
14	20425051	21900602	3	2	1	2
14	21900603	21911506	3	2	1	2
14	21911507	26689484	3	2	1	2
14	26689485	26948778	4	3	1	3
14	26948779	29303548	3	2	1	3
14	29303549	29437209	4	2	2	2
14	29437210	29437283	3	2	1	1
14	29437284	32947515	3	2	1	3
14	32947516	33378185	4	2	2	2
14	33378186	57092299	3	2	1	3
14	57092300	57132656	2	1	1	3
14	57132657	68062211	3	2	1	3
14	68062212	68417383	1	1	0	3
14	68417384	68514163	1	1	0	2
14	68514164	69131559	1	1	0	2
14	69131560	70690166	3	2	1	3
14	70690167	70937427	4	2	2	2
14	70937428	72847215	3	2	1	3
14	72847216	73192512	4	2	2	3
14	73192513	93608715	3	2	1	3
14	93608716	93611156	3	2	1	2
14	93611157	93611551	4	3	1	1
14	93611552	93611597	4	3	1	1
14	93611598	93611726	4	3	1	2
14	93611727	94124919	4	3	1	2
14	94124920	94147427	3	2	1	2
14	94147428	94147677	3	2	1	2
14	94147678	101966976	3	2	1	2
14	101966977	102078686	4	3	1	2
14	102078687	105451557	3	2	1	2
14	105451558	105588396	4	3	1	2
14	105588397	106368400	3	2	1	2
15	1	15799999	3	2	1	1
15	15800000	20699999	3	2	1	2
15	20700000	44836659	3	2	1	2
15	44836660	44975529	2	1	1	2
15	44975530	44998538	1	1	0	1
15	44998539	45015723	0	0	0	2
15	45015724	45238776	1	1	0	2
15	45238777	47783004	2	2	0	2
15	47783005	49690003	3	3	0	2
15	49690004	71808551	2	2	0	2
15	71808552	71864574	2	2	0	2
15	71864575	71901019	2	2	0	2
15	71901020	71938898	2	2	0	2
15	71938899	71940385	2	2	0	2
15	71940386	71949108	2	2	0	2
15	71949109	78807365	2	2	0	2
15	78807366	78945209	2	2	0	2
15	78945210	80939879	2	2	0	2
15	80939880	81060423	3	3	0	2
15	81060424	81392394	3	3	0	2
15	81392395	98484884	3	3	0	2
15	98484885	98484903	3	3	0	2
15	98484904	98949757	3	3	0	2
15	98949758	99045770	4	4	0	2
15	99045771	100338800	3	3	0	2
15	100338801	102531391	3	3	0	2
16	9999	103415	2	1	1	2
16	103416	2838500	2	1	1	3
16	2838501	3215103	3	2	1	3
16	3215104	18802499	2	1	1	3
16	18802500	19000026	3	2	1	3
16	19000027	19656846	2	1	1	3
16	19656847	19823871	3	2	1	3
16	19823872	34599999	2	1	1	3
16	34600000	38599999	2	1	1	3
16	38600000	51972485	2	1	1	3
16	51972486	51977830	2	1	1	2
16	51977831	66520003	2	1	1	3
16	66520004	68898659	3	2	1	3
16	68898660	68930013	2	1	1	2
16	68930014	71000025	3	2	1	3
16	71000026	75683322	2	1	1	3
16	75683323	75699640	2	1	1	3
16	75699641	78666051	2	1	1	3
16	78666052	78694187	1	1	0	2
16	78694188	78744187	1	1	0	3
16	78744188	78808841	0	0	0	2
16	78808842	78900335	1	1	0	3
16	78900336	86683056	2	1	1	3
16	86683057	86789893	3	2	1	3
16	86789894	88212505	2	1	1	2
16	88212506	89574970	1	1	0	2
16	89574971	89727295	2	2	0	3
16	89727296	90044855	1	1	0	3
16	90044856	90045484	1	1	0	2
17	7	6153598	3	3	0	2
17	6153599	6343099	4	4	0	2
17	6343100	7449104	3	3	0	2
17	7449105	7799765	4	4	0	2
17	7799766	21539973	3	3	0	2
17	21539974	25799999	NA	NA	NA	NA
17	25800000	29483570	2	2	0	3
17	29483571	29483607	2	2	0	2
17	29483608	29491255	0	0	0	1
17	29491256	29613153	0	0	0	2
17	29613154	37693630	2	2	0	2
17	37693631	37731925	4	4	0	1
17	37731926	38539845	4	4	0	3
17	38539846	38585160	2	2	0	1
17	38585161	43145943	2	2	0	2
17	43145944	43281743	4	4	0	3
17	43281744	43407227	2	2	0	2
17	43407228	43427499	6	6	0	2
17	43427500	43570806	6	6	0	2
17	43570807	44172499	4	4	0	2
17	44172500	44801799	4	2	2	2
17	44801800	45994163	3	3	0	2
17	45994164	46308167	4	4	0	2
17	46308168	46721986	3	3	0	2
17	46721987	46737249	3	3	0	2
17	46737250	46741498	4	4	0	1
17	46741499	48833603	4	4	0	2
17	48833604	49053008	7	7	0	2
17	49053009	59160353	4	4	0	2
17	59160354	59245340	5	5	0	2
17	59245341	59460990	4	4	0	2
17	59460991	60002317	3	3	0	2
17	60002318	60135508	4	4	0	2
17	60135509	60270198	5	5	0	2
17	60270199	61859584	4	4	0	2
17	61859585	71191720	3	3	0	2
17	71191721	72243788	4	4	0	2
17	72243789	74045055	3	3	0	2
17	74045056	74135593	2	2	0	2
17	74135594	77630201	3	3	0	2
17	77630202	77711056	8	8	0	1
17	77711057	77741250	8	8	0	2
17	77741251	77904423	8	8	0	2
17	77904424	78882068	5	5	0	2
17	78882069	79236093	4	4	0	2
17	79236094	79246211	4	4	0	2
17	79246212	79354963	4	4	0	2
17	79354964	80474416	5	5	0	2
17	80474417	80937985	3	3	0	2
18	27500	165298	2	1	1	2
18	165299	15303931	3	2	1	2
18	15303932	18999999	NA	NA	NA	NA
18	19000000	46096455	2	1	1	3
18	46096456	46340717	1	1	0	2
18	46340718	57906898	2	1	1	3
18	57906899	61135825	1	1	0	3
18	61135826	61899005	2	1	1	3
18	61899006	65148798	1	1	0	3
18	65148799	68487268	2	1	1	3
18	68487269	76117000	1	1	0	3
18	76117001	78077247	1	1	0	3
19	102500	293345	2	2	0	2
19	293346	455005	2	2	0	3
19	455006	852880	3	3	0	3
19	852881	2105497	2	2	0	3
19	2105498	2164444	3	3	0	2
19	2164445	2165292	3	3	0	2
19	2165293	2444165	3	3	0	3
19	2444166	8001109	2	2	0	3
19	8001110	8006549	3	3	0	2
19	8006550	8387762	3	3	0	2
19	8387763	8487449	4	4	0	3
19	8487450	8527390	3	3	0	2
19	8527391	8527480	3	3	0	2
19	8527481	8898493	2	2	0	3
19	8898494	9417701	3	3	0	2
19	9417702	9629094	2	2	0	3
19	9629095	9635873	6	4	2	1
19	9635874	12257990	6	4	2	2
19	12257991	12259961	6	4	2	2
19	12259962	13046752	6	4	2	2
19	13046753	13125705	6	4	2	2
19	13125706	13902644	6	4	2	2
19	13902645	14093971	6	4	2	2
19	14093972	15664866	6	4	2	2
19	15664867	15666889	6	4	2	2
19	15666890	16252555	8	6	2	2
19	16252556	16255011	8	6	2	2
19	16255012	17322500	4	2	2	3
19	17322501	17536981	5	3	2	2
19	17536982	17549811	3	2	1	1
19	17549812	20602570	3	2	1	3
19	20602571	20722499	3	2	1	2
19	20722500	24399999	3	2	1	3
19	24400000	28599999	NA	NA	NA	NA
19	28600000	29177843	4	3	1	3
19	29177844	29178984	4	3	1	2
19	29178985	29672984	6	5	1	3
19	29672985	29675401	6	5	1	2
19	29675402	33152556	10	9	1	2
19	33152557	33265578	11	9	2	2
19	33265579	36141214	11	10	1	1
19	36141215	36145221	11	10	1	1
19	36145222	38660548	2	1	1	3
19	38660549	38709731	3	2	1	1
19	38709732	45904292	2	1	1	3
19	45904293	45905026	2	1	1	2
19	45905027	45918312	2	1	1	2
19	45918313	45952155	3	2	1	2
19	45952156	45988172	4	3	1	2
19	45988173	46007373	2	1	1	1
19	46007374	49317214	2	1	1	3
19	49317215	49368538	2	1	1	3
19	49368539	59128982	2	1	1	3
20	17500	3023753	5	3	2	2
20	3023754	5169062	6	3	3	2
20	5169063	8608126	5	3	2	2
20	8608127	8646250	4	2	2	2
20	8646251	8735531	5	3	2	2
20	8735532	8757598	6	3	3	2
20	8757599	8988788	5	3	2	2
20	8988789	8988800	5	3	2	2
20	8988801	8989399	5	3	2	1
20	8989400	14503887	4	2	2	2
20	14503888	14577755	4	2	2	2
20	14577756	14579727	3	2	1	2
20	14579728	14655808	3	2	1	2
20	14655809	14663316	3	2	1	2
20	14663317	14730030	3	2	1	2
20	14730031	14777094	3	2	1	2
20	14777095	14835898	3	2	1	1
20	14835899	14904212	NA	NA	NA	NA
20	14904213	14992983	2	1	1	1
20	14992984	17850098	4	2	2	2
20	17850099	17851034	4	2	2	2
20	17851035	25599999	4	2	2	2
20	25600000	29854781	4	2	2	2
20	29854782	29903993	4	2	2	2
20	29903994	29960014	5	3	2	2
20	29960015	30163554	4	2	2	3
20	30163555	30164475	4	2	2	2
20	30164476	30259640	4	2	2	1
20	30259641	30345046	4	2	2	1
20	30345047	32971534	4	2	2	2
20	32971535	33544447	6	4	2	2
20	33544448	33577318	7	5	2	2
20	33577319	33917800	6	4	2	2
20	33917801	35055436	4	2	2	2
20	35055437	35055620	4	2	2	2
20	35055621	36465058	4	2	2	2
20	36465059	36493311	5	3	2	2
20	36493312	39591895	4	2	2	2
20	39591896	39655797	3	2	1	2
20	39655798	47912687	4	2	2	2
20	47912688	48529817	5	3	2	2
20	48529818	55931186	4	2	2	2
20	55931187	55939053	5	3	2	2
20	55939054	55939346	5	3	2	2
20	55939347	56064826	5	3	2	2
20	56064827	56154357	4	2	2	2
20	56154358	58277316	3	2	1	2
20	58277317	58285547	3	2	1	2
20	58285548	62881343	3	2	1	2
21	1	9417499	NA	NA	NA	NA
21	9417500	10899999	NA	NA	NA	NA
21	10900000	14299999	1	1	0	1
21	14300000	20627133	2	1	1	3
21	20627134	26076437	3	2	1	3
21	26076438	26126835	3	2	1	2
21	26126836	33960263	3	2	1	3
21	33960264	33961366	3	2	1	2
21	33961367	34337928	5	3	2	3
21	34337929	34407830	6	3	3	2
21	34407831	34447120	5	3	2	2
21	34447121	34518049	6	4	2	2
21	34518050	36930098	5	3	2	3
21	36930099	36930126	5	3	2	2
21	36930127	36930452	5	3	2	1
21	36930453	38373566	4	3	1	2
21	38373567	42807929	3	2	1	2
21	42807930	43238935	4	2	2	2
21	43238936	46944200	3	2	1	3
21	46944201	48129894	3	2	1	2
22	1	12199999	2	2	0	1
22	12200000	17899999	2	2	0	2
22	17900000	36961520	2	2	0	2
22	36961521	37012788	2	2	0	2
22	37012789	46587037	2	2	0	2
22	46587038	47099490	3	3	0	2
22	47099491	47142709	4	4	0	2
22	47142710	50246372	3	3	0	2
22	50246373	50516704	4	4	0	2
X	1	4368054	1	1	0	2
X	4368055	4564157	2	2	0	2
X	4564158	6574004	1	1	0	2
X	6574005	6885893	4	3	1	2
X	6885894	7150304	1	1	0	2
X	7150305	7303268	0	0	0	2
X	7303269	7384568	1	1	0	2
X	7384569	7675295	0	0	0	2
X	7675296	7719126	1	1	0	2
X	7719127	8177197	0	0	0	2
X	8177198	10181877	1	1	0	2
X	10181878	10184495	2	2	0	2
X	10184496	32850891	1	1	0	2
X	32850892	32904394	0	0	0	2
X	32904395	33021634	0	0	0	2
X	33021635	33361729	1	1	0	2
X	33361730	33402925	0	0	0	2
X	33402926	34240406	1	1	0	2
X	34240407	34365371	2	2	0	2
X	34365372	44666496	1	1	0	2
X	44666497	44667795	1	1	0	2
X	44667796	44924196	16	16	0	1
X	44924197	44937759	17	17	0	1
X	44937760	45042582	19	19	0	1
X	45042583	45452320	14	14	0	1
X	45452321	45461852	9	9	0	1
X	45461853	46384210	3	3	0	2
X	46384211	46397535	3	3	0	2
X	46397536	46423438	2	1	1	2
X	46423439	51288110	4	4	0	2
X	51288111	56004396	6	6	0	2
X	56004397	56008203	6	6	0	2
X	56008204	58099999	2	2	0	2
X	58100000	62999999	NA	NA	NA	NA
X	63000000	64503443	1	1	0	2
X	64503444	64567462	1	1	0	2
X	64567463	134065903	1	1	0	2
X	134065904	134339795	2	2	0	2
X	134339796	134340658	3	2	1	2
X	134340659	154913600	1	1	0	2
