chromosome	start	end	total_cn	major_cn	minor_cn	star
1	1	10432713	1	1	0	2
1	10432714	10553508	2	2	0	2
1	10553509	17906401	1	1	0	2
1	17906402	22292226	1	1	0	2
1	22292227	27905292	2	1	1	2
1	27905293	27906234	3	2	1	2
1	27906235	28303273	2	1	1	1
1	28303274	28305403	3	2	1	2
1	28305404	31394995	2	1	1	2
1	31394996	35231119	2	1	1	2
1	35231120	35332252	3	2	1	2
1	35332253	39465935	2	1	1	1
1	39465936	39517030	2	1	1	1
1	39517031	43853942	2	1	1	2
1	43853943	44168777	3	2	1	2
1	44168778	44168812	3	2	1	1
1	44168813	44169014	4	3	1	1
1	44169015	49256350	2	1	1	2
1	49256351	49299096	2	1	1	2
1	49299097	50276291	2	1	1	2
1	50276292	50350426	2	1	1	2
1	50350427	63876262	2	1	1	2
1	63876263	63876446	2	1	1	2
1	63876447	68223100	2	1	1	2
1	68223101	68223363	2	1	1	2
1	68223364	74188559	2	1	1	2
1	74188560	75113391	2	1	1	2
1	75113392	82827277	2	1	1	2
1	82827278	82827296	2	1	1	2
1	82827297	90228303	2	1	1	2
1	90228304	90229251	2	1	1	2
1	90229252	95041739	2	1	1	2
1	95041740	95154161	2	1	1	2
1	95154162	110319996	2	1	1	2
1	110319997	115345707	2	1	1	2
1	115345708	115346021	2	1	1	2
1	115346022	116161332	2	1	1	2
1	116161333	117682594	2	1	1	2
1	117682595	118799029	2	1	1	2
1	118799030	119288900	2	1	1	2
1	119288901	119425150	3	2	1	1
1	119425151	119425236	3	2	1	1
1	119425237	119475766	3	2	1	2
1	119475767	121179985	2	1	1	2
1	121179986	128899999	2	1	1	2
1	128900000	144933745	2	1	1	2
1	144933746	149848601	2	1	1	2
1	149848602	154218053	2	1	1	1
1	154218054	156135587	1	1	0	1
1	156135588	156167548	1	1	0	1
1	156167549	165697534	3	2	1	2
1	165697535	165698883	3	2	1	2
1	165698884	175006557	2	1	1	2
1	175006558	175006576	2	1	1	2
1	175006577	178956379	2	1	1	2
1	178956380	182908701	2	1	1	2
1	182908702	182912860	2	1	1	2
1	182912861	187937013	2	1	1	2
1	187937014	187938658	2	1	1	2
1	187938659	192227601	2	1	1	2
1	192227602	211355604	2	1	1	2
1	211355605	211618846	3	2	1	2
1	211618847	217345759	2	1	1	2
1	217345760	217647871	1	1	0	2
1	217647872	218494727	2	1	1	2
1	218494728	218803867	3	2	1	2
1	218803868	226041822	2	1	1	2
1	226041823	247249600	1	1	0	2
1	247249601	249250620	1	1	0	2
2	38939	11990019	2	1	1	2
2	11990020	26104327	2	1	1	2
2	26104328	26124997	2	1	1	2
2	26124998	27871479	2	1	1	2
2	27871480	28193821	2	1	1	2
2	28193822	40358204	2	1	1	2
2	40358205	40564471	3	2	1	2
2	40564472	42080385	2	1	1	2
2	42080386	42080605	2	1	1	2
2	42080606	42080642	2	1	1	2
2	42080643	42081592	2	1	1	2
2	42081593	42082157	2	1	1	2
2	42082158	44142073	2	1	1	2
2	44142074	44144433	2	1	1	2
2	44144434	47494810	2	1	1	2
2	47494811	47643368	2	1	1	1
2	47643369	62328245	1	1	0	2
2	62328246	62335263	2	1	1	2
2	62335264	68182347	2	1	1	2
2	68182348	70338506	2	1	1	2
2	70338507	70367684	2	1	1	2
2	70367685	70616768	2	1	1	2
2	70616769	80665260	2	1	1	2
2	80665261	80707609	1	1	0	2
2	80707610	90499999	2	1	1	2
2	90500000	96799999	2	1	1	2
2	96800000	103024686	2	1	1	2
2	103024687	103058780	3	2	1	2
2	103058781	104388561	2	1	1	2
2	104388562	104389712	3	2	1	1
2	104389713	105861894	3	2	1	2
2	105861895	117009158	3	2	1	2
2	117009159	117010969	3	2	1	2
2	117010970	121059807	3	2	1	2
2	121059808	121064424	2	1	1	2
2	121064425	127689415	2	1	1	2
2	127689416	127973520	3	2	1	2
2	127973521	131994602	2	1	1	2
2	131994603	134765365	2	1	1	2
2	134765366	134956145	3	2	1	2
2	134956146	141574201	2	1	1	2
2	141574202	141864822	2	1	1	2
2	141864823	141869917	0	0	0	2
2	141869918	141873339	2	1	1	2
2	141873340	141904918	1	1	0	2
2	141904919	141910654	1	1	0	2
2	141910655	142032000	1	1	0	2
2	142032001	142093290	1	1	0	1
2	142093291	142096082	0	0	0	2
2	142096083	142113528	2	1	1	1
2	142113529	142137721	2	1	1	2
2	142137722	142615160	2	1	1	2
2	142615161	147526845	2	1	1	2
2	147526846	147541771	2	1	1	2
2	147541772	147643572	1	1	0	1
2	147643573	149036984	2	1	1	2
2	149036985	150383807	2	1	1	2
2	150383808	158581878	2	1	1	2
2	158581879	160690819	2	1	1	2
2	160690820	160867119	3	2	1	1
2	160867120	169708652	2	1	1	1
2	169708653	169710600	3	2	1	2
2	169710601	178985551	3	2	1	2
2	178985552	185930000	2	1	1	1
2	185930001	187148161	4	2	2	2
2	187148162	187562329	4	2	2	2
2	187562330	193348926	2	1	1	2
2	193348927	193395758	2	1	1	2
2	193395759	193452797	2	1	1	1
2	193452798	193989939	4	2	2	2
2	193989940	208550863	2	1	1	1
2	208550864	208825756	4	3	1	2
2	208825757	209050963	2	1	1	1
2	209050964	209051699	3	2	1	2
2	209051700	212932002	3	2	1	2
2	212932003	213119319	2	1	1	1
2	213119320	213127000	2	1	1	2
2	213127001	213432500	2	1	1	2
2	213432501	213490233	2	1	1	1
2	213490234	213669478	2	1	1	1
2	213669479	214552758	3	2	1	2
2	214552759	214593645	2	1	1	1
2	214593646	214939930	2	1	1	1
2	214939931	215146712	1	1	0	2
2	215146713	218662436	2	1	1	1
2	218662437	218663705	3	2	1	2
2	218663706	218663910	3	2	1	1
2	218663911	219120319	2	2	0	2
2	219120320	232734952	2	1	1	1
2	232734953	232904203	3	3	0	2
2	232904204	242976897	2	1	1	1
3	61495	1841814	2	1	1	1
3	1841815	1844427	2	1	1	2
3	1844428	13694146	2	1	1	2
3	13694147	13732392	3	2	1	2
3	13732393	13856558	2	1	1	2
3	13856559	13910665	2	2	0	2
3	13910666	14182204	2	1	1	2
3	14182205	14436616	2	1	1	2
3	14436617	28781426	1	1	0	2
3	28781427	28831426	2	1	1	2
3	28831427	28899392	1	1	0	2
3	28899393	28900601	2	1	1	2
3	28900602	28903052	2	1	1	1
3	28903053	37723601	1	1	0	2
3	37723602	47973626	2	1	1	2
3	47973627	48436922	2	1	1	2
3	48436923	48455505	2	1	1	2
3	48455506	48455624	1	1	0	1
3	48455625	48457523	2	1	1	1
3	48457524	52175669	2	1	1	2
3	52175670	52205958	1	1	0	1
3	52205959	52528824	3	3	0	1
3	52528825	52670831	1	1	0	1
3	52670832	66794052	2	1	1	2
3	66794053	66959844	2	1	1	1
3	66959845	87899999	2	1	1	2
3	87900000	93899999	2	1	1	2
3	93900000	116602651	2	1	1	2
3	116602652	116764111	1	1	0	2
3	116764112	121820041	2	1	1	2
3	121820042	122528981	2	1	1	2
3	122528982	122603701	3	2	1	2
3	122603702	122647858	3	1	2	1
3	122647859	122709771	2	1	1	2
3	122709772	138810540	2	1	1	2
3	138810541	153449959	2	1	1	2
3	153449960	168150359	2	1	1	2
3	168150360	168442243	4	2	2	2
3	168442244	168562617	2	1	1	2
3	168562618	168562770	4	2	2	2
3	168562771	168812559	4	2	2	2
3	168812560	168812597	2	1	1	2
3	168812598	169311281	2	1	1	2
3	169311282	169364548	4	2	2	2
3	169364549	169427805	4	2	2	2
3	169427806	169634691	4	2	2	2
3	169634692	198022429	3	2	1	1
4	27500	1667240	2	1	1	2
4	1667241	1852795	4	2	2	2
4	1852796	24149858	2	1	1	2
4	24149859	24151216	2	1	1	2
4	24151217	25298329	2	1	1	2
4	25298330	25584379	4	2	2	2
4	25584380	27104084	2	1	1	2
4	27104085	27124269	2	1	1	2
4	27124270	30529960	2	1	1	2
4	30529961	48199999	2	1	1	2
4	48200000	52699999	2	1	1	2
4	52700000	58081811	2	1	1	2
4	58081812	58099701	2	1	1	2
4	58099702	73952427	2	1	1	2
4	73952428	73952477	2	1	1	2
4	73952478	73952623	2	1	1	2
4	73952624	73952729	2	1	1	2
4	73952730	82065164	2	1	1	2
4	82065165	87233821	2	1	1	2
4	87233822	87859577	2	1	1	2
4	87859578	88024679	1	1	0	2
4	88024680	91618522	2	1	1	2
4	91618523	92417771	2	1	1	2
4	92417772	92423754	2	1	1	2
4	92423755	94391036	2	1	1	2
4	94391037	94393131	2	1	1	2
4	94393132	95590144	2	1	1	2
4	95590145	95641738	1	1	0	1
4	95641739	121355281	2	1	1	2
4	121355282	121356044	2	1	1	2
4	121356045	121357058	2	1	1	2
4	121357059	121357256	2	1	1	2
4	121357257	168492300	2	1	1	2
4	168492301	169088629	3	2	1	2
4	169088630	177858557	2	1	1	2
4	177858558	177987992	2	1	1	2
4	177987993	181673839	2	1	1	2
4	181673840	181912597	2	1	1	2
4	181912598	181926898	2	1	1	2
4	181926899	182125144	2	1	1	1
4	182125145	182130361	2	1	1	2
4	182130362	191154275	2	1	1	2
5	22500	3874294	3	2	1	2
5	3874295	46099999	2	1	1	2
5	46100000	50699999	NA	NA	NA	NA
5	50700000	57776568	1	1	0	2
5	57776569	57782140	1	1	0	2
5	57782141	58259623	2	1	1	2
5	58259624	58720760	1	1	0	2
5	58720761	58884117	0	0	0	2
5	58884118	59082939	1	1	0	2
5	59082940	59162999	1	1	0	2
5	59163000	59170955	2	1	1	2
5	59170956	59472830	2	1	1	2
5	59472831	59598506	1	1	0	2
5	59598507	59668211	1	1	0	2
5	59668212	59954247	1	1	0	2
5	59954248	61966610	2	1	1	1
5	61966611	63869989	1	1	0	2
5	63869990	67219894	1	1	0	2
5	67219895	74557283	1	1	0	2
5	74557284	74590550	1	1	0	1
5	74590551	74613906	5	5	0	1
5	74613907	74664760	1	1	0	2
5	74664761	93199278	1	1	0	2
5	93199279	93317517	1	1	0	2
5	93317518	93558257	1	1	0	2
5	93558258	93677026	1	1	0	2
5	93677027	122952316	4	2	2	2
5	122952317	123043049	3	3	0	1
5	123043050	124776846	1	1	0	2
5	124776847	154867431	1	1	0	2
5	154867432	155266170	1	1	0	2
5	155266171	180735741	1	1	0	2
6	202452	526785	1	1	0	2
6	526786	7561848	2	1	1	2
6	7561849	7738048	2	1	1	1
6	7738049	11401434	2	1	1	2
6	11401435	11552498	2	1	1	1
6	11552499	16392470	2	1	1	2
6	16392471	16394491	2	1	1	2
6	16394492	18436218	2	1	1	2
6	18436219	18552364	3	2	1	2
6	18552365	33427721	2	1	1	2
6	33427722	33725506	3	2	1	2
6	33725507	55913231	2	1	1	2
6	55913232	55915340	2	1	1	2
6	55915341	56642351	2	1	1	2
6	56642352	56681585	2	1	1	2
6	56681586	56999888	2	1	1	2
6	56999889	57003946	2	1	1	2
6	57003947	58699999	2	1	1	2
6	58700000	63299999	2	1	1	2
6	63300000	74419901	2	1	1	2
6	74419902	109655320	2	1	1	2
6	109655321	109775689	2	1	1	2
6	109775690	120723066	2	1	1	2
6	120723067	125002825	2	1	1	2
6	125002826	125029199	2	1	1	2
6	125029200	125712986	2	1	1	2
6	125712987	143161841	2	1	1	2
6	143161842	143498896	2	1	1	2
6	143498897	147221366	2	1	1	2
6	147221367	147222462	2	1	1	2
6	147222463	149358399	2	1	1	2
6	149358400	149504232	2	1	1	1
6	149504233	151958555	2	1	1	2
6	151958556	152251298	3	2	1	2
6	152251299	162275106	2	1	1	2
6	162275107	162496643	2	1	1	2
6	162496644	162833956	2	1	1	2
6	162833957	163011570	2	1	1	2
6	163011571	170913782	2	1	1	2
7	40386	9685504	1	1	0	2
7	9685505	9688504	35	34	1	1
7	9688505	9706356	35	34	1	1
7	9706357	9706937	21	19	2	1
7	9706938	10523570	17	15	2	1
7	10523571	10645535	16	15	1	2
7	10645536	10647246	8	7	1	1
7	10647247	12135180	6	4	2	2
7	12135181	12138473	8	6	2	1
7	12138474	12832301	7	6	1	2
7	12832302	12834241	6	5	1	1
7	12834242	13034352	16	14	2	1
7	13034353	13036510	7	6	1	1
7	13036511	13995150	6	4	2	2
7	13995151	13995837	4	3	1	2
7	13995838	15608485	4	3	1	2
7	15608486	17261201	3	2	1	1
7	17261202	17330040	3	2	1	1
7	17330041	18150080	3	2	1	2
7	18150081	18162393	4	2	2	2
7	18162394	30260050	4	2	2	2
7	30260051	47060003	3	2	1	1
7	47060004	57580919	2	1	1	2
7	57580920	62014986	NA	NA	NA	NA
7	62014987	77037512	1	1	0	2
7	77037513	77037852	1	1	0	2
7	77037853	77192564	1	1	0	2
7	77192565	77192941	1	1	0	2
7	77192942	80272154	1	1	0	2
7	80272155	80274616	1	1	0	2
7	80274617	84091037	1	1	0	2
7	84091038	84098016	1	1	0	2
7	84098017	86110522	1	1	0	2
7	86110523	86124124	1	1	0	2
7	86124125	101889138	1	1	0	2
7	101889139	101937000	2	2	0	2
7	101937001	101937524	2	2	0	2
7	101937525	101949246	2	2	0	2
7	101949247	110360935	1	1	0	2
7	110360936	110447514	3	2	1	2
7	110447515	116193472	1	1	0	2
7	116193473	116392243	1	1	0	2
7	116392244	148939121	1	1	0	2
7	148939122	149051921	2	2	0	2
7	149051922	158821400	1	1	0	2
8	10001	155736	1	1	0	1
8	155737	1721723	1	1	0	2
8	1721724	1730403	1	1	0	2
8	1730404	24640187	1	1	0	2
8	24640188	24641803	1	1	0	2
8	24641804	32062506	1	1	0	2
8	32062507	32063809	1	1	0	2
8	32063810	36632895	1	1	0	2
8	36632896	36633092	1	1	0	2
8	36633093	37505419	1	1	0	2
8	37505420	37505757	1	1	0	2
8	37505758	39232405	1	1	0	2
8	39232406	41744944	1	1	0	2
8	41744945	41746535	3	2	1	2
8	41746536	42700019	2	1	1	2
8	42700020	48099999	2	1	1	2
8	48100000	51327958	2	1	1	2
8	51327959	51570174	2	1	1	2
8	51570175	51571560	1	1	0	2
8	51571561	53290050	2	1	1	2
8	53290051	60490048	2	1	1	2
8	60490049	64549867	1	1	0	2
8	64549868	64550998	1	1	0	2
8	64550999	90738052	1	1	0	2
8	90738053	90767515	1	1	0	2
8	90767516	92121499	1	1	0	2
8	92121500	92435556	4	2	2	2
8	92435557	99926510	1	1	0	2
8	99926511	100909274	2	1	1	2
8	100909275	108305120	2	1	1	2
8	108305121	115133892	2	1	1	1
8	115133893	115134288	3	2	1	2
8	115134289	120380357	3	2	1	2
8	120380358	121252204	5	3	2	2
8	121252205	122607911	2	1	1	2
8	122607912	124032499	3	2	1	2
8	124032500	127989756	3	2	1	2
8	127989757	129235572	3	2	1	2
8	129235573	129236565	3	2	1	1
8	129236566	129612925	3	2	1	2
8	129612926	129651521	3	2	1	2
8	129651522	131562115	3	2	1	2
8	131562116	131744296	3	2	1	2
8	131744297	131906955	3	2	1	1
8	131906956	131907002	4	3	1	2
8	131907003	132371479	3	2	1	2
8	132371480	137330231	3	2	1	2
8	137330232	144247873	1	1	0	2
8	144247874	144729046	4	2	2	2
8	144729047	146364021	1	1	0	2
9	47500	203936	2	1	1	2
9	203937	544713	2	1	1	2
9	544714	677453	2	1	1	2
9	677454	28688621	2	1	1	2
9	28688622	28736343	2	1	1	2
9	28736344	28770872	2	1	1	2
9	28770873	28772868	1	1	0	2
9	28772869	28807778	1	1	0	2
9	28807779	28888483	2	1	1	2
9	28888484	29023314	2	1	1	2
9	29023315	29063819	2	1	1	2
9	29063820	47299999	2	1	1	2
9	47300000	50699999	2	1	1	2
9	50700000	66271749	2	1	1	2
9	66271750	69797499	2	1	1	2
9	69797500	80363989	1	1	0	2
9	80363990	80655276	1	1	0	2
9	80655277	90636951	1	1	0	2
9	90636952	91093248	3	2	1	2
9	91093249	100973810	1	1	0	2
9	100973811	100975818	1	1	0	2
9	100975819	124438438	1	1	0	2
9	124438439	124438580	1	1	0	2
9	124438581	136947429	1	1	0	2
9	136947430	136968192	1	1	0	2
9	136968193	136968785	1	1	0	2
9	136968786	136977307	1	1	0	2
9	136977308	140157525	1	1	0	2
9	140157526	140197677	1	1	0	2
9	140197678	140247676	1	1	0	2
10	94868	1584890	2	1	1	2
10	1584891	4481803	2	1	1	2
10	4481804	4482983	2	1	1	2
10	4482984	5302229	2	1	1	2
10	5302230	5409368	2	1	1	2
10	5409369	5461234	2	1	1	2
10	5461235	5504803	1	1	0	2
10	5504804	5526226	2	1	1	2
10	5526227	13829292	2	1	1	2
10	13829293	13882204	3	2	1	2
10	13882205	33881635	1	1	0	2
10	33881636	34119855	2	1	1	2
10	34119856	34867410	2	1	1	2
10	34867411	37650000	2	1	1	2
10	37650001	42377499	2	1	1	2
10	42377500	51835874	2	1	1	2
10	51835875	69055671	2	1	1	2
10	69055672	69097223	2	1	1	2
10	69097224	70896068	2	1	1	1
10	70896069	71140891	3	2	1	1
10	71140892	75286153	2	1	1	2
10	75286154	75796345	2	1	1	1
10	75796346	76765170	2	1	1	2
10	76765171	76776772	2	1	1	2
10	76776773	83790011	2	1	1	2
10	83790012	84031049	2	1	1	2
10	84031050	84489742	2	1	1	2
10	84489743	84527012	2	1	1	2
10	84527013	99122278	2	1	1	2
10	99122279	99205713	3	2	1	1
10	99205714	99453829	4	3	1	2
10	99453830	99659747	3	2	1	2
10	99659748	102547591	2	1	1	2
10	102547592	102781115	2	1	1	1
10	102781116	113544739	2	1	1	2
10	113544740	114032884	2	1	1	1
10	114032885	118300345	2	1	1	2
10	118300346	118311660	2	1	1	2
10	118311661	121355242	2	1	1	2
10	121355243	121428514	2	1	1	2
10	121428515	131401726	2	1	1	2
10	131401727	131402995	2	1	1	2
10	131402996	135389924	2	1	1	2
11	20721	206088	1	1	0	2
11	206089	657213	1	1	0	2
11	657214	966337	5	3	2	2
11	966338	13845002	1	1	0	2
11	13845003	14004152	1	1	0	2
11	14004153	14009022	1	1	0	2
11	14009023	15988595	1	1	0	2
11	15988596	15995315	1	1	0	2
11	15995316	16395108	1	1	0	2
11	16395109	46513212	1	1	0	2
11	46513213	46860183	1	1	0	2
11	46860184	49707201	1	1	0	2
11	49707202	50753751	1	1	0	2
11	50753752	55699999	NA	NA	NA	NA
11	55700000	60750123	2	1	1	2
11	60750124	60753394	2	1	1	2
11	60753395	60765874	2	1	1	1
11	60765875	60949497	2	1	1	2
11	60949498	61192071	2	1	1	1
11	61192072	61818055	2	1	1	1
11	61818056	62133221	3	2	1	2
11	62133222	62619863	4	2	2	2
11	62619864	62906296	2	1	1	2
11	62906297	63185636	3	2	1	2
11	63185637	63186245	1	1	0	1
11	63186246	63567923	2	1	1	1
11	63567924	64009997	2	2	0	1
11	64009998	65168792	2	1	1	1
11	65168793	65206797	2	1	1	2
11	65206798	83520384	2	1	1	2
11	83520385	83528744	2	1	1	2
11	83528745	86357454	2	1	1	2
11	86357455	86679755	2	1	1	1
11	86679756	108989967	2	1	1	1
11	108989968	116910535	2	1	1	2
11	116910536	117227787	2	1	1	1
11	117227788	126000852	2	1	1	2
11	126000853	126033137	2	1	1	2
11	126033138	134452200	2	1	1	2
12	22500	208802	2	1	1	1
12	208803	4347136	2	1	1	2
12	4347137	4816627	2	1	1	2
12	4816628	5108465	2	1	1	2
12	5108466	5429840	2	1	1	2
12	5429841	5892656	2	1	1	2
12	5892657	6377985	2	1	1	2
12	6377986	6983655	2	1	1	2
12	6983656	24955987	2	1	1	2
12	24955988	27311044	2	1	1	2
12	27311045	33299999	2	1	1	2
12	33300000	38199999	2	1	1	2
12	38200000	41572831	2	1	1	2
12	41572832	41572901	2	1	1	1
12	41572902	44532500	1	1	0	2
12	44532501	46360078	2	1	1	2
12	46360079	50297500	1	1	0	2
12	50297501	54269552	2	1	1	2
12	54269553	54530009	2	1	1	2
12	54530010	54857718	3	2	1	1
12	54857719	57093280	2	1	1	2
12	57093281	57099501	3	2	1	2
12	57099502	62152186	2	1	1	1
12	62152187	62344545	2	1	1	2
12	62344546	62350036	2	1	1	2
12	62350037	62350092	2	1	1	2
12	62350093	69221799	2	1	1	2
12	69221800	69236720	2	1	1	2
12	69236721	69237984	2	1	1	2
12	69237985	69252941	2	1	1	2
12	69252942	69304681	3	2	1	1
12	69304682	69322357	3	2	1	2
12	69322358	69849524	3	2	1	2
12	69849525	69853039	2	1	1	2
12	69853040	70011975	2	1	1	2
12	70011976	71241766	4	2	2	2
12	71241767	71788736	3	2	1	2
12	71788737	72492622	2	1	1	2
12	72492623	75740000	2	1	1	2
12	75740001	78475354	2	1	1	2
12	78475355	78543825	1	1	0	2
12	78543826	78690493	2	1	1	2
12	78690494	80459243	1	1	0	2
12	80459244	80759904	2	2	0	2
12	80759905	82860047	1	1	0	2
12	82860048	84962047	1	1	0	2
12	84962048	85035761	1	1	0	2
12	85035762	85863794	1	1	0	2
12	85863795	91273753	1	1	0	2
12	91273754	91274867	1	1	0	2
12	91274868	100603907	1	1	0	2
12	100603908	100716917	1	1	0	2
12	100716918	109180163	1	1	0	2
12	109180164	132349400	1	1	0	2
12	132349401	133851894	1	1	0	1
13	1	16299999	NA	NA	NA	NA
13	16300000	19499999	2	1	1	1
13	19500000	21655230	1	1	0	2
13	21655231	21790054	2	1	1	1
13	21790055	21808654	1	1	0	2
13	21808655	27831049	2	1	1	2
13	27831050	27832126	2	1	1	2
13	27832127	41900867	2	1	1	2
13	41900868	42033673	3	2	1	2
13	42033674	58625865	3	2	1	2
13	58625866	65067499	3	2	1	2
13	65067500	73470798	2	1	1	2
13	73470799	73754951	4	2	2	2
13	73754952	79196692	2	1	1	2
13	79196693	79199559	2	1	1	2
13	79199560	80052324	2	1	1	2
13	80052325	87933681	2	1	1	1
13	87933682	93843120	2	1	1	1
13	93843121	93844782	2	1	1	1
13	93844783	96685033	2	1	1	1
13	96685034	98566128	3	2	1	2
13	98566129	98827653	3	2	1	2
13	98827654	106077899	2	1	1	1
13	106077900	106384872	3	2	1	2
13	106384873	109072152	2	1	1	1
13	109072153	114142800	2	1	1	2
13	114142801	115169877	2	2	0	1
14	1	16099999	NA	NA	NA	NA
14	16100000	19099999	2	1	1	1
14	19100000	19110833	1	1	0	1
14	19110834	19518001	1	1	0	1
14	19518002	20377813	2	1	1	1
14	20377814	21670382	1	1	0	2
14	21670383	21817547	2	2	0	1
14	21817548	22730045	1	1	0	2
14	22730046	26471046	1	1	0	2
14	26471047	26471070	1	1	0	2
14	26471071	39843994	1	1	0	2
14	39843995	39851240	1	1	0	2
14	39851241	49786306	1	1	0	2
14	49786307	50260291	2	2	0	2
14	50260292	50291578	2	2	0	1
14	50291579	50379248	2	2	0	1
14	50379249	68588053	1	1	0	2
14	68588054	68592674	3	3	0	2
14	68592675	68614845	3	3	0	2
14	68614846	68879338	3	3	0	2
14	68879339	88241311	1	1	0	2
14	88241312	96358368	2	1	1	1
14	96358369	96497443	2	1	1	2
14	96497444	103961359	2	1	1	2
14	103961360	104098444	3	2	1	1
14	104098445	105238766	2	1	1	2
14	105238767	105540791	2	1	1	2
14	105540792	106368400	2	1	1	2
15	1	15799999	NA	NA	NA	NA
15	15800000	20699999	2	1	1	1
15	20700000	46340178	2	1	1	2
15	46340179	50345286	2	1	1	2
15	50345287	50347775	2	1	1	1
15	50347776	52941062	2	1	1	2
15	52941063	53097023	2	1	1	2
15	53097024	68734945	2	1	1	2
15	68734946	68740446	2	1	1	1
15	68740447	68740614	NA	NA	NA	NA
15	68740615	69053179	1	1	0	2
15	69053180	75030017	2	1	1	2
15	75030018	75115193	2	1	1	2
15	75115194	82223741	2	1	1	2
15	82223742	82224581	2	1	1	2
15	82224582	89878450	2	1	1	2
15	89878451	100338800	2	1	1	2
15	100338801	102531391	2	1	1	2
16	92888	4273238	2	1	1	2
16	4273239	4335376	3	2	1	2
16	4335377	4401624	3	2	1	1
16	4401625	4499285	2	1	1	1
16	4499286	15053282	2	1	1	2
16	15053283	21193757	2	1	1	2
16	21193758	21198388	2	1	1	2
16	21198389	24650648	2	1	1	2
16	24650649	24761823	2	1	1	2
16	24761824	33742499	2	1	1	2
16	33742500	38599999	NA	NA	NA	NA
16	38600000	46447499	3	2	1	2
16	46447500	48813190	1	1	0	2
16	48813191	48814488	1	1	0	2
16	48814489	56857932	1	1	0	2
16	56857933	64570963	2	1	1	2
16	64570964	72033508	2	1	1	1
16	72033509	72046826	1	1	0	2
16	72046827	88777200	2	1	1	2
16	88777201	90354752	2	1	1	2
17	12500	1791277	1	1	0	2
17	1791278	1840722	1	1	0	2
17	1840723	2770757	1	1	0	2
17	2770758	8293884	1	1	0	2
17	8293885	16566712	2	1	1	2
17	16566713	16712499	2	1	1	1
17	16712500	17075955	2	1	1	2
17	17075956	17283171	2	1	1	2
17	17283172	22199999	2	1	1	2
17	22200000	26007565	2	1	1	2
17	26007566	26509813	2	1	1	2
17	26509814	29302493	1	1	0	2
17	29302494	33396298	2	1	1	2
17	33396299	33400680	2	1	1	2
17	33400681	34257218	2	1	1	2
17	34257219	35001864	2	1	1	2
17	35001865	35634641	2	1	1	2
17	35634642	38142030	4	3	1	1
17	38142031	38190765	4	3	1	1
17	38190766	44215003	3	2	1	2
17	44215004	46178801	1	1	0	2
17	46178802	46709435	1	1	0	2
17	46709436	47239355	1	1	0	2
17	47239356	49831815	2	1	1	2
17	49831816	51056617	3	2	1	2
17	51056618	53032229	3	2	1	2
17	53032230	53225485	3	2	1	1
17	53225486	59394050	2	1	1	2
17	59394051	59394733	2	1	1	2
17	59394734	60234390	2	1	1	2
17	60234391	62922500	2	1	1	2
17	62922501	66245244	2	1	1	2
17	66245245	72455324	2	1	1	2
17	72455325	74015676	2	1	1	2
17	74015677	74030648	2	1	1	2
17	74030649	74035556	2	1	1	2
17	74035557	74080562	2	1	1	1
17	74080563	74572941	2	1	1	1
17	74572942	74579425	2	1	1	2
17	74579426	78108340	2	1	1	2
17	78108341	78774600	1	1	0	2
17	78774601	81195209	1	1	0	2
18	27500	125370	2	1	1	2
18	125371	3575104	2	1	1	2
18	3575105	3599776	2	1	1	2
18	3599777	15399999	2	1	1	2
18	15400000	18999999	NA	NA	NA	NA
18	19000000	19599020	3	3	0	1
18	19599021	19603700	3	3	0	1
18	19603701	20041630	5	5	0	1
18	20041631	20050543	5	5	0	1
18	20050544	22426167	6	6	0	1
18	22426168	24619238	6	6	0	1
18	24619239	24621381	5	5	0	1
18	24621382	29338296	6	4	2	2
18	29338297	31329556	4	4	0	2
18	31329557	31630132	4	4	0	1
18	31630133	31671292	7	5	2	2
18	31671293	31806769	4	4	0	2
18	31806770	31873915	6	6	0	2
18	31873916	31874155	5	5	0	2
18	31874156	32624651	5	5	0	2
18	32624652	32774147	4	4	0	2
18	32774148	35284666	4	4	0	2
18	35284667	35836268	15	15	0	1
18	35836269	36046642	15	15	0	1
18	36046643	36456482	5	5	0	2
18	36456483	36458034	5	5	0	2
18	36458035	36462791	0	0	0	1
18	36462792	36466323	0	0	0	1
18	36466324	37776261	0	0	0	2
18	37776262	76117000	1	1	0	2
18	76117001	78077247	1	1	0	1
19	245571	1149255	2	1	1	2
19	1149256	7272783	1	1	0	2
19	7272784	8944943	2	1	1	2
19	8944944	9638095	3	2	1	2
19	9638096	10991277	2	1	1	2
19	10991278	11004297	2	1	1	2
19	11004298	11514988	2	1	1	2
19	11514989	12718467	1	1	0	2
19	12718468	12909388	2	1	1	2
19	12909389	13092795	2	1	1	1
19	13092796	13093111	2	1	1	1
19	13093112	16920966	2	1	1	2
19	16920967	16921840	2	1	1	2
19	16921841	16954594	2	1	1	1
19	16954595	17528907	1	1	0	2
19	17528908	17541003	1	1	0	2
19	17541004	17542278	NA	NA	NA	NA
19	17542279	21465414	2	1	1	2
19	21465415	21512894	2	1	1	1
19	21512895	21624844	3	2	1	1
19	21624845	21660726	3	2	1	1
19	21660727	21764451	2	1	1	1
19	21764452	21973233	1	1	0	2
19	21973234	22019767	2	1	1	2
19	22019768	22019888	2	1	1	2
19	22019889	22035282	2	1	1	2
19	22035283	24399999	1	1	0	2
19	24400000	28599999	NA	NA	NA	NA
19	28600000	44715344	2	1	1	2
19	44715345	44962864	1	1	0	2
19	44962865	57113416	2	1	1	1
19	57113417	57753841	3	2	1	1
19	57753842	57761647	2	1	1	2
19	57761648	58688456	2	1	1	2
20	32012	25599999	2	1	1	2
20	25600000	29422139	2	1	1	2
20	29422140	29846733	2	1	1	2
20	29846734	29849005	2	1	1	2
20	29849006	41950005	2	1	1	1
20	41950006	43191159	2	1	1	1
20	43191160	43196658	2	1	1	1
20	43196659	48968547	2	1	1	2
20	48968548	50425719	1	1	0	2
20	50425720	50669888	2	2	0	2
20	50669889	59570215	1	1	0	2
20	59570216	62053047	2	1	1	2
20	62053048	62370657	2	2	0	2
20	62370658	62372245	3	2	1	2
20	62372246	62495665	3	2	1	2
21	1	10899999	NA	NA	NA	NA
21	10900000	14299999	2	1	1	2
21	14300000	19429638	2	1	1	2
21	19429639	19501003	1	1	0	2
21	19501004	25438764	2	1	1	2
21	25438765	25456111	1	1	0	2
21	25456112	46937500	2	1	1	2
21	46937501	48129894	2	1	1	2
22	1	12199999	NA	NA	NA	NA
22	12200000	17899999	1	1	0	2
22	17900000	29549975	2	1	1	2
22	29549976	29785060	2	1	1	2
22	29785061	32123606	2	1	1	2
22	32123607	32232803	2	1	1	2
22	32232804	38655982	2	1	1	2
22	38655983	39138731	3	2	1	2
22	39138732	39142863	3	2	1	1
22	39142864	39159808	1	1	0	1
22	39159809	41116080	2	1	1	2
22	41116081	41594921	3	2	1	2
22	41594922	49977100	2	1	1	2
22	49977101	51304565	1	1	0	1
X	1	11952059	2	1	1	1
X	11952060	13830263	2	1	1	2
X	13830264	14111839	2	1	1	2
X	14111840	16627575	2	1	1	2
X	16627576	16802132	2	1	1	2
X	16802133	26543985	2	1	1	2
X	26543986	26544636	2	1	1	2
X	26544637	27585667	2	1	1	1
X	27585668	27586234	2	1	1	2
X	27586235	32108235	2	1	1	2
X	32108236	32821553	2	1	1	2
X	32821554	33077095	2	1	1	1
X	33077096	33537224	2	1	1	2
X	33537225	47070059	2	1	1	1
X	47070060	47258184	2	1	1	2
X	47258185	55047372	2	1	1	2
X	55047373	56710743	2	1	1	2
X	56710744	56893179	2	1	1	2
X	56893180	58099999	2	1	1	2
X	58100000	62999999	2	1	1	2
X	63000000	71685457	2	1	1	2
X	71685458	71686087	2	1	1	2
X	71686088	73058679	2	1	1	2
X	73058680	73063762	2	1	1	2
X	73063763	95336891	2	1	1	2
X	95336892	112703764	2	1	1	2
X	112703765	112705313	3	3	0	1
X	112705314	113345573	2	1	1	2
X	113345574	114304401	2	1	1	1
X	114304402	116843247	3	2	1	2
X	116843248	117612160	2	1	1	1
X	117612161	117771861	2	1	1	2
X	117771862	117772860	2	1	1	1
X	117772861	127478123	2	1	1	2
X	127478124	127543443	2	1	1	2
X	127543444	154913600	2	1	1	2
