chromosome	start	end	total_cn	major_cn	minor_cn	star
1	17500	77022891	3	2	1	2
1	77022892	77025700	1	1	0	2
1	77025701	105443707	3	2	1	1
1	105443708	107258610	3	2	1	2
1	107258611	107346768	1	1	0	2
1	107346769	110090099	2	2	0	2
1	110090100	110884168	5	3	2	2
1	110884169	111932565	3	2	1	2
1	111932566	115460166	4	2	2	2
1	115460167	119316078	3	2	1	2
1	119316079	119318047	3	2	1	2
1	119318048	121499999	3	2	1	2
1	121500000	128899999	NA	NA	NA	NA
1	128900000	142612499	4	2	2	2
1	142612500	174006715	5	3	2	2
1	174006716	174017572	4	2	2	2
1	174017573	190031431	4	2	2	2
1	190031432	199296654	4	2	2	2
1	199296655	199298543	4	2	2	2
1	199298544	199466975	2	1	1	2
1	199466976	216110020	5	3	2	2
1	216110021	237943847	5	3	2	2
1	237943848	238092499	4	3	1	1
1	238092500	240325289	4	2	2	2
1	240325290	240327362	4	2	2	2
1	240327363	247249600	5	3	2	2
1	247249601	249250620	5	3	2	2
2	20016	52316985	3	2	1	3
2	52316986	52318822	3	2	1	2
2	52318823	59147541	3	2	1	2
2	59147542	59149165	3	2	1	2
2	59149166	59537569	3	2	1	1
2	59537570	59538993	2	2	0	2
2	59538994	88362500	3	2	1	3
2	88362501	90499999	3	2	1	3
2	90500000	96799999	3	2	1	2
2	96800000	101384535	3	2	1	2
2	101384536	103866789	2	2	0	3
2	103866790	104308029	3	2	1	2
2	104308030	110934427	2	2	0	2
2	110934428	111407684	2	2	0	1
2	111407685	114193060	2	2	0	3
2	114193061	114445701	3	2	1	2
2	114445702	114740726	3	2	1	2
2	114740727	152074187	2	2	0	2
2	152074188	159920915	1	1	0	2
2	159920916	181813437	3	2	1	2
2	181813438	181816640	2	2	0	2
2	181816641	189430626	4	2	2	2
2	189430627	210456472	3	2	1	2
2	210456473	242951000	3	2	1	2
3	62226	1812344	2	2	0	1
3	1812345	1933926	5	5	0	1
3	1933927	26868026	2	2	0	2
3	26868027	68269982	2	2	0	2
3	68269983	85488509	2	2	0	2
3	85488510	85490187	3	3	0	1
3	85490188	87899999	2	2	0	2
3	87900000	93899999	2	2	0	1
3	93900000	95168397	2	2	0	2
3	95168398	95813660	5	3	2	2
3	95813661	95820256	4	2	2	1
3	95820257	95826938	2	2	0	1
3	95826939	95828706	6	3	3	1
3	95828707	96363202	2	2	0	2
3	96363203	96365001	5	3	2	1
3	96365002	96365069	4	2	2	1
3	96365070	96369323	4	2	2	2
3	96369324	96775285	2	2	0	2
3	96775286	96779038	5	3	2	1
3	96779039	96779170	1	1	0	1
3	96779171	96828679	3	2	1	1
3	96828680	96828719	1	1	0	1
3	96828720	96943761	2	2	0	1
3	96943762	96944187	1	1	0	1
3	96944188	96950056	1	1	0	1
3	96950057	96951272	1	1	0	2
3	96951273	96951318	1	1	0	2
3	96951319	96951336	1	1	0	2
3	96951337	96951432	1	1	0	2
3	96951433	96951522	1	1	0	1
3	96951523	97084334	5	3	2	2
3	97084335	97091284	1	1	0	1
3	97091285	97443394	3	3	0	2
3	97443395	97525864	6	4	2	2
3	97525865	99485354	1	1	0	2
3	99485355	99556884	5	3	2	2
3	99556885	101249643	2	2	0	2
3	101249644	101254546	9	6	3	1
3	101254547	101255409	9	6	3	1
3	101255410	101256767	4	4	0	2
3	101256768	101272044	9	6	3	1
3	101272045	101299621	8	6	2	1
3	101299622	101322043	7	4	3	1
3	101322044	101356365	8	6	2	2
3	101356366	101381391	5	3	2	1
3	101381392	101388511	7	5	2	1
3	101388512	102022316	5	3	2	2
3	102022317	102173614	3	2	1	1
3	102173615	104491636	2	2	0	2
3	104491637	104887515	3	2	1	2
3	104887516	105287682	2	2	0	1
3	105287683	105900678	3	2	1	2
3	105900679	107206688	2	2	0	2
3	107206689	107284267	5	3	2	1
3	107284268	107562263	4	2	2	2
3	107562264	107680037	5	3	2	2
3	107680038	109001857	3	2	1	3
3	109001858	109291288	5	3	2	2
3	109291289	109299329	6	3	3	1
3	109299330	109872138	3	2	1	2
3	109872139	109874811	3	2	1	2
3	109874812	109875338	6	4	2	1
3	109875339	109878597	5	3	2	1
3	109878598	110291743	6	4	2	2
3	110291744	110291947	6	4	2	2
3	110291948	110295900	6	4	2	2
3	110295901	111626654	3	2	1	2
3	111626655	111764388	2	2	0	2
3	111764389	111765038	1	1	0	2
3	111765039	111765709	2	2	0	1
3	111765710	111782110	4	2	2	3
3	111782111	111782238	4	2	2	2
3	111782239	112628646	4	2	2	3
3	112628647	112630358	4	2	2	2
3	112630359	113075724	4	2	2	3
3	113075725	113075842	4	2	2	2
3	113075843	113075889	4	2	2	1
3	113075890	113076072	4	2	2	2
3	113076073	113084249	7	6	1	1
3	113084250	113084285	6	4	2	1
3	113084286	113089553	8	5	3	1
3	113089554	113105139	2	2	0	2
3	113105140	113105425	2	2	0	2
3	113105426	113904841	2	2	0	3
3	113904842	113905411	2	2	0	2
3	113905412	114398294	2	2	0	2
3	114398295	114406952	2	2	0	1
3	114406953	114736582	2	2	0	1
3	114736583	115016280	3	2	1	2
3	115016281	115018291	1	1	0	1
3	115018292	115148227	2	2	0	1
3	115148228	115240828	2	2	0	1
3	115240829	115252876	4	2	2	1
3	115252877	118057638	2	2	0	1
3	118057639	118112505	2	2	0	2
3	118112506	118517024	4	2	2	1
3	118517025	118519801	4	4	0	1
3	118519802	118520455	4	3	1	1
3	118520456	118531532	3	3	0	1
3	118531533	118536296	4	2	2	1
3	118536297	118556958	2	2	0	2
3	118556959	118557364	2	1	1	1
3	118557365	118557821	2	1	1	1
3	118557822	118559030	2	1	1	1
3	118559031	118559078	2	1	1	1
3	118559079	118573875	2	2	0	2
3	118573876	118574175	3	2	1	1
3	118574176	118574538	3	2	1	1
3	118574539	118595114	5	3	2	2
3	118595115	118595445	3	2	1	2
3	118595446	118595890	2	1	1	1
3	118595891	118596866	2	1	1	1
3	118596867	118596925	2	1	1	1
3	118596926	118597457	3	2	1	2
3	118597458	118618852	3	3	0	1
3	118618853	118632552	4	2	2	2
3	118632553	118745109	4	2	2	2
3	118745110	118746042	3	3	0	1
3	118746043	118747116	2	2	0	1
3	118747117	119169155	2	2	0	3
3	119169156	119170049	2	2	0	2
3	119170050	119172133	2	2	0	2
3	119172134	119180940	2	2	0	2
3	119180941	119550928	2	2	0	3
3	119550929	119553718	2	2	0	2
3	119553719	119556121	2	2	0	1
3	119556122	119564996	2	2	0	1
3	119564997	119565061	1	1	0	1
3	119565062	119565500	2	2	0	1
3	119565501	119623074	3	3	0	1
3	119623075	119639191	4	2	2	1
3	119639192	119745791	6	4	2	1
3	119745792	119766756	5	3	2	1
3	119766757	119767148	6	3	3	1
3	119767149	119768896	6	4	2	1
3	119768897	120150714	6	4	2	1
3	120150715	120659885	4	2	2	3
3	120659886	121369849	4	2	2	3
3	121369850	121370294	4	2	2	2
3	121370295	121370676	4	2	2	1
3	121370677	121370877	4	2	2	1
3	121370878	121372347	4	2	2	1
3	121372348	121430412	5	3	2	1
3	121430413	121433905	6	4	2	1
3	121433906	121552744	4	2	2	1
3	121552745	121557513	4	2	2	2
3	121557514	121585719	5	3	2	1
3	121585720	121585818	4	2	2	1
3	121585819	121585838	4	2	2	2
3	121585839	121591612	4	2	2	1
3	121591613	121595045	4	2	2	2
3	121595046	121660109	4	2	2	2
3	121660110	121661101	4	2	2	2
3	121661102	121662033	4	2	2	2
3	121662034	121662122	4	2	2	2
3	121662123	121674215	4	2	2	2
3	121674216	121674867	4	2	2	2
3	121674868	121675553	4	2	2	2
3	121675554	121693717	3	2	1	1
3	121693718	121695620	4	2	2	1
3	121695621	121696278	4	2	2	1
3	121696279	121696296	4	2	2	1
3	121696297	121696411	4	2	2	2
3	121696412	121696490	4	2	2	2
3	121696491	121701554	4	2	2	2
3	121701555	121701915	4	2	2	2
3	121701916	122426693	4	2	2	2
3	122426694	122430418	6	4	2	1
3	122430419	122451933	5	3	2	2
3	122451934	123777163	5	3	2	2
3	123777164	123912395	7	5	2	2
3	123912396	123921085	2	2	0	1
3	123921086	123922071	2	2	0	1
3	123922072	123924911	2	2	0	1
3	123924912	123925692	4	3	1	1
3	123925693	123926304	4	3	1	1
3	123926305	123933800	6	4	2	1
3	123933801	124485878	2	2	0	3
3	124485879	126547597	4	2	2	2
3	126547598	128978337	2	2	0	2
3	128978338	141685027	4	2	2	2
3	141685028	146618240	2	2	0	2
3	146618241	146807337	4	2	2	2
3	146807338	146971866	2	2	0	2
3	146971867	147474259	4	2	2	2
3	147474260	149490379	4	2	2	2
3	149490380	149568478	4	2	2	1
3	149568479	149623355	6	4	2	1
3	149623356	151082027	6	4	2	1
3	151082028	154973781	4	2	2	3
3	154973782	154976652	4	2	2	2
3	154976653	164483619	4	2	2	3
3	164483620	164485363	4	2	2	2
3	164485364	166158256	4	2	2	2
3	166158257	166565412	2	2	0	2
3	166565413	166830574	4	2	2	2
3	166830575	169057313	2	2	0	2
3	169057314	169544423	4	2	2	2
3	169544424	172449532	6	4	2	1
3	172449533	175269968	4	2	2	2
3	175269969	183514981	4	2	2	2
3	183514982	184656952	2	2	0	2
3	184656953	184901390	4	2	2	1
3	184901391	184969556	2	2	0	3
3	184969557	185982841	4	2	2	1
3	185982842	185985074	4	2	2	1
3	185985075	185997510	4	2	2	1
3	185997511	185999906	6	4	2	2
3	185999907	185999982	6	4	2	2
3	185999983	186757854	5	3	2	2
3	186757855	187309343	4	2	2	3
3	187309344	188941394	6	4	2	2
3	188941395	188941842	6	4	2	2
3	188941843	188949606	4	2	2	2
3	188949607	190983943	4	2	2	2
3	190983944	190985016	4	2	2	2
3	190985017	190985705	2	1	1	1
3	190985706	190987982	7	5	2	1
3	190987983	191621749	4	2	2	2
3	191621750	191629466	4	2	2	2
3	191629467	192865586	4	2	2	2
3	192865587	192870218	6	4	2	1
3	192870219	192870295	6	4	2	1
3	192870296	193102201	6	4	2	1
3	193102202	194571483	7	5	2	2
3	194571484	196149718	5	3	2	2
3	196149719	196154484	7	5	2	2
3	196154485	196155275	8	5	3	1
3	196155276	197864145	6	4	2	1
4	41465	21263857	3	2	1	2
4	21263858	21266870	4	2	2	2
4	21266871	48199999	3	2	1	2
4	48200000	52699999	3	2	1	2
4	52700000	57835473	3	2	1	2
4	57835474	57836815	4	2	2	2
4	57836816	92569654	3	2	1	2
4	92569655	92570871	4	2	2	2
4	92570872	133411157	3	2	1	2
4	133411158	133412973	3	2	1	2
4	133412974	150176570	3	2	1	2
4	150176571	150178269	4	2	2	2
4	150178270	156719023	3	2	1	2
4	156719024	156720010	3	2	1	2
4	156720011	157266389	3	2	1	2
4	157266390	157267921	3	2	1	2
4	157267922	179118483	3	2	1	2
4	179118484	179119425	4	2	2	2
4	179119426	180772705	4	2	2	2
4	180772706	180774645	4	2	2	2
4	180774646	191154275	4	2	2	2
5	22500	25065401	4	2	2	3
5	25065402	25940927	4	2	2	3
5	25940928	38239987	4	2	2	3
5	38239988	38242174	4	2	2	2
5	38242175	41179964	4	2	2	3
5	41179965	46099999	4	2	2	2
5	46100000	50749970	4	2	2	2
5	50749971	80974982	4	2	2	3
5	80974983	80977340	4	2	2	2
5	80977341	86962305	4	2	2	2
5	86962306	86965010	4	2	2	2
5	86965011	98483763	4	2	2	2
5	98483764	99107585	5	3	2	2
5	99107586	116624993	4	2	2	2
5	116624994	117134937	4	2	2	2
5	117134938	117136820	4	2	2	2
5	117136821	119306849	4	2	2	2
5	119306850	125320008	4	2	2	2
5	125320009	128971691	4	2	2	3
5	128971692	128973339	4	2	2	2
5	128973340	178613256	4	2	2	2
5	178613257	179920592	3	2	1	2
5	179920593	180715810	4	2	2	2
6	39681	209979	3	2	1	1
6	209980	4004415	3	2	1	2
6	4004416	18960582	4	2	2	2
6	18960583	51120109	4	2	2	2
6	51120110	54386644	4	2	2	3
6	54386645	54388218	4	2	2	2
6	54388219	56408018	4	2	2	2
6	56408019	57661502	3	2	1	2
6	57661503	58167348	2	1	1	1
6	58167349	58699999	3	2	1	2
6	58700000	63299999	NA	NA	NA	NA
6	63300000	71335681	2	1	1	2
6	71335682	71338563	2	1	1	2
6	71338564	74672356	2	1	1	2
6	74672357	75325292	3	2	1	1
6	75325293	75377077	3	2	1	2
6	75377078	75377277	3	2	1	1
6	75377278	76361482	2	1	1	2
6	76361483	76368202	2	1	1	2
6	76368203	76672342	2	1	1	2
6	76672343	81673694	3	2	1	2
6	81673695	81931949	5	4	1	1
6	81931950	82148175	4	3	1	2
6	82148176	82919207	3	2	1	2
6	82919208	82974356	4	3	1	2
6	82974357	82974444	5	4	1	2
6	82974445	83031156	4	3	1	2
6	83031157	83617969	4	3	1	2
6	83617970	84458984	3	2	1	3
6	84458985	84463059	3	2	1	2
6	84463060	85235769	3	2	1	2
6	85235770	85237405	1	1	0	1
6	85237406	86959092	3	2	1	2
6	86959093	87067423	4	3	1	1
6	87067424	87122998	3	2	1	1
6	87122999	98084483	4	3	1	2
6	98084484	98087570	4	3	1	2
6	98087571	98186623	4	3	1	2
6	98186624	98189395	4	3	1	2
6	98189396	100558989	4	3	1	2
6	100558990	100771972	2	1	1	2
6	100771973	100774919	0	0	0	1
6	100774920	100801120	2	1	1	1
6	100801121	106541979	4	3	1	2
6	106541980	156458484	2	1	1	2
6	156458485	156560025	4	3	1	1
6	156560026	170907734	2	1	1	3
7	40386	57999999	2	2	0	2
7	58000000	61699999	NA	NA	NA	NA
7	61700000	86044384	2	2	0	2
7	86044385	86046448	2	2	0	1
7	86046449	87461011	2	2	0	1
7	87461012	87462833	3	2	1	2
7	87462834	114980357	2	2	0	2
7	114980358	114982468	1	1	0	2
7	114982469	115562890	1	1	0	2
7	115562891	133696294	2	2	0	1
7	133696295	133739001	1	1	0	2
7	133739002	158821400	2	2	0	2
8	10001	161558	2	1	1	1
8	161559	2384601	3	2	1	2
8	2384602	12544986	3	2	1	3
8	12544987	12591206	2	2	0	2
8	12591207	18884296	3	2	1	3
8	18884297	18886040	3	2	1	2
8	18886041	37482499	3	2	1	3
8	37482500	40294884	4	2	2	2
8	40294885	43099999	4	2	2	2
8	43100000	48099999	NA	NA	NA	NA
8	48100000	69745440	3	2	1	2
8	69745441	69746576	3	2	1	2
8	69746577	108064162	3	2	1	2
8	108064163	108065642	3	2	1	2
8	108065643	146364021	3	2	1	2
9	10001	156134	2	2	0	1
9	156135	32861719	2	2	0	2
9	32861720	43907602	4	2	2	2
9	43907603	47299999	4	2	2	2
9	47300000	50699999	NA	NA	NA	NA
9	50700000	107320850	3	2	1	3
9	107320851	107333321	3	2	1	2
9	107333322	125552149	3	2	1	3
9	125552150	125556649	3	2	1	2
9	125556650	140273200	3	2	1	2
10	95949	3857642	6	4	2	2
10	3857643	24323401	4	2	2	2
10	24323402	25574618	4	2	2	2
10	25574619	31814800	4	2	2	2
10	31814801	37999999	4	2	2	2
10	38000000	42447242	NA	NA	NA	NA
10	42447243	110010824	4	2	2	2
10	110010825	110012337	4	2	2	2
10	110012338	135389924	4	2	2	2
11	20721	190009	4	2	2	1
11	190010	2655442	4	2	2	2
11	2655443	2688686	4	2	2	2
11	2688687	27559099	4	2	2	3
11	27559100	27560523	4	2	2	2
11	27560524	42313911	4	2	2	3
11	42313912	42316792	4	2	2	2
11	42316793	51599999	4	2	2	3
11	51600000	55699999	4	2	2	2
11	55700000	67318711	4	2	2	2
11	67318712	71086303	6	4	2	1
11	71086304	71087611	18	16	2	1
11	71087612	71273186	2	2	0	1
11	71273187	71274564	2	2	0	2
11	71274565	82099994	2	2	0	2
11	82099995	134945601	2	2	0	2
12	110107	201241	6	4	2	2
12	201242	448188	6	4	2	2
12	448189	588241	5	3	2	1
12	588242	591070	11	8	3	1
12	591071	603934	5	3	2	1
12	603935	932122	8	6	2	2
12	932123	1611852	5	3	2	2
12	1611853	1923692	8	6	2	2
12	1923693	1923713	11	8	3	1
12	1923714	1938819	6	3	3	1
12	1938820	2757642	5	3	2	2
12	2757643	5623345	2	2	0	3
12	5623346	5624136	2	2	0	2
12	5624137	6268893	2	2	0	3
12	6268894	6269697	2	2	0	2
12	6269698	6286790	2	2	0	2
12	6286791	6289277	4	2	2	1
12	6289278	21796955	2	2	0	2
12	21796956	21798586	2	2	0	2
12	21798587	21810553	3	2	1	1
12	21810554	33299999	4	2	2	3
12	33300000	38199999	4	2	2	2
12	38200000	41956600	4	2	2	2
12	41956601	44879987	4	2	2	3
12	44879988	54104832	4	2	2	2
12	54104833	54392938	5	3	2	1
12	54392939	61650645	4	2	2	3
12	61650646	61652363	4	2	2	2
12	61652364	66451371	4	2	2	3
12	66451372	83847134	4	2	2	3
12	83847135	83848354	4	2	2	2
12	83848355	100440013	4	2	2	3
12	100440014	100454717	4	2	2	2
12	100454718	100462816	4	2	2	2
12	100462817	100462939	4	2	2	2
12	100462940	110960671	4	2	2	2
12	110960672	110964400	4	2	2	2
12	110964401	132349400	4	2	2	2
12	132349401	133851894	4	2	2	1
13	1	16299999	4	3	1	1
13	16300000	19499999	NA	NA	NA	NA
13	19500000	22046293	3	2	1	2
13	22046294	24629996	2	2	0	2
13	24629997	25702625	3	2	1	2
13	25702626	33670613	2	2	0	3
13	33670614	34441871	3	2	1	3
13	34441872	35918568	2	2	0	2
13	35918569	35920315	2	2	0	2
13	35920316	90444578	2	2	0	2
13	90444579	90447216	2	2	0	2
13	90447217	114142800	2	2	0	2
13	114142801	115169877	2	2	0	1
14	1	16099999	5	3	2	1
14	16100000	19099999	NA	NA	NA	NA
14	19100000	26493115	4	2	2	2
14	26493116	26495411	4	2	2	2
14	26495412	28697148	4	2	2	2
14	28697149	28699164	4	2	2	2
14	28699165	32751984	4	2	2	3
14	32751985	32753941	4	2	2	2
14	32753942	36848075	4	2	2	2
14	36848076	36849815	4	2	2	2
14	36849816	44759306	4	2	2	2
14	44759307	80647109	4	2	2	2
14	80647110	82401487	4	2	2	3
14	82401488	88560069	4	2	2	2
14	88560070	96008928	4	2	2	2
14	96008929	106368400	4	2	2	2
15	1	15799999	3	2	1	1
15	15800000	20699999	3	2	1	2
15	20700000	45064861	3	2	1	3
15	45064862	46778423	4	3	1	2
15	46778424	46779827	4	3	1	2
15	46779828	76498989	4	3	1	2
15	76498990	100364811	6	5	1	1
15	100364812	102397836	6	5	1	1
16	94205	34502052	4	2	2	2
16	34502053	38599999	NA	NA	NA	NA
16	38600000	46447499	3	2	1	1
16	46447500	48637201	3	2	1	2
16	48637202	88827200	2	2	0	2
16	88827201	90354752	2	2	0	2
17	2500	7935016	2	2	0	2
17	7935017	7950048	2	2	0	1
17	7950049	13503424	4	2	2	2
17	13503425	13547374	2	2	0	2
17	13547375	15185305	2	2	0	3
17	15185306	17268596	5	3	2	2
17	17268597	17270793	4	2	2	1
17	17270794	17277817	4	2	2	1
17	17277818	18562690	2	2	0	2
17	18562691	18854391	2	2	0	2
17	18854392	18857497	4	2	2	2
17	18857498	18860119	4	2	2	1
17	18860120	22199999	4	2	2	2
17	22200000	25799999	NA	NA	NA	NA
17	25800000	27427303	2	2	0	2
17	27427304	27430061	2	2	0	2
17	27430062	27841625	2	2	0	2
17	27841626	27841916	2	2	0	2
17	27841917	27844059	7	4	3	1
17	27844060	27865148	5	3	2	1
17	27865149	29052902	2	2	0	2
17	29052903	29053067	2	2	0	2
17	29053068	29620997	2	2	0	2
17	29620998	29624458	2	2	0	1
17	29624459	29624628	5	3	2	1
17	29624629	30076835	5	3	2	2
17	30076836	35714117	2	2	0	3
17	35714118	35715301	2	2	0	1
17	35715302	35715374	2	2	0	1
17	35715375	35715627	2	2	0	2
17	35715628	35733380	2	2	0	2
17	35733381	35760427	2	2	0	2
17	35760428	35761025	2	2	0	2
17	35761026	35830256	2	2	0	2
17	35830257	35833838	2	2	0	2
17	35833839	35994414	2	2	0	2
17	35994415	35995733	6	3	3	1
17	35995734	35997385	2	2	0	2
17	35997386	35997771	4	3	1	1
17	35997772	35998427	2	2	0	1
17	35998428	35999163	2	2	0	2
17	35999164	36005321	2	2	0	2
17	36005322	36009331	10	5	5	1
17	36009332	36009343	2	2	0	1
17	36009344	36010390	2	2	0	2
17	36010391	36023695	2	2	0	2
17	36023696	36025398	4	2	2	1
17	36025399	36029014	3	3	0	1
17	36029015	36029034	3	3	0	1
17	36029035	36029579	3	3	0	1
17	36029580	36044604	3	3	0	2
17	36044605	37330408	6	4	2	1
17	37330409	37343531	8	5	3	1
17	37343532	38648198	6	4	2	1
17	38648199	38657063	2	2	0	1
17	38657064	38662697	6	4	2	1
17	38662698	38864760	4	2	2	2
17	38864761	38994667	6	4	2	1
17	38994668	39004517	2	2	0	1
17	39004518	39014828	2	2	0	1
17	39014829	39282624	2	2	0	3
17	39282625	39285992	2	2	0	2
17	39285993	39339634	2	2	0	2
17	39339635	39352613	6	4	2	1
17	39352614	41800379	2	2	0	2
17	41800380	42307100	4	2	2	2
17	42307101	42308952	6	4	2	1
17	42308953	45763241	2	2	0	2
17	45763242	46655788	4	2	2	2
17	46655789	49576826	6	4	2	2
17	49576827	50585005	5	3	2	2
17	50585006	50586790	5	3	2	2
17	50586791	50802437	5	3	2	2
17	50802438	50932923	9	7	2	2
17	50932924	52226212	7	5	2	2
17	52226213	52228611	4	3	1	1
17	52228612	52739923	7	5	2	2
17	52739924	54590085	2	2	0	2
17	54590086	57899791	4	2	2	1
17	57899792	58164209	7	4	3	2
17	58164210	60009575	4	2	2	1
17	60009576	60027374	14	11	3	1
17	60027375	60076407	8	5	3	1
17	60076408	60407175	12	10	2	1
17	60407176	60409796	10	8	2	1
17	60409797	60471881	12	10	2	1
17	60471882	61402231	10	8	2	1
17	61402232	61795595	8	6	2	2
17	61795596	61903005	8	6	2	1
17	61903006	61903063	8	6	2	1
17	61903064	62011601	8	6	2	2
17	62011602	62015437	13	10	3	1
17	62015438	62022281	7	5	2	1
17	62022282	62026653	6	5	1	1
17	62026654	62033879	8	5	3	1
17	62033880	62491894	11	9	2	1
17	62491895	62627039	20	18	2	1
17	62627040	62650002	16	13	3	1
17	62650003	62651878	16	13	3	1
17	62651879	63162322	13	11	2	1
17	63162323	63176758	13	11	2	2
17	63176759	63189851	12	10	2	1
17	63189852	63199683	14	12	2	1
17	63199684	63213290	12	10	2	1
17	63213291	63213997	14	12	2	1
17	63213998	63214761	14	12	2	1
17	63214762	63219371	14	12	2	1
17	63219372	63221067	14	12	2	1
17	63221068	63222057	14	12	2	1
17	63222058	63549225	12	10	2	1
17	63549226	63557229	12	10	2	1
17	63557230	63558796	15	13	2	1
17	63558797	63559005	15	13	2	1
17	63559006	63559444	15	13	2	1
17	63559445	63587162	13	11	2	1
17	63587163	63594633	15	13	2	1
17	63594634	63595623	15	13	2	1
17	63595624	63606389	15	13	2	1
17	63606390	63610526	15	13	2	1
17	63610527	63611142	15	13	2	1
17	63611143	63623524	15	13	2	1
17	63623525	63624843	15	13	2	1
17	63624844	63627222	15	13	2	1
17	63627223	63635258	15	13	2	1
17	63635259	63795217	13	11	2	1
17	63795218	63795319	15	13	2	1
17	63795320	63795829	15	13	2	1
17	63795830	64166693	13	11	2	1
17	64166694	64467466	17	15	2	1
17	64467467	64642638	18	16	2	1
17	64642639	64651396	20	18	2	1
17	64651397	64728791	20	18	2	1
17	64728792	64835425	22	20	2	1
17	64835426	64837174	23	20	3	1
17	64837175	64839894	17	16	1	1
17	64839895	64861100	20	18	2	1
17	64861101	64867655	19	16	3	1
17	64867656	64874211	19	17	2	1
17	64874212	64878293	16	14	2	1
17	64878294	64879013	19	16	3	1
17	64879014	64879046	20	18	2	1
17	64879047	64890130	20	18	2	1
17	64890131	64891355	18	16	2	1
17	64891356	64891660	18	16	2	1
17	64891661	64915871	16	8	8	1
17	64915872	64917253	18	16	2	1
17	64917254	64920861	25	23	2	1
17	64920862	64921097	25	23	2	1
17	64921098	64936340	16	14	2	1
17	64936341	65006385	12	10	2	1
17	65006386	65006921	1	1	0	1
17	65006922	65007349	25	23	2	1
17	65007350	65086014	16	8	8	1
17	65086015	65191894	14	12	2	1
17	65191895	65193142	18	15	3	1
17	65193143	65194657	18	15	3	1
17	65194658	65196019	14	13	1	1
17	65196020	65478378	14	12	2	1
17	65478379	65991836	15	13	2	1
17	65991837	67649049	12	10	2	1
17	67649050	67649062	18	18	0	1
17	67649063	67653048	5	3	2	1
17	67653049	68153277	2	2	0	2
17	68153278	69633495	4	2	2	2
17	69633496	69633507	4	2	2	1
17	69633508	69636664	2	2	0	1
17	69636665	69638684	1	1	0	2
17	69638685	69640062	2	2	0	1
17	69640063	69779317	2	2	0	2
17	69779318	69785415	5	3	2	1
17	69785416	70089978	6	4	2	2
17	70089979	78774600	8	5	3	2
17	78774601	81195209	8	5	3	2
18	49625	15399999	2	1	1	2
18	15400000	18999999	2	1	1	2
18	19000000	66326047	2	1	1	2
18	66326048	66327293	3	2	1	2
18	66327294	76117000	2	1	1	2
18	76117001	78077247	2	1	1	2
19	102500	286088	5	3	2	1
19	286089	23149320	4	2	2	2
19	23149321	23152140	4	2	2	2
19	23152141	23487913	4	2	2	1
19	23487914	28599999	NA	NA	NA	NA
19	28600000	43750004	2	2	0	2
19	43750005	47764319	2	2	0	2
19	47764320	51347186	4	2	2	2
19	51347187	51689022	2	2	0	2
19	51689023	52629110	4	2	2	2
19	52629111	53438870	2	2	0	2
19	53438871	53857437	5	3	2	2
19	53857438	55194315	2	2	0	2
19	55194316	56579521	4	2	2	2
19	56579522	56580787	4	2	2	2
19	56580788	56583523	4	2	2	2
19	56583524	57714113	2	2	0	2
19	57714114	57716326	4	2	2	1
19	57716327	57717582	2	2	0	1
19	57717583	57737810	2	1	1	1
19	57737811	57999395	14	12	2	1
19	57999396	57999666	17	14	3	1
19	57999667	58057186	18	16	2	1
19	58057187	58180568	16	14	2	1
19	58180569	58200839	33	29	4	1
19	58200840	58200899	19	16	3	1
19	58200900	58212625	18	15	3	1
19	58212626	58213144	19	16	3	1
19	58213145	58330574	12	10	2	1
19	58330575	58331650	15	12	3	1
19	58331651	58350432	17	15	2	1
19	58350433	58596532	12	10	2	1
19	58596533	58596973	15	12	3	1
19	58596974	58738379	8	6	2	2
20	29234	2418927	4	2	2	2
20	2418928	2418956	4	2	2	2
20	2418957	2434747	2	2	0	1
20	2434748	2434867	2	2	0	1
20	2434868	2442206	2	2	0	1
20	2442207	4418171	2	2	0	2
20	4418172	4423622	4	2	2	1
20	4423623	4424461	4	2	2	1
20	4424462	4426773	4	2	2	1
20	4426774	6339833	4	2	2	2
20	6339834	7086935	3	2	1	1
20	7086936	7255180	4	2	2	1
20	7255181	7410449	3	2	1	2
20	7410450	7509509	4	2	2	2
20	7509510	7669635	4	2	2	2
20	7669636	7883397	3	2	1	1
20	7883398	8368899	4	2	2	2
20	8368900	8517213	4	2	2	2
20	8517214	8642656	3	2	1	1
20	8642657	9179890	2	2	0	2
20	9179891	9230755	4	2	2	1
20	9230756	11988440	4	2	2	1
20	11988441	12122191	4	2	2	2
20	12122192	12276400	2	1	1	2
20	12276401	12555482	4	2	2	2
20	12555483	13031965	2	2	0	2
20	13031966	13041160	4	2	2	2
20	13041161	16868685	4	2	2	2
20	16868686	16870139	4	2	2	2
20	16870140	17139829	4	2	2	1
20	17139830	22118167	5	3	2	2
20	22118168	22145178	4	2	2	2
20	22145179	22507908	4	2	2	2
20	22507909	25599999	4	2	2	2
20	25600000	29467500	NA	NA	NA	NA
20	29467501	29850047	2	2	0	2
20	29850048	33774312	4	2	2	1
20	33774313	33797395	2	2	0	2
20	33797396	33803580	4	2	2	1
20	33803581	33897235	13	11	2	1
20	33897236	33943059	8	6	2	1
20	33943060	33944077	8	6	2	1
20	33944078	33947640	8	6	2	1
20	33947641	34106404	19	16	3	1
20	34106405	34122131	8	6	2	1
20	34122132	34282669	16	14	2	1
20	34282670	34415412	8	6	2	1
20	34415413	35654831	7	5	2	1
20	35654832	36220055	10	8	2	1
20	36220056	36244495	4	2	2	2
20	36244496	36248082	10	8	2	1
20	36248083	36248098	1	1	0	1
20	36248099	36248933	8	6	2	1
20	36248934	37611090	7	5	2	1
20	37611091	37636432	4	2	2	2
20	37636433	37642376	4	2	2	2
20	37642377	37642946	4	2	2	2
20	37642947	37652541	4	2	2	2
20	37652542	38219082	4	2	2	3
20	38219083	38490061	4	2	2	2
20	38490062	41228567	2	2	0	2
20	41228568	49727357	4	2	2	2
20	49727358	49758421	6	4	2	2
20	49758422	52599790	4	2	2	2
20	52599791	52604504	5	3	2	1
20	52604505	53633097	4	2	2	3
20	53633098	54016287	6	4	2	2
20	54016288	54021467	6	4	2	2
20	54021468	54188970	6	4	2	2
20	54188971	54594953	4	2	2	3
20	54594954	54737401	6	4	2	2
20	54737402	57566039	6	4	2	1
20	57566040	58050175	4	2	2	2
20	58050176	59157079	6	4	2	2
20	59157080	59163183	4	2	2	1
20	59163184	60055465	4	2	2	2
20	60055466	60835607	6	4	2	2
20	60835608	61718732	4	2	2	2
20	61718733	61718963	4	2	2	1
20	61718964	61725829	4	2	2	1
20	61725830	61731017	6	3	3	1
20	61731018	62262508	2	2	0	2
20	62262509	62262920	2	2	0	2
20	62262921	62264408	2	2	0	1
20	62264409	62271581	2	1	1	1
21	1	10899999	NA	NA	NA	NA
21	10900000	15273231	3	2	1	2
21	15273232	17326896	3	2	1	2
21	17326897	46944200	2	2	0	2
21	46944201	48129894	2	2	0	1
22	1	12199999	2	2	0	1
22	12200000	17899999	2	2	0	3
22	17900000	29065759	2	2	0	2
22	29065760	29065997	2	2	0	2
22	29065998	34145626	2	2	0	2
22	34145627	34203164	1	1	0	2
22	34203165	49691400	2	2	0	2
22	49691401	51304565	2	2	0	2
X	1	4043334	4	2	2	2
X	4043335	4045210	4	2	2	2
X	4045211	7456055	4	2	2	2
X	7456056	7457579	4	2	2	2
X	7457580	26971117	4	2	2	2
X	26971118	27002426	4	2	2	2
X	27002427	29950380	4	2	2	2
X	29950381	29954656	2	1	1	1
X	29954657	58099999	4	2	2	2
X	58100000	63077142	NA	NA	NA	NA
X	63077143	63083278	4	2	2	1
X	63083279	66435088	4	2	2	1
X	66435089	66436041	4	2	2	1
X	66436042	78313813	4	2	2	2
X	78313814	78316526	4	2	2	1
X	78316527	81579746	3	2	1	2
X	81579747	81582895	3	2	1	2
X	81582896	90165202	3	2	1	2
X	90165203	93266752	4	2	2	1
X	93266753	93268505	4	2	2	1
X	93268506	115759951	4	2	2	2
X	115759952	115761287	4	2	2	1
X	115761288	132021168	4	2	2	2
X	132021169	132022846	7	4	3	1
X	132022847	138694221	4	2	2	2
X	138694222	138696152	4	3	1	1
X	138696153	139913693	4	2	2	2
X	139913694	139913734	4	2	2	1
X	139913735	141641258	4	2	2	2
X	141641259	141643654	4	2	2	1
X	141643655	141956320	4	2	2	2
X	141956321	147621512	3	2	1	1
X	147621513	155270559	4	2	2	2
