chromosome	start	end	total_cn	major_cn	minor_cn	star
1	10001	12556779	2	1	1	3
1	12556780	35125638	1	1	0	3
1	35125639	35472323	2	1	1	3
1	35472324	36106291	1	1	0	2
1	36106292	48413117	2	1	1	3
1	48413118	48586214	1	1	0	3
1	48586215	121499999	2	1	1	3
1	121500000	128899999	2	1	1	2
1	128900000	220433876	2	1	1	3
1	220433877	221189556	1	1	0	3
1	221189557	247247500	2	1	1	3
1	247247501	249250620	2	1	1	2
2	20016	14191316	2	1	1	3
2	14191317	14295960	1	1	0	2
2	14295961	89548642	2	1	1	3
2	89548643	96799999	2	1	1	3
2	96800000	165018385	2	1	1	3
2	165018386	165130365	1	1	0	2
2	165130366	168113996	2	1	1	3
2	168113997	168358107	1	1	0	2
2	168358108	199572366	2	1	1	3
2	199572367	199603768	1	1	0	2
2	199603769	219798805	2	1	1	3
2	219798806	219852322	2	1	1	1
2	219852323	242827524	2	1	1	3
2	242827525	242972149	2	1	1	2
3	100074	26085392	2	1	1	3
3	26085393	26324502	1	1	0	2
3	26324503	59475523	2	1	1	3
3	59475524	59586066	2	1	1	2
3	59586067	72219741	2	1	1	3
3	72219742	72832571	1	1	0	3
3	72832572	87043341	2	1	1	3
3	87043342	87193469	1	1	0	3
3	87193470	87520739	2	1	1	3
3	87520740	87551713	1	1	0	2
3	87551714	94524126	NA	NA	NA	NA
3	94524127	94761151	1	1	0	3
3	94761152	96292819	2	1	1	3
3	96292820	96717632	2	1	1	2
3	96717633	103297967	2	1	1	3
3	103297968	103951409	1	1	0	2
3	103951410	116638284	2	1	1	3
3	116638285	116755490	1	1	0	3
3	116755491	148314188	2	1	1	3
3	148314189	148347923	1	1	0	2
3	148347924	197847500	2	1	1	3
4	24639	12630013	2	1	1	3
4	12630014	12680545	0	0	0	1
4	12680546	14863851	2	1	1	3
4	14863852	14950708	2	1	1	2
4	14950709	33366780	2	1	1	3
4	33366781	33770466	2	1	1	1
4	33770467	48199999	2	1	1	3
4	48200000	52699999	2	1	1	2
4	52700000	58461070	2	1	1	3
4	58461071	58481475	2	1	1	3
4	58481476	63536791	2	1	1	3
4	63536792	63538204	2	1	1	2
4	63538205	66786265	2	1	1	3
4	66786266	66818191	2	1	1	2
4	66818192	67091282	2	1	1	3
4	67091283	67314078	2	1	1	1
4	67314079	74046778	2	1	1	3
4	74046779	74120074	2	1	1	2
4	74120075	190416481	2	1	1	3
4	190416482	190464294	1	1	0	2
4	190464295	190987500	2	1	1	3
5	49785	851581	2	1	1	2
5	851582	46099999	2	1	1	3
5	46100000	50699999	2	1	1	3
5	50700000	83393352	2	1	1	3
5	83393353	83787251	1	1	0	3
5	83787252	96204199	2	1	1	3
5	96204200	125823076	1	1	0	3
5	125823077	148725817	2	1	1	3
5	148725818	148744533	2	1	1	1
5	148744534	180685900	2	1	1	3
6	39681	206527	2	1	1	1
6	206528	530317	2	1	1	2
6	530318	17448302	2	1	1	3
6	17448303	17565300	2	2	0	2
6	17565301	17885401	2	1	1	3
6	17885402	18080250	2	2	0	1
6	18080251	23801111	2	1	1	3
6	23801112	24012232	1	1	0	3
6	24012233	50453957	2	1	1	3
6	50453958	50666864	1	1	0	2
6	50666865	58699999	2	1	1	3
6	58700000	63299999	2	1	1	3
6	63300000	93242057	2	1	1	3
6	93242058	93545957	1	1	0	2
6	93545958	95962840	2	1	1	3
6	95962841	155320023	2	1	1	3
6	155320024	162447578	2	1	1	3
6	162447579	170915126	2	1	1	3
7	40386	2892260	3	2	1	2
7	2892261	2962035	4	3	1	2
7	2962036	10986979	3	2	1	3
7	10986980	11923279	2	1	1	2
7	11923280	28078055	3	2	1	3
7	28078056	28081397	3	2	1	3
7	28081398	57999999	3	2	1	3
7	58000000	61699999	3	2	1	2
7	61700000	67091277	3	2	1	3
7	67091278	67196904	2	2	0	2
7	67196905	67198540	0	0	0	2
7	67198541	67201707	0	0	0	1
7	67201708	67338406	0	0	0	2
7	67338407	69729121	2	2	0	2
7	69729122	69812989	1	1	0	2
7	69812990	72839515	2	2	0	2
7	72839516	76342668	2	2	0	2
7	76342669	79915341	2	2	0	2
7	79915342	99289967	3	2	1	3
7	99289968	116724359	3	2	1	3
7	116724360	117456894	2	1	1	3
7	117456895	118952822	3	2	1	3
7	118952823	118953536	3	2	1	2
7	118953537	118956563	3	2	1	2
7	118956564	118966101	3	2	1	2
7	118966102	152401369	3	2	1	3
7	152401370	152424926	1	1	0	1
7	152424927	158771400	3	2	1	2
8	10001	143206	1	1	0	1
8	143207	2133220	2	1	1	2
8	2133221	4020238	1	1	0	2
8	4020239	4039319	0	0	0	1
8	4039320	6947499	1	1	0	2
8	6947500	39815700	1	1	0	2
8	39815701	40085496	1	1	0	2
8	40085497	40176768	0	0	0	2
8	40176769	41801019	1	1	0	2
8	41801020	41882229	1	1	0	2
8	41882230	41999428	0	0	0	2
8	41999429	43099999	1	1	0	2
8	43100000	48099999	NA	NA	NA	NA
8	48100000	69186889	2	1	1	3
8	69186890	69866227	2	1	1	2
8	69866228	144080054	2	1	1	3
8	144080055	144281568	2	1	1	3
8	144281569	144319184	2	1	1	2
8	144319185	146364021	2	1	1	3
9	58687	203760	2	1	1	2
9	203761	15729966	2	1	1	3
9	15729967	15869992	1	1	0	3
9	15869993	19695785	2	1	1	3
9	19695786	21118039	1	1	0	3
9	21118040	21984013	0	0	0	2
9	21984014	26501165	1	1	0	3
9	26501166	34642322	2	1	1	3
9	34642323	35035655	1	1	0	1
9	35035656	47299999	2	1	1	2
9	47300000	50699999	2	1	1	2
9	50700000	71030092	2	1	1	2
9	71030093	111573123	2	1	1	3
9	111573124	111593757	1	1	0	2
9	111593758	140267500	2	1	1	3
10	94426	427331	2	1	1	3
10	427332	29397844	2	1	1	3
10	29397845	29409446	2	1	1	2
10	29409447	37999999	2	1	1	3
10	38000000	42299999	2	1	1	2
10	42300000	60331775	2	1	1	3
10	60331776	60721708	1	1	0	2
10	60721709	118593828	2	1	1	3
10	118593829	118726962	2	1	1	2
10	118726963	133956093	2	1	1	3
10	133956094	134000003	0	0	0	1
10	134000004	135389924	2	1	1	2
11	20721	202071	2	1	1	2
11	202072	701698	2	1	1	2
11	701699	715010	2	1	1	2
11	715011	2864122	2	1	1	2
11	2864123	3020760	1	1	0	2
11	3020761	4405481	2	1	1	3
11	4405482	4649950	1	1	0	3
11	4649951	4759069	1	1	0	3
11	4759070	5354708	2	1	1	3
11	5354709	5621526	2	1	1	2
11	5621527	18779956	2	1	1	3
11	18779957	19243935	2	1	1	2
11	19243936	51599999	2	1	1	3
11	51600000	55699999	2	1	1	3
11	55700000	55895848	2	1	1	3
11	55895849	55953672	2	1	1	2
11	55953673	57571188	2	1	1	3
11	57571189	57692696	1	1	0	3
11	57692697	63455361	2	1	1	3
11	63455362	63813516	1	1	0	3
11	63813517	67416556	2	1	1	3
11	67416557	67566187	1	1	0	1
11	67566188	83697113	2	1	1	3
11	83697114	83807131	1	1	0	3
11	83807132	85620786	2	1	1	3
11	85620787	85956970	1	1	0	2
11	85956971	94275795	2	1	1	3
11	94275796	94962169	1	1	0	2
11	94962170	107549010	2	1	1	3
11	107549011	107549148	2	1	1	2
11	107549149	108569326	2	1	1	3
11	108569327	108941135	1	1	0	2
11	108941136	108982751	2	1	1	3
11	108982752	109933613	1	1	0	3
11	109933614	128703550	2	1	1	3
11	128703551	129087153	1	1	0	3
11	129087154	134422421	2	1	1	3
12	110107	4755184	2	1	1	3
12	4755185	5133001	1	1	0	3
12	5133002	19555526	2	1	1	3
12	19555527	19974424	1	1	0	2
12	19974425	33299999	2	1	1	3
12	33300000	38199999	NA	NA	NA	NA
12	38200000	51009860	1	1	0	3
12	51009861	55496919	1	1	0	3
12	55496920	55888752	1	1	0	3
12	55888753	86863830	2	1	1	3
12	86863831	87404889	1	1	0	2
12	87404890	103369604	2	1	1	3
12	103369605	103792011	1	1	0	2
12	103792012	132342500	2	1	1	3
12	132342501	133851894	2	1	1	2
13	1	16299999	2	1	1	1
13	16300000	19499999	2	1	1	3
13	19500000	42004582	2	1	1	3
13	42004583	42051011	2	1	1	2
13	42051012	42837616	1	1	0	3
13	42837617	44859030	2	1	1	3
13	44859031	45180255	1	1	0	3
13	45180256	45845395	2	1	1	3
13	45845396	56904850	2	1	1	3
13	56904851	57319411	1	1	0	2
13	57319412	58579845	2	1	1	3
13	58579846	58717828	1	1	0	3
13	58717829	61852209	2	1	1	3
13	61852210	62199487	1	1	0	2
13	62199488	62217267	2	1	1	2
13	62217268	77674837	1	1	0	3
13	77674838	114137500	2	1	1	3
13	114137501	115169877	2	1	1	2
14	1	16099999	2	1	1	1
14	16100000	19099999	2	1	1	2
14	19100000	23945528	2	1	1	3
14	23945529	24115529	2	1	1	3
14	24115530	33301315	2	1	1	3
14	33301316	35863814	1	1	0	2
14	35863815	36002540	1	1	0	2
14	36002541	42748851	1	1	0	2
14	42748852	58870168	2	1	1	3
14	58870169	58897978	2	1	1	1
14	58897979	106393904	2	1	1	3
15	1	15799999	2	1	1	1
15	15800000	20699999	2	1	1	2
15	20700000	28070425	2	1	1	3
15	28070426	28070925	2	1	1	1
15	28070926	28088897	2	1	1	3
15	28088898	28088940	2	1	1	1
15	28088941	28529987	1	1	0	2
15	28529988	32072172	2	1	1	3
15	32072173	32960624	2	2	0	1
15	32960625	39426332	2	1	1	3
15	39426333	39494939	1	1	0	3
15	39494940	40002416	2	1	1	3
15	40002417	47297028	2	1	1	3
15	47297029	48076749	1	1	0	3
15	48076750	48324808	2	1	1	3
15	48324809	48545353	2	1	1	1
15	48545354	65268006	2	1	1	3
15	65268007	65744143	2	2	0	2
15	65744144	68973354	2	1	1	3
15	68973355	69263067	1	1	0	3
15	69263068	69282191	2	1	1	2
15	69282192	73319901	2	1	1	3
15	73319902	73690085	1	1	0	3
15	73690086	74875582	2	1	1	3
15	74875583	75172300	1	1	0	3
15	75172301	84456351	2	1	1	3
15	84456352	84744309	1	1	0	3
15	84744310	84767600	2	1	1	3
15	84767601	84771222	2	1	1	2
15	84771223	87156406	2	1	1	3
15	87156407	87650852	1	1	0	3
15	87650853	92521476	2	1	1	3
15	92521477	92554450	2	1	1	2
15	92554451	92630029	2	1	1	3
15	92630030	100332500	2	1	1	3
15	100332501	102531391	2	1	1	2
16	90538	34599999	2	1	1	3
16	34600000	38599999	NA	NA	NA	NA
16	38600000	88869777	2	1	1	3
16	88869778	90354752	2	1	1	2
17	12500	7378943	2	1	1	3
17	7378944	7808427	1	1	0	3
17	7808428	11077735	2	1	1	3
17	11077736	18567499	1	1	0	3
17	18567500	21091574	1	1	0	3
17	21091575	21380005	1	1	0	1
17	21380006	25799999	NA	NA	NA	NA
17	25800000	61888558	2	1	1	3
17	61888559	62877500	2	1	1	2
17	62877501	63305369	3	3	0	2
17	63305370	69602741	1	1	0	2
17	69602742	69613821	2	2	0	2
17	69613822	79228755	2	1	1	2
17	79228756	81195209	2	1	1	2
18	49999	125370	2	1	1	2
18	125371	15399999	2	1	1	3
18	15400000	18999999	2	1	1	3
18	19000000	22352640	2	1	1	3
18	22352641	44933726	1	1	0	3
18	44933727	48593726	1	1	0	3
18	48593727	48776191	1	1	0	1
18	48776192	65292095	1	1	0	3
18	65292096	76788563	2	1	1	3
18	76788564	78077247	2	1	1	2
19	102500	282448	1	1	0	2
19	282449	607026	1	1	0	2
19	607027	24399999	1	1	0	2
19	24400000	28599999	NA	NA	NA	NA
19	28600000	59128982	2	1	1	3
20	24347	8320068	2	1	1	2
20	8320069	12014710	2	1	1	2
20	12014711	20315441	1	1	0	3
20	20315442	20321581	1	1	0	2
20	20321582	25599999	1	1	0	3
20	25600000	29399999	NA	NA	NA	NA
20	29400000	33386790	2	1	1	3
20	33386791	33445709	2	1	1	1
20	33445710	62432500	2	1	1	3
21	1	9417499	NA	NA	NA	NA
21	9417500	10899999	NA	NA	NA	NA
21	10900000	14739463	2	1	1	2
21	14739464	46937500	2	1	1	2
21	46937501	47555340	2	1	1	2
21	47555341	47591127	0	0	0	2
22	1	12199999	2	1	1	1
22	12200000	17899999	2	1	1	3
22	17900000	29066002	2	1	1	3
22	29066003	29329285	2	1	1	3
22	29329286	29618951	1	1	0	2
22	29618952	34512575	2	1	1	3
22	34512576	34666650	1	1	0	3
22	34666651	43901219	2	1	1	3
22	43901220	44093406	1	1	0	3
22	44093407	49641400	2	1	1	3
22	49641401	51304565	2	1	1	3
X	1	4701875	2	1	1	3
X	4701876	26630972	2	1	1	3
X	26630973	26926902	1	1	0	2
X	26926903	54407650	2	1	1	3
X	54407651	54595684	2	2	0	1
X	54595685	58099999	2	1	1	3
X	58100000	62999999	2	1	1	2
X	63000000	64112688	2	1	1	2
X	64112689	64350932	1	1	0	2
X	64350933	74849495	2	1	1	3
X	74849496	74895528	2	1	1	2
X	74895529	111637026	2	1	1	3
X	111637027	111639847	2	1	1	2
X	111639848	147357729	2	1	1	3
X	147357730	154929638	2	1	1	3
