chromosome	start	end	total_cn	major_cn	minor_cn	star
1	840591	118737747	1	1	0	2
1	118737748	121499999	2	1	1	2
1	121500000	128899999	2	1	1	2
1	128900000	142542499	2	1	1	2
1	142542500	166501707	2	1	1	2
1	166501708	166505301	2	1	1	2
1	166505302	249250620	2	1	1	2
2	26417	53655539	2	1	1	2
2	53655540	89856143	2	1	1	2
2	89856144	96799999	2	1	1	2
2	96800000	141923015	2	1	1	2
2	141923016	179619989	2	1	1	2
2	179619990	196563075	2	1	1	2
2	196563076	242991411	2	1	1	1
3	100074	87899999	2	1	1	2
3	87900000	93899999	2	1	1	2
3	93900000	120839609	2	1	1	2
3	120839610	169020597	2	1	1	2
3	169020598	170788308	2	2	0	2
3	170788309	170788708	3	2	1	2
3	170788709	170819875	3	2	1	1
3	170819876	170819964	4	3	1	1
3	170819965	170821266	4	3	1	1
3	170821267	170821709	4	3	1	1
3	170821710	171852457	4	3	1	2
3	171852458	171854738	2	2	0	2
3	171854739	171870259	2	2	0	2
3	171870260	171870842	2	2	0	2
3	171870843	172241568	3	2	1	1
3	172241569	172242340	4	3	1	1
3	172242341	172384678	3	2	1	2
3	172384679	172409425	1	1	0	2
3	172409426	172468870	3	2	1	2
3	172468871	172470579	3	2	1	2
3	172470580	173086714	4	3	1	2
3	173086715	173303262	2	1	1	1
3	173303263	173547890	3	2	1	1
3	173547891	173549220	4	3	1	2
3	173549221	173626082	4	3	1	2
3	173626083	173626696	3	2	1	1
3	173626697	174206062	3	2	1	2
3	174206063	174732098	2	1	1	2
3	174732099	174732183	1	1	0	1
3	174732184	174732404	2	1	1	2
3	174732405	174733409	2	1	1	2
3	174733410	174734581	2	1	1	2
3	174734582	174873405	4	3	1	2
3	174873406	174874232	3	2	1	1
3	174874233	174988822	3	2	1	2
3	174988823	174990837	3	2	1	2
3	174990838	175061202	3	2	1	2
3	175061203	175062695	3	2	1	1
3	175062696	176852260	4	3	1	2
3	176852261	177063982	2	1	1	1
3	177063983	177260340	2	1	1	1
3	177260341	179590265	3	2	1	2
3	179590266	179597128	3	2	1	2
3	179597129	179597461	3	2	1	1
3	179597462	179599412	3	2	1	1
3	179599413	179859366	3	2	1	2
3	179859367	179861516	3	2	1	2
3	179861517	179866341	3	2	1	2
3	179866342	179867546	3	2	1	2
3	179867547	180249401	3	2	1	2
3	180249402	180250252	3	2	1	2
3	180250253	180631942	3	2	1	2
3	180631943	180790487	2	1	1	2
3	180790488	181316669	4	3	1	2
3	181316670	182313468	2	2	0	2
3	182313469	182751970	2	1	1	2
3	182751971	182853440	3	2	1	2
3	182853441	182854513	3	2	1	2
3	182854514	183035720	3	2	1	2
3	183035721	183037376	3	2	1	2
3	183037377	183769450	3	2	1	2
3	183769451	184146095	1	1	0	2
3	184146096	184312605	3	2	1	2
3	184312606	184313724	3	2	1	2
3	184313725	184376016	4	3	1	2
3	184376017	184544519	1	1	0	2
3	184544520	185060220	3	2	1	2
3	185060221	185446494	2	1	1	1
3	185446495	185643719	3	2	1	2
3	185643720	185647520	3	2	1	2
3	185647521	186441140	4	3	1	2
3	186441141	186443320	4	3	1	2
3	186443321	186726857	3	2	1	2
3	186726858	186731905	3	2	1	2
3	186731906	186968147	4	3	1	2
3	186968148	186969117	3	2	1	1
3	186969118	187746648	4	3	1	2
3	187746649	187749197	3	2	1	1
3	187749198	187775469	4	3	1	2
3	187775470	187883547	1	1	0	2
3	187883548	188377329	0	0	0	2
3	188377330	189073200	1	1	0	2
3	189073201	189074984	1	1	0	2
3	189074985	189687988	2	1	1	1
3	189687989	189688153	2	1	1	2
3	189688154	190028893	2	1	1	2
3	190028894	190309296	2	1	1	2
3	190309297	190311666	1	1	0	2
3	190311667	190341084	2	1	1	2
3	190341085	190716064	2	1	1	2
3	190716065	191081583	3	2	1	2
3	191081584	191666641	2	1	1	2
3	191666642	191670091	2	1	1	2
3	191670092	191864223	2	1	1	2
3	191864224	193606839	4	3	1	2
3	193606840	193868004	4	3	1	2
3	193868005	193868545	4	3	1	2
3	193868546	194131518	3	2	1	2
3	194131519	194593211	1	1	0	2
3	194593212	194842200	4	3	1	2
3	194842201	194844118	3	2	1	1
3	194844119	194918048	3	2	1	2
3	194918049	195569990	2	2	0	1
3	195569991	195574574	2	2	0	1
3	195574575	195627240	2	1	1	2
3	195627241	195629148	2	1	1	2
3	195629149	195682798	2	1	1	2
3	195682799	195685602	2	1	1	1
3	195685603	195820296	1	1	0	2
3	195820297	195821539	1	1	0	2
3	195821540	196217501	2	1	1	1
3	196217502	196217607	2	1	1	1
3	196217608	196478114	2	1	1	1
3	196478115	196728758	2	1	1	1
3	196728759	196748569	2	1	1	1
3	196748570	196835487	2	1	1	1
3	196835488	197794976	3	2	1	1
3	197794977	197798428	3	2	1	1
3	197798429	197801945	4	3	1	1
4	50084	35592417	2	1	1	2
4	35592418	48199999	2	1	1	2
4	48200000	52699999	2	1	1	2
4	52700000	68119999	2	1	1	2
4	68120000	73539468	2	1	1	2
4	73539469	168336379	1	1	0	2
4	168336380	170765981	1	1	0	2
4	170765982	170767379	1	1	0	2
4	170767380	171938356	1	1	0	2
4	171938357	171939094	1	1	0	2
4	171939095	190789536	1	1	0	2
5	1	46099999	2	1	1	2
5	46100000	50699999	2	1	1	2
5	50700000	80363008	2	1	1	2
5	80363009	80470126	1	1	0	2
5	80470127	180689978	2	1	1	2
6	204909	249247	4	3	1	2
6	249248	31388108	3	2	1	2
6	31388109	57262500	4	3	1	2
6	57262501	58177450	2	1	1	2
6	58177451	58699999	2	2	0	2
6	58700000	63299999	NA	NA	NA	NA
6	63300000	115347639	2	1	1	2
6	115347640	115348487	2	1	1	1
6	115348488	135939947	2	1	1	2
6	135939948	170906669	2	1	1	2
7	64965	8589998	2	1	1	2
7	8589999	57999999	2	1	1	2
7	58000000	62460063	2	1	1	2
7	62460064	147771737	2	1	1	2
7	147771738	158858527	2	1	1	2
7	158858528	159035334	2	1	1	2
8	172500	34790719	1	1	0	2
8	34790720	43099999	2	1	1	3
8	43100000	48099999	2	1	1	2
8	48100000	96297907	2	1	1	2
8	96297908	130795456	3	2	1	2
8	130795457	130802343	3	2	1	2
8	130802344	133860135	3	2	1	2
8	133860136	146364021	3	2	1	2
9	94197	44868166	2	1	1	2
9	44868167	47299999	2	1	1	2
9	47300000	50699999	2	1	1	2
9	50700000	66847351	2	1	1	2
9	66847352	105570480	2	1	1	2
9	105570481	131766529	2	1	1	2
9	131766530	141213430	2	1	1	2
10	102500	37999999	2	1	1	2
10	38000000	42299999	2	1	1	2
10	42300000	68129922	2	1	1	2
10	68129923	68130322	2	1	1	2
10	68130323	135221175	2	1	1	2
11	221470	9153642	2	2	0	2
11	9153643	17006523	2	2	0	2
11	17006524	19037087	2	1	1	2
11	19037088	51599999	2	1	1	2
11	51600000	55699999	2	1	1	2
11	55700000	135006515	2	1	1	3
12	110107	33299999	2	1	1	2
12	33300000	38199999	2	1	1	2
12	38200000	79319972	2	1	1	2
12	79319973	92339998	2	1	1	2
12	92339999	96294490	2	1	1	2
12	96294491	133851894	1	1	0	2
13	1	16299999	2	1	1	1
13	16300000	19499999	2	1	1	2
13	19500000	115169877	2	1	1	2
14	1	16099999	2	1	1	1
14	16100000	19099999	2	1	1	2
14	19100000	30619971	2	1	1	2
14	30619972	30741380	2	1	1	2
14	30741381	31087878	2	1	1	2
14	31087879	85133185	2	1	1	3
14	85133186	107349539	2	1	1	2
15	1	15799999	1	1	0	1
15	15800000	20699999	NA	NA	NA	NA
15	20700000	46299934	2	1	1	2
15	46299935	102372741	2	1	1	2
16	117500	32132500	1	1	0	2
16	32132501	33725686	1	1	0	2
16	33725687	38599999	1	1	0	2
16	38600000	90354752	1	1	0	2
17	12500	21893708	1	1	0	2
17	21893709	25799999	NA	NA	NA	NA
17	25800000	50550041	2	1	1	2
17	50550042	81195209	2	1	1	2
18	27500	125370	2	1	1	2
18	125371	15253171	2	1	1	2
18	15253172	18999999	2	1	1	2
18	19000000	38434973	2	1	1	2
18	38434974	78077247	2	1	1	3
19	102500	265954	2	1	1	2
19	265955	24399999	2	1	1	2
19	24400000	28599999	2	1	1	1
19	28600000	59128982	2	1	1	2
20	101288	25599999	2	1	1	2
20	25600000	29399999	2	1	1	2
20	29400000	58660186	2	1	1	2
20	58660187	62869561	2	1	1	2
21	1	10899999	NA	NA	NA	NA
21	10900000	14299999	2	1	1	2
21	14300000	15301063	2	1	1	2
21	15301064	48129894	2	1	1	2
22	1	12199999	1	1	0	1
22	12200000	17899999	NA	NA	NA	NA
22	17900000	29065228	2	1	1	2
22	29065229	29065510	2	1	1	2
22	29065511	51304565	2	1	1	2
X	1	10155745	2	1	1	2
X	10155746	19949970	2	1	1	2
X	19949971	20175774	2	1	1	2
X	20175775	24930827	2	1	1	2
X	24930828	43660949	2	1	1	2
X	43660950	52826308	2	1	1	2
X	52826309	58099999	2	1	1	2
X	58100000	62999999	2	1	1	1
X	63000000	63350456	2	1	1	2
X	63350457	63427652	1	1	0	2
X	63427653	71241054	2	1	1	2
X	71241055	77789929	2	2	0	1
X	77789930	79553850	2	1	1	2
X	79553851	79599165	1	1	0	2
X	79599166	79600827	0	0	0	1
X	79600828	88586944	2	2	0	1
X	88586945	102644475	2	1	1	2
X	102644476	102659184	2	1	1	2
X	102659185	155270559	2	1	1	2
