chromosome	start	end	total_cn	major_cn	minor_cn	star
1	1	831488	2	1	1	2
1	831489	32483750	2	1	1	2
1	32483751	34102401	2	1	1	2
1	34102402	55049058	2	1	1	2
1	55049059	55212128	2	1	1	1
1	55212129	58870185	2	1	1	2
1	58870186	58873403	2	1	1	2
1	58873404	91518763	2	1	1	2
1	91518764	91520629	2	1	1	2
1	91520630	102844516	2	1	1	2
1	102844517	102846400	2	1	1	2
1	102846401	103240405	2	1	1	2
1	103240406	121499999	2	1	1	2
1	121500000	128899999	2	1	1	2
1	128900000	142764400	2	1	1	1
1	142764401	152797021	2	1	1	2
1	152797022	154918582	2	1	1	2
1	154918583	155128880	2	1	1	2
1	155128881	173833219	2	1	1	2
1	173833220	185672517	2	1	1	2
1	185672518	185676001	2	1	1	2
1	185676002	186399055	2	1	1	2
1	186399056	186881589	1	1	0	2
1	186881590	186909259	2	1	1	2
1	186909260	186911002	2	1	1	1
1	186911003	190267763	2	1	1	2
1	190267764	190380841	2	1	1	2
1	190380842	219873854	2	1	1	2
1	219873855	233871218	2	1	1	2
1	233871219	247249600	2	1	1	2
1	247249601	249250620	1	1	0	2
2	11320	724803	2	1	1	2
2	724804	1840503	2	1	1	2
2	1840504	2154823	2	1	1	2
2	2154824	4218138	2	1	1	2
2	4218139	4560622	2	1	1	2
2	4560623	17385319	2	1	1	2
2	17385320	17386265	2	1	1	2
2	17386266	36568483	2	1	1	2
2	36568484	43887605	2	1	1	2
2	43887606	44187258	2	1	1	2
2	44187259	44400276	2	1	1	2
2	44400277	49569926	2	1	1	2
2	49569927	53050911	2	1	1	2
2	53050912	89881501	2	1	1	2
2	89881502	96799999	2	1	1	2
2	96800000	114142490	2	1	1	2
2	114142491	122494516	2	1	1	2
2	122494517	123898510	2	1	1	2
2	123898511	123899832	2	1	1	2
2	123899833	129889091	2	1	1	2
2	129889092	135688745	2	1	1	2
2	135688746	135688776	2	1	1	2
2	135688777	135689543	2	1	1	1
2	135689544	135691574	2	1	1	2
2	135691575	140420003	2	1	1	2
2	140420004	146679564	2	1	1	2
2	146679565	146681068	1	1	0	2
2	146681069	148030715	2	1	1	1
2	148030716	148030905	2	1	1	2
2	148030906	209272140	2	1	1	2
2	209272141	216811170	2	1	1	2
2	216811171	221160901	2	1	1	2
2	221160902	228912160	2	1	1	2
2	228912161	228914796	2	1	1	2
2	228914797	242852391	2	1	1	2
2	242852392	242951000	2	1	1	1
3	102919	23184835	2	1	1	2
3	23184836	50160389	2	1	1	2
3	50160390	50163432	2	1	1	2
3	50163433	51556091	2	1	1	2
3	51556092	60552155	2	1	1	2
3	60552156	60646560	1	1	0	2
3	60646561	87899999	2	1	1	2
3	87900000	93899999	2	1	1	2
3	93900000	95472212	2	1	1	2
3	95472213	95473319	2	1	1	2
3	95473320	123590721	2	1	1	2
3	123590722	123590810	2	1	1	2
3	123590811	123590873	2	1	1	2
3	123590874	123591007	2	1	1	2
3	123591008	123591032	2	1	1	2
3	123591033	123591291	2	1	1	2
3	123591292	123592037	2	1	1	2
3	123592038	123592121	2	1	1	2
3	123592122	123592230	2	1	1	2
3	123592231	123593613	2	1	1	2
3	123593614	123594507	2	1	1	2
3	123594508	123594677	2	1	1	2
3	123594678	123594702	2	1	1	2
3	123594703	123595120	2	1	1	2
3	123595121	123595249	2	1	1	2
3	123595250	124935147	2	1	1	2
3	124935148	124935168	2	1	1	2
3	124935169	193607401	2	1	1	2
3	193607402	193969898	2	1	1	2
3	193969899	196660802	2	1	1	2
3	196660803	197847500	2	1	1	2
4	50084	26690448	2	1	1	2
4	26690449	29648872	1	1	0	2
4	29648873	29649841	3	2	1	2
4	29649842	29650084	2	1	1	1
4	29650085	30173379	2	1	1	2
4	30173380	32293411	2	1	1	1
4	32293412	32295890	2	1	1	1
4	32295891	48199999	2	1	1	2
4	48200000	52699999	2	1	1	2
4	52700000	56933866	2	1	1	2
4	56933867	60615860	2	1	1	2
4	60615861	60617001	2	1	1	2
4	60617002	71380573	2	1	1	2
4	71380574	80380687	2	1	1	2
4	80380688	80381868	2	1	1	2
4	80381869	84957270	2	1	1	2
4	84957271	84962195	2	1	1	2
4	84962196	91197154	2	1	1	2
4	91197155	91515205	1	1	0	2
4	91515206	112518981	2	1	1	2
4	112518982	175773152	2	1	1	2
4	175773153	181606447	2	1	1	2
4	181606448	190987500	2	1	1	2
5	14676	11724200	1	1	0	2
5	11724201	45950000	1	1	0	2
5	45950001	50699999	1	1	0	2
5	50700000	122019146	1	1	0	2
5	122019147	122023527	1	1	0	2
5	122023528	133854004	1	1	0	2
5	133854005	180380201	1	1	0	2
5	180380202	180689856	1	1	0	2
6	39681	209979	2	1	1	1
6	209980	382211	1	1	0	2
6	382212	3552237	1	1	0	2
6	3552238	3557499	1	1	0	2
6	3557500	3606009	2	2	0	2
6	3606010	3677048	1	1	0	2
6	3677049	3727047	1	1	0	2
6	3727048	28215327	1	1	0	2
6	28215328	28489547	4	3	1	1
6	28489548	28489830	2	1	1	1
6	28489831	31780273	2	1	1	1
6	31780274	31836113	1	1	0	2
6	31836114	34118468	2	1	1	1
6	34118469	34127437	1	1	0	2
6	34127438	40842137	2	1	1	1
6	40842138	41317384	6	5	1	2
6	41317385	41318550	6	5	1	1
6	41318551	46461001	2	1	1	1
6	46461002	47137081	2	1	1	1
6	47137082	47150840	3	2	1	1
6	47150841	57264992	2	1	1	2
6	57264993	57317500	2	1	1	1
6	57317501	57494401	1	1	0	1
6	57494402	58137801	1	1	0	1
6	58137802	58699999	2	1	1	2
6	58700000	63299999	NA	NA	NA	NA
6	63300000	63318526	3	2	1	2
6	63318527	68143087	1	1	0	2
6	68143088	85949364	3	2	1	2
6	85949365	86247257	2	1	1	2
6	86247258	86707804	2	1	1	2
6	86707805	90055608	2	1	1	2
6	90055609	100493405	2	1	1	2
6	100493406	100598567	1	1	0	2
6	100598568	100599688	1	1	0	2
6	100599689	103734635	1	1	0	2
6	103734636	109420022	1	1	0	2
6	109420023	110682734	2	1	1	2
6	110682735	110682785	2	1	1	2
6	110682786	110683062	2	1	1	2
6	110683063	112221617	2	1	1	2
6	112221618	112221634	2	1	1	2
6	112221635	112221664	2	1	1	2
6	112221665	112221896	2	1	1	2
6	112221897	112222309	2	1	1	2
6	112222310	112222491	2	1	1	2
6	112222492	113386805	2	1	1	2
6	113386806	113861853	2	1	1	2
6	113861854	113862642	2	1	1	2
6	113862643	114832495	2	1	1	2
6	114832496	114836419	2	1	1	2
6	114836420	117327995	2	1	1	2
6	117327996	117333992	2	1	1	2
6	117333993	121680825	2	1	1	2
6	121680826	121681194	3	2	1	2
6	121681195	123852620	2	1	1	2
6	123852621	123852717	2	1	1	2
6	123852718	126943728	2	1	1	2
6	126943729	126945651	2	1	1	2
6	126945652	141053861	2	1	1	2
6	141053862	141062700	2	1	1	2
6	141062701	147153527	2	1	1	2
6	147153528	147153765	3	2	1	2
6	147153766	147897413	3	2	1	2
6	147897414	153345571	2	1	1	2
6	153345572	153363613	4	3	1	2
6	153363614	153847119	2	1	1	2
6	153847120	154098152	3	2	1	2
6	154098153	154113960	5	4	1	2
6	154113961	162736842	2	1	1	2
6	162736843	162781525	1	1	0	2
6	162781526	166390918	3	2	1	2
6	166390919	166392272	3	2	1	1
6	166392273	170899800	3	2	1	2
7	40386	12390613	2	1	1	2
7	12390614	12408589	3	2	1	2
7	12408590	13411186	2	1	1	2
7	13411187	15963605	2	1	1	2
7	15963606	15976030	2	1	1	2
7	15976031	16703920	2	1	1	2
7	16703921	17487437	2	1	1	2
7	17487438	17752001	2	1	1	2
7	17752002	24323682	2	1	1	2
7	24323683	27876443	2	1	1	2
7	27876444	27992009	2	1	1	2
7	27992010	28044921	2	1	1	2
7	28044922	28045210	2	1	1	1
7	28045211	28046480	2	1	1	1
7	28046481	28807448	2	1	1	2
7	28807449	31712683	2	1	1	2
7	31712684	31725536	2	1	1	1
7	31725537	34179130	2	1	1	2
7	34179131	34197089	2	1	1	2
7	34197090	38241892	2	1	1	2
7	38241893	38414838	2	1	1	2
7	38414839	41969979	2	1	1	2
7	41969980	42007982	3	2	1	2
7	42007983	42197132	2	1	1	2
7	42197133	42893274	2	1	1	2
7	42893275	42941752	3	2	1	2
7	42941753	47914003	2	1	1	2
7	47914004	47936093	3	2	1	1
7	47936094	50177828	2	1	1	2
7	50177829	50307774	3	2	1	2
7	50307775	51177596	2	1	1	2
7	51177597	51196152	2	1	1	2
7	51196153	53631269	2	1	1	2
7	53631270	54203445	2	1	1	2
7	54203446	54217198	2	1	1	2
7	54217199	54415427	2	1	1	2
7	54415428	57128978	2	1	1	2
7	57128979	57596077	2	1	1	1
7	57596078	61699999	2	1	1	1
7	61700000	65798333	2	1	1	2
7	65798334	65798916	2	1	1	2
7	65798917	66423171	2	1	1	2
7	66423172	66423460	2	1	1	2
7	66423461	67730448	2	1	1	2
7	67730449	68204755	2	1	1	2
7	68204756	68204852	2	1	1	2
7	68204853	68673557	2	1	1	2
7	68673558	68674558	2	1	1	2
7	68674559	71157120	2	1	1	2
7	71157121	71157289	2	1	1	2
7	71157290	71219188	2	1	1	2
7	71219189	71793664	2	1	1	2
7	71793665	71801317	2	1	1	2
7	71801318	71801343	NA	NA	NA	NA
7	71801344	72648402	2	1	1	2
7	72648403	72811660	4	2	2	2
7	72811661	76104802	2	1	1	2
7	76104803	77490317	2	1	1	2
7	77490318	78206372	2	1	1	2
7	78206373	78921053	2	1	1	2
7	78921054	79208954	2	1	1	2
7	79208955	80719921	2	1	1	2
7	80719922	80735776	2	1	1	2
7	80735777	82956082	2	1	1	2
7	82956083	82978064	3	2	1	2
7	82978065	84729852	2	1	1	2
7	84729853	84739690	2	1	1	2
7	84739691	85918997	2	1	1	2
7	85918998	85920350	2	1	1	1
7	85920351	86077066	3	2	1	2
7	86077067	86117862	4	3	1	2
7	86117863	86166076	4	3	1	2
7	86166077	88055403	2	1	1	2
7	88055404	88074352	4	2	2	2
7	88074353	93107102	2	1	1	2
7	93107103	93125416	2	1	1	2
7	93125417	95774950	2	1	1	2
7	95774951	96020623	2	1	1	2
7	96020624	96055855	4	2	2	2
7	96055856	96723345	2	1	1	2
7	96723346	96937642	4	2	2	2
7	96937643	96959693	3	2	1	1
7	96959694	99579976	2	1	1	2
7	99579977	100515223	2	1	1	2
7	100515224	100518814	2	1	1	2
7	100518815	102128001	2	1	1	2
7	102128002	103198525	2	1	1	2
7	103198526	103207415	2	1	1	2
7	103207416	103642094	2	1	1	2
7	103642095	103956402	2	1	1	2
7	103956403	103956428	3	2	1	1
7	103956429	103983840	3	2	1	2
7	103983841	107689402	3	2	1	2
7	107689403	108343007	3	2	1	2
7	108343008	108469033	4	3	1	2
7	108469034	108476309	4	3	1	2
7	108476310	108476323	4	3	1	2
7	108476324	108724516	4	3	1	2
7	108724517	108728843	4	3	1	2
7	108728844	108742500	4	3	1	2
7	108742501	108792277	4	3	1	2
7	108792278	108806033	NA	NA	NA	NA
7	108806034	108874988	7	7	0	1
7	108874989	108895938	7	7	0	1
7	108895939	108941314	7	7	0	1
7	108941315	108942893	2	1	1	1
7	108942894	114004192	2	1	1	2
7	114004193	116134912	2	1	1	2
7	116134913	116135141	1	1	0	2
7	116135142	137418853	2	1	1	2
7	137418854	137464980	2	1	1	2
7	137464981	158821400	2	1	1	2
8	1	155756	NA	NA	NA	NA
8	155757	5224707	2	1	1	2
8	5224708	18558481	2	1	1	2
8	18558482	22355272	2	1	1	2
8	22355273	40170158	2	1	1	2
8	40170159	43099999	2	1	1	2
8	43100000	48099999	NA	NA	NA	NA
8	48100000	59323617	2	1	1	2
8	59323618	59450029	2	1	1	2
8	59450030	100955736	3	2	1	2
8	100955737	109163121	3	2	1	2
8	109163122	109164123	3	2	1	2
8	109164124	116202795	3	2	1	2
8	116202796	116208939	3	2	1	2
8	116208940	128527517	3	2	1	2
8	128527518	128728853	3	2	1	2
8	128728854	128777066	2	1	1	1
8	128777067	146364021	3	2	1	2
9	47500	153760	2	1	1	1
9	153761	4992966	1	1	0	2
9	4992967	4994646	2	1	1	2
9	4994647	12728077	2	1	1	2
9	12728078	13121378	2	1	1	2
9	13121379	13121420	2	1	1	1
9	13121421	13121578	NA	NA	NA	NA
9	13121579	13133622	1	1	0	2
9	13133623	19914861	1	1	0	2
9	19914862	20209125	2	1	1	2
9	20209126	20217327	2	1	1	2
9	20217328	20859601	1	1	0	2
9	20859602	21175341	1	1	0	2
9	21175342	22296537	0	0	0	2
9	22296538	24297166	0	0	0	2
9	24297167	25952559	2	1	1	2
9	25952560	27408205	2	1	1	2
9	27408206	27929221	1	1	0	2
9	27929222	28209084	2	1	1	1
9	28209085	28495631	2	1	1	1
9	28495632	29154662	2	1	1	2
9	29154663	30244885	2	1	1	2
9	30244886	32873981	2	1	1	2
9	32873982	32880029	2	1	1	2
9	32880030	36089489	2	1	1	2
9	36089490	44404823	2	1	1	2
9	44404824	47299999	2	1	1	2
9	47300000	50699999	2	1	1	1
9	50700000	66849971	2	1	1	1
9	66849972	80112401	2	1	1	2
9	80112402	80549299	2	1	1	2
9	80549300	83730929	2	1	1	2
9	83730930	83732176	2	1	1	1
9	83732177	140232968	2	1	1	2
9	140232969	140276611	2	1	1	2
10	108202	7636344	2	1	1	2
10	7636345	7652486	2	1	1	1
10	7652487	24426121	2	1	1	2
10	24426122	37999999	2	1	1	2
10	38000000	42299999	2	1	1	2
10	42300000	85610238	2	1	1	2
10	85610239	85611274	2	1	1	2
10	85611275	100764215	2	1	1	2
10	100764216	100765050	2	1	1	1
10	100765051	110057035	2	1	1	2
10	110057036	127964281	2	1	1	2
10	127964282	135421093	2	1	1	2
11	20721	196943	2	1	1	1
11	196944	24037599	2	1	1	2
11	24037600	24039102	2	1	1	2
11	24039103	47405386	2	1	1	2
11	47405387	47437031	2	1	1	2
11	47437032	51599999	2	1	1	2
11	51600000	55699999	2	1	1	2
11	55700000	57942147	2	1	1	2
11	57942148	58127982	1	1	0	2
11	58127983	86610222	2	1	1	2
11	86610223	98316113	2	1	1	2
11	98316114	98379117	0	0	0	2
11	98379118	134452200	2	1	1	2
12	22500	3607338	2	1	1	2
12	3607339	3608065	2	1	1	2
12	3608066	6986088	2	1	1	2
12	6986089	7041063	2	1	1	1
12	7041064	31428000	2	1	1	2
12	31428001	33299999	2	1	1	2
12	33300000	38199999	2	1	1	2
12	38200000	56212367	2	1	1	2
12	56212368	56281798	2	1	1	2
12	56281799	56351952	3	2	1	1
12	56351953	64451205	2	1	1	2
12	64451206	64452664	2	1	1	2
12	64452665	71057125	2	1	1	2
12	71057126	74524295	2	1	1	2
12	74524296	84908339	2	1	1	2
12	84908340	84910614	2	1	1	2
12	84910615	132349400	2	1	1	2
12	132349401	133851894	2	1	1	2
13	1	16299999	NA	NA	NA	NA
13	16300000	19499999	2	1	1	1
13	19500000	28259453	2	1	1	2
13	28259454	28259842	2	1	1	2
13	28259843	31829401	2	1	1	2
13	31829402	38292958	2	1	1	2
13	38292959	38295594	3	2	1	2
13	38295595	40415094	2	1	1	1
13	40415095	40756163	3	2	1	2
13	40756164	63798436	2	1	1	1
13	63798437	63799574	2	1	1	2
13	63799575	73557076	2	1	1	2
13	73557077	73581689	3	2	1	2
13	73581690	73582130	2	1	1	1
13	73582131	74012814	2	1	1	2
13	74012815	88618604	2	1	1	1
13	88618605	114142800	2	1	1	2
13	114142801	115169877	3	2	1	2
14	1	16099999	NA	NA	NA	NA
14	16100000	19099999	2	1	1	1
14	19100000	47244231	2	1	1	1
14	47244232	68412374	1	1	0	2
14	68412375	68903942	2	1	1	2
14	68903943	71198631	2	1	1	2
14	71198632	85241456	2	1	1	2
14	85241457	85243189	2	1	1	2
14	85243190	87008212	2	1	1	2
14	87008213	87306115	1	1	0	2
14	87306116	90300282	1	1	0	2
14	90300283	90417175	2	1	1	2
14	90417176	106368400	2	1	1	2
15	1	15799999	NA	NA	NA	NA
15	15800000	20699999	2	1	1	2
15	20700000	25408254	2	1	1	2
15	25408255	25684892	2	1	1	2
15	25684893	25686175	2	1	1	2
15	25686176	25810597	2	1	1	2
15	25810598	36968614	2	1	1	2
15	36968615	36970552	2	1	1	2
15	36970553	39674596	2	1	1	2
15	39674597	53640446	2	1	1	2
15	53640447	53642843	2	1	1	2
15	53642844	71329460	2	1	1	2
15	71329461	90235939	2	1	1	2
15	90235940	90243242	4	2	2	2
15	90243243	90251119	3	2	1	2
15	90251120	90452412	3	2	1	2
15	90452413	97805733	2	1	1	2
15	97805734	97807092	2	1	1	2
15	97807093	100338800	2	1	1	2
15	100338801	102399919	3	2	1	2
16	109665	30542346	2	1	1	2
16	30542347	30734542	2	1	1	2
16	30734543	34599999	2	1	1	2
16	34600000	38599999	2	1	1	2
16	38600000	64037715	2	1	1	2
16	64037716	65673609	2	1	1	2
16	65673610	65677067	2	1	1	2
16	65677068	71434850	2	1	1	2
16	71434851	71461225	2	1	1	2
16	71461226	88827200	2	1	1	2
16	88827201	90354752	2	1	1	2
17	7	111029	1	1	0	2
17	111030	585307	1	1	0	2
17	585308	3107403	2	2	0	2
17	3107404	3615495	2	2	0	2
17	3615496	3673642	2	2	0	2
17	3673643	4194205	2	2	0	2
17	4194206	4203604	2	2	0	2
17	4203605	4204555	2	2	0	1
17	4204556	4204620	2	2	0	1
17	4204621	4248070	2	2	0	2
17	4248071	4248304	2	2	0	1
17	4248305	4253547	4	4	0	1
17	4253548	4256597	1	1	0	1
17	4256598	5512654	4	2	2	2
17	5512655	7119100	1	1	0	2
17	7119101	7761225	2	2	0	2
17	7761226	7765234	1	1	0	2
17	7765235	7817692	1	1	0	2
17	7817693	8412360	1	1	0	2
17	8412361	8878381	1	1	0	2
17	8878382	11333087	1	1	0	2
17	11333088	11333247	1	1	0	2
17	11333248	11437864	1	1	0	2
17	11437865	11490252	1	1	0	2
17	11490253	11490429	1	1	0	2
17	11490430	11719135	1	1	0	2
17	11719136	18354484	1	1	0	2
17	18354485	19308814	1	1	0	2
17	19308815	19309002	1	1	0	2
17	19309003	22199999	1	1	0	2
17	22200000	25799999	NA	NA	NA	NA
17	25800000	27034290	2	1	1	2
17	27034291	27034464	2	1	1	2
17	27034465	30797832	2	1	1	2
17	30797833	30799204	3	2	1	1
17	30799205	30820281	3	2	1	2
17	30820282	30826915	3	2	1	1
17	30826916	30827407	3	2	1	1
17	30827408	30828380	3	2	1	1
17	30828381	30850283	3	2	1	2
17	30850284	30850904	3	2	1	1
17	30850905	30883479	3	2	1	2
17	30883480	31065582	3	2	1	2
17	31065583	31067826	3	2	1	2
17	31067827	31068435	2	1	1	1
17	31068436	31069180	2	1	1	1
17	31069181	32820810	2	1	1	2
17	32820811	32889285	2	1	1	1
17	32889286	33443716	2	1	1	2
17	33443717	33532545	2	1	1	1
17	33532546	34065418	2	1	1	2
17	34065419	34652659	2	1	1	2
17	34652660	34933434	2	1	1	2
17	34933435	34948733	2	1	1	2
17	34948734	34954579	2	1	1	1
17	34954580	34958580	2	1	1	1
17	34958581	34958800	2	1	1	1
17	34958801	34959029	2	1	1	1
17	34959030	34959041	2	1	1	1
17	34959042	34959387	2	1	1	1
17	34959388	35259966	2	1	1	1
17	35259967	35301023	1	1	0	2
17	35301024	35301508	NA	NA	NA	NA
17	35301509	35341703	7	6	1	2
17	35341704	36056910	8	7	1	2
17	36056911	36074074	8	7	1	2
17	36074075	36074100	7	6	1	1
17	36074101	36148245	7	6	1	1
17	36148246	36399201	3	2	1	2
17	36399202	36508975	25	24	1	1
17	36508976	36607219	25	24	1	1
17	36607220	36614456	25	24	1	1
17	36614457	36719797	25	24	1	1
17	36719798	37074820	25	24	1	1
17	37074821	37075150	25	24	1	1
17	37075151	37091755	25	24	1	1
17	37091756	37091912	25	24	1	1
17	37091913	37118052	25	24	1	1
17	37118053	37240758	25	24	1	1
17	37240759	37282500	13	12	1	2
17	37282501	37759497	20	19	1	1
17	37759498	37769724	20	19	1	1
17	37769725	37787761	20	19	1	1
17	37787762	37844860	20	19	1	1
17	37844861	38050383	20	19	1	1
17	38050384	38211024	32	31	1	1
17	38211025	38275275	32	31	1	1
17	38275276	38276550	32	31	1	1
17	38276551	38277900	32	31	1	1
17	38277901	38332032	32	31	1	1
17	38332033	38340819	32	31	1	1
17	38340820	38471274	32	31	1	1
17	38471275	38493813	32	31	1	1
17	38493814	38494179	32	31	1	1
17	38494180	38541131	32	31	1	1
17	38541132	38541832	13	12	1	1
17	38541833	38714211	24	23	1	2
17	38714212	38781706	13	12	1	2
17	38781707	38782690	24	23	1	2
17	38782691	38924359	24	23	1	2
17	38924360	38959609	24	23	1	2
17	38959610	39079230	24	23	1	1
17	39079231	39127644	24	23	1	1
17	39127645	39859857	24	23	1	1
17	39859858	39896765	24	23	1	2
17	39896766	39977215	24	23	1	1
17	39977216	40003450	12	11	1	1
17	40003451	40759897	1	1	0	2
17	40759898	50845938	2	1	1	2
17	50845939	64378501	2	1	1	2
17	64378502	64633831	2	1	1	2
17	64633832	78774600	2	1	1	2
17	78774601	81195209	2	1	1	2
18	27500	6172203	2	1	1	2
18	6172204	6188733	2	1	1	2
18	6188734	15399999	2	1	1	2
18	15400000	18999999	2	1	1	2
18	19000000	39750875	2	1	1	2
18	39750876	39752172	2	1	1	1
18	39752173	53010721	2	1	1	1
18	53010722	53011671	2	1	1	2
18	53011672	61685284	2	1	1	2
18	61685285	65759608	2	1	1	2
18	65759609	65759644	2	1	1	2
18	65759645	76117000	2	1	1	2
18	76117001	78077247	0	0	0	2
19	255924	7070002	1	1	0	2
19	7070003	7445142	1	1	0	2
19	7445143	15981989	2	1	1	2
19	15981990	15982065	2	1	1	2
19	15982066	16410012	2	1	1	2
19	16410013	19716703	2	1	1	2
19	19716704	19716746	2	1	1	2
19	19716747	24399999	2	1	1	2
19	24400000	28599999	2	1	1	2
19	28600000	59128982	2	1	1	2
20	37416	8571933	2	1	1	2
20	8571934	8573454	2	1	1	2
20	8573455	14405100	2	1	1	2
20	14405101	14823027	2	1	1	2
20	14823028	15127830	2	1	1	2
20	15127831	15227561	2	1	1	2
20	15227562	15246680	1	1	0	1
20	15246681	15321953	2	1	1	2
20	15321954	25599999	2	1	1	2
20	25600000	29419601	2	1	1	2
20	29419602	30781985	2	1	1	2
20	30781986	30782184	2	1	1	1
20	30782185	40239886	2	1	1	2
20	40239887	40240541	2	1	1	2
20	40240542	40241073	2	1	1	1
20	40241074	40241207	2	1	1	1
20	40241208	40241313	2	1	1	1
20	40241314	40241581	2	1	1	1
20	40241582	40242830	2	1	1	1
20	40242831	40243002	2	1	1	1
20	40243003	40247095	2	1	1	1
20	40247096	41336598	2	1	1	2
20	41336599	62435800	2	1	1	2
21	1	10899999	NA	NA	NA	NA
21	10900000	14444602	2	1	1	1
21	14444603	24673777	2	1	1	2
21	24673778	24674971	2	1	1	1
21	24674972	46944200	1	1	0	2
21	46944201	48129894	2	1	1	2
22	1	12199999	NA	NA	NA	NA
22	12200000	17899999	2	1	1	2
22	17900000	20276801	2	1	1	1
22	20276802	29065540	2	1	1	1
22	29065541	29065630	2	1	1	1
22	29065631	29065768	2	1	1	1
22	29065769	29065835	2	1	1	1
22	29065836	29065856	2	1	1	1
22	29065857	29065952	2	1	1	1
22	29065953	29065966	2	1	1	1
22	29065967	29066013	2	1	1	1
22	29066014	41766606	2	1	1	2
22	41766607	41781903	2	1	1	2
22	41781904	49691400	2	1	1	2
22	49691401	51304565	2	1	1	1
X	1	5693951	2	1	1	2
X	5693952	5695303	2	1	1	2
X	5695304	11732570	2	1	1	2
X	11732571	11732593	2	1	1	2
X	11732594	30835764	2	1	1	2
X	30835765	54528294	2	1	1	2
X	54528295	58099999	2	1	1	2
X	58100000	62999999	2	1	1	2
X	63000000	66559167	2	1	1	2
X	66559168	79789976	2	1	1	2
X	79789977	84206938	3	3	0	1
X	84206939	84214031	2	1	1	2
X	84214032	87264473	2	1	1	2
X	87264474	87793352	2	1	1	2
X	87793353	87795066	2	1	1	2
X	87795067	91506455	2	1	1	2
X	91506456	107920745	2	1	1	2
X	107920746	107921972	2	1	1	2
X	107921973	108634908	2	1	1	2
X	108634909	120155282	2	1	1	2
X	120155283	144157641	2	1	1	2
X	144157642	144160594	2	1	1	1
X	144160595	146709912	2	1	1	2
X	146709913	147292496	2	1	1	2
X	147292497	147334546	2	1	1	1
X	147334547	154913600	2	1	1	2
