chromosome	start	end	total_cn	major_cn	minor_cn	star
1	1	110996052	2	1	1	3
1	110996053	121499999	2	1	1	3
1	121500000	128899999	2	1	1	3
1	128900000	145764461	2	1	1	3
1	145764462	147817007	2	1	1	2
1	147817008	175123367	2	1	1	3
1	175123368	249250620	2	1	1	3
2	55115	90499999	2	1	1	2
2	90500000	96799999	2	1	1	2
2	96800000	156349869	2	1	1	2
2	156349870	160049995	1	1	0	2
2	160049996	164730010	2	1	1	2
2	164730011	243008124	2	1	1	2
3	100074	8298480	2	1	1	3
3	8298481	11677904	2	1	1	3
3	11677905	11930005	1	1	0	2
3	11930006	28878185	2	1	1	3
3	28878186	28882919	2	1	1	3
3	28882920	69511011	2	1	1	3
3	69511012	70565602	1	1	0	3
3	70565603	71772636	2	1	1	3
3	71772637	73109451	1	1	0	2
3	73109452	87899999	2	1	1	3
3	87900000	93899999	2	1	1	3
3	93900000	112049967	2	1	1	3
3	112049968	112289968	1	1	0	2
3	112289969	118414308	2	1	1	3
3	118414309	118414325	2	1	1	3
3	118414326	118415450	2	1	1	2
3	118415451	123100965	2	1	1	3
3	123100966	123129048	2	1	1	2
3	123129049	130567929	2	1	1	2
3	130567930	130569007	2	1	1	2
3	130569008	130571386	2	1	1	2
3	130571387	130675180	1	1	0	2
3	130675181	130684505	2	1	1	2
3	130684506	130684994	2	1	1	2
3	130684995	130689138	2	1	1	2
3	130689139	130727224	2	1	1	3
3	130727225	130757166	2	1	1	3
3	130757167	130757403	2	1	1	2
3	130757404	130774269	2	1	1	3
3	130774270	130786853	2	1	1	2
3	130786854	131064696	1	1	0	2
3	131064697	131073384	1	1	0	2
3	131073385	131117312	2	1	1	1
3	131117313	131117689	1	1	0	2
3	131117690	131120164	1	1	0	2
3	131120165	131120560	1	1	0	2
3	131120561	131132202	1	1	0	2
3	131132203	131342552	1	1	0	2
3	131342553	131350416	4	3	1	2
3	131350417	131350909	2	1	1	2
3	131350910	152117556	2	1	1	2
3	152117557	153862704	1	1	0	2
3	153862705	153862827	1	1	0	2
3	153862828	197795233	2	1	1	3
4	27500	48199999	2	1	1	3
4	48200000	52699999	2	1	1	3
4	52700000	152318864	2	1	1	3
4	152318865	153226626	1	1	0	2
4	153226627	191154275	2	1	1	2
5	22500	9444942	2	1	1	2
5	9444943	9447311	2	1	1	2
5	9447312	15324849	2	1	1	2
5	15324850	15330248	2	1	1	2
5	15330249	46099999	2	1	1	2
5	46100000	50699999	2	1	1	2
5	50700000	58971846	2	1	1	2
5	58971847	80074437	1	1	0	2
5	80074438	120796420	2	1	1	2
5	120796421	120798644	4	3	1	2
5	120798645	122259991	2	1	1	2
5	122259992	125609869	1	1	0	2
5	125609870	127448715	2	1	1	2
5	127448716	130842981	2	1	1	2
5	130842982	138174329	1	1	0	2
5	138174330	149090023	1	1	0	2
5	149090024	153361292	2	1	1	2
5	153361293	159391725	1	1	0	2
5	159391726	163877574	2	1	1	2
5	163877575	171281594	1	1	0	2
5	171281595	180689978	2	1	1	2
6	205800	6740032	2	1	1	2
6	6740033	16981042	1	1	0	3
6	16981043	17159985	2	1	1	2
6	17159986	17166414	1	1	0	2
6	17166415	17815360	2	1	1	2
6	17815361	24275713	1	1	0	2
6	24275714	58699999	2	1	1	3
6	58700000	63299999	2	1	1	3
6	63300000	64413689	2	1	1	3
6	64413690	64440143	1	1	0	1
6	64440144	88221529	2	1	1	3
6	88221530	144410381	2	1	1	2
6	144410382	144418806	2	1	1	2
6	144418807	145876414	2	1	1	2
6	145876415	170849934	2	1	1	2
7	40386	11588153	2	1	1	3
7	11588154	12413834	1	1	0	3
7	12413835	48546893	2	1	1	3
7	48546894	48546942	2	1	1	2
7	48546943	48547231	2	1	1	2
7	48547232	48570290	2	1	1	3
7	48570291	48753471	2	1	1	3
7	48753472	48816343	2	1	1	3
7	48816344	57999999	2	1	1	3
7	58000000	61699999	2	1	1	2
7	61700000	159138662	2	1	1	3
8	170012	41978297	1	1	0	3
8	41978298	43099999	2	1	1	2
8	43100000	48099999	2	1	1	2
8	48100000	146364021	2	1	1	2
9	47500	200100	2	1	1	2
9	200101	27149996	2	1	1	2
9	27149997	27327550	6	5	1	2
9	27327551	27422136	2	1	1	3
9	27422137	27426157	2	1	1	3
9	27426158	47299999	2	1	1	3
9	47300000	50699999	2	1	1	2
9	50700000	66267499	2	1	1	2
9	66267500	141068960	2	1	1	3
10	93528	37999999	2	1	1	3
10	38000000	42299999	2	1	1	2
10	42300000	52311530	2	1	1	2
10	52311531	52317445	2	1	1	2
10	52317446	52318800	2	1	1	1
10	52318801	86444979	2	1	1	2
10	86444980	86545432	3	2	1	2
10	86545433	86574906	3	2	1	2
10	86574907	86575791	2	1	1	1
10	86575792	89614393	2	1	1	2
10	89614394	89621262	1	1	0	2
10	89621263	89622113	1	1	0	2
10	89622114	135534746	1	1	0	2
11	197557	51599999	2	1	1	3
11	51600000	55699999	2	1	1	3
11	55700000	135006515	2	1	1	3
12	110107	1135020	2	1	1	2
12	1135021	10917982	1	1	0	3
12	10917983	10918011	1	1	0	3
12	10918012	11686751	1	1	0	3
12	11686752	14511409	1	1	0	3
12	14511410	14524234	1	1	0	2
12	14524235	14528720	2	1	1	2
12	14528721	14529027	2	1	1	2
12	14529028	24288790	2	1	1	3
12	24288791	24295137	2	1	1	3
12	24295138	24318668	2	1	1	2
12	24318669	29885913	2	1	1	3
12	29885914	29886541	2	1	1	2
12	29886542	29889087	3	2	1	1
12	29889088	29891047	1	1	0	2
12	29891048	29892364	1	1	0	2
12	29892365	30295043	1	1	0	3
12	30295044	30301165	2	1	1	2
12	30301166	30463691	2	1	1	2
12	30463692	30464591	2	1	1	2
12	30464592	30467001	2	1	1	3
12	30467002	30473921	2	1	1	3
12	30473922	30474276	2	1	1	2
12	30474277	30479220	2	1	1	2
12	30479221	30481824	0	0	0	1
12	30481825	30482520	1	1	0	1
12	30482521	30482699	1	1	0	1
12	30482700	30486519	2	1	1	3
12	30486520	30490119	2	1	1	2
12	30490120	30731133	1	1	0	3
12	30731134	30732981	1	1	0	2
12	30732982	30734574	1	1	0	2
12	30734575	30734705	1	1	0	2
12	30734706	30741071	1	1	0	2
12	30741072	30742426	2	1	1	2
12	30742427	30743778	2	1	1	2
12	30743779	30747794	2	1	1	2
12	30747795	30753059	2	1	1	2
12	30753060	30754504	2	1	1	2
12	30754505	30756555	2	1	1	2
12	30756556	33299999	2	1	1	3
12	33300000	38199999	2	1	1	3
12	38200000	58419011	2	1	1	3
12	58419012	58652606	1	1	0	2
12	58652607	62330379	2	1	1	3
12	62330380	62372167	2	1	1	3
12	62372168	122229999	2	1	1	3
12	122230000	122674985	2	1	1	2
12	122674986	133851894	2	1	1	2
13	1	16299999	2	1	1	1
13	16300000	19499999	2	1	1	2
13	19500000	42591844	2	1	1	3
13	42591845	43872139	2	1	1	3
13	43872140	48260033	2	1	1	2
13	48260034	48469968	1	1	0	2
13	48469969	78742123	2	1	1	2
13	78742124	78936414	3	2	1	2
13	78936415	95158340	2	1	1	2
13	95158341	95160372	2	1	1	2
13	95160373	95163148	2	1	1	2
13	95163149	95163372	2	1	1	2
13	95163373	95179086	2	1	1	3
13	95179087	95195937	2	1	1	2
13	95195938	115169877	2	1	1	2
14	1	16099999	2	1	1	1
14	16100000	19099999	2	1	1	2
14	19100000	107349539	2	1	1	2
15	1	15799999	2	1	1	1
15	15800000	20699999	2	1	1	2
15	20700000	101219998	2	1	1	3
15	101219999	102531391	2	1	1	2
16	83807	24420608	2	1	1	3
16	24420609	24427433	2	1	1	2
16	24427434	34599999	2	1	1	3
16	34600000	38599999	2	1	1	2
16	38600000	46447499	2	1	1	2
16	46447500	57942799	2	1	1	2
16	57942800	60948270	1	1	0	2
16	60948271	60953882	1	1	0	2
16	60953883	90354752	1	1	0	2
17	828	19470684	1	1	0	3
17	19470685	22199999	3	2	1	2
17	22200000	25799999	NA	NA	NA	NA
17	25800000	81195209	2	1	1	3
18	75265	146952	2	1	1	2
18	146953	14144574	2	1	1	2
18	14144575	15399999	2	1	1	2
18	15400000	18999999	2	1	1	2
18	19000000	35949574	2	1	1	2
18	35949575	35969969	2	1	1	2
18	35969970	35971086	1	1	0	2
18	35971087	35971623	1	1	0	2
18	35971624	45296234	1	1	0	2
18	45296235	45297105	1	1	0	2
18	45297106	45349409	2	1	1	2
18	45349410	45453991	2	1	1	2
18	45453992	46508231	2	1	1	2
18	46508232	47025962	2	1	1	2
18	47025963	47437704	2	1	1	2
18	47437705	60381987	1	1	0	2
18	60381988	61181128	2	1	1	2
18	61181129	61183151	2	1	1	2
18	61183152	72110063	2	1	1	2
18	72110064	76835432	1	1	0	2
18	76835433	78077247	2	1	1	2
19	102500	226775	2	1	1	2
19	226776	24399999	2	1	1	2
19	24400000	28599999	2	1	1	3
19	28600000	59128982	2	1	1	2
20	60479	25599999	2	1	1	3
20	25600000	29399999	2	1	1	3
20	29400000	63025519	2	1	1	3
21	1	9417499	NA	NA	NA	NA
21	9417500	10899999	NA	NA	NA	NA
21	10900000	14676331	2	1	1	2
21	14676332	16859843	2	1	1	2
21	16859844	16865560	2	1	1	2
21	16865561	23430028	2	1	1	2
21	23430029	24353608	2	1	1	2
21	24353609	24847114	2	1	1	2
21	24847115	24848973	2	1	1	2
21	24848974	24883657	2	1	1	2
21	24883658	24911007	2	1	1	2
21	24911008	24911857	2	1	1	2
21	24911858	24933411	2	1	1	2
21	24933412	25107390	2	1	1	2
21	25107391	25141028	1	1	0	2
21	25141029	26502495	2	1	1	2
21	26502496	26570607	2	1	1	2
21	26570608	26588732	2	1	1	2
21	26588733	27174269	2	1	1	2
21	27174270	27704207	2	1	1	2
21	27704208	39933032	2	1	1	2
21	39933033	42870612	1	1	0	3
21	42870613	48129894	2	1	1	2
22	1	12199999	2	1	1	1
22	12200000	17899999	2	1	1	2
22	17900000	26207479	2	1	1	2
22	26207480	28797963	2	1	1	3
22	28797964	30113400	2	1	1	2
22	30113401	51304565	2	1	1	3
X	1	9224843	2	2	0	2
X	9224844	12997564	1	1	0	3
X	12997565	13021647	1	1	0	2
X	13021648	13022553	1	1	0	2
X	13022554	13025679	1	1	0	2
X	13025680	13026253	1	1	0	2
X	13026254	13026850	1	1	0	2
X	13026851	13026884	1	1	0	2
X	13026885	13027526	1	1	0	2
X	13027527	13028856	1	1	0	2
X	13028857	13028920	1	1	0	2
X	13028921	13029645	1	1	0	2
X	13029646	13030384	1	1	0	2
X	13030385	13032070	1	1	0	3
X	13032071	13032276	1	1	0	3
X	13032277	13032762	1	1	0	3
X	13032763	13112412	1	1	0	3
X	13112413	13436687	1	1	0	3
X	13436688	14113826	1	1	0	3
X	14113827	14113922	1	1	0	3
X	14113923	14114261	1	1	0	3
X	14114262	14117601	1	1	0	3
X	14117602	14219275	1	1	0	3
X	14219276	14453346	1	1	0	3
X	14453347	15035487	1	1	0	2
X	15035488	58099999	1	1	0	3
X	58100000	62999999	1	1	0	2
X	63000000	93027836	1	1	0	3
X	93027837	93031004	1	1	0	2
X	93031005	155270559	1	1	0	3
Y	1	11599999	1	1	0	1
Y	11600000	13399999	1	1	0	1
Y	13400000	59373565	1	1	0	1
