chromosome	start	end	total_cn	major_cn	minor_cn	star
1	1	861594	3	2	1	1
1	861595	1256484	3	2	1	2
1	1256485	10690468	4	2	2	2
1	10690469	10693404	3	2	1	2
1	10693405	10693671	3	2	1	1
1	10693672	10693999	7	5	2	1
1	10694000	10987928	7	5	2	2
1	10987929	12910181	4	2	2	2
1	12910182	17090420	3	2	1	2
1	17090421	21783935	4	2	2	2
1	21783936	22136480	5	3	2	2
1	22136481	22152475	4	2	2	2
1	22152476	22437978	4	2	2	2
1	22437979	27040139	4	2	2	2
1	27040140	27408759	4	2	2	2
1	27408760	32038678	3	2	1	1
1	32038679	32369680	6	5	1	2
1	32369681	51334600	3	2	1	1
1	51334601	84861401	3	2	1	2
1	84861402	119401059	3	2	1	2
1	119401060	119401195	3	2	1	2
1	119401196	121499999	3	2	1	2
1	121500000	128899999	3	2	1	2
1	128900000	142828602	3	2	1	2
1	142828603	143442500	3	2	1	2
1	143442501	143536938	4	2	2	2
1	143536939	148514855	4	2	2	2
1	148514856	154008674	4	2	2	2
1	154008675	154286242	3	2	1	2
1	154286243	154952175	3	2	1	2
1	154952176	154990393	5	3	2	2
1	154990394	155269413	4	2	2	2
1	155269414	173833619	3	2	1	1
1	173833620	193020131	3	2	1	2
1	193020132	193088843	3	2	1	2
1	193088844	234685880	3	2	1	2
1	234685881	235053825	6	5	1	2
1	235053826	247249600	3	2	1	2
1	247249601	249250620	3	2	1	2
2	20016	27941104	4	3	1	2
2	27941105	27960505	5	3	2	2
2	27960506	34734999	4	3	1	2
2	34735000	42784319	4	3	1	2
2	42784320	42805400	5	3	2	2
2	42805401	52751509	4	3	1	2
2	52751510	64510022	4	3	1	2
2	64510023	84927104	3	2	1	2
2	84927105	89869000	4	2	2	2
2	89869001	96799999	NA	NA	NA	NA
2	96800000	109228022	3	2	1	2
2	109228023	146826117	4	2	2	3
2	146826118	146828483	4	2	2	2
2	146828484	152598273	4	2	2	3
2	152598274	183819348	4	2	2	3
2	183819349	184052821	6	4	2	3
2	184052822	220772253	4	2	2	2
2	220772254	240035327	4	2	2	2
2	240035328	242999968	4	2	2	2
3	62309	8932893	3	2	1	2
3	8932894	9532997	3	2	1	2
3	9532998	50612471	3	2	1	2
3	50612472	50612803	3	2	1	2
3	50612804	50613012	3	2	1	2
3	50613013	50613545	3	2	1	2
3	50613546	73190376	3	2	1	2
3	73190377	73480766	5	3	2	2
3	73480767	87899999	4	2	2	2
3	87900000	93899999	4	2	2	2
3	93900000	104386515	4	2	2	2
3	104386516	104698385	2	2	0	2
3	104698386	110578878	3	2	1	2
3	110578879	110792500	4	2	2	2
3	110792501	112721076	4	2	2	2
3	112721077	113004674	4	2	2	2
3	113004675	117151817	4	2	2	2
3	117151818	120261416	5	3	2	2
3	120261417	121482803	4	2	2	2
3	121482804	123516592	5	3	2	2
3	123516593	123516689	5	3	2	2
3	123516690	123529481	5	3	2	1
3	123529482	123529901	5	3	2	1
3	123529902	123529915	19	17	2	1
3	123529916	123754274	11	9	2	2
3	123754275	123829061	4	2	2	2
3	123829062	123829734	5	3	2	1
3	123829735	123829905	5	3	2	1
3	123829906	123830058	5	3	2	1
3	123830059	123830581	5	3	2	1
3	123830582	124579807	5	3	2	3
3	124579808	124580488	5	3	2	3
3	124580489	125033018	5	3	2	3
3	125033019	125324580	5	3	2	2
3	125324581	125330309	4	2	2	2
3	125330310	145436956	3	2	1	2
3	145436957	145436976	3	2	1	1
3	145436977	145437045	3	2	1	2
3	145437046	145695267	4	2	2	2
3	145695268	148027170	3	2	1	2
3	148027171	148361792	4	2	2	2
3	148361793	149902419	4	2	2	2
3	149902420	150471137	4	2	2	2
3	150471138	150700738	3	2	1	2
3	150700739	152489606	4	2	2	2
3	152489607	152496482	4	2	2	2
3	152496483	153060708	4	2	2	2
3	153060709	153061342	4	2	2	2
3	153061343	153061471	4	2	2	1
3	153061472	153061616	5	3	2	1
3	153061617	153187221	5	3	2	2
3	153187222	155421567	3	2	1	2
3	155421568	155430953	5	3	2	2
3	155430954	155435535	3	2	1	1
3	155435536	155435552	3	2	1	1
3	155435553	155435679	6	3	3	1
3	155435680	155439517	6	3	3	1
3	155439518	155439563	4	2	2	1
3	155439564	155442310	4	2	2	1
3	155442311	155443162	4	2	2	1
3	155443163	155444570	5	3	2	2
3	155444571	156272200	5	3	2	2
3	156272201	156274737	5	3	2	2
3	156274738	156286810	4	2	2	1
3	156286811	156287138	4	2	2	1
3	156287139	156287254	4	2	2	1
3	156287255	156287469	4	2	2	1
3	156287470	156935664	4	2	2	2
3	156935665	160087927	4	2	2	2
3	160087928	160365227	4	2	2	2
3	160365228	164608775	4	2	2	2
3	164608776	165965945	4	2	2	2
3	165965946	166172943	4	2	2	2
3	166172944	168043941	4	2	2	2
3	168043942	168714032	5	3	2	2
3	168714033	170268002	5	3	2	2
3	170268003	171551795	5	3	2	2
3	171551796	172526314	5	3	2	2
3	172526315	172529024	4	2	2	2
3	172529025	178692798	4	2	2	2
3	178692799	178694903	4	2	2	2
3	178694904	178696061	5	3	2	2
3	178696062	178844309	5	3	2	2
3	178844310	178952187	5	3	2	1
3	178952188	183046392	4	2	2	2
3	183046393	183135129	5	3	2	2
3	183135130	183600770	6	4	2	2
3	183600771	184076684	5	3	2	2
3	184076685	184124374	5	3	2	2
3	184124375	185361958	5	3	2	2
3	185361959	186278831	4	2	2	2
3	186278832	186586609	4	2	2	2
3	186586610	189076489	4	2	2	2
3	189076490	189847946	2	2	0	3
3	189847947	190139856	3	2	1	2
3	190139857	193671468	3	2	1	2
3	193671469	193671508	4	2	2	2
3	193671509	194036440	7	6	1	2
3	194036441	194376120	3	2	1	2
3	194376121	195392499	2	2	0	2
3	195392500	195407500	2	2	0	2
3	195407501	195886683	2	2	0	2
3	195886684	197525116	4	2	2	2
3	197525117	197847925	2	2	0	3
4	29945	12328874	3	2	1	3
4	12328875	12769834	3	2	1	2
4	12769835	19908308	3	2	1	3
4	19908309	19982814	1	1	0	2
4	19982815	48199999	3	2	1	3
4	48200000	52699999	3	2	1	3
4	52700000	76221473	3	2	1	3
4	76221474	76222568	3	2	1	3
4	76222569	87638270	3	2	1	3
4	87638271	88025912	5	4	1	2
4	88025913	95767238	3	2	1	3
4	95767239	95963492	2	2	0	2
4	95963493	137211079	3	2	1	3
4	137211080	190749943	3	2	1	3
5	22500	36265859	4	2	2	2
5	36265860	36582906	6	4	2	2
5	36582907	36584595	6	4	2	2
5	36584596	36585190	4	2	2	2
5	36585191	46099999	4	2	2	2
5	46100000	50699999	4	2	2	2
5	50700000	55551832	4	2	2	2
5	55551833	55978759	6	4	2	2
5	55978760	74663730	4	2	2	2
5	74663731	74663853	4	2	2	2
5	74663854	74679794	6	4	2	1
5	74679795	75232813	6	4	2	2
5	75232814	75232847	6	4	2	2
5	75232848	75233724	6	4	2	1
5	75233725	75233955	6	4	2	1
5	75233956	169945600	4	2	2	2
5	169945601	170372726	6	4	2	2
5	170372727	176723683	4	2	2	2
5	176723684	177103547	5	3	2	2
5	177103548	180704558	4	2	2	2
6	39681	250040	5	3	2	2
6	250041	392793	4	2	2	2
6	392794	31528453	5	3	2	2
6	31528454	32044520	7	5	2	2
6	32044521	32065990	7	5	2	2
6	32065991	33384587	4	2	2	2
6	33384588	33995382	6	4	2	2
6	33995383	36699566	4	2	2	2
6	36699567	37033794	6	4	2	2
6	37033795	58699999	4	2	2	3
6	58700000	63299999	4	2	2	2
6	63300000	86426218	4	2	2	2
6	86426219	86430496	4	2	2	2
6	86430497	127003228	4	2	2	3
6	127003229	127549613	4	2	2	2
6	127549614	139042672	4	2	2	3
6	139042673	139328616	6	4	2	2
6	139328617	168863122	4	2	2	3
6	168863123	168933471	6	4	2	2
6	168933472	169311101	8	6	2	2
6	169311102	169314490	4	2	2	2
6	169314491	169315990	6	4	2	1
6	169315991	169316034	6	4	2	1
6	169316035	169316103	4	2	2	1
6	169316104	170898626	4	2	2	2
7	40386	10249406	2	1	1	2
7	10249407	11219748	2	1	1	2
7	11219749	12194145	2	1	1	2
7	12194146	49717607	2	1	1	2
7	49717608	52745124	2	1	1	2
7	52745125	52760501	2	1	1	2
7	52760502	57999999	2	1	1	2
7	58000000	61904786	NA	NA	NA	NA
7	61904787	124947484	3	2	1	2
7	124947485	125181300	4	3	1	2
7	125181301	158821400	3	2	1	2
8	10001	180398	2	2	0	1
8	180399	4923034	2	2	0	2
8	4923035	5624658	4	2	2	2
8	5624659	5716954	2	2	0	2
8	5716955	5716987	2	2	0	2
8	5716988	5724161	4	2	2	1
8	5724162	5724197	4	2	2	1
8	5724198	5725257	3	3	0	1
8	5725258	7119201	2	2	0	2
8	7119202	8062801	1	1	0	2
8	8062802	9657286	4	2	2	2
8	9657287	11284007	2	2	0	2
8	11284008	11957001	4	2	2	2
8	11957002	12010008	4	2	2	2
8	12010009	12397499	2	2	0	1
8	12397500	22317036	2	2	0	2
8	22317037	22320751	2	2	0	2
8	22320752	33689042	2	2	0	2
8	33689043	34384888	4	2	2	2
8	34384889	39228321	2	2	0	2
8	39228322	40891974	2	2	0	2
8	40891975	42401395	4	2	2	2
8	42401396	42674388	6	4	2	2
8	42674389	48099999	NA	NA	NA	NA
8	48100000	73825607	4	2	2	2
8	73825608	74211172	6	4	2	2
8	74211173	104325287	4	2	2	2
8	104325288	104326147	4	2	2	2
8	104326148	128671217	4	2	2	2
8	128671218	128695046	6	4	2	2
8	128695047	128802965	8	6	2	2
8	128802966	135811893	6	4	2	2
8	135811894	135811926	6	4	2	2
8	135811927	135812358	6	4	2	2
8	135812359	135886792	6	4	2	2
8	135886793	135886945	6	4	2	2
8	135886946	135957171	6	4	2	2
8	135957172	135957190	6	4	2	2
8	135957191	146364021	2	2	0	3
9	47500	38331727	3	2	1	2
9	38331728	38547970	5	4	1	2
9	38547971	47299999	3	2	1	2
9	47300000	50699999	3	2	1	2
9	50700000	66267499	3	2	1	2
9	66267500	140273200	3	2	1	2
10	109353	24470454	3	2	1	2
10	24470455	24508804	3	2	1	2
10	24508805	37999999	3	2	1	3
10	38000000	42402499	3	2	1	3
10	42402500	42651201	3	2	1	2
10	42651202	73240028	2	2	0	2
10	73240029	73616780	4	4	0	2
10	73616781	73618491	4	4	0	2
10	73618492	73618529	4	4	0	2
10	73618530	73638562	2	2	0	2
10	73638563	73747220	4	4	0	2
10	73747221	73747369	4	4	0	2
10	73747370	73754354	5	5	0	2
10	73754355	75540055	2	2	0	2
10	75540056	81639697	20	18	2	2
10	81639698	108471724	2	2	0	2
10	108471725	108474279	2	2	0	1
10	108474280	119437988	2	2	0	2
10	119437989	135203973	4	2	2	2
10	135203974	135389924	4	2	2	2
11	20721	202071	4	2	2	2
11	202072	29724984	4	2	2	3
11	29724985	29737850	2	2	0	2
11	29737851	35455144	4	2	2	3
11	35455145	35869250	6	4	2	2
11	35869251	37221287	4	2	2	3
11	37221288	37237407	4	2	2	3
11	37237408	50783295	4	2	2	3
11	50783296	51502797	4	2	2	2
11	51502798	55699999	NA	NA	NA	NA
11	55700000	58027444	2	2	0	2
11	58027445	58031232	4	2	2	2
11	58031233	63721881	4	2	2	3
11	63721882	64051427	2	2	0	2
11	64051428	66330476	4	2	2	2
11	66330477	67622438	6	4	2	2
11	67622439	74276521	4	2	2	3
11	74276522	75587716	2	2	0	3
11	75587717	79084539	4	2	2	2
11	79084540	79171922	2	2	0	2
11	79171923	79686722	4	2	2	2
11	79686723	89485139	2	2	0	3
11	89485140	134452200	2	2	0	3
12	110107	188284	4	2	2	2
12	188285	33299999	4	2	2	3
12	33300000	38199999	4	2	2	3
12	38200000	47993347	4	2	2	2
12	47993348	47993387	4	2	2	2
12	47993388	48065999	5	4	1	1
12	48066000	71026258	4	2	2	2
12	71026259	71026768	4	2	2	2
12	71026769	112230447	4	2	2	2
12	112230448	113931070	6	4	2	2
12	113931071	113933271	6	4	2	2
12	113933272	130434767	6	4	2	2
12	130434768	132349400	5	3	2	2
12	132349401	133851894	5	3	2	2
13	1	16299999	2	1	1	1
13	16300000	19499999	2	1	1	2
13	19500000	43596274	2	1	1	2
13	43596275	43870320	4	3	1	2
13	43870321	47164660	3	2	1	3
13	47164661	48673711	2	2	0	2
13	48673712	48674791	3	2	1	2
13	48674792	48675116	2	2	0	1
13	48675117	50064183	0	0	0	2
13	50064184	50176079	2	2	0	2
13	50176080	107469560	3	2	1	2
13	107469561	114142800	4	2	2	2
13	114142801	115169877	4	2	2	2
14	1	16099999	NA	NA	NA	NA
14	16100000	19099999	3	2	1	1
14	19100000	19755792	3	2	1	2
14	19755793	20474254	3	2	1	2
14	20474255	33036564	3	2	1	2
14	33036565	33038529	3	2	1	2
14	33038530	43056350	3	2	1	3
14	43056351	43163929	2	2	0	2
14	43163930	51496533	3	2	1	3
14	51496534	51512623	5	4	1	2
14	51512624	66200431	3	2	1	3
14	66200432	66202446	3	2	1	3
14	66202447	66204402	3	2	1	2
14	66204403	66204457	3	2	1	2
14	66204458	106368400	3	2	1	3
15	1	15799999	2	1	1	1
15	15800000	20699999	2	1	1	2
15	20700000	71575617	2	1	1	3
15	71575618	71579339	4	3	1	1
15	71579340	72001361	6	5	1	2
15	72001362	77576566	4	3	1	2
15	77576567	90442355	4	3	1	2
15	90442356	90894400	6	5	1	2
15	90894401	100338800	4	3	1	2
15	100338801	102392572	4	3	1	2
16	84870	8182967	3	2	1	3
16	8182968	8282910	4	3	1	2
16	8282911	28470201	3	2	1	3
16	28470202	28710060	5	3	2	2
16	28710061	34599999	3	2	1	2
16	34600000	38599999	3	2	1	2
16	38600000	46415802	3	2	1	2
16	46415803	56905342	3	2	1	2
16	56905343	56905593	3	2	1	2
16	56905594	57357707	3	2	1	2
16	57357708	88827200	2	2	0	2
16	88827201	90354752	2	2	0	2
17	5687	18654854	2	2	0	2
17	18654855	18673723	2	2	0	2
17	18673724	22199999	2	2	0	3
17	22200000	25799999	NA	NA	NA	NA
17	25800000	27514275	4	2	2	3
17	27514276	27896510	7	5	2	1
17	27896511	29670272	4	2	2	3
17	29670273	30140070	6	4	2	3
17	30140071	41462499	4	2	2	3
17	41462500	43704030	4	4	0	3
17	43704031	44212499	4	4	0	2
17	44212500	44282499	5	5	0	2
17	44282500	44352499	5	5	0	1
17	44352500	46268555	4	4	0	3
17	46268556	46661166	6	6	0	2
17	46661167	74410988	4	4	0	3
17	74410989	74843028	5	5	0	2
17	74843029	78977947	3	3	0	2
17	78977948	79898832	500	500	0	1
17	79898833	81195209	3	3	0	2
18	27500	15399999	4	2	2	3
18	15400000	18999999	4	2	2	3
18	19000000	76117000	4	2	2	3
18	76117001	78077247	4	2	2	2
19	102500	255095	2	2	0	2
19	255096	8850189	2	2	0	2
19	8850190	10254232	10	8	2	1
19	10254233	11169992	12	10	2	2
19	11169993	20089068	9	7	2	2
19	20089069	20091187	13	12	1	1
19	20091188	21515586	16	15	1	1
19	21515587	21516998	14	13	1	1
19	21516999	21675251	13	11	2	1
19	21675252	22216527	5	3	2	2
19	22216528	22218182	11	9	2	2
19	22218183	24399999	4	2	2	2
19	24400000	28599999	4	2	2	2
19	28600000	54754102	4	2	2	2
19	54754103	59128982	3	2	1	2
20	17500	7153600	2	1	1	2
20	7153601	7172299	2	1	1	2
20	7172300	7403893	2	1	1	2
20	7403894	7412967	4	2	2	2
20	7412968	7416700	4	2	2	2
20	7416701	12687693	4	3	1	1
20	12687694	12702950	5	4	1	1
20	12702951	12707914	4	3	1	2
20	12707915	12710922	3	2	1	1
20	12710923	12710982	3	2	1	1
20	12710983	14922012	3	2	1	2
20	14922013	15233747	4	2	2	2
20	15233748	15283746	5	3	2	2
20	15283747	17629984	4	3	1	1
20	17629985	17630775	4	3	1	1
20	17630776	17630790	5	4	1	1
20	17630791	17630823	5	4	1	1
20	17630824	17631308	5	4	1	1
20	17631309	17649093	5	4	1	1
20	17649094	17954339	5	4	1	1
20	17954340	19861799	4	3	1	1
20	19861800	19875662	4	3	1	1
20	19875663	25599999	4	3	1	2
20	25600000	29465379	NA	NA	NA	NA
20	29465380	34419287	6	4	2	2
20	34419288	34766185	3	2	1	2
20	34766186	62432500	5	4	1	2
21	1	10720000	NA	NA	NA	NA
21	10720001	14299999	2	2	0	1
21	14300000	37481170	3	2	1	2
21	37481171	37888008	5	3	2	3
21	37888009	46937500	4	2	2	3
21	46937501	48129894	4	2	2	3
22	1	12199999	4	2	2	1
22	12200000	17899999	4	2	2	3
22	17900000	29065869	4	2	2	3
22	29065870	29501640	4	2	2	2
22	29501641	29896344	6	4	2	3
22	29896345	32093116	4	2	2	2
22	32093117	32094406	4	2	2	2
22	32094407	32094523	4	2	2	1
22	32094524	32094645	4	2	2	1
22	32094646	32094871	9	7	2	1
22	32094872	32094895	9	7	2	1
22	32094896	32225686	9	7	2	2
22	32225687	32231739	9	7	2	2
22	32231740	32599997	8	6	2	2
22	32599998	32602888	9	7	2	1
22	32602889	32642299	8	6	2	2
22	32642300	32642347	8	6	2	2
22	32642348	32642716	8	6	2	2
22	32642717	32642901	8	6	2	2
22	32642902	32643136	8	6	2	2
22	32643137	32643280	8	6	2	2
22	32643281	32643520	8	6	2	2
22	32643521	32643544	8	6	2	2
22	32643545	32657441	8	6	2	2
22	32657442	32658974	6	4	2	1
22	32658975	32660209	4	2	2	1
22	32660210	32660375	4	2	2	1
22	32660376	32660406	5	4	1	1
22	32660407	32661353	6	3	3	1
22	32661354	37997833	4	2	2	3
22	37997834	41632857	2	2	0	2
22	41632858	41915380	3	2	1	3
22	41915381	43852480	2	2	0	3
22	43852481	44025656	3	3	0	2
22	44025657	49691400	2	2	0	2
22	49691401	51304565	2	2	0	3
X	1	5965596	4	2	2	2
X	5965597	5965654	2	1	1	2
X	5965655	7578979	4	2	2	2
X	7578980	7809773	3	2	1	2
X	7809774	42142783	4	2	2	2
X	42142784	42150012	4	2	2	2
X	42150013	49296001	4	2	2	2
X	49296002	52526801	2	2	0	2
X	52526802	54122435	4	2	2	2
X	54122436	54535075	2	2	0	2
X	54535076	58099999	4	2	2	2
X	58100000	62999999	4	2	2	2
X	63000000	63168962	4	2	2	2
X	63168963	63730516	5	3	2	2
X	63730517	63730551	5	3	2	1
X	63730552	78051382	3	2	1	2
X	78051383	78174729	2	1	1	2
X	78174730	79744208	3	2	1	2
X	79744209	80370218	2	2	0	1
X	80370219	80869879	2	2	0	1
X	80869880	92379999	4	2	2	2
X	92380000	94891959	4	2	2	2
X	94891960	94894000	4	2	2	2
X	94894001	111075398	4	2	2	2
X	111075399	146121454	4	2	2	2
X	146121455	149886311	4	2	2	2
X	149886312	149887196	4	2	2	2
X	149887197	154913600	2	2	0	2
