chromosome	start	end	total_cn	major_cn	minor_cn	star
1	10001	35222684	2	1	1	2
1	35222685	35851123	2	1	1	2
1	35851124	37093181	2	1	1	2
1	37093182	40085798	2	1	1	2
1	40085799	40089209	1	1	0	1
1	40089210	40100194	3	2	1	1
1	40100195	41126489	2	1	1	2
1	41126490	41282245	2	1	1	2
1	41282246	61263275	2	1	1	2
1	61263276	63189595	2	1	1	2
1	63189596	121499999	2	1	1	2
1	121500000	128899999	2	1	1	1
1	128900000	174882501	2	1	1	2
1	174882502	174892835	4	3	1	2
1	174892836	210544209	2	1	1	2
1	210544210	210545567	2	1	1	1
1	210545568	237436383	2	1	1	2
1	237436384	237497925	2	1	1	2
1	237497926	240914101	2	1	1	2
1	240914102	241018068	2	1	1	2
1	241018069	242732259	2	1	1	2
1	242732260	243223146	2	1	1	2
1	243223147	246379558	2	1	1	2
1	246379559	246381208	2	1	1	1
1	246381209	247247500	2	1	1	2
1	247247501	249250620	2	1	1	2
2	20016	47547252	2	1	1	2
2	47547253	47633699	3	2	1	1
2	47633700	90499999	2	1	1	2
2	90500000	96799999	2	1	1	1
2	96800000	161058051	2	1	1	2
2	161058052	161090045	2	1	1	1
2	161090046	187391752	3	2	1	2
2	187391753	187431268	2	1	1	1
2	187431269	200795804	3	2	1	2
2	200795805	202110960	2	1	1	1
2	202110961	205514665	3	2	1	2
2	205514666	205713844	2	1	1	2
2	205713845	209009993	3	2	1	2
2	209009994	213983825	2	1	1	2
2	213983826	214081570	1	1	0	2
2	214081571	227802991	2	1	1	2
2	227802992	227912727	3	2	1	1
2	227912728	242979500	2	1	1	2
3	77942	60004673	2	1	1	2
3	60004674	60144311	1	1	0	1
3	60144312	60184940	2	1	1	2
3	60184941	60292994	1	1	0	2
3	60292995	60361966	0	0	0	1
3	60361967	60448749	0	0	0	2
3	60448750	60482284	0	0	0	2
3	60482285	60483905	0	0	0	2
3	60483906	60484702	1	1	0	1
3	60484703	60491306	0	0	0	2
3	60491307	60492881	1	1	0	2
3	60492882	60515637	0	0	0	1
3	60515638	60559457	0	0	0	1
3	60559458	60611119	1	1	0	1
3	60611120	75818440	2	1	1	2
3	75818441	75821485	1	1	0	1
3	75821486	87899999	2	1	1	2
3	87900000	93899999	2	1	1	1
3	93900000	186373232	2	1	1	2
3	186373233	195269474	2	1	1	2
3	195269475	195291647	1	1	0	2
3	195291648	195660600	1	1	0	1
3	195660601	197847500	2	1	1	2
4	47884	19302429	1	1	0	2
4	19302430	48199999	2	1	1	2
4	48200000	52699999	2	1	1	1
4	52700000	70179300	2	1	1	2
4	70179301	70205866	2	1	1	2
4	70205867	151718669	2	1	1	2
4	151718670	151829551	5	4	1	1
4	151829552	156361660	2	1	1	2
4	156361661	156415370	1	1	0	1
4	156415371	177326691	2	1	1	2
4	177326692	177460381	1	1	0	1
4	177460382	188813066	2	1	1	2
4	188813067	189257425	2	1	1	2
4	189257426	191154275	2	1	1	2
5	22500	5866073	2	1	1	2
5	5866074	6556970	2	1	1	2
5	6556971	46099999	2	1	1	2
5	46100000	50699999	2	1	1	1
5	50700000	62650241	2	1	1	2
5	62650242	97666726	2	1	1	2
5	97666727	133302210	2	1	1	2
5	133302211	133681856	2	1	1	2
5	133681857	138700699	2	1	1	2
5	138700700	138711739	2	1	1	1
5	138711740	180719705	2	1	1	2
6	39681	205799	NA	NA	NA	NA
6	205800	32615054	2	1	1	2
6	32615055	58699999	2	1	1	2
6	58700000	63299999	NA	NA	NA	NA
6	63300000	109481537	1	1	0	1
6	109481538	109486481	1	1	0	1
6	109486482	115832331	1	1	0	1
6	115832332	115832397	1	1	0	1
6	115832398	170919470	1	1	0	1
7	40386	4922743	3	2	1	2
7	4922744	5097065	4	2	2	2
7	5097066	57999999	3	2	1	2
7	58000000	61699999	3	2	1	1
7	61700000	65166181	3	2	1	2
7	65166182	110516052	3	2	1	2
7	110516053	110522862	3	2	1	2
7	110522863	110752938	3	2	1	2
7	110752939	110820181	2	2	0	1
7	110820182	111003761	3	2	1	2
7	111003762	111030332	2	1	1	1
7	111030333	142960962	3	2	1	2
7	142960963	142994241	1	1	0	1
7	142994242	142994672	NA	NA	NA	NA
7	142994673	142995520	3	2	1	1
7	142995521	158035160	3	2	1	2
7	158035161	158386548	1	1	0	1
7	158386549	158821400	3	2	1	2
8	10001	156503	NA	NA	NA	NA
8	156504	43099999	2	1	1	2
8	43100000	48099999	2	1	1	1
8	48100000	100136831	2	1	1	2
8	100136832	100158489	NA	NA	NA	NA
8	100158490	137679574	2	1	1	2
8	137679575	138025296	2	1	1	2
8	138025297	146224800	2	1	1	2
9	47500	220223	NA	NA	NA	NA
9	220224	17835750	2	2	0	1
9	17835751	38462499	2	2	0	1
9	38462500	47299999	2	1	1	1
9	47300000	50699999	NA	NA	NA	NA
9	50700000	68152499	1	1	0	1
9	68152500	69994198	NA	NA	NA	NA
9	69994199	131950283	2	1	1	2
9	131950284	131960027	NA	NA	NA	NA
9	131960028	140273200	2	1	1	2
9	140273201	140981439	1	1	0	1
10	94426	37999999	2	1	1	2
10	38000000	42407499	2	1	1	1
10	42407500	77599033	2	1	1	2
10	77599034	77952862	1	1	0	2
10	77952863	130650800	2	1	1	2
10	130650801	135389924	2	1	1	2
11	20721	196943	NA	NA	NA	NA
11	196944	28818742	2	1	1	2
11	28818743	29410405	1	1	0	2
11	29410406	50559420	2	1	1	2
11	50559421	50593491	2	2	0	2
11	50593492	51599999	2	1	1	2
11	51600000	55699999	2	1	1	1
11	55700000	68863899	2	1	1	2
11	68863900	68903199	1	1	0	1
11	68903200	69043039	1	1	0	1
11	69043040	69243155	1	1	0	1
11	69243156	69320730	1	1	0	1
11	69320731	69518959	1	1	0	1
11	69518960	69624521	1	1	0	1
11	69624522	69653618	1	1	0	1
11	69653619	69659997	1	1	0	1
11	69659998	70833837	3	2	1	1
11	70833838	71746417	4	2	2	2
11	71746418	74357892	2	1	1	2
11	74357893	74487046	3	2	1	2
11	74487047	74543470	5	3	2	2
11	74543471	74819748	4	2	2	2
11	74819749	74866125	4	2	2	1
11	74866126	74867660	1	1	0	1
11	74867661	74869141	4	3	1	1
11	74869142	74923083	5	3	2	1
11	74923084	74954822	6	4	2	1
11	74954823	76916981	2	1	1	2
11	76916982	76982293	5	3	2	2
11	76982294	77071303	5	3	2	2
11	77071304	77251966	4	2	2	1
11	77251967	77258449	5	3	2	1
11	77258450	77703609	5	3	2	1
11	77703610	77703760	1	1	0	1
11	77703761	77703870	NA	NA	NA	NA
11	77703871	77708202	5	3	2	2
11	77708203	78402196	5	4	1	1
11	78402197	78403506	6	4	2	1
11	78403507	78948498	5	3	2	1
11	78948499	78948912	NA	NA	NA	NA
11	78948913	78971428	7	6	1	1
11	78971429	79025122	6	5	1	2
11	79025123	79199743	7	6	1	2
11	79199744	108275105	2	1	1	2
11	108275106	108304410	NA	NA	NA	NA
11	108304411	116881131	2	1	1	2
11	116881132	117975909	3	2	1	1
11	117975910	118160054	4	2	2	2
11	118160055	118960049	3	2	1	2
11	118960050	118960640	NA	NA	NA	NA
11	118960641	119349966	2	1	1	2
11	119349967	119370021	8	6	2	1
11	119370022	119564981	6	4	2	1
11	119564982	119687479	6	4	2	2
11	119687480	119817558	7	5	2	2
11	119817559	119933746	7	5	2	2
11	119933747	119933794	1	1	0	1
11	119933795	119934780	7	5	2	1
11	119934781	120031482	6	4	2	2
11	120031483	120063734	6	4	2	2
11	120063735	120475981	6	4	2	2
11	120475982	120760952	5	4	1	2
11	120760953	121007471	7	5	2	2
11	121007472	121007759	1	1	0	1
11	121007760	121008712	NA	NA	NA	NA
11	121008713	121171851	6	4	2	2
11	121171852	121257794	3	2	1	1
11	121257795	121347995	6	4	2	2
11	121347996	121494541	3	2	1	1
11	121494542	121497860	NA	NA	NA	NA
11	121497861	121498418	NA	NA	NA	NA
11	121498419	121524050	NA	NA	NA	NA
11	121524051	121525577	NA	NA	NA	NA
11	121525578	121534759	7	4	3	1
11	121534760	121542143	NA	NA	NA	NA
11	121542144	121542998	NA	NA	NA	NA
11	121542999	121622677	NA	NA	NA	NA
11	121622678	121638523	8	6	2	1
11	121638524	121668305	5	3	2	1
11	121668306	121733419	7	5	2	1
11	121733420	121768010	3	2	1	1
11	121768011	121809158	3	2	1	1
11	121809159	121832029	3	2	1	1
11	121832030	122047447	3	2	1	1
11	122047448	122360835	3	2	1	2
11	122360836	122508275	3	2	1	2
11	122508276	122665270	3	2	1	1
11	122665271	122692445	3	2	1	1
11	122692446	122692923	1	1	0	1
11	122692924	122707091	NA	NA	NA	NA
11	122707092	122728761	7	5	2	1
11	122728762	122729721	NA	NA	NA	NA
11	122729722	122827193	2	1	1	2
11	122827194	123900882	3	2	1	2
11	123900883	128179080	4	2	2	2
11	128179081	128337657	5	3	2	2
11	128337658	128392020	4	2	2	2
11	128392021	132284465	3	2	1	2
11	132284466	134941168	3	2	1	2
11	134941169	134945161	3	2	1	1
12	110107	1200339	2	1	1	2
12	1200340	1305446	2	1	1	1
12	1305447	2683078	3	2	1	1
12	2683079	2871015	3	2	1	1
12	2871016	3255859	3	2	1	2
12	3255860	3607842	3	2	1	1
12	3607843	3607912	1	1	0	1
12	3607913	3608447	4	2	2	1
12	3608448	3845130	3	2	1	1
12	3845131	3885186	3	2	1	2
12	3885187	3887115	3	2	1	1
12	3887116	4663328	3	2	1	2
12	4663329	4666070	4	2	2	1
12	4666071	4683861	2	1	1	1
12	4683862	4702036	3	2	1	2
12	4702037	4709646	3	2	1	1
12	4709647	6560930	3	2	1	2
12	6560931	26984920	2	1	1	1
12	26984921	27010106	4	3	1	2
12	27010107	33299999	2	1	1	2
12	33300000	38199999	NA	NA	NA	NA
12	38200000	59307570	1	1	0	2
12	59307571	132349400	2	1	1	2
12	132349401	133851894	2	1	1	1
13	1	16299999	NA	NA	NA	NA
13	16300000	19499999	1	1	0	1
13	19500000	33120065	1	1	0	1
13	33120066	33545183	8	8	0	1
13	33545184	33545675	NA	NA	NA	NA
13	33545676	35848775	2	1	1	2
13	35848776	35848998	2	1	1	1
13	35848999	38270467	2	1	1	2
13	38270468	38494020	3	2	1	2
13	38494021	38690000	1	1	0	2
13	38690001	38914710	8	8	0	1
13	38914711	38921369	NA	NA	NA	NA
13	38921370	39220045	8	8	0	1
13	39220046	39560000	1	1	0	2
13	39560001	39751324	8	8	0	1
13	39751325	39753718	25	24	1	1
13	39753719	40318684	8	8	0	1
13	40318685	40318959	20	19	1	1
13	40318960	40423921	8	8	0	1
13	40423922	41284278	8	8	0	1
13	41284279	41813765	8	8	0	1
13	41813766	41814879	NA	NA	NA	NA
13	41814880	41842857	8	8	0	1
13	41842858	41845306	8	8	0	1
13	41845307	41893374	7	4	3	1
13	41893375	41908537	7	4	3	1
13	41908538	41909709	NA	NA	NA	NA
13	41909710	49459883	1	1	0	2
13	49459884	50011079	2	1	1	2
13	50011080	68694661	1	1	0	2
13	68694662	68694794	NA	NA	NA	NA
13	68694795	68745950	2	2	0	2
13	68745951	68745992	1	1	0	1
13	68745993	68747699	1	1	0	1
13	68747700	68799175	1	1	0	1
13	68799176	68799226	1	1	0	1
13	68799227	88608865	1	1	0	2
13	88608866	88650717	NA	NA	NA	NA
13	88650718	102683962	1	1	0	2
13	102683963	114142800	2	1	1	2
13	114142801	115169877	2	1	1	2
14	1	16099999	NA	NA	NA	NA
14	16100000	19099999	NA	NA	NA	NA
14	19100000	20375050	NA	NA	NA	NA
14	20375051	34950188	3	2	1	1
14	34950189	35062500	3	2	1	1
14	35062501	99484681	2	2	0	2
14	99484682	99700142	2	1	1	1
14	99700143	106362500	2	2	0	2
14	106362501	107135764	2	2	0	1
14	107135765	107223723	1	1	0	1
15	1	15799999	NA	NA	NA	NA
15	15800000	20699999	3	2	1	1
15	20700000	22647936	3	2	1	1
15	22647937	68765208	3	2	1	1
15	68765209	68766250	3	2	1	1
15	68766251	83746247	2	1	1	1
15	83746248	83746538	1	1	0	1
15	83746539	83795986	1	1	0	2
15	83795987	83796910	NA	NA	NA	NA
15	83796911	100338800	3	2	1	2
15	100338801	102436706	3	2	1	2
16	137128	5459968	2	1	1	1
16	5459969	34599999	2	1	1	2
16	34600000	38599999	NA	NA	NA	NA
16	38600000	46415802	1	1	0	1
16	46415803	78571463	1	1	0	2
16	78571464	78729330	0	0	0	2
16	78729331	78976996	1	1	0	2
16	78976997	79065448	1	1	0	2
16	79065449	88827200	2	1	1	1
16	88827201	90354752	2	1	1	1
17	12500	16740655	1	1	0	2
17	16740656	22199999	1	1	0	2
17	22200000	25799999	NA	NA	NA	NA
17	25800000	30399641	3	2	1	2
17	30399642	30435777	NA	NA	NA	NA
17	30435778	76167359	2	1	1	2
17	76167360	76167546	NA	NA	NA	NA
17	76167547	78774600	3	2	1	1
17	78774601	81195209	3	2	1	1
18	27500	15399999	2	1	1	2
18	15400000	18999999	NA	NA	NA	NA
18	19000000	27786808	2	1	1	2
18	27786809	27787612	2	1	1	1
18	27787613	61095159	2	1	1	2
18	61095160	61095383	2	1	1	1
18	61095384	62627869	2	1	1	2
18	62627870	76117000	2	1	1	2
18	76117001	78077247	2	1	1	2
19	102500	226775	1	1	0	1
19	226776	10252709	1	1	0	2
19	10252710	24399999	3	2	1	1
19	24400000	28599999	3	2	1	1
19	28600000	59128982	3	2	1	2
20	17500	25599999	2	1	1	2
20	25600000	29399999	NA	NA	NA	NA
20	29400000	39849518	3	2	1	1
20	39849519	39854361	3	2	1	1
20	39854362	62536759	3	2	1	1
20	62536760	62542274	1	1	0	1
21	1	9417499	NA	NA	NA	NA
21	9417500	10899999	NA	NA	NA	NA
21	10900000	14299999	NA	NA	NA	NA
21	14300000	24630015	1	1	0	1
21	24630016	36205205	2	2	0	2
21	36205206	36277572	0	0	0	1
21	36277573	39549988	2	2	0	2
21	39549989	43709985	1	1	0	2
21	43709986	46937500	2	2	0	2
21	46937501	48129894	2	2	0	2
22	1	12199999	NA	NA	NA	NA
22	12200000	17899999	3	3	0	1
22	17900000	26524392	3	3	0	2
22	26524393	33362114	2	2	0	2
22	33362115	35359539	1	1	0	2
22	35359540	45529922	2	2	0	2
22	45529923	45542916	1	1	0	1
22	45542917	45551688	3	2	1	1
22	45551689	45562263	1	1	0	2
22	45562264	45562736	1	1	0	1
22	45562737	45830964	1	1	0	2
22	45830965	48628320	2	2	0	2
22	48628321	49511768	1	1	0	2
22	49511769	49716486	2	1	1	1
22	49716487	51304565	2	2	0	1
X	1	6983902	1	1	0	1
X	6983903	7011278	1	1	0	1
X	7011279	31707260	1	1	0	1
X	31707261	31841108	1	1	0	1
X	31841109	58099999	1	1	0	1
X	58100000	62999999	1	1	0	1
X	63000000	96840645	1	1	0	1
X	96840646	96970683	1	1	0	1
X	96970684	155270559	1	1	0	1
Y	1	11599999	NA	NA	NA	NA
Y	11600000	13399999	NA	NA	NA	NA
Y	13400000	59373565	NA	NA	NA	NA
