chromosome	start	end	total_cn	major_cn	minor_cn	star
1	1	790008	2	1	1	2
1	790009	8622851	2	1	1	2
1	8622852	10302374	4	3	1	2
1	10302375	10305515	4	3	1	2
1	10305516	15614350	4	3	1	2
1	15614351	15661667	3	2	1	2
1	15661668	19392541	4	3	1	2
1	19392542	19393788	3	2	1	2
1	19393789	22169229	4	3	1	2
1	22169230	22192912	4	3	1	2
1	22192913	28757936	4	3	1	2
1	28757937	28817143	3	2	1	2
1	28817144	29533732	4	3	1	2
1	29533733	29534502	5	3	2	1
1	29534503	33735878	7	4	3	2
1	33735879	37274737	6	3	3	2
1	37274738	37274771	6	3	3	2
1	37274772	41652000	5	3	2	3
1	41652001	41680424	6	3	3	2
1	41680425	42296548	5	3	2	3
1	42296549	42307047	5	3	2	3
1	42307048	43384368	5	3	2	3
1	43384369	44790484	4	3	1	3
1	44790485	44798217	5	3	2	1
1	44798218	46342979	4	3	1	3
1	46342980	46362764	4	3	1	2
1	46362765	49695962	4	3	1	2
1	49695963	49696001	4	3	1	2
1	49696002	51881702	4	3	1	2
1	51881703	57090679	2	1	1	3
1	57090680	57090715	2	1	1	2
1	57090716	57801927	3	2	1	2
1	57801928	63733501	2	1	1	3
1	63733502	63744692	3	2	1	1
1	63744693	66908167	2	1	1	3
1	66908168	66909915	2	1	1	3
1	66909916	70725483	2	1	1	3
1	70725484	73537200	5	4	1	2
1	73537201	73538717	3	2	1	1
1	73538718	75439720	5	4	1	2
1	75439721	75446610	9	8	1	1
1	75446611	89459353	5	4	1	2
1	89459354	89463953	5	4	1	2
1	89463954	89925929	5	4	1	2
1	89925930	89926162	5	4	1	2
1	89926163	90660571	5	4	1	2
1	90660572	90676159	9	8	1	2
1	90676160	90676170	5	4	1	1
1	90676171	98167160	5	4	1	2
1	98167161	98327184	5	5	0	2
1	98327185	101062899	6	5	1	2
1	101062900	104117002	5	4	1	2
1	104117003	113106645	4	3	1	2
1	113106646	113107811	4	3	1	1
1	113107812	113502551	4	3	1	2
1	113502552	120187865	3	2	1	3
1	120187866	121499999	4	2	2	2
1	121500000	128899999	4	2	2	2
1	128900000	143540938	4	2	2	2
1	143540939	150975658	4	2	2	2
1	150975659	150976059	4	2	2	2
1	150976060	151948013	4	2	2	2
1	151948014	151977197	4	2	2	2
1	151977198	151977473	4	2	2	2
1	151977474	151977913	4	2	2	2
1	151977914	153998052	4	2	2	2
1	153998053	154003687	4	2	2	2
1	154003688	156148387	4	2	2	2
1	156148388	156158259	4	2	2	2
1	156158260	156551413	4	2	2	2
1	156551414	156569737	4	2	2	2
1	156569738	156795120	4	2	2	2
1	156795121	156805476	4	2	2	2
1	156805477	159466206	4	2	2	2
1	159466207	159469748	4	2	2	2
1	159469749	159695254	4	2	2	2
1	159695255	160164734	3	2	1	2
1	160164735	160190043	3	2	1	2
1	160190044	162549254	3	2	1	2
1	162549255	162551698	3	2	1	2
1	162551699	165831851	3	2	1	2
1	165831852	165834001	6	4	2	1
1	165834002	165845113	7	6	1	1
1	165845114	167934069	5	4	1	2
1	167934070	167960067	6	4	2	2
1	167960068	173845174	5	4	1	2
1	173845175	173851143	4	3	1	2
1	173851144	182832870	5	4	1	2
1	182832871	182855871	6	4	2	2
1	182855872	185755098	5	4	1	2
1	185755099	185755135	5	4	1	1
1	185755136	193214554	6	4	2	2
1	193214555	193386450	7	5	2	2
1	193386451	200422581	6	4	2	2
1	200422582	201422464	7	5	2	2
1	201422465	203590658	7	5	2	2
1	203590659	203590689	7	5	2	2
1	203590690	206291687	4	2	2	2
1	206291688	206295712	4	2	2	2
1	206295713	206468001	4	2	2	2
1	206468002	208947217	2	2	0	3
1	208947218	214603488	1	1	0	2
1	214603489	214625052	2	2	0	2
1	214625053	217900480	1	1	0	2
1	217900481	222271413	3	3	0	2
1	222271414	222273504	3	3	0	2
1	222273505	224788891	3	3	0	2
1	224788892	224802554	5	5	0	2
1	224802555	227102366	4	4	0	2
1	227102367	227128190	5	5	0	1
1	227128191	227155429	3	3	0	1
1	227155430	235515912	5	5	0	2
1	235515913	238220014	6	5	1	2
1	238220015	238376566	8	5	3	2
1	238376567	242115415	6	5	1	2
1	242115416	242116031	7	7	0	1
1	242116032	242184568	5	5	0	2
1	242184569	242184592	5	5	0	2
1	242184593	245001125	4	4	0	2
1	245001126	245009859	4	4	0	2
1	245009860	248105329	4	4	0	2
1	248105330	248112939	4	4	0	2
1	248112940	248113194	4	4	0	2
1	248113195	249250620	4	4	0	2
2	9997	9870027	2	1	1	3
2	9870028	20109968	1	1	0	3
2	20109969	20149016	1	1	0	2
2	20149017	20150465	1	1	0	2
2	20150466	20150691	1	1	0	2
2	20150692	21488919	1	1	0	3
2	21488920	21496296	1	1	0	3
2	21496297	23974040	1	1	0	3
2	23974041	26523367	5	5	0	3
2	26523368	27385898	4	4	0	2
2	27385899	27390476	4	4	0	2
2	27390477	27470931	4	4	0	2
2	27470932	34691804	4	4	0	2
2	34691805	37423466	4	4	0	2
2	37423467	37446500	4	4	0	2
2	37446501	40085268	4	4	0	3
2	40085269	42524569	5	5	0	3
2	42524570	42558205	6	6	0	2
2	42558206	43451573	5	5	0	3
2	43451574	43795327	4	4	0	3
2	43795328	44862392	5	5	0	3
2	44862393	45010144	4	4	0	3
2	45010145	45011998	4	4	0	1
2	45011999	45012499	5	5	0	2
2	45012500	46119237	5	5	0	2
2	46119238	46363486	6	6	0	2
2	46363487	46401175	7	7	0	3
2	46401176	47603701	10	10	0	2
2	47603702	49034098	7	7	0	2
2	49034099	49035762	7	7	0	2
2	49035763	50129434	8	8	0	2
2	50129435	50129646	8	8	0	2
2	50129647	53736171	8	8	0	1
2	53736172	53740048	8	8	0	2
2	53740049	54261456	8	8	0	2
2	54261457	54335356	7	7	0	2
2	54335357	54965007	8	8	0	2
2	54965008	54969376	8	8	0	2
2	54969377	55407994	8	8	0	2
2	55407995	56064401	4	4	0	3
2	56064402	59512071	5	4	1	3
2	59512072	59513245	5	4	1	3
2	59513246	59856108	5	4	1	3
2	59856109	59856208	5	4	1	2
2	59856209	60527719	7	6	1	2
2	60527720	60566880	8	7	1	2
2	60566881	61630770	7	6	1	3
2	61630771	61630792	7	6	1	2
2	61630793	61681923	4	3	1	2
2	61681924	64330662	6	5	1	2
2	64330663	64341260	7	6	1	2
2	64341261	66687109	6	5	1	2
2	66687110	66690818	8	7	1	2
2	66690819	66825313	6	5	1	2
2	66825314	67618894	3	2	1	3
2	67618895	67627974	3	2	1	3
2	67627975	85864985	3	2	1	3
2	85864986	86062436	4	2	2	3
2	86062437	87532268	3	2	1	3
2	87532269	87539762	3	2	1	2
2	87539763	90499999	3	2	1	2
2	90500000	96799999	NA	NA	NA	NA
2	96800000	100019984	2	1	1	3
2	100019985	108113727	3	2	1	2
2	108113728	108116280	3	2	1	2
2	108116281	109175104	3	2	1	2
2	109175105	111901493	4	3	1	2
2	111901494	114535352	5	4	1	2
2	114535353	114549380	6	4	2	2
2	114549381	123026744	5	4	1	2
2	123026745	125692965	4	3	1	2
2	125692966	125694476	2	2	0	2
2	125694477	127667797	4	3	1	2
2	127667798	127668074	4	3	1	2
2	127668075	137294115	4	3	1	2
2	137294116	141162218	5	4	1	2
2	141162219	141810693	4	3	1	2
2	141810694	142382285	5	4	1	2
2	142382286	142693506	4	3	1	2
2	142693507	143120781	5	4	1	2
2	143120782	143134620	4	3	1	2
2	143134621	145376407	5	4	1	2
2	145376408	145376572	5	4	1	2
2	145376573	148220593	5	4	1	2
2	148220594	148222901	4	3	1	2
2	148222902	148387280	5	4	1	2
2	148387281	148391599	7	6	1	1
2	148391600	151204302	5	4	1	2
2	151204303	151206138	5	4	1	2
2	151206139	151211261	5	3	2	2
2	151211262	151341334	6	4	2	2
2	151341335	151349238	8	6	2	2
2	151349239	152146530	6	4	2	2
2	152146531	152162771	5	3	2	2
2	152162772	152203291	6	4	2	2
2	152203292	152554549	5	4	1	2
2	152554550	156645656	6	5	1	2
2	156645657	157028740	5	4	1	2
2	157028741	159974626	6	5	1	2
2	159974627	159984736	8	7	1	1
2	159984737	160252417	6	5	1	2
2	160252418	160267334	8	5	3	2
2	160267335	160465130	6	5	1	2
2	160465131	160476600	8	7	1	2
2	160476601	160476645	6	5	1	2
2	160476646	163045171	6	5	1	2
2	163045172	163070620	6	5	1	2
2	163070621	164920922	6	5	1	2
2	164920923	173840536	4	3	1	2
2	173840537	173848909	6	3	3	2
2	173848910	174607953	4	3	1	2
2	174607954	174652123	4	3	1	2
2	174652124	182477752	4	3	1	2
2	182477753	182478113	4	3	1	2
2	182478114	190368574	4	3	1	2
2	190368575	190369816	4	3	1	2
2	190369817	193228571	4	3	1	2
2	193228572	193241593	7	6	1	2
2	193241594	195446569	4	3	1	2
2	195446570	195448146	4	3	1	2
2	195448147	197743131	4	3	1	2
2	197743132	197744688	4	3	1	2
2	197744689	212410966	4	3	1	2
2	212410967	212412337	4	3	1	2
2	212412338	213823635	4	3	1	2
2	213823636	213837874	6	5	1	2
2	213837875	223890991	4	3	1	2
2	223890992	223892923	3	3	0	2
2	223892924	228759964	4	3	1	2
2	228759965	231723065	5	4	1	2
2	231723066	234382319	4	4	0	2
2	234382320	242979500	2	2	0	2
3	60596	4342609	2	2	0	2
3	4342610	4364018	3	3	0	2
3	4364019	7692559	2	2	0	2
3	7692560	7692590	2	2	0	2
3	7692591	8626547	2	2	0	2
3	8626548	9342675	1	1	0	2
3	9342676	10192732	2	2	0	3
3	10192733	10624781	3	3	0	2
3	10624782	10630716	3	3	0	2
3	10630717	12986616	3	3	0	2
3	12986617	12999663	3	3	0	2
3	12999664	15631630	3	3	0	2
3	15631631	15732606	4	4	0	2
3	15732607	15885945	3	3	0	3
3	15885946	15886217	3	3	0	2
3	15886218	15887219	2	2	0	1
3	15887220	22038152	2	2	0	2
3	22038153	22733926	1	1	0	3
3	22733927	22740595	2	2	0	1
3	22740596	37110026	1	1	0	3
3	37110027	45396706	2	1	1	3
3	45396707	45408336	3	2	1	1
3	45408337	50149846	2	1	1	3
3	50149847	50162913	4	3	1	2
3	50162914	50330099	2	1	1	2
3	50330100	50343068	2	1	1	2
3	50343069	52919001	2	1	1	3
3	52919002	52927523	2	1	1	2
3	52927524	55788888	2	1	1	3
3	55788889	58572470	2	1	1	3
3	58572471	58586444	2	1	1	2
3	58586445	60579996	2	1	1	3
3	60579997	61004852	3	2	1	3
3	61004853	61006691	3	2	1	3
3	61006692	61192194	3	2	1	3
3	61192195	61281511	2	1	1	2
3	61281512	67943664	3	2	1	2
3	67943665	67950158	3	2	1	2
3	67950159	68724253	3	2	1	2
3	68724254	68737895	4	2	2	2
3	68737896	73138430	3	2	1	2
3	73138431	73150744	3	2	1	2
3	73150745	75154396	3	2	1	2
3	75154397	75174915	2	1	1	2
3	75174916	75469995	3	2	1	2
3	75469996	76319346	3	2	1	3
3	76319347	76369133	5	3	2	1
3	76369134	80596166	3	2	1	3
3	80596167	84580089	3	2	1	3
3	84580090	86308163	5	3	2	3
3	86308164	87899999	3	2	1	2
3	87900000	93899999	NA	NA	NA	NA
3	93900000	95639995	3	2	1	3
3	95639996	95921917	5	3	2	3
3	95921918	95921934	5	3	2	3
3	95921935	96135941	5	3	2	2
3	96135942	96142628	5	3	2	2
3	96142629	98584675	5	3	2	3
3	98584676	98593294	3	2	1	1
3	98593295	101898786	5	3	2	3
3	101898787	102178161	7	5	2	3
3	102178162	102972464	5	3	2	3
3	102972465	106487285	3	2	1	3
3	106487286	107389205	3	2	1	3
3	107389206	107422377	3	2	1	2
3	107422378	109287298	3	2	1	3
3	109287299	109288589	3	2	1	3
3	109288590	112054040	3	2	1	3
3	112054041	112064550	3	2	1	3
3	112064551	114523569	3	2	1	3
3	114523570	117989597	3	2	1	3
3	117989598	117993678	5	4	1	1
3	117993679	119733778	3	2	1	3
3	119733779	119826626	2	1	1	2
3	119826627	125283878	3	2	1	3
3	125283879	127872145	2	2	0	2
3	127872146	129282619	3	3	0	2
3	129282620	129283470	3	3	0	2
3	129283471	129283945	3	3	0	1
3	129283946	129284969	3	3	0	1
3	129284970	129285307	2	2	0	1
3	129285308	129292903	2	2	0	2
3	129292904	129293360	2	2	0	2
3	129293361	129301916	2	2	0	2
3	129301917	129302179	2	2	0	2
3	129302180	129303338	2	2	0	2
3	129303339	129309215	2	2	0	2
3	129309216	129823514	2	2	0	3
3	129823515	129823803	2	2	0	2
3	129823804	129829988	3	3	0	2
3	129829989	129838148	3	3	0	2
3	129838149	129838749	3	3	0	2
3	129838750	129839942	3	3	0	2
3	129839943	130286751	3	3	0	3
3	130286752	130432921	5	3	2	1
3	130432922	130433647	5	3	2	1
3	130433648	130447679	5	3	2	1
3	130447680	130448915	4	2	2	2
3	130448916	130449165	4	2	2	2
3	130449166	131215985	4	2	2	3
3	131215986	133060599	2	2	0	3
3	133060600	133061056	2	2	0	2
3	133061057	133280008	3	3	0	3
3	133280009	133280441	3	3	0	2
3	133280442	133282609	2	2	0	1
3	133282610	133283069	2	2	0	1
3	133283070	133284026	2	2	0	1
3	133284027	133289624	2	2	0	1
3	133289625	133291314	2	2	0	1
3	133291315	135254347	2	2	0	3
3	135254348	135299050	4	2	2	2
3	135299051	135559404	2	2	0	3
3	135559405	135562405	3	3	0	1
3	135562406	135912938	3	3	0	3
3	135912939	135915643	2	2	0	2
3	135915644	135916249	2	2	0	2
3	135916250	136927812	2	2	0	3
3	136927813	139458173	3	3	0	3
3	139458174	145060106	5	3	2	3
3	145060107	145060355	5	3	2	3
3	145060356	146506537	5	3	2	3
3	146506538	146509340	5	3	2	2
3	146509341	148099736	5	3	2	3
3	148099737	148138788	5	3	2	1
3	148138789	148208649	7	4	3	2
3	148208650	148526428	7	4	3	3
3	148526429	149136837	5	3	2	3
3	149136838	150159339	7	4	3	3
3	150159340	152412792	5	3	2	3
3	152412793	152465401	7	4	3	2
3	152465402	152554176	7	4	3	2
3	152554177	152554565	7	4	3	2
3	152554566	152556523	5	3	2	2
3	152556524	153129843	5	3	2	3
3	153129844	153129970	5	3	2	2
3	153129971	156862036	7	4	3	3
3	156862037	156874944	7	4	3	2
3	156874945	157947920	6	3	3	2
3	157947921	158077196	6	3	3	2
3	158077197	158891141	6	3	3	2
3	158891142	158891867	4	3	1	1
3	158891868	159866924	4	3	1	2
3	159866925	159874895	5	3	2	2
3	159874896	159875260	5	3	2	2
3	159875261	167826194	4	3	1	2
3	167826195	168302311	4	3	1	2
3	168302312	168304916	5	3	2	2
3	168304917	172642391	4	3	1	2
3	172642392	172644328	5	3	2	2
3	172644329	172644373	5	3	2	2
3	172644374	173521588	4	3	1	2
3	173521589	173541533	5	4	1	2
3	173541534	182009558	4	3	1	2
3	182009559	183657294	5	4	1	2
3	183657295	184188314	4	4	0	3
3	184188315	184192470	4	4	0	2
3	184192471	191455868	4	4	0	3
3	191455869	191456127	4	4	0	2
3	191456128	195362499	4	4	0	3
3	195362500	195424939	4	4	0	2
3	195424940	196761790	4	4	0	3
3	196761791	196772360	5	5	0	2
3	196772361	196775452	5	5	0	2
3	196775453	197847500	5	5	0	2
4	20334	27499	5	4	1	2
4	27500	2551456	5	4	1	2
4	2551457	2574746	5	4	1	2
4	2574747	7725446	5	4	1	2
4	7725447	7753989	8	7	1	2
4	7753990	11106344	5	4	1	2
4	11106345	11129098	6	4	2	3
4	11129099	16601746	5	4	1	2
4	16601747	25594010	4	3	1	2
4	25594011	25604403	1	1	0	2
4	25604404	42997139	2	1	1	3
4	42997140	46525700	3	2	1	2
4	46525701	46527918	3	2	1	1
4	46527919	48199999	5	3	2	3
4	48200000	52724460	NA	NA	NA	NA
4	52724461	55232381	4	2	2	2
4	55232382	55236505	4	2	2	2
4	55236506	63011106	4	2	2	2
4	63011107	65002518	3	2	1	3
4	65002519	69871896	4	2	2	2
4	69871897	69897856	3	2	1	2
4	69897857	73626434	3	2	1	2
4	73626435	73632332	4	3	1	2
4	73632333	80249141	3	2	1	2
4	80249142	113630075	2	2	0	2
4	113630076	113691455	3	3	0	1
4	113691456	116495532	2	2	0	2
4	116495533	116497118	2	2	0	2
4	116497119	119256735	2	2	0	2
4	119256736	119269872	4	4	0	2
4	119269873	130227547	4	4	0	2
4	130227548	130429912	2	2	0	2
4	130429913	138812330	3	3	0	2
4	138812331	138814023	2	2	0	2
4	138814024	144128203	3	3	0	2
4	144128204	144149855	2	2	0	2
4	144149856	146851215	3	3	0	2
4	146851216	146897369	2	2	0	2
4	146897370	148554898	3	3	0	2
4	148554899	148621701	2	2	0	2
4	148621702	170291994	3	3	0	2
4	170291995	170303870	4	4	0	2
4	170303871	191154275	3	3	0	2
5	22500	613290	7	6	1	2
5	613291	1636789	7	6	1	2
5	1636790	2229952	6	5	1	2
5	2229953	7155474	6	5	1	2
5	7155475	7172801	6	5	1	1
5	7172802	9458650	6	5	1	2
5	9458651	9464536	6	5	1	2
5	9464537	9813091	6	5	1	2
5	9813092	11565852	5	4	1	2
5	11565853	11565870	5	4	1	2
5	11565871	16325440	4	3	1	2
5	16325441	28561646	3	2	1	3
5	28561647	28568090	3	2	1	2
5	28568091	33617054	3	2	1	3
5	33617055	33617398	3	2	1	2
5	33617399	33763988	3	2	1	2
5	33763989	33810820	2	1	1	3
5	33810821	33941151	3	2	1	3
5	33941152	35873684	2	1	1	2
5	35873685	35881038	3	2	1	1
5	35881039	40480581	2	1	1	3
5	40480582	43321898	3	2	1	2
5	43321899	46099999	4	2	2	3
5	46100000	50699999	4	2	2	3
5	50700000	56194233	4	2	2	3
5	56194234	67223686	2	2	0	3
5	67223687	67223939	2	2	0	3
5	67223940	67719616	2	2	0	3
5	67719617	67720849	2	2	0	3
5	67720850	68363441	2	2	0	3
5	68363442	70660334	1	1	0	3
5	70660335	70663437	2	2	0	2
5	70663438	72621491	2	2	0	2
5	72621492	72622772	2	2	0	2
5	72622773	73994064	2	2	0	2
5	73994065	73995827	2	2	0	2
5	73995828	97533367	2	2	0	2
5	97533368	97536537	2	2	0	2
5	97536538	100939581	2	2	0	2
5	100939582	100944046	2	2	0	2
5	100944047	109345864	2	2	0	2
5	109345865	109348374	2	2	0	2
5	109348375	132139123	2	2	0	2
5	132139124	132160113	3	3	0	2
5	132160114	151221509	2	2	0	2
5	151221510	151236750	3	3	0	2
5	151236751	151338046	2	2	0	2
5	151338047	151413140	2	2	0	2
5	151413141	161811630	2	2	0	2
5	161811631	161811880	2	2	0	2
5	161811881	162928601	2	2	0	2
5	162928602	163078628	4	4	0	2
5	163078629	179147941	2	2	0	2
5	179147942	179167006	3	3	0	1
5	179167007	180714439	2	2	0	2
6	39681	242500	4	4	0	1
6	242501	7142286	4	4	0	2
6	7142287	7152889	4	4	0	2
6	7152890	17157935	4	4	0	2
6	17157936	17175531	5	5	0	1
6	17175532	18467205	4	4	0	2
6	18467206	18747740	6	6	0	2
6	18747741	18753220	6	6	0	1
6	18753221	21192196	6	6	0	2
6	21192197	21500831	7	7	0	2
6	21500832	21500901	7	7	0	2
6	21500902	23095126	6	6	0	2
6	23095127	23098942	6	6	0	2
6	23098943	23879293	6	6	0	2
6	23879294	24080553	6	6	0	2
6	24080554	24086401	5	5	0	2
6	24086402	26351269	2	2	0	2
6	26351270	26364320	2	2	0	2
6	26364321	36706978	2	2	0	2
6	36706979	38625962	3	2	1	2
6	38625963	38632476	5	4	1	2
6	38632477	42156160	3	2	1	2
6	42156161	42161305	3	2	1	2
6	42161306	43920741	3	2	1	2
6	43920742	43926885	4	2	2	2
6	43926886	46016869	3	2	1	2
6	46016870	46016927	3	2	1	2
6	46016928	47172500	4	3	1	2
6	47172501	57309958	5	3	2	2
6	57309959	58079601	4	2	2	2
6	58079602	58435776	5	3	2	2
6	58435777	58446380	6	3	3	2
6	58446381	58699999	5	3	2	2
6	58700000	63299999	NA	NA	NA	NA
6	63300000	69863583	4	2	2	3
6	69863584	70283165	6	4	2	3
6	70283166	70284641	6	4	2	2
6	70284642	74266208	6	4	2	3
6	74266209	74288434	8	6	2	2
6	74288435	75009532	8	6	2	2
6	75009533	75017421	10	8	2	1
6	75017422	77344907	8	6	2	2
6	77344908	77366102	8	6	2	2
6	77366103	79010024	8	6	2	2
6	79010025	79668117	8	6	2	3
6	79668118	79678906	8	6	2	2
6	79678907	79807120	8	6	2	2
6	79807121	82219369	6	4	2	3
6	82219370	83850444	8	6	2	3
6	83850445	83854681	8	6	2	2
6	83854682	86249098	8	6	2	2
6	86249099	90075079	10	8	2	1
6	90075080	90081822	12	10	2	1
6	90081823	90236802	10	8	2	2
6	90236803	90962644	8	6	2	2
6	90962645	91491615	5	3	2	2
6	91491616	91497513	5	3	2	2
6	91497514	93277324	5	3	2	2
6	93277325	97451310	7	5	2	2
6	97451311	97459009	7	5	2	2
6	97459010	98123085	7	5	2	2
6	98123086	98126728	7	5	2	2
6	98126729	98192302	7	5	2	2
6	98192303	98194152	7	5	2	2
6	98194153	100641649	7	5	2	2
6	100641650	100921433	6	5	1	2
6	100921434	101244553	4	3	1	2
6	101244554	101774593	1	1	0	3
6	101774594	101775572	1	1	0	3
6	101775573	101775584	1	1	0	2
6	101775585	113907433	1	1	0	3
6	113907434	121432981	3	3	0	2
6	121432982	121974326	2	2	0	2
6	121974327	135607237	3	3	0	2
6	135607238	135608340	3	3	0	2
6	135608341	143829348	4	4	0	2
6	143829349	143841482	6	6	0	1
6	143841483	148684774	4	4	0	3
6	148684775	148691118	4	4	0	2
6	148691119	157464417	4	4	0	3
6	157464418	157505157	4	4	0	2
6	157505158	161947230	4	4	0	3
6	161947231	166825843	3	3	0	2
6	166825844	170899800	2	2	0	2
7	56127	6411695	3	2	1	2
7	6411696	6416931	3	2	1	2
7	6416932	9212768	3	2	1	2
7	9212769	17519870	4	2	2	2
7	17519871	17550769	6	4	2	2
7	17550770	18111261	4	2	2	2
7	18111262	18112929	4	2	2	2
7	18112930	24631874	4	2	2	2
7	24631875	24675671	5	3	2	2
7	24675672	28648142	4	2	2	2
7	28648143	28659072	4	2	2	2
7	28659073	31335920	4	2	2	2
7	31335921	31339042	4	2	2	2
7	31339043	31745321	4	2	2	2
7	31745322	31746721	4	2	2	2
7	31746722	32063135	4	2	2	2
7	32063136	32080225	4	2	2	2
7	32080226	32092397	4	2	2	2
7	32092398	32097310	4	2	2	2
7	32097311	35396809	4	2	2	2
7	35396810	35402279	5	3	2	2
7	35402280	38974537	4	2	2	2
7	38974538	38979727	4	2	2	2
7	38979728	41321945	4	2	2	2
7	41321946	41342638	5	3	2	1
7	41342639	41653441	4	2	2	3
7	41653442	43401641	5	3	2	2
7	43401642	43518904	6	4	2	2
7	43518905	43697665	5	3	2	2
7	43697666	43700877	5	3	2	2
7	43700878	47259979	5	3	2	2
7	47259980	47606164	4	2	2	2
7	47606165	47625578	4	2	2	2
7	47625579	57999999	4	2	2	2
7	58000000	61995002	NA	NA	NA	NA
7	61995003	62165097	3	2	1	3
7	62165098	62166281	3	2	1	2
7	62166282	65659787	3	2	1	3
7	65659788	65660775	3	2	1	2
7	65660776	65662621	4	2	2	1
7	65662622	66924480	4	2	2	3
7	66924481	66931019	4	2	2	2
7	66931020	69069916	4	2	2	3
7	69069917	69548618	3	2	1	3
7	69548619	73826804	4	2	2	3
7	73826805	78046006	5	3	2	2
7	78046007	78070634	6	3	3	3
7	78070635	80189196	5	3	2	3
7	80189197	98878709	6	4	2	2
7	98878710	101785406	5	3	2	2
7	101785407	101789363	8	6	2	1
7	101789364	103311841	5	3	2	2
7	103311842	103323698	6	4	2	1
7	103323699	105829415	5	3	2	2
7	105829416	105829638	5	3	2	2
7	105829639	106396763	5	3	2	2
7	106396764	110767115	4	3	1	3
7	110767116	110999377	3	3	0	2
7	110999378	112013137	4	3	1	3
7	112013138	112113824	4	3	1	2
7	112113825	119593918	4	3	1	3
7	119593919	119596488	4	3	1	3
7	119596489	119868251	4	3	1	3
7	119868252	119872304	4	3	1	3
7	119872305	121430831	4	3	1	3
7	121430832	121432905	4	3	1	2
7	121432906	122461201	4	3	1	3
7	122461202	126640686	2	1	1	3
7	126640687	126646662	2	1	1	2
7	126646663	127011773	2	1	1	3
7	127011774	127574928	3	2	1	3
7	127574929	127584169	3	2	1	3
7	127584170	127720387	3	2	1	3
7	127720388	129682996	2	1	1	3
7	129682997	129689218	3	2	1	2
7	129689219	129689248	3	2	1	2
7	129689249	132012844	3	2	1	2
7	132012845	133219756	5	4	1	2
7	133219757	133394488	3	2	1	2
7	133394489	133401747	3	2	1	2
7	133401748	135602954	3	2	1	2
7	135602955	135617181	4	2	2	2
7	135617182	136558337	3	2	1	2
7	136558338	136565396	3	2	1	2
7	136565397	140169945	3	2	1	2
7	140169946	140192935	5	4	1	2
7	140192936	140193404	5	4	1	2
7	140193405	141073711	5	4	1	2
7	141073712	141795495	5	4	1	2
7	141795496	142455952	3	2	1	2
7	142455953	142492129	3	2	1	2
7	142492130	144380344	3	2	1	2
7	144380345	147130836	3	2	1	2
7	147130837	147131036	3	2	1	2
7	147131037	147652634	3	2	1	2
7	147652635	147656493	4	3	1	1
7	147656494	152752559	3	2	1	2
7	152752560	152764626	3	2	1	2
7	152764627	154696963	3	2	1	2
7	154696964	154703237	4	2	2	2
7	154703238	158167536	3	2	1	2
7	158167537	158186107	5	4	1	2
7	158186108	158522082	3	2	1	2
7	158522083	158821400	3	2	1	2
8	10001	156503	1	1	0	2
8	156504	20671896	1	1	0	2
8	20671897	20677930	1	1	0	2
8	20677931	26606704	1	1	0	2
8	26606705	26606898	1	1	0	2
8	26606899	39230024	1	1	0	2
8	39230025	40208000	1	1	0	2
8	40208001	40210820	4	3	1	2
8	40210821	43099999	5	4	1	2
8	43100000	48406965	NA	NA	NA	NA
8	48406966	48416176	3	2	1	2
8	48416177	48588196	3	2	1	2
8	48588197	48603614	3	2	1	2
8	48603615	49119931	3	2	1	3
8	49119932	49125797	3	2	1	2
8	49125798	50014301	3	2	1	2
8	50014302	50017005	3	2	1	1
8	50017006	50026323	4	3	1	2
8	50026324	55129147	4	3	1	3
8	55129148	55147974	4	3	1	2
8	55147975	55768484	4	3	1	3
8	55768485	56896657	3	2	1	2
8	56896658	56898643	3	2	1	2
8	56898644	58396299	3	2	1	2
8	58396300	58397875	3	2	1	2
8	58397876	60547905	5	3	2	2
8	60547906	60549941	5	3	2	2
8	60549942	61393698	5	3	2	2
8	61393699	61592391	5	3	2	2
8	61592392	62430478	5	3	2	2
8	62430479	62438046	6	3	3	1
8	62438047	64377989	5	3	2	2
8	64377990	64383142	5	3	2	2
8	64383143	66338262	5	3	2	2
8	66338263	66352106	5	3	2	2
8	66352107	69812557	5	3	2	2
8	69812558	69813767	5	3	2	2
8	69813768	72056147	5	3	2	2
8	72056148	72058263	5	3	2	2
8	72058264	76401016	5	3	2	2
8	76401017	83525014	3	2	1	2
8	83525015	83736649	4	3	1	2
8	83736650	83741627	4	3	1	2
8	83741628	85319860	4	3	1	2
8	85319861	85328954	6	5	1	1
8	85328955	87496810	4	3	1	2
8	87496811	87501936	4	3	1	2
8	87501937	89242641	4	3	1	2
8	89242642	89246512	4	3	1	2
8	89246513	89653153	4	3	1	2
8	89653154	92987257	3	2	1	2
8	92987258	92993924	3	2	1	2
8	92993925	103910673	3	2	1	2
8	103910674	103974812	2	1	1	2
8	103974813	117419189	3	2	1	2
8	117419190	117423572	4	2	2	2
8	117423573	118007984	3	2	1	2
8	118007985	118011298	3	2	1	2
8	118011299	118013872	4	3	1	2
8	118013873	118238158	4	3	1	2
8	118238159	118244696	7	6	1	1
8	118244697	118777606	4	3	1	2
8	118777607	119341966	3	2	1	2
8	119341967	120874034	4	3	1	2
8	120874035	120875636	4	3	1	2
8	120875637	122968210	4	3	1	2
8	122968211	122972240	5	4	1	2
8	122972241	125750176	4	3	1	2
8	125750177	126297750	6	5	1	2
8	126297751	127034158	5	4	1	2
8	127034159	127037736	6	5	1	1
8	127037737	127652144	5	4	1	2
8	127652145	128225428	6	5	1	2
8	128225429	128232682	6	5	1	2
8	128232683	131794027	6	5	1	2
8	131794028	131843693	6	5	1	2
8	131843694	132324971	6	5	1	2
8	132324972	135494462	7	5	2	2
8	135494463	135494507	7	5	2	2
8	135494508	137088746	7	5	2	2
8	137088747	137092371	8	6	2	1
8	137092372	140719376	7	5	2	2
8	140719377	140720694	7	5	2	2
8	140720695	142687168	7	5	2	2
8	142687169	142692423	7	5	2	2
8	142692424	146293998	7	5	2	2
9	47500	164718	5	4	1	2
9	164719	2140044	5	4	1	2
9	2140045	4484125	6	5	1	2
9	4484126	4485734	6	5	1	2
9	4485735	6931176	6	5	1	2
9	6931177	6936752	8	7	1	1
9	6936753	15939520	3	2	1	2
9	15939521	15952079	3	2	1	2
9	15952080	17096806	2	1	1	2
9	17096807	30889230	2	1	1	2
9	30889231	33526671	2	1	1	2
9	33526672	33533660	2	1	1	2
9	33533661	41271543	2	1	1	2
9	41271544	47299999	3	2	1	2
9	47300000	50699999	NA	NA	NA	NA
9	50700000	66343369	2	1	1	1
9	66343370	70890241	2	1	1	1
9	70890242	72210416	2	1	1	3
9	72210417	73728799	3	2	1	2
9	73728800	73732750	3	2	1	2
9	73732751	76510958	3	2	1	2
9	76510959	76513562	3	2	1	2
9	76513563	80586973	3	2	1	2
9	80586974	80707019	2	2	0	2
9	80707020	81685482	3	2	1	2
9	81685483	81691536	3	2	1	2
9	81691537	88253446	3	2	1	2
9	88253447	113083506	2	2	0	2
9	113083507	113084907	2	2	0	2
9	113084908	127699999	2	2	0	2
9	127700000	128201544	4	4	0	2
9	128201545	128363267	4	4	0	2
9	128363268	131044945	4	4	0	2
9	131044946	131699656	2	2	0	3
9	131699657	131720577	2	2	0	3
9	131720578	131815414	2	2	0	2
9	131815415	134854454	2	2	0	2
9	134854455	134921736	1	1	0	3
9	134921737	140273200	3	3	0	2
10	90127	270266	7	4	3	2
10	270267	5294988	6	3	3	2
10	5294989	5302448	6	3	3	2
10	5302449	7136708	6	3	3	2
10	7136709	7138558	6	3	3	2
10	7138559	7138704	4	3	1	2
10	7138705	7138869	4	3	1	2
10	7138870	15444180	4	3	1	2
10	15444181	15674960	6	5	1	2
10	15674961	18771101	4	3	1	2
10	18771102	18771143	4	3	1	2
10	18771144	18780880	4	3	1	2
10	18780881	20987092	3	2	1	2
10	20987093	21005048	4	3	1	3
10	21005049	21870049	3	2	1	2
10	21870050	23481203	4	3	1	2
10	23481204	24699024	5	3	2	2
10	24699025	24708150	6	4	2	1
10	24708151	25857822	5	3	2	2
10	25857823	25861554	5	3	2	2
10	25861555	28325954	5	3	2	2
10	28325955	28330221	5	3	2	2
10	28330222	37275111	5	3	2	2
10	37275112	37297199	7	5	2	1
10	37297200	37496318	5	3	2	3
10	37496319	37896058	6	4	2	2
10	37896059	37961201	5	3	2	2
10	37961202	37999999	5	3	2	2
10	38000000	42467500	NA	NA	NA	NA
10	42467501	43764974	4	2	2	3
10	43764975	43765195	4	2	2	2
10	43765196	45036294	4	2	2	3
10	45036295	63105712	3	2	1	3
10	63105713	63113096	3	2	1	2
10	63113097	69685251	3	2	1	3
10	69685252	69691378	3	2	1	3
10	69691379	70083454	3	2	1	3
10	70083455	70096025	4	3	1	1
10	70096026	73252952	3	2	1	3
10	73252953	73279500	5	4	1	3
10	73279501	76558687	3	2	1	2
10	76558688	76562822	3	2	1	2
10	76562823	77172221	3	2	1	2
10	77172222	77638261	3	2	1	2
10	77638262	78706066	3	2	1	2
10	78706067	78724615	4	3	1	2
10	78724616	88486142	3	2	1	2
10	88486143	88493380	3	2	1	2
10	88493381	88512130	3	2	1	2
10	88512131	88515552	3	2	1	2
10	88515553	92306858	3	2	1	2
10	92306859	92307206	3	2	1	2
10	92307207	95978689	3	2	1	2
10	95978690	95980350	3	2	1	2
10	95980351	99356806	3	2	1	2
10	99356807	99375408	4	3	1	2
10	99375409	99799675	3	2	1	2
10	99799676	99802768	3	2	1	2
10	99802769	105765039	3	2	1	2
10	105765040	107082545	4	3	1	3
10	107082546	113752604	3	2	1	3
10	113752605	113755188	3	2	1	3
10	113755189	114113871	3	2	1	3
10	114113872	114115233	3	2	1	2
10	114115234	117679906	3	2	1	3
10	117679907	117867500	2	1	1	3
10	117867501	117868985	1	1	0	1
10	117868986	119139008	2	1	1	3
10	119139009	119140270	2	1	1	3
10	119140271	124176460	2	1	1	3
10	124176461	124183400	2	1	1	2
10	124183401	135389924	2	1	1	3
11	20721	197336	2	1	1	2
11	197337	2248956	2	1	1	3
11	2248957	2250563	2	1	1	2
11	2250564	5089966	2	1	1	3
11	5089967	8436294	3	2	1	3
11	8436295	8439383	3	2	1	3
11	8439384	8933429	3	2	1	3
11	8933430	8942569	4	3	1	2
11	8942570	9391956	3	2	1	2
11	9391957	9392244	3	2	1	2
11	9392245	9941488	3	2	1	3
11	9941489	9954505	5	4	1	2
11	9954506	12252884	3	2	1	2
11	12252885	12275421	4	2	2	3
11	12275422	14001921	3	2	1	2
11	14001922	14009858	3	2	1	2
11	14009859	33114332	3	2	1	2
11	33114333	33114347	3	2	1	2
11	33114348	34685500	3	2	1	2
11	34685501	34694517	3	2	1	2
11	34694518	36355801	3	2	1	2
11	36355802	36356758	2	2	0	1
11	36356759	36356936	2	2	0	1
11	36356937	41138940	2	2	0	2
11	41138941	46328622	3	2	1	3
11	46328623	46335919	3	2	1	3
11	46335920	48192133	3	2	1	3
11	48192134	48192750	3	2	1	2
11	48192751	48649454	3	2	1	2
11	48649455	48654006	3	2	1	2
11	48654007	51599999	3	2	1	2
11	51600000	56634634	3	2	1	3
11	56634635	56637067	3	2	1	2
11	56637068	58485583	3	2	1	3
11	58485584	58486981	3	2	1	3
11	58486982	66639382	3	2	1	3
11	66639383	66641049	3	2	1	3
11	66641050	70746425	3	2	1	3
11	70746426	70748412	5	3	2	2
11	70748413	71634874	5	3	2	3
11	71634875	71999235	6	4	2	3
11	71999236	74182068	5	3	2	2
11	74182069	77752119	6	4	2	2
11	77752120	77752556	7	4	3	1
11	77752557	79448988	6	4	2	2
11	79448989	82158399	7	4	3	2
11	82158400	82188744	8	5	3	2
11	82188745	83485473	7	4	3	2
11	83485474	83486108	7	4	3	2
11	83486109	85682876	5	4	1	2
11	85682877	85684693	5	4	1	2
11	85684694	88089166	5	4	1	2
11	88089167	95754430	4	3	1	2
11	95754431	95779380	5	4	1	2
11	95779381	95792562	4	3	1	2
11	95792563	95909394	3	2	1	2
11	95909395	97100813	4	3	1	2
11	97100814	97102075	4	3	1	2
11	97102076	99340642	4	3	1	2
11	99340643	101334635	5	4	1	2
11	101334636	101342249	6	5	1	2
11	101342250	107821532	5	4	1	2
11	107821533	107825739	6	4	2	1
11	107825740	110838034	5	4	1	2
11	110838035	110842388	4	3	1	1
11	110842389	112552075	3	2	1	2
11	112552076	112560378	3	2	1	2
11	112560379	115936396	3	2	1	2
11	115936397	116783045	4	2	2	2
11	116783046	116785491	4	2	2	2
11	116785492	117547025	4	2	2	2
11	117547026	117552754	4	2	2	2
11	117552755	121746349	4	2	2	2
11	121746350	121754493	4	2	2	2
11	121754494	123395222	4	2	2	2
11	123395223	123397021	4	2	2	2
11	123397022	124787961	4	2	2	2
11	124787962	124824126	4	2	2	2
11	124824127	131081493	4	2	2	2
11	131081494	131083912	4	2	2	2
11	131083913	131735520	4	2	2	2
11	131735521	134452200	5	3	2	3
12	110107	188284	3	2	1	2
12	188285	485258	3	2	1	2
12	485259	2750095	4	3	1	2
12	2750096	5590114	5	4	1	2
12	5590115	6347742	5	4	1	3
12	6347743	6370934	6	5	1	1
12	6370935	15215356	5	4	1	3
12	15215357	22564782	4	3	1	3
12	22564783	22570664	5	4	1	1
12	22570665	23980387	4	3	1	3
12	23980388	23983980	4	3	1	3
12	23983981	27076067	4	3	1	3
12	27076068	27653302	2	1	1	3
12	27653303	28566709	3	2	1	3
12	28566710	32382615	4	2	2	3
12	32382616	32389907	4	2	2	2
12	32389908	33106337	4	2	2	3
12	33106338	33113276	5	3	2	1
12	33113277	33299999	4	2	2	3
12	33300000	38199999	NA	NA	NA	NA
12	38200000	46276315	4	3	1	3
12	46276316	46347454	5	4	1	2
12	46347455	50769240	4	3	1	3
12	50769241	50780402	4	3	1	2
12	50780403	53815874	4	3	1	3
12	53815875	53816802	3	3	0	1
12	53816803	59241944	4	3	1	3
12	59241945	59242194	4	3	1	3
12	59242195	64650783	4	3	1	3
12	64650784	64930066	5	3	2	2
12	64930067	65170002	4	3	1	3
12	65170003	65171644	4	3	1	3
12	65171645	65763881	4	3	1	3
12	65763882	65767726	4	3	1	2
12	65767727	72545722	4	3	1	3
12	72545723	72644763	3	2	1	3
12	72644764	72664623	4	2	2	2
12	72664624	75337506	3	2	1	3
12	75337507	75338803	3	2	1	2
12	75338804	75764534	3	2	1	2
12	75764535	77657971	3	2	1	2
12	77657972	80281843	3	2	1	2
12	80281844	80283264	3	2	1	2
12	80283265	81390295	3	2	1	2
12	81390296	81390485	3	2	1	2
12	81390486	83449948	3	2	1	2
12	83449949	83451934	2	2	0	2
12	83451935	85954110	3	2	1	2
12	85954111	85967638	3	2	1	2
12	85967639	99095370	3	2	1	2
12	99095371	99301484	4	3	1	2
12	99301485	99464115	3	2	1	2
12	99464116	99929981	3	2	1	3
12	99929982	100053932	2	2	0	2
12	100053933	110238543	3	2	1	3
12	110238544	110246552	4	2	2	1
12	110246553	110385365	3	2	1	2
12	110385366	110576004	4	2	2	2
12	110576005	118891981	2	2	0	2
12	118891982	118913447	3	3	0	2
12	118913448	132978206	2	2	0	2
12	132978207	132991796	3	3	0	2
13	1	16299999	3	2	1	1
13	16300000	19499999	3	2	1	2
13	19500000	20404903	3	2	1	2
13	20404904	20857192	3	2	1	2
13	20857193	27143520	2	2	0	2
13	27143521	27234422	1	1	0	2
13	27234423	27921494	2	2	0	2
13	27921495	27959024	3	3	0	2
13	27959025	28051241	2	2	0	2
13	28051242	28066488	3	2	1	2
13	28066489	35980221	2	2	0	2
13	35980222	35980518	2	2	0	1
13	35980519	38333433	2	2	0	2
13	38333434	42710173	3	2	1	2
13	42710174	42718966	3	2	1	2
13	42718967	48646552	3	2	1	2
13	48646553	48654010	4	2	2	2
13	48654011	51611954	3	2	1	2
13	51611955	51619585	4	2	2	2
13	51619586	55262576	3	2	1	2
13	55262577	55265395	4	2	2	2
13	55265396	60355138	3	2	1	2
13	60355139	60618923	2	1	1	2
13	60618924	64491987	3	2	1	2
13	64491988	64504656	4	2	2	2
13	64504657	73994462	3	2	1	2
13	73994463	74000377	4	3	1	2
13	74000378	75380763	3	2	1	2
13	75380764	78042875	2	2	0	2
13	78042876	78046753	3	3	0	1
13	78046754	78618974	2	2	0	2
13	78618975	82464219	3	3	0	2
13	82464220	82468191	1	1	0	2
13	82468192	90943641	1	1	0	2
13	90943642	91869085	2	2	0	2
13	91869086	91876291	2	2	0	2
13	91876292	95638071	2	2	0	2
13	95638072	95638270	2	2	0	2
13	95638271	95643026	2	2	0	2
13	95643027	95643324	2	2	0	2
13	95643325	95724941	2	2	0	2
13	95724942	95729644	3	3	0	2
13	95729645	100664355	2	2	0	2
13	100664356	100685368	2	2	0	2
13	100685369	114286381	2	2	0	2
14	1	16099999	3	2	1	1
14	16100000	19099999	3	2	1	2
14	19100000	20476045	3	2	1	2
14	20476046	24865009	3	2	1	3
14	24865010	24872215	4	2	2	2
14	24872216	25175901	4	2	2	2
14	25175902	25180859	4	2	2	2
14	25180860	27554184	4	2	2	2
14	27554185	32052514	3	2	1	2
14	32052515	32056933	3	2	1	2
14	32056934	32056956	3	2	1	2
14	32056957	34260831	3	2	1	2
14	34260832	34273367	3	2	1	2
14	34273368	35722552	3	2	1	2
14	35722553	35872174	4	2	2	3
14	35872175	39923524	3	2	1	2
14	39923525	39926204	3	2	1	2
14	39926205	40046883	3	2	1	2
14	40046884	40123899	3	2	1	2
14	40123900	43387408	3	2	1	2
14	43387409	43419136	2	1	1	3
14	43419137	43435812	3	2	1	2
14	43435813	43444116	3	2	1	2
14	43444117	43716784	3	2	1	2
14	43716785	43718118	3	2	1	2
14	43718119	55479811	3	2	1	2
14	55479812	55487300	4	3	1	2
14	55487301	56795677	3	2	1	2
14	56795678	56828363	4	3	1	2
14	56828364	57173049	3	2	1	2
14	57173050	57199384	4	2	2	2
14	57199385	57612009	3	2	1	2
14	57612010	57612036	3	2	1	2
14	57612037	62006152	3	2	1	2
14	62006153	62065350	4	3	1	3
14	62065351	63503567	3	2	1	2
14	63503568	63505676	3	2	1	2
14	63505677	63675960	3	2	1	2
14	63675961	63676200	3	2	1	2
14	63676201	65741982	3	2	1	2
14	65741983	65761503	3	2	1	2
14	65761504	76385504	3	2	1	2
14	76385505	76391126	3	2	1	2
14	76391127	93429999	3	2	1	2
14	93430000	97265338	4	3	1	2
14	97265339	97276347	5	3	2	2
14	97276348	101008223	4	3	1	2
14	101008224	101013752	4	3	1	2
14	101013753	106368400	4	3	1	2
15	1	15799999	3	2	1	1
15	15800000	20699999	3	2	1	2
15	20700000	24246629	3	2	1	2
15	24246630	24263832	3	2	1	2
15	24263833	30843001	3	2	1	3
15	30843002	33731602	2	1	1	3
15	33731603	33733846	2	1	1	2
15	33733847	35253392	2	1	1	3
15	35253393	35270464	2	1	1	2
15	35270465	44966829	2	1	1	3
15	44966830	44998439	2	1	1	2
15	44998440	44998467	2	1	1	2
15	44998468	52572661	2	1	1	3
15	52572662	53476738	1	1	0	3
15	53476739	54460385	2	1	1	3
15	54460386	57513669	3	2	1	3
15	57513670	57525458	4	3	1	1
15	57525459	57606040	3	2	1	3
15	57606041	61974122	3	2	1	2
15	61974123	61974305	3	2	1	2
15	61974306	64308063	3	2	1	2
15	64308064	69540476	2	2	0	2
15	69540477	71769667	3	2	1	2
15	71769668	71802228	5	4	1	2
15	71802229	76788240	3	2	1	2
15	76788241	76811965	4	3	1	2
15	76811966	80583452	3	2	1	2
15	80583453	86065533	4	2	2	2
15	86065534	86193931	5	3	2	2
15	86193932	93896041	6	3	3	2
15	93896042	95141811	5	3	2	2
15	95141812	95155761	7	5	2	2
15	95155762	95155776	7	5	2	2
15	95155777	99578142	5	3	2	2
15	99578143	99815372	6	3	3	2
15	99815373	100338800	5	3	2	2
15	100338801	102405099	5	3	2	2
16	84170	3152519	4	3	1	2
16	3152520	3154374	2	1	1	2
16	3154375	4412977	4	3	1	2
16	4412978	4435094	5	4	1	2
16	4435095	4768878	4	3	1	2
16	4768879	4773004	3	2	1	2
16	4773005	12902149	4	3	1	2
16	12902150	12910697	5	4	1	2
16	12910698	13664708	4	3	1	2
16	13664709	13671036	4	3	1	2
16	13671037	15629743	4	3	1	2
16	15629744	15635954	5	3	2	2
16	15635955	15645952	5	3	2	1
16	15645953	15646497	5	3	2	1
16	15646498	15646600	5	3	2	1
16	15646601	17656770	5	3	2	2
16	17656771	17662577	6	3	3	2
16	17662578	18961089	5	3	2	2
16	18961090	18961317	5	3	2	2
16	18961318	20415038	5	3	2	2
16	20415039	20423876	7	5	2	2
16	20423877	25385576	5	3	2	2
16	25385577	25395981	5	3	2	2
16	25395982	27831658	5	3	2	2
16	27831659	27857337	6	3	3	2
16	27857338	30070287	5	3	2	2
16	30070288	30079544	5	3	2	2
16	30079545	32232500	5	3	2	2
16	32232501	33962500	4	2	2	2
16	33962501	38599999	NA	NA	NA	NA
16	38600000	46447499	3	2	1	3
16	46447500	46831179	3	2	1	2
16	46831180	47223417	5	4	1	2
16	47223418	53957931	3	2	1	2
16	53957932	53965713	3	2	1	2
16	53965714	58210162	3	2	1	2
16	58210163	58254475	4	3	1	3
16	58254476	58591899	3	2	1	3
16	58591900	58637731	3	2	1	3
16	58637732	64727196	3	2	1	2
16	64727197	64727423	3	2	1	2
16	64727424	70278231	3	2	1	2
16	70278232	74283457	4	2	2	2
16	74283458	74286344	4	2	2	2
16	74286345	82697674	4	2	2	2
16	82697675	82730620	5	3	2	2
16	82730621	85204165	4	2	2	2
16	85204166	85214468	5	3	2	2
16	85214469	88498539	4	2	2	2
16	88498540	88558891	5	3	2	2
16	88558892	88831248	4	2	2	2
16	88831249	88870300	4	2	2	2
16	88870301	89961265	4	2	2	3
16	89961266	89966723	4	2	2	2
17	12500	2251274	2	2	0	2
17	2251275	2306810	2	2	0	2
17	2306811	12646444	2	2	0	2
17	12646445	12648226	2	2	0	2
17	12648227	14512918	2	2	0	2
17	14512919	17526291	1	1	0	3
17	17526292	17572728	1	1	0	3
17	17572729	20933303	1	1	0	2
17	20933304	20936653	1	1	0	2
17	20936654	22199999	3	3	0	3
17	22200000	25799999	3	3	0	3
17	25800000	38152896	3	3	0	3
17	38152897	38172810	3	3	0	1
17	38172811	44229981	2	2	0	3
17	44229982	44368004	2	2	0	2
17	44368005	46839000	2	2	0	3
17	46839001	53612824	4	4	0	2
17	53612825	53621452	4	4	0	2
17	53621453	65091082	4	4	0	2
17	65091083	65114854	5	5	0	2
17	65114855	78774600	4	4	0	2
17	78774601	81195209	4	4	0	2
18	27500	125323	5	3	2	2
18	125324	330881	5	3	2	2
18	330882	350108	6	3	3	2
18	350109	567184	5	3	2	2
18	567185	4249994	4	2	2	2
18	4249995	4397444	3	2	1	2
18	4397445	4407647	3	2	1	2
18	4407648	10095810	3	2	1	2
18	10095811	10098915	3	2	1	2
18	10098916	10796552	3	2	1	2
18	10796553	15399999	4	2	2	2
18	15400000	18999999	NA	NA	NA	NA
18	19000000	26296137	2	2	0	2
18	26296138	27585656	1	1	0	2
18	27585657	34994174	1	1	0	2
18	34994175	34995706	1	1	0	2
18	34995707	49674984	1	1	0	2
18	49674985	49675392	1	1	0	2
18	49675393	56416608	1	1	0	2
18	56416609	56426150	3	3	0	1
18	56426151	76117000	1	1	0	2
18	76117001	78077247	1	1	0	2
19	102500	245630	2	2	0	2
19	245631	5388954	2	2	0	2
19	5388955	5396584	3	3	0	1
19	5396585	8187824	2	2	0	3
19	8187825	8203614	5	3	2	2
19	8203615	8208731	6	5	1	1
19	8208732	9800018	5	3	2	2
19	9800019	9816611	5	3	2	2
19	9816612	10550295	5	3	2	2
19	10550296	10599852	6	4	2	2
19	10599853	11283877	5	3	2	2
19	11283878	11291897	5	3	2	2
19	11291898	13244983	5	3	2	2
19	13244984	13264503	5	3	2	2
19	13264504	15645943	5	3	2	2
19	15645944	16542496	6	4	2	2
19	16542497	18035591	5	3	2	3
19	18035592	18044100	6	3	3	1
19	18044101	20132087	5	3	2	3
19	20132088	21349867	6	4	2	2
19	21349868	21750532	10	8	2	2
19	21750533	21950801	11	9	2	2
19	21950802	22603387	5	3	2	2
19	22603388	22603418	11	9	2	2
19	22603419	22677965	6	4	2	2
19	22677966	22677981	6	4	2	2
19	22677982	24399999	2	2	0	2
19	24400000	28599999	2	2	0	2
19	28600000	32847842	2	2	0	3
19	32847843	32848828	2	2	0	2
19	32848829	32939032	2	2	0	3
19	32939033	36946047	3	2	1	3
19	36946048	36946271	3	2	1	3
19	36946272	42316101	3	2	1	3
19	42316102	42588217	3	2	1	2
19	42588218	43787499	3	2	1	3
19	43787500	45442677	3	2	1	3
19	45442678	55251000	2	2	0	3
19	55251001	59128982	2	2	0	3
20	46924	100061	3	3	0	2
20	100062	314994	7	4	3	2
20	314995	535096	6	4	2	2
20	535097	972990	5	3	2	2
20	972991	1829168	4	2	2	2
20	1829169	1829673	4	2	2	2
20	1829674	1856529	4	2	2	2
20	1856530	2197874	3	2	1	2
20	2197875	2205044	3	2	1	2
20	2205045	2369122	3	2	1	2
20	2369123	2586389	4	3	1	2
20	2586390	3049963	3	2	1	2
20	3049964	3089105	4	2	2	2
20	3089106	3234124	3	2	1	2
20	3234125	3245024	3	2	1	2
20	3245025	3424214	3	2	1	2
20	3424215	3440468	4	2	2	2
20	3440469	3588039	3	2	1	2
20	3588040	3614528	4	2	2	2
20	3614529	4135907	3	2	1	2
20	4135908	5211637	2	2	0	2
20	5211638	5217967	2	2	0	2
20	5217968	9274389	2	2	0	2
20	9274390	9283312	2	2	0	2
20	9283313	10506929	2	2	0	2
20	10506930	10629027	4	2	2	2
20	10629028	11226615	8	6	2	2
20	11226616	11241830	8	6	2	2
20	11241831	11253994	8	6	2	2
20	11253995	11265891	8	6	2	2
20	11265892	11363831	8	6	2	2
20	11363832	12185510	10	8	2	1
20	12185511	12215424	10	8	2	1
20	12215425	12361949	9	7	2	2
20	12361950	12617885	8	6	2	2
20	12617886	12619596	7	5	2	2
20	12619597	12621435	7	5	2	1
20	12621436	12639196	7	5	2	2
20	12639197	13415039	6	4	2	2
20	13415040	13415413	6	4	2	1
20	13415414	13429339	5	3	2	2
20	13429340	15602312	4	4	0	2
20	15602313	17191105	5	5	0	2
20	17191106	18980351	6	6	0	2
20	18980352	19422500	5	5	0	2
20	19422501	19487555	6	6	0	2
20	19487556	20320602	3	3	0	2
20	20320603	20322737	7	7	0	2
20	20322738	21854626	3	3	0	2
20	21854627	24804230	5	5	0	2
20	24804231	25160917	4	4	0	2
20	25160918	25312523	4	4	0	2
20	25312524	29446357	NA	NA	NA	NA
20	29446358	29493221	6	4	2	2
20	29493222	29620402	7	5	2	2
20	29620403	31805431	6	4	2	2
20	31805432	31805455	6	4	2	2
20	31805456	32840071	6	4	2	2
20	32840072	35260552	2	2	0	3
20	35260553	35269341	2	2	0	2
20	35269342	42074746	2	2	0	3
20	42074747	43248491	4	2	2	2
20	43248492	45818609	5	3	2	2
20	45818610	46999235	6	3	3	2
20	46999236	47544549	7	4	3	2
20	47544550	47546023	7	4	3	2
20	47546024	47909310	5	4	1	2
20	47909311	49057777	4	3	1	2
20	49057778	49058380	4	3	1	2
20	49058381	51760406	4	3	1	2
20	51760407	51785579	5	4	1	2
20	51785580	52953035	4	3	1	2
20	52953036	53022007	5	3	2	1
20	53022008	53870559	4	3	1	2
20	53870560	53870574	4	3	1	2
20	53870575	55088389	3	2	1	2
20	55088390	57209679	5	4	1	2
20	57209680	57218668	7	6	1	1
20	57218669	57497105	5	4	1	2
20	57497106	57512362	4	3	1	2
20	57512363	57635919	5	4	1	2
20	57635920	57651885	7	6	1	2
20	57651886	62435800	5	4	1	2
21	1	10899999	NA	NA	NA	NA
21	10900000	14447201	3	2	1	1
21	14447202	15914269	1	1	0	2
21	15914270	15914907	1	1	0	2
21	15914908	15918225	2	2	0	1
21	15918226	15918255	1	1	0	2
21	15918256	18052702	1	1	0	3
21	18052703	18651874	2	2	0	3
21	18651875	18689667	2	2	0	2
21	18689668	19106455	2	2	0	2
21	19106456	19139512	3	3	0	1
21	19139513	19398292	2	2	0	2
21	19398293	19404949	3	3	0	1
21	19404950	19430874	2	2	0	2
21	19430875	19983556	1	1	0	2
21	19983557	20144239	2	2	0	2
21	20144240	20301993	1	1	0	3
21	20301994	22232980	2	2	0	2
21	22232981	23606084	1	1	0	3
21	23606085	23813884	2	2	0	3
21	23813885	24386446	1	1	0	3
21	24386447	24450225	2	2	0	2
21	24450226	25111456	1	1	0	3
21	25111457	29118285	2	2	0	2
21	29118286	29183845	2	2	0	2
21	29183846	30386314	2	2	0	2
21	30386315	30393565	3	3	0	2
21	30393566	31735847	2	2	0	2
21	31735848	31739494	2	2	0	2
21	31739495	33882779	2	2	0	2
21	33882780	34133032	3	2	1	2
21	34133033	34144041	3	2	1	2
21	34144042	41831174	3	2	1	2
21	41831175	41831304	3	2	1	2
21	41831305	45969356	3	2	1	2
21	45969357	45981794	5	4	1	2
21	45981795	47836068	3	2	1	2
21	47836069	47988868	2	1	1	2
22	1	12199999	3	2	1	1
22	12200000	17899999	3	2	1	3
22	17900000	19320289	3	2	1	3
22	19320290	19327474	4	2	2	1
22	19327475	22792064	3	2	1	3
22	22792065	22795178	3	2	1	2
22	22795179	27051312	3	2	1	3
22	27051313	27051568	3	2	1	3
22	27051569	27687747	3	2	1	3
22	27687748	27689175	3	2	1	2
22	27689176	30520123	3	2	1	2
22	30520124	30529934	3	2	1	2
22	30529935	33842046	3	2	1	2
22	33842047	34467909	4	3	1	2
22	34467910	34468944	4	3	1	2
22	34468945	37772945	4	3	1	2
22	37772946	37785589	4	3	1	2
22	37785590	38164902	4	3	1	2
22	38164903	38168221	4	3	1	2
22	38168222	40954277	4	3	1	2
22	40954278	40985177	4	3	1	2
22	40985178	43123902	4	3	1	2
22	43123903	46451429	3	3	0	2
22	46451430	49881549	1	1	0	2
22	49881550	49891381	1	1	0	2
22	49891382	51304565	1	1	0	3
X	1	11942488	2	1	1	2
X	11942489	19001645	3	2	1	2
X	19001646	19023580	2	1	1	2
X	19023581	21727384	3	2	1	2
X	21727385	21731913	2	1	1	2
X	21731914	24156076	3	2	1	2
X	24156077	24167842	3	2	1	2
X	24167843	40689197	3	2	1	2
X	40689198	40693174	2	1	1	2
X	40693175	40956335	3	2	1	2
X	40956336	40980850	4	2	2	2
X	40980851	53836920	3	2	1	2
X	53836921	53847336	4	3	1	2
X	53847337	55980935	3	2	1	2
X	55980936	55982832	2	1	1	2
X	55982833	56095695	2	1	1	2
X	56095696	56111507	2	1	1	2
X	56111508	56427980	3	2	1	2
X	56427981	58099999	2	1	1	2
X	58100000	62999999	NA	NA	NA	NA
X	63000000	65556468	3	2	1	2
X	65556469	65556729	3	2	1	1
X	65556730	65558092	2	1	1	2
X	65558093	65558126	2	1	1	2
X	65558127	67004078	3	2	1	2
X	67004079	67010539	2	1	1	2
X	67010540	69689414	3	2	1	2
X	69689415	69694168	4	3	1	2
X	69694169	77112954	3	2	1	2
X	77112955	77161272	3	2	1	2
X	77161273	77347765	3	2	1	2
X	77347766	83936672	2	1	1	2
X	83936673	83945632	3	2	1	2
X	83945633	96545736	2	1	1	2
X	96545737	96770878	2	1	1	2
X	96770879	104324222	2	1	1	2
X	104324223	104325304	2	1	1	2
X	104325305	104498104	2	1	1	2
X	104498105	104498363	2	1	1	2
X	104498364	106108398	2	1	1	2
X	106108399	112967016	1	1	0	3
X	112967017	112967239	1	1	0	2
X	112967240	112980665	1	1	0	1
X	112980666	119467981	2	2	0	2
X	119467982	119558637	1	1	0	2
X	119558638	126973210	2	2	0	2
X	126973211	126976255	1	1	0	2
X	126976256	136512775	2	2	0	2
X	136512776	151998596	1	1	0	2
X	151998597	154913600	2	2	0	2
