chromosome	start	end	total_cn	major_cn	minor_cn	star
1	1	121499999	2	1	1	3
1	121500000	128899999	2	1	1	3
1	128900000	142618684	2	1	1	2
1	142618685	142623412	2	1	1	2
1	142623413	142639909	2	1	1	2
1	142639910	143536370	2	1	1	2
1	143536371	247249600	2	1	1	3
1	247249601	249250620	2	1	1	3
2	20016	11969465	2	1	1	3
2	11969466	14400332	1	1	0	3
2	14400333	14405550	1	1	0	2
2	14405551	14420187	1	1	0	2
2	14420188	16916033	2	1	1	3
2	16916034	16937471	1	1	0	2
2	16937472	17054487	2	1	1	3
2	17054488	17093372	1	1	0	2
2	17093373	22299087	1	1	0	3
2	22299088	25026177	2	1	1	3
2	25026178	25026208	2	1	1	3
2	25026209	36771086	2	1	1	3
2	36771087	52820805	1	1	0	3
2	52820806	52874127	2	1	1	3
2	52874128	52878386	2	1	1	2
2	52878387	64816508	2	1	1	3
2	64816509	64960363	2	1	1	3
2	64960364	64960694	1	1	0	1
2	64960695	64960916	1	1	0	2
2	64960917	65008697	1	1	0	3
2	65008698	65013245	1	1	0	3
2	65013246	68528254	1	1	0	3
2	68528255	68529054	1	1	0	3
2	68529055	68738002	1	1	0	3
2	68738003	75366615	2	1	1	3
2	75366616	75402601	1	1	0	3
2	75402602	75460868	2	1	1	3
2	75460869	82590414	1	1	0	3
2	82590415	90499999	2	1	1	3
2	90500000	96799999	2	1	1	3
2	96800000	150073081	2	1	1	3
2	150073082	150080534	2	1	1	3
2	150080535	242999968	2	1	1	3
3	100074	20704346	2	1	1	3
3	20704347	20721664	1	1	0	1
3	20721665	20809090	2	1	1	3
3	20809091	20848263	1	1	0	2
3	20848264	20910616	2	1	1	3
3	20910617	21188925	1	1	0	3
3	21188926	24227129	2	1	1	3
3	24227130	27016259	1	1	0	3
3	27016260	42495018	2	1	1	3
3	42495019	62308168	1	1	0	3
3	62308169	62315326	2	1	1	1
3	62315327	62317744	2	1	1	2
3	62317745	62324659	2	1	1	2
3	62324660	62324703	2	1	1	2
3	62324704	75504483	2	1	1	3
3	75504484	75534956	1	1	0	2
3	75534957	75619001	2	1	1	3
3	75619002	75770003	1	1	0	2
3	75770004	85709273	1	1	0	3
3	85709274	87899999	2	1	1	3
3	87900000	93899999	2	1	1	3
3	93900000	197847500	2	1	1	3
4	27500	48199999	2	1	1	3
4	48200000	52699999	2	1	1	3
4	52700000	190603563	2	1	1	3
4	190603564	190790246	2	1	1	2
5	27757	46099999	2	1	1	3
5	46100000	50699999	2	1	1	3
5	50700000	77892171	2	1	1	3
5	77892172	77892205	2	1	1	3
5	77892206	140129028	2	1	1	3
5	140129029	140144730	2	1	1	3
5	140144731	171924607	2	1	1	3
5	171924608	171935826	2	1	1	2
5	171935827	180715810	2	1	1	3
6	39681	205799	2	1	1	1
6	205800	26126437	2	1	1	3
6	26126438	26126478	2	1	1	3
6	26126479	58699999	2	1	1	3
6	58700000	63299999	2	1	1	3
6	63300000	170919735	2	1	1	3
7	40386	57999999	2	1	1	3
7	58000000	61699999	2	1	1	3
7	61700000	158821400	2	1	1	3
8	1	155756	2	1	1	2
8	155757	16560703	2	1	1	3
8	16560704	16975579	2	1	1	1
8	16975580	43099999	2	1	1	3
8	43100000	48099999	2	1	1	3
8	48100000	146364021	2	1	1	3
9	58360	47299999	2	1	1	3
9	47300000	50699999	2	1	1	2
9	50700000	70848379	2	1	1	2
9	70848380	140273200	2	1	1	3
10	102500	37999999	2	1	1	3
10	38000000	42299999	2	1	1	3
10	42300000	135389924	2	1	1	3
11	20721	197336	2	1	1	2
11	197337	8540383	2	1	1	3
11	8540384	8541771	2	1	1	3
11	8541772	51599999	2	1	1	3
11	51600000	55699999	2	1	1	3
11	55700000	134452200	2	1	1	3
12	110107	33299999	2	1	1	3
12	33300000	38199999	2	1	1	3
12	38200000	132349400	2	1	1	3
12	132349401	133851894	2	1	1	3
13	1	16299999	2	1	1	1
13	16300000	19499999	2	1	1	2
13	19500000	114142800	2	1	1	3
13	114142801	115169877	2	1	1	3
14	1	16099999	2	1	1	1
14	16100000	19099999	2	1	1	2
14	19100000	61896352	2	1	1	3
14	61896353	62061594	3	2	1	2
14	62061595	106368400	2	1	1	3
15	1	15799999	2	1	1	1
15	15800000	20699999	2	1	1	3
15	20700000	100338800	2	1	1	3
15	100338801	102431166	2	1	1	3
16	101357	34599999	2	1	1	3
16	34600000	38599999	2	1	1	3
16	38600000	88827200	2	1	1	3
16	88827201	90354752	2	1	1	3
17	7	22199999	2	1	1	3
17	22200000	25799999	2	1	1	3
17	25800000	35728789	2	1	1	3
17	35728790	35895907	3	2	1	2
17	35895908	36309970	3	2	1	2
17	36309971	36400372	3	2	1	2
17	36400373	78774600	2	1	1	3
17	78774601	81195209	2	1	1	3
18	27500	15399999	2	1	1	3
18	15400000	18999999	2	1	1	3
18	19000000	76117000	2	1	1	3
18	76117001	78077247	2	1	1	3
19	102500	247287	1	1	0	2
19	247288	6414735	1	1	0	3
19	6414736	24399999	2	1	1	3
19	24400000	28599999	2	1	1	3
19	28600000	59128982	2	1	1	3
20	32012	25599999	2	1	1	3
20	25600000	29399999	2	1	1	3
20	29400000	62432500	2	1	1	3
21	1	9417499	NA	NA	NA	NA
21	9417500	9831072	NA	NA	NA	NA
21	9831073	9838984	NA	NA	NA	NA
21	9838985	10411350	NA	NA	NA	NA
21	10411351	10420940	NA	NA	NA	NA
21	10420941	10507099	NA	NA	NA	NA
21	10507100	10534001	NA	NA	NA	NA
21	10534002	10575736	NA	NA	NA	NA
21	10575737	10706111	NA	NA	NA	NA
21	10706112	10729889	NA	NA	NA	NA
21	10729890	10741853	NA	NA	NA	NA
21	10741854	10777472	NA	NA	NA	NA
21	10777473	10786670	NA	NA	NA	NA
21	10786671	10899999	NA	NA	NA	NA
21	10900000	14404273	1	1	0	1
21	14404274	15273637	1	1	0	2
21	15273638	16753067	1	1	0	3
21	16753068	16794171	2	1	1	2
21	16794172	16800065	2	1	1	2
21	16800066	16818710	2	1	1	2
21	16818711	16901465	1	1	0	2
21	16901466	16922006	1	1	0	1
21	16922007	16931594	1	1	0	2
21	16931595	16953979	2	1	1	2
21	16953980	16959572	1	1	0	2
21	16959573	17030002	2	1	1	2
21	17030003	17041902	1	1	0	1
21	17041903	17046547	2	1	1	2
21	17046548	17054605	1	1	0	1
21	17054606	17061380	1	1	0	1
21	17061381	17077924	2	1	1	1
21	17077925	17115126	2	1	1	1
21	17115127	17123135	2	1	1	1
21	17123136	17213246	2	1	1	2
21	17213247	17245676	2	1	1	2
21	17245677	17404383	2	1	1	2
21	17404384	17405791	2	1	1	2
21	17405792	17418855	2	1	1	2
21	17418856	17472588	2	1	1	2
21	17472589	17573976	2	1	1	2
21	17573977	17636582	2	1	1	2
21	17636583	17641442	1	1	0	2
21	17641443	17688746	2	1	1	3
21	17688747	17707692	1	1	0	2
21	17707693	17739137	2	1	1	3
21	17739138	17750158	1	1	0	2
21	17750159	17776529	2	1	1	3
21	17776530	17782191	1	1	0	2
21	17782192	17841180	2	1	1	3
21	17841181	17849508	2	1	1	2
21	17849509	17876563	2	1	1	2
21	17876564	17884844	2	1	1	2
21	17884845	17922690	2	1	1	3
21	17922691	17964844	1	1	0	2
21	17964845	18019896	2	1	1	2
21	18019897	18157337	1	1	0	2
21	18157338	18195678	2	1	1	3
21	18195679	18206287	1	1	0	1
21	18206288	18223166	2	1	1	2
21	18223167	18264997	2	1	1	2
21	18264998	18275196	2	1	1	2
21	18275197	18289074	2	1	1	2
21	18289075	18356087	2	1	1	2
21	18356088	18358805	2	1	1	2
21	18358806	18449490	2	1	1	3
21	18449491	18462057	1	1	0	2
21	18462058	18482172	1	1	0	2
21	18482173	18547113	1	1	0	2
21	18547114	18741540	2	1	1	2
21	18741541	18756974	1	1	0	2
21	18756975	18916394	2	1	1	3
21	18916395	18917495	2	1	1	2
21	18917496	18989820	2	1	1	3
21	18989821	18994182	1	1	0	1
21	18994183	19039803	2	1	1	3
21	19039804	19084340	2	1	1	3
21	19084341	19087141	1	1	0	2
21	19087142	19105534	2	1	1	2
21	19105535	19135783	2	1	1	2
21	19135784	19137479	2	1	1	2
21	19137480	19197114	2	1	1	2
21	19197115	19216825	2	1	1	2
21	19216826	19216866	1	1	0	1
21	19216867	19222305	2	1	1	2
21	19222306	19299262	2	1	1	3
21	19299263	19299318	2	1	1	2
21	19299319	19299475	2	1	1	2
21	19299476	19313742	2	1	1	2
21	19313743	19371909	2	1	1	3
21	19371910	19514647	1	1	0	3
21	19514648	19534070	2	1	1	1
21	19534071	19540266	1	1	0	1
21	19540267	19562034	1	1	0	1
21	19562035	19569696	1	1	0	2
21	19569697	19597378	2	1	1	2
21	19597379	19608259	2	1	1	2
21	19608260	19632663	2	1	1	2
21	19632664	19636239	1	1	0	1
21	19636240	19710633	2	1	1	3
21	19710634	19720562	2	1	1	3
21	19720563	19724575	1	1	0	2
21	19724576	19758914	2	1	1	2
21	19758915	19761173	2	1	1	2
21	19761174	19780670	2	1	1	3
21	19780671	19782575	2	1	1	2
21	19782576	19802168	2	1	1	3
21	19802169	19803681	1	1	0	1
21	19803682	19821794	2	1	1	2
21	19821795	19833470	1	1	0	1
21	19833471	19844673	2	1	1	2
21	19844674	19856210	2	1	1	2
21	19856211	19900741	2	1	1	2
21	19900742	19909714	4	3	1	2
21	19909715	19943364	2	1	1	2
21	19943365	19947325	2	1	1	2
21	19947326	19963757	2	1	1	2
21	19963758	19972469	1	1	0	2
21	19972470	20060197	2	2	0	2
21	20060198	20061159	1	1	0	1
21	20061160	20130623	2	1	1	3
21	20130624	20138906	1	1	0	1
21	20138907	20149865	1	1	0	1
21	20149866	20155442	2	1	1	1
21	20155443	20240878	2	1	1	3
21	20240879	20315201	2	1	1	3
21	20315202	20319216	2	1	1	3
21	20319217	20364909	2	1	1	3
21	20364910	20376017	2	1	1	2
21	20376018	20395742	2	1	1	2
21	20395743	20402108	2	1	1	2
21	20402109	20506503	2	1	1	3
21	20506504	20508050	2	1	1	2
21	20508051	20511271	2	1	1	2
21	20511272	20520302	1	1	0	2
21	20520303	20585159	2	1	1	2
21	20585160	20639992	2	1	1	2
21	20639993	20652639	2	1	1	2
21	20652640	20700628	2	1	1	2
21	20700629	20704459	1	1	0	2
21	20704460	20709417	1	1	0	2
21	20709418	20758217	1	1	0	2
21	20758218	20857947	2	1	1	3
21	20857948	20882993	1	1	0	2
21	20882994	21049676	2	1	1	3
21	21049677	21067655	1	1	0	2
21	21067656	21087794	1	1	0	2
21	21087795	21090958	2	1	1	1
21	21090959	21096014	2	1	1	1
21	21096015	21100243	2	1	1	1
21	21100244	21148722	2	1	1	2
21	21148723	21152198	2	1	1	2
21	21152199	21191352	2	1	1	2
21	21191353	21194614	2	1	1	2
21	21194615	21378641	2	1	1	2
21	21378642	21392699	2	1	1	1
21	21392700	21409838	2	1	1	1
21	21409839	21420609	2	1	1	1
21	21420610	21432509	1	1	0	2
21	21432510	21436393	1	1	0	2
21	21436394	21444377	1	1	0	2
21	21444378	21486188	2	1	1	2
21	21486189	21493311	2	1	1	2
21	21493312	21516960	2	1	1	2
21	21516961	21526270	2	1	1	2
21	21526271	21635331	2	1	1	2
21	21635332	21640581	2	1	1	2
21	21640582	21645106	2	1	1	2
21	21645107	21652185	1	1	0	2
21	21652186	21667409	2	1	1	2
21	21667410	21673216	1	1	0	2
21	21673217	21705959	2	1	1	2
21	21705960	21708091	2	1	1	2
21	21708092	21721491	2	1	1	2
21	21721492	21724654	2	1	1	2
21	21724655	21767391	2	1	1	2
21	21767392	21777521	1	1	0	2
21	21777522	21788455	2	1	1	2
21	21788456	21794710	1	1	0	1
21	21794711	21921316	2	1	1	3
21	21921317	21959193	1	1	0	2
21	21959194	21967540	2	1	1	2
21	21967541	22073023	2	1	1	2
21	22073024	22076854	2	1	1	2
21	22076855	22084018	2	1	1	2
21	22084019	22099300	2	1	1	2
21	22099301	22138778	2	1	1	2
21	22138779	22144762	2	1	1	2
21	22144763	22264284	2	1	1	2
21	22264285	22296320	2	1	1	2
21	22296321	22317180	1	1	0	2
21	22317181	22332724	2	1	1	3
21	22332725	22334237	2	1	1	2
21	22334238	22409145	2	1	1	3
21	22409146	22412342	2	1	1	2
21	22412343	22443628	2	1	1	2
21	22443629	22461216	3	2	1	1
21	22461217	22494080	2	1	1	2
21	22494081	22496912	2	1	1	2
21	22496913	22509032	2	1	1	2
21	22509033	22556039	2	1	1	2
21	22556040	22559295	2	1	1	2
21	22559296	22659487	2	1	1	2
21	22659488	22663168	2	1	1	1
21	22663169	22694117	2	1	1	2
21	22694118	22700615	1	1	0	2
21	22700616	22745727	2	1	1	2
21	22745728	22749039	2	1	1	2
21	22749040	22749245	2	1	1	2
21	22749246	22759605	2	1	1	2
21	22759606	22826925	2	1	1	2
21	22826926	22833111	2	1	1	2
21	22833112	22842230	2	1	1	2
21	22842231	22846235	2	1	1	2
21	22846236	22874908	2	1	1	2
21	22874909	22884104	1	1	0	2
21	22884105	22900335	2	1	1	2
21	22900336	22911780	1	1	0	2
21	22911781	22993457	2	1	1	3
21	22993458	22996872	1	1	0	1
21	22996873	23084126	2	1	1	2
21	23084127	23125771	2	1	1	2
21	23125772	23137092	1	1	0	2
21	23137093	23165646	2	1	1	2
21	23165647	23193570	1	1	0	2
21	23193571	23245832	2	1	1	2
21	23245833	23259449	2	1	1	2
21	23259450	23284309	1	1	0	1
21	23284310	23286580	1	1	0	2
21	23286581	23288420	0	0	0	1
21	23288421	23312087	2	1	1	2
21	23312088	23330894	1	1	0	2
21	23330895	23348546	2	1	1	2
21	23348547	23352623	1	1	0	2
21	23352624	23383041	2	1	1	2
21	23383042	23384865	2	1	1	2
21	23384866	23448286	2	1	1	3
21	23448287	23449802	1	1	0	2
21	23449803	23452591	1	1	0	2
21	23452592	23466279	1	1	0	2
21	23466280	23480704	2	1	1	2
21	23480705	23519330	1	1	0	3
21	23519331	23587935	2	1	1	2
21	23587936	23590669	2	1	1	2
21	23590670	23597864	1	1	0	1
21	23597865	23644381	2	1	1	2
21	23644382	23645281	2	1	1	2
21	23645282	23654229	2	1	1	2
21	23654230	23716945	2	1	1	2
21	23716946	23749841	2	1	1	2
21	23749842	23751508	2	1	1	2
21	23751509	23813422	2	1	1	3
21	23813423	23824441	1	1	0	2
21	23824442	23826985	1	1	0	2
21	23826986	23833908	1	1	0	2
21	23833909	23893384	2	1	1	2
21	23893385	23909115	2	1	1	2
21	23909116	23912448	1	1	0	2
21	23912449	23920802	2	1	1	2
21	23920803	24006604	1	1	0	2
21	24006605	24013340	1	1	0	2
21	24013341	24018208	2	1	1	2
21	24018209	24020512	1	1	0	1
21	24020513	24034097	2	1	1	3
21	24034098	24049971	1	1	0	2
21	24049972	24083883	2	1	1	2
21	24083884	24087769	2	1	1	2
21	24087770	24148704	2	1	1	3
21	24148705	24153688	2	1	1	2
21	24153689	24168895	2	1	1	2
21	24168896	24178525	2	1	1	2
21	24178526	24184418	2	1	1	2
21	24184419	24187211	2	1	1	2
21	24187212	24225423	2	1	1	3
21	24225424	24292715	2	1	1	2
21	24292716	24335928	2	1	1	3
21	24335929	24412526	2	1	1	3
21	24412527	24420028	1	1	0	2
21	24420029	24462852	2	1	1	2
21	24462853	24509090	2	1	1	2
21	24509091	24542870	2	1	1	3
21	24542871	24553767	1	1	0	1
21	24553768	24567548	2	1	1	3
21	24567549	24575898	1	1	0	2
21	24575899	24609825	2	1	1	3
21	24609826	24620401	2	1	1	2
21	24620402	24632436	1	1	0	2
21	24632437	24672122	2	1	1	3
21	24672123	24679252	1	1	0	2
21	24679253	24691535	2	1	1	2
21	24691536	24701255	1	1	0	2
21	24701256	24709838	1	1	0	2
21	24709839	24712343	NA	NA	NA	NA
21	24712344	24781406	NA	NA	NA	NA
21	24781407	24788574	NA	NA	NA	NA
21	24788575	24828914	NA	NA	NA	NA
21	24828915	24832794	NA	NA	NA	NA
21	24832795	24844813	NA	NA	NA	NA
21	24844814	24854441	NA	NA	NA	NA
21	24854442	24902894	NA	NA	NA	NA
21	24902895	24920550	1	1	0	1
21	24920551	24953445	NA	NA	NA	NA
21	24953446	24958165	NA	NA	NA	NA
21	24958166	24970793	NA	NA	NA	NA
21	24970794	24994970	2	1	1	1
21	24994971	25003242	2	1	1	1
21	25003243	25170210	2	1	1	1
21	25170211	25174653	2	1	1	1
21	25174654	25187792	2	1	1	1
21	25187793	25193870	2	1	1	1
21	25193871	25228256	2	1	1	1
21	25228257	25233136	2	1	1	1
21	25233137	25331587	2	1	1	2
21	25331588	25334329	1	1	0	2
21	25334330	25343993	2	1	1	2
21	25343994	25346197	2	1	1	2
21	25346198	25385103	2	1	1	2
21	25385104	25404360	1	1	0	3
21	25404361	25417412	2	1	1	2
21	25417413	25420322	2	1	1	2
21	25420323	25466245	2	1	1	3
21	25466246	25516244	2	1	1	2
21	25516245	25533648	2	1	1	2
21	25533649	25560638	2	1	1	3
21	25560639	25569860	1	1	0	2
21	25569861	25577151	2	1	1	2
21	25577152	25584242	1	1	0	2
21	25584243	25592285	1	1	0	2
21	25592286	25611170	2	1	1	3
21	25611171	25632289	2	1	1	3
21	25632290	25640381	1	1	0	2
21	25640382	25644609	2	1	1	2
21	25644610	25651647	1	1	0	2
21	25651648	25691521	2	1	1	2
21	25691522	25731030	2	1	1	2
21	25731031	25744740	1	1	0	1
21	25744741	25799093	2	1	1	2
21	25799094	25819962	1	1	0	3
21	25819963	25976756	2	1	1	3
21	25976757	25983562	1	1	0	1
21	25983563	26015930	2	1	1	2
21	26015931	26027205	4	3	1	2
21	26027206	26034167	2	1	1	2
21	26034168	26039774	4	3	1	2
21	26039775	26257401	2	1	1	3
21	26257402	26375995	1	1	0	2
21	26375996	26446399	2	1	1	2
21	26446400	26450896	2	1	1	2
21	26450897	26461202	2	1	1	2
21	26461203	26474961	1	1	0	2
21	26474962	26555357	2	1	1	2
21	26555358	26556900	1	1	0	2
21	26556901	26666261	1	1	0	2
21	26666262	26695947	1	1	0	1
21	26695948	26701113	2	1	1	2
21	26701114	26711284	2	1	1	2
21	26711285	26746755	2	1	1	2
21	26746756	26763423	1	1	0	2
21	26763424	26780590	2	1	1	3
21	26780591	26789814	1	1	0	2
21	26789815	26814707	2	1	1	3
21	26814708	26819776	2	1	1	2
21	26819777	26834822	2	1	1	2
21	26834823	26852883	1	1	0	1
21	26852884	26909829	2	1	1	2
21	26909830	26929278	1	1	0	2
21	26929279	27027875	2	1	1	2
21	27027876	27032609	2	1	1	2
21	27032610	27056056	2	1	1	2
21	27056057	27058511	2	1	1	1
21	27058512	27061604	2	1	1	1
21	27061605	27071574	2	1	1	2
21	27071575	27084016	2	1	1	2
21	27084017	27094436	2	1	1	1
21	27094437	27102988	1	1	0	1
21	27102989	27114355	1	1	0	1
21	27114356	27135933	1	1	0	1
21	27135934	27299035	1	1	0	3
21	27299036	27302926	1	1	0	3
21	27302927	27311206	2	1	1	1
21	27311207	27327927	2	1	1	2
21	27327928	27332216	1	1	0	1
21	27332217	27333406	3	2	1	1
21	27333407	27335534	2	1	1	2
21	27335535	27401570	2	1	1	3
21	27401571	27405202	2	1	1	2
21	27405203	27591619	2	1	1	3
21	27591620	27601230	2	1	1	2
21	27601231	27606939	2	1	1	2
21	27606940	27729493	2	1	1	3
21	27729494	27743591	1	1	0	2
21	27743592	27814630	2	1	1	3
21	27814631	27818343	2	1	1	2
21	27818344	27841976	2	1	1	2
21	27841977	27844775	2	1	1	2
21	27844776	27882075	2	1	1	3
21	27882076	27885815	2	1	1	3
21	27885816	27910401	2	1	1	3
21	27910402	27914718	2	1	1	2
21	27914719	27960831	2	1	1	2
21	27960832	27968454	2	1	1	2
21	27968455	28027978	2	1	1	2
21	28027979	28043700	2	1	1	2
21	28043701	28045795	2	1	1	2
21	28045796	28145823	2	1	1	3
21	28145824	28156944	1	1	0	1
21	28156945	28285639	2	1	1	3
21	28285640	28297934	1	1	0	2
21	28297935	28484114	2	1	1	3
21	28484115	28490306	2	1	1	2
21	28490307	28513881	2	1	1	3
21	28513882	28520485	2	1	1	2
21	28520486	28534210	2	1	1	2
21	28534211	28545926	1	1	0	1
21	28545927	28581432	2	1	1	2
21	28581433	28662493	2	1	1	2
21	28662494	28682768	1	1	0	2
21	28682769	28696711	2	1	1	2
21	28696712	28700940	1	1	0	1
21	28700941	28705900	2	1	1	2
21	28705901	28707076	2	1	1	2
21	28707077	28730812	2	1	1	2
21	28730813	28773785	1	1	0	3
21	28773786	28794459	2	1	1	3
21	28794460	28797036	1	1	0	1
21	28797037	28864853	2	1	1	3
21	28864854	28868007	2	1	1	2
21	28868008	28921585	2	1	1	3
21	28921586	28924803	1	1	0	1
21	28924804	28947769	2	1	1	2
21	28947770	28947827	2	1	1	2
21	28947828	29017572	1	1	0	3
21	29017573	29028781	1	1	0	2
21	29028782	29032924	2	1	1	2
21	29032925	29048345	2	1	1	2
21	29048346	29084174	2	1	1	2
21	29084175	29105141	2	1	1	2
21	29105142	29111483	1	1	0	1
21	29111484	29192578	2	1	1	2
21	29192579	29200084	2	1	1	1
21	29200085	29239155	2	1	1	2
21	29239156	29254125	1	1	0	2
21	29254126	29262905	1	1	0	2
21	29262906	29271996	2	1	1	2
21	29271997	29287271	1	1	0	2
21	29287272	29290134	1	1	0	2
21	29290135	29300458	1	1	0	2
21	29300459	29394483	2	1	1	3
21	29394484	29404446	1	1	0	2
21	29404447	29469396	2	1	1	3
21	29469397	29472127	1	1	0	1
21	29472128	29523182	2	1	1	2
21	29523183	29527939	1	1	0	2
21	29527940	29528985	2	1	1	1
21	29528986	29534501	1	1	0	1
21	29534502	29547153	2	1	1	2
21	29547154	29548333	2	1	1	2
21	29548334	29555225	2	1	1	2
21	29555226	29557893	1	1	0	2
21	29557894	29578469	2	1	1	2
21	29578470	29632036	1	1	0	2
21	29632037	29677934	2	1	1	2
21	29677935	29694225	1	1	0	2
21	29694226	29698087	4	3	1	2
21	29698088	29707769	1	1	0	2
21	29707770	29823540	2	1	1	2
21	29823541	29850397	2	1	1	3
21	29850398	29871176	1	1	0	3
21	29871177	29887741	2	1	1	3
21	29887742	29901912	1	1	0	2
21	29901913	29908893	2	1	1	2
21	29908894	30035020	1	1	0	2
21	30035021	30055857	2	1	1	2
21	30055858	30058439	1	1	0	1
21	30058440	30098335	2	1	1	3
21	30098336	30133140	1	1	0	2
21	30133141	30177432	2	1	1	3
21	30177433	30181519	1	1	0	1
21	30181520	30196779	2	1	1	1
21	30196780	30267887	2	1	1	2
21	30267888	30285197	1	1	0	2
21	30285198	30345280	2	1	1	2
21	30345281	30465509	2	1	1	2
21	30465510	30528476	2	1	1	2
21	30528477	30543040	1	1	0	2
21	30543041	30570539	2	1	1	2
21	30570540	30572693	2	1	1	2
21	30572694	30635868	2	1	1	3
21	30635869	30684262	1	1	0	1
21	30684263	30709147	2	1	1	2
21	30709148	30714183	1	1	0	2
21	30714184	30724378	2	1	1	2
21	30724379	30751236	1	1	0	3
21	30751237	30761615	2	1	1	2
21	30761616	30775022	2	1	1	2
21	30775023	30815133	2	1	1	2
21	30815134	30818601	2	1	1	1
21	30818602	30818692	2	1	1	2
21	30818693	30827623	2	1	1	1
21	30827624	30930214	1	1	0	2
21	30930215	30964193	2	1	1	2
21	30964194	30966981	2	1	1	2
21	30966982	31052388	2	1	1	3
21	31052389	31059470	2	1	1	2
21	31059471	31100821	2	1	1	2
21	31100822	31102464	2	1	1	1
21	31102465	31104648	2	1	1	1
21	31104649	31104916	2	1	1	1
21	31104917	31120118	1	1	0	1
21	31120119	31203537	2	1	1	3
21	31203538	31213962	2	1	1	2
21	31213963	31277393	2	1	1	2
21	31277394	31291385	2	1	1	2
21	31291386	31292606	2	1	1	2
21	31292607	31303123	2	1	1	2
21	31303124	31309577	2	1	1	2
21	31309578	31311346	1	1	0	1
21	31311347	31312897	2	1	1	1
21	31312898	31346357	2	1	1	2
21	31346358	31349628	2	1	1	2
21	31349629	31388081	2	1	1	2
21	31388082	31394324	2	1	1	1
21	31394325	31459178	2	1	1	3
21	31459179	31474614	1	1	0	2
21	31474615	31504189	2	1	1	2
21	31504190	31557470	2	1	1	3
21	31557471	31557501	2	1	1	2
21	31557502	31560769	1	1	0	2
21	31560770	31603955	2	1	1	3
21	31603956	31608522	1	1	0	2
21	31608523	31619449	2	1	1	2
21	31619450	31676595	1	1	0	3
21	31676596	31763422	2	1	1	3
21	31763423	31769679	2	1	1	2
21	31769680	31833809	2	1	1	2
21	31833810	31865122	2	1	1	2
21	31865123	31934201	2	1	1	2
21	31934202	31940380	2	1	1	2
21	31940381	31952691	2	1	1	2
21	31952692	31966660	1	1	0	2
21	31966661	31981072	1	1	0	2
21	31981073	32065514	1	1	0	2
21	32065515	32158226	1	1	0	2
21	32158227	32162797	1	1	0	2
21	32162798	32170618	1	1	0	2
21	32170619	32183723	1	1	0	1
21	32183724	32196771	1	1	0	2
21	32196772	32202323	1	1	0	2
21	32202324	32300807	2	1	1	3
21	32300808	32322484	1	1	0	3
21	32322485	32528107	2	1	1	3
21	32528108	32541436	1	1	0	1
21	32541437	32544219	1	1	0	2
21	32544220	32549728	2	1	1	2
21	32549729	32571929	2	1	1	3
21	32571930	32687993	1	1	0	2
21	32687994	32688050	2	1	1	1
21	32688051	32830460	2	1	1	3
21	32830461	32870247	1	1	0	3
21	32870248	32913166	2	1	1	3
21	32913167	32917742	1	1	0	1
21	32917743	32928789	2	1	1	3
21	32928790	32932574	2	1	1	2
21	32932575	33184139	2	1	1	3
21	33184140	33191753	1	1	0	1
21	33191754	33284304	2	1	1	3
21	33284305	33292857	2	1	1	3
21	33292858	33463707	2	1	1	2
21	33463708	33470279	2	1	1	2
21	33470280	33485995	2	1	1	2
21	33485996	33489419	2	1	1	2
21	33489420	33625569	2	1	1	2
21	33625570	33626120	2	1	1	2
21	33626121	33665993	2	1	1	2
21	33665994	33696218	2	1	1	2
21	33696219	33703274	2	1	1	2
21	33703275	33719046	1	1	0	1
21	33719047	33812856	1	1	0	3
21	33812857	33818490	2	1	1	2
21	33818491	33822361	1	1	0	1
21	33822362	33864552	2	1	1	3
21	33864553	33875428	1	1	0	2
21	33875429	33911343	2	1	1	3
21	33911344	33923290	2	1	1	2
21	33923291	33932900	2	2	0	1
21	33932901	33935778	2	2	0	1
21	33935779	33964590	2	1	1	2
21	33964591	33969353	1	1	0	1
21	33969354	33986004	2	1	1	2
21	33986005	33993192	2	1	1	2
21	33993193	34008894	2	1	1	2
21	34008895	34108811	2	1	1	2
21	34108812	34121609	2	1	1	2
21	34121610	34184491	2	1	1	2
21	34184492	34190536	2	2	0	1
21	34190537	34194890	2	1	1	2
21	34194891	34215300	2	1	1	2
21	34215301	34228743	2	1	1	2
21	34228744	34373338	2	1	1	3
21	34373339	34378580	2	1	1	2
21	34378581	34414016	2	1	1	3
21	34414017	34415841	2	1	1	2
21	34415842	34668990	2	1	1	3
21	34668991	34670643	2	1	1	2
21	34670644	34703829	2	1	1	2
21	34703830	34751188	2	2	0	1
21	34751189	34766956	2	1	1	2
21	34766957	34778670	1	1	0	2
21	34778671	34835470	2	1	1	3
21	34835471	34847975	1	1	0	1
21	34847976	34855902	2	1	1	2
21	34855903	34871787	2	1	1	2
21	34871788	34961791	2	1	1	2
21	34961792	34973757	2	1	1	2
21	34973758	34980952	2	1	1	2
21	34980953	34987219	2	1	1	2
21	34987220	35100722	2	1	1	3
21	35100723	35110788	2	1	1	2
21	35110789	35150206	2	1	1	3
21	35150207	35169850	1	1	0	1
21	35169851	35339048	2	1	1	3
21	35339049	35342837	2	1	1	2
21	35342838	35366318	2	1	1	2
21	35366319	35371500	2	1	1	2
21	35371501	35426855	2	1	1	2
21	35426856	35428787	2	1	1	2
21	35428788	35455715	2	1	1	2
21	35455716	35511942	2	1	1	2
21	35511943	35596044	2	1	1	3
21	35596045	35608411	1	1	0	2
21	35608412	35757105	2	1	1	2
21	35757106	35758021	2	1	1	2
21	35758022	35893627	2	1	1	3
21	35893628	35907155	1	1	0	1
21	35907156	35929199	2	1	1	2
21	35929200	36003856	2	1	1	2
21	36003857	36010990	4	3	1	2
21	36010991	36022587	2	1	1	3
21	36022588	36024303	1	1	0	1
21	36024304	36031600	2	1	1	2
21	36031601	36049493	1	1	0	2
21	36049494	36131859	2	1	1	3
21	36131860	36134389	2	1	1	2
21	36134390	36147454	2	1	1	3
21	36147455	36151461	1	1	0	1
21	36151462	36180750	2	1	1	2
21	36180751	36209542	2	1	1	2
21	36209543	36216218	1	1	0	2
21	36216219	36351857	2	1	1	3
21	36351858	36358395	2	1	1	2
21	36358396	36474117	2	1	1	2
21	36474118	36526221	2	1	1	2
21	36526222	36556684	2	1	1	2
21	36556685	36560079	2	1	1	2
21	36560080	36704065	2	1	1	3
21	36704066	36750315	1	1	0	3
21	36750316	36767751	2	1	1	1
21	36767752	36806331	1	1	0	2
21	36806332	36847669	2	1	1	2
21	36847670	36849654	2	1	1	2
21	36849655	36865661	2	1	1	3
21	36865662	36869648	2	1	1	2
21	36869649	36929307	2	1	1	3
21	36929308	36940606	2	1	1	2
21	36940607	36963244	NA	NA	NA	NA
21	36963245	37008447	2	1	1	1
21	37008448	37051117	2	1	1	2
21	37051118	37055088	2	1	1	2
21	37055089	37094172	2	1	1	1
21	37094173	37096577	2	1	1	1
21	37096578	37131133	2	1	1	2
21	37131134	37133526	2	1	1	2
21	37133527	37231111	2	1	1	2
21	37231112	37286537	2	1	1	2
21	37286538	37293332	2	1	1	2
21	37293333	37351763	2	1	1	2
21	37351764	37355786	1	1	0	1
21	37355787	37382338	2	1	1	2
21	37382339	37389850	2	1	1	2
21	37389851	37515222	2	1	1	2
21	37515223	37539511	2	1	1	3
21	37539512	37539674	2	1	1	2
21	37539675	37550272	1	1	0	2
21	37550273	37662410	2	1	1	3
21	37662411	37667837	2	1	1	2
21	37667838	37852407	2	1	1	3
21	37852408	37855399	1	1	0	1
21	37855400	38116065	2	1	1	3
21	38116066	38119831	1	1	0	1
21	38119832	38325304	2	1	1	3
21	38325305	38327672	2	1	1	2
21	38327673	38366030	2	1	1	2
21	38366031	38537229	2	1	1	3
21	38537230	38574682	1	1	0	1
21	38574683	38662819	2	1	1	2
21	38662820	38672152	1	1	0	1
21	38672153	38703125	2	1	1	3
21	38703126	38706880	1	1	0	1
21	38706881	38726824	2	1	1	3
21	38726825	38729426	1	1	0	1
21	38729427	38754771	2	1	1	3
21	38754772	38762011	1	1	0	2
21	38762012	38763726	1	1	0	3
21	38763727	38851984	1	1	0	3
21	38851985	38888393	2	1	1	3
21	38888394	38892120	1	1	0	1
21	38892121	38926800	2	1	1	2
21	38926801	38931971	4	3	1	2
21	38931972	38949403	2	1	1	2
21	38949404	38963586	2	1	1	2
21	38963587	38967250	1	1	0	2
21	38967251	39003180	2	1	1	2
21	39003181	39029870	2	1	1	2
21	39029871	39034540	2	1	1	2
21	39034541	39037420	2	1	1	2
21	39037421	39043552	1	1	0	2
21	39043553	39067011	2	1	1	2
21	39067012	39069172	2	1	1	2
21	39069173	39214704	2	1	1	3
21	39214705	39222780	1	1	0	1
21	39222781	39281673	2	1	1	2
21	39281674	39286911	2	1	1	2
21	39286912	39294254	2	1	1	3
21	39294255	39297489	1	1	0	1
21	39297490	39310765	2	1	1	2
21	39310766	39322603	1	1	0	1
21	39322604	39350858	2	1	1	3
21	39350859	39355069	1	1	0	1
21	39355070	39467634	2	1	1	3
21	39467635	39477807	2	1	1	2
21	39477808	39491493	2	1	1	2
21	39491494	39495032	1	1	0	2
21	39495033	39497502	2	1	1	2
21	39497503	39508507	1	1	0	1
21	39508508	39518788	2	1	1	2
21	39518789	39524404	1	1	0	1
21	39524405	39530385	2	1	1	3
21	39530386	39539781	1	1	0	2
21	39539782	39666366	2	1	1	3
21	39666367	39668590	2	1	1	2
21	39668591	39752721	2	1	1	3
21	39752722	39816922	2	1	1	3
21	39816923	39866921	2	1	1	3
21	39866922	39867735	2	1	1	3
21	39867736	39915130	2	1	1	3
21	39915131	39931969	2	1	1	2
21	39931970	40012260	2	1	1	3
21	40012261	40014263	0	0	0	1
21	40014264	40099922	2	1	1	3
21	40099923	40106154	2	1	1	3
21	40106155	40119843	2	1	1	2
21	40119844	40121904	2	1	1	2
21	40121905	40154048	2	1	1	3
21	40154049	40168883	1	1	0	3
21	40168884	40248298	2	1	1	3
21	40248299	40270619	2	1	1	3
21	40270620	40289695	2	1	1	2
21	40289696	40304609	1	1	0	2
21	40304610	40319190	2	1	1	2
21	40319191	40320716	2	1	1	2
21	40320717	40529378	2	1	1	2
21	40529379	40535029	2	1	1	2
21	40535030	40556408	2	1	1	2
21	40556409	40565475	4	3	1	2
21	40565476	40596980	2	1	1	3
21	40596981	40597025	1	1	0	2
21	40597026	40619282	1	1	0	3
21	40619283	40693400	2	1	1	2
21	40693401	40697237	4	3	1	2
21	40697238	40749591	2	1	1	2
21	40749592	40750672	2	1	1	2
21	40750673	40774127	2	1	1	2
21	40774128	40795309	1	1	0	3
21	40795310	40798467	1	1	0	2
21	40798468	40798624	1	1	0	2
21	40798625	40798656	1	1	0	2
21	40798657	40814550	1	1	0	2
21	40814551	40846494	2	1	1	2
21	40846495	40863133	1	1	0	2
21	40863134	40904471	2	1	1	2
21	40904472	40910335	1	1	0	2
21	40910336	40916253	2	1	1	2
21	40916254	40921047	2	1	1	2
21	40921048	40959970	2	1	1	3
21	40959971	40972099	1	1	0	2
21	40972100	40985207	2	1	1	2
21	40985208	40986118	2	1	1	2
21	40986119	40986963	2	1	1	2
21	40986964	41000303	2	1	1	2
21	41000304	41019009	2	1	1	3
21	41019010	41029369	1	1	0	2
21	41029370	41037536	2	1	1	1
21	41037537	41047460	2	1	1	2
21	41047461	41131810	2	1	1	2
21	41131811	41143332	1	1	0	3
21	41143333	41149419	1	1	0	2
21	41149420	41171840	2	1	1	2
21	41171841	41176777	1	1	0	2
21	41176778	41284840	2	1	1	3
21	41284841	41306018	2	1	1	3
21	41306019	41310940	2	1	1	2
21	41310941	41478205	2	1	1	2
21	41478206	41479650	2	1	1	2
21	41479651	41487269	2	1	1	3
21	41487270	41490714	2	1	1	2
21	41490715	41514277	2	1	1	3
21	41514278	41517546	1	1	0	2
21	41517547	41593720	2	1	1	3
21	41593721	41596594	2	1	1	2
21	41596595	41674050	2	1	1	2
21	41674051	41675668	2	1	1	2
21	41675669	41729573	2	1	1	3
21	41729574	41733359	2	1	1	2
21	41733360	41851350	2	1	1	3
21	41851351	41857390	1	1	0	1
21	41857391	41874972	2	1	1	2
21	41874973	41879398	1	1	0	2
21	41879399	41882857	2	1	1	2
21	41882858	41897777	2	1	1	2
21	41897778	41938043	1	1	0	2
21	41938044	42014761	2	1	1	3
21	42014762	42093304	2	1	1	3
21	42093305	42105637	2	1	1	2
21	42105638	42135445	2	1	1	2
21	42135446	42142548	2	1	1	2
21	42142549	42163063	2	1	1	1
21	42163064	42173004	2	1	1	2
21	42173005	42304338	2	1	1	3
21	42304339	42311942	2	1	1	2
21	42311943	42326624	2	1	1	2
21	42326625	42332531	2	2	0	1
21	42332532	42336182	2	2	0	1
21	42336183	42338446	2	1	1	2
21	42338447	42348962	2	1	1	2
21	42348963	42474342	2	1	1	3
21	42474343	42475292	2	1	1	3
21	42475293	42516830	2	1	1	3
21	42516831	42524512	1	1	0	2
21	42524513	42540069	2	1	1	2
21	42540070	42546279	1	1	0	2
21	42546280	42883050	2	1	1	3
21	42883051	42886481	2	1	1	2
21	42886482	42955322	2	1	1	3
21	42955323	43011496	2	1	1	3
21	43011497	43017583	2	1	1	2
21	43017584	43037963	2	1	1	2
21	43037964	43078444	1	1	0	2
21	43078445	43133847	2	1	1	3
21	43133848	43139485	1	1	0	1
21	43139486	43162606	2	1	1	2
21	43162607	43190225	1	1	0	2
21	43190226	43253385	2	1	1	3
21	43253386	43351276	1	1	0	3
21	43351277	43371984	1	1	0	3
21	43371985	43414291	2	1	1	3
21	43414292	43425565	1	1	0	2
21	43425566	43585664	2	1	1	3
21	43585665	43601818	2	1	1	2
21	43601819	43679580	2	1	1	2
21	43679581	43682768	2	1	1	2
21	43682769	43784423	2	1	1	3
21	43784424	43788783	1	1	0	1
21	43788784	43810696	2	1	1	3
21	43810697	43819627	1	1	0	2
21	43819628	43851336	2	1	1	3
21	43851337	43856476	2	1	1	2
21	43856477	43883380	2	1	1	2
21	43883381	43885869	4	3	1	2
21	43885870	43918045	2	1	1	2
21	43918046	43925193	2	1	1	2
21	43925194	43949879	2	1	1	2
21	43949880	44022635	1	1	0	3
21	44022636	44168668	2	1	1	3
21	44168669	44172262	2	1	1	2
21	44172263	44174953	2	1	1	2
21	44174954	44188230	2	1	1	2
21	44188231	44200937	0	0	0	1
21	44200938	44239396	1	1	0	1
21	44239397	44249503	2	1	1	2
21	44249504	44250334	2	1	1	2
21	44250335	44255645	2	1	1	2
21	44255646	44267377	2	1	1	2
21	44267378	44298024	2	1	1	2
21	44298025	44308934	2	1	1	2
21	44308935	44396925	2	1	1	3
21	44396926	44489716	2	1	1	2
21	44489717	44490450	2	1	1	2
21	44490451	44498762	2	1	1	2
21	44498763	44504169	2	2	0	1
21	44504170	44504302	2	1	1	2
21	44504303	44595784	2	1	1	2
21	44595785	45025791	2	1	1	2
21	45025792	45043819	2	1	1	2
21	45043820	45128409	2	1	1	2
21	45128410	45234371	2	1	1	3
21	45234372	45237594	1	1	0	2
21	45237595	45289726	2	1	1	3
21	45289727	45296019	1	1	0	2
21	45296020	45331288	2	1	1	2
21	45331289	45360442	1	1	0	3
21	45360443	45507028	2	1	1	3
21	45507029	45508722	1	1	0	1
21	45508723	45567883	2	1	1	3
21	45567884	45571877	1	1	0	1
21	45571878	45581937	2	1	1	2
21	45581938	45584427	1	1	0	1
21	45584428	45588750	2	1	1	2
21	45588751	45592492	1	1	0	2
21	45592493	45694714	2	1	1	3
21	45694715	45696039	2	1	1	3
21	45696040	45711282	2	1	1	2
21	45711283	45711329	2	1	1	2
21	45711330	45715008	1	1	0	1
21	45715009	45751811	2	1	1	2
21	45751812	45756180	2	1	1	2
21	45756181	45843289	2	1	1	2
21	45843290	45856135	1	1	0	2
21	45856136	45948383	2	1	1	2
21	45948384	45950199	2	1	1	2
21	45950200	46003830	2	1	1	3
21	46003831	46006506	2	1	1	2
21	46006507	46073284	2	1	1	3
21	46073285	46180552	2	1	1	3
21	46180553	46180609	2	1	1	2
21	46180610	46184274	1	1	0	1
21	46184275	46187047	2	1	1	2
21	46187048	46196935	1	1	0	2
21	46196936	46203469	1	1	0	2
21	46203470	46350409	1	1	0	3
21	46350410	46432764	2	1	1	3
21	46432765	46437823	2	1	1	2
21	46437824	46459329	2	1	1	2
21	46459330	46494243	2	1	1	2
21	46494244	46495002	2	1	1	2
21	46495003	46523469	2	1	1	2
21	46523470	46531843	2	1	1	2
21	46531844	46727294	2	1	1	2
21	46727295	46735190	2	1	1	2
21	46735191	46778164	2	1	1	2
21	46778165	46782386	4	3	1	2
21	46782387	46782399	0	0	0	1
21	46782400	46788718	1	1	0	2
21	46788719	46875503	2	1	1	3
21	46875504	46878472	2	1	1	2
21	46878473	46908480	2	1	1	2
21	46908481	46913901	1	1	0	1
21	46913902	46988900	2	1	1	2
21	46988901	46994784	2	1	1	2
21	46994785	47033362	2	1	1	2
21	47033363	47034577	1	1	0	2
21	47034578	47116040	1	1	0	1
21	47116041	47224766	2	1	1	2
21	47224767	47229553	2	1	1	2
21	47229554	47413276	2	1	1	2
21	47413277	47414310	2	1	1	2
21	47414311	47452809	1	1	0	2
21	47452810	47515170	2	1	1	2
21	47515171	47518768	2	1	1	2
21	47518769	47567141	2	1	1	2
21	47567142	47573738	250	236	14	1
21	47573739	47582309	251	147	104	1
21	47582310	47597549	1	1	0	2
21	47597550	47612260	1	1	0	2
21	47612261	47618042	248	229	19	1
21	47618043	47731907	2	1	1	2
21	47731908	47796062	2	1	1	2
21	47796063	47805715	496	421	75	1
21	47805716	47854070	2	1	1	2
21	47854071	47861462	1	1	0	2
21	47861463	47891212	497	409	88	1
21	47891213	47900884	1	1	0	2
21	47900885	47981689	2	1	1	2
21	47981690	47997548	2	1	1	2
21	47997549	48004605	499	338	161	1
21	48004606	48040370	2	1	1	2
21	48040371	48044616	2	1	1	2
21	48044617	48077526	2	1	1	2
21	48077527	48085194	2	1	1	2
22	1	12199999	2	1	1	1
22	12200000	17899999	2	1	1	3
22	17900000	49691400	2	1	1	3
22	49691401	51304565	2	1	1	3
X	1	48895873	2	1	1	2
X	48895874	58099999	1	1	0	3
X	58100000	62999999	1	1	0	2
X	63000000	87908704	1	1	0	2
X	87908705	87910391	1	1	0	2
X	87910392	87920938	1	1	0	1
X	87920939	88023861	2	1	1	2
X	88023862	88097063	2	1	1	2
X	88097064	88394811	2	1	1	2
X	88394812	88444811	2	1	1	2
X	88444812	88446869	2	1	1	2
X	88446870	88550742	2	1	1	2
X	88550743	88555029	2	1	1	2
X	88555030	88662352	2	1	1	2
X	88662353	88681920	2	1	1	2
X	88681921	88711021	2	1	1	2
X	88711022	88721015	2	1	1	2
X	88721016	88845143	2	1	1	2
X	88845144	88856893	2	1	1	2
X	88856894	88898027	2	1	1	2
X	88898028	88903695	2	1	1	2
X	88903696	88905489	2	1	1	2
X	88905490	88937378	2	1	1	2
X	88937379	89105953	1	1	0	2
X	89105954	89347528	2	1	1	2
X	89347529	89405120	2	1	1	2
X	89405121	89414427	2	1	1	2
X	89414428	89514801	2	1	1	2
X	89514802	89527146	2	1	1	2
X	89527147	89752152	2	1	1	2
X	89752153	89774354	2	1	1	2
X	89774355	89833146	2	1	1	2
X	89833147	89880531	2	1	1	2
X	89880532	89887317	2	1	1	2
X	89887318	89929003	2	1	1	2
X	89929004	89934322	2	1	1	2
X	89934323	89987307	2	1	1	2
X	89987308	90049493	2	1	1	2
X	90049494	90054346	2	1	1	2
X	90054347	90102296	2	1	1	2
X	90102297	90108656	2	1	1	2
X	90108657	90157922	2	1	1	2
X	90157923	90184394	2	1	1	2
X	90184395	90187159	2	1	1	2
X	90187160	90200759	2	1	1	2
X	90200760	90206795	2	1	1	2
X	90206796	90216578	2	1	1	2
X	90216579	90230792	2	1	1	2
X	90230793	90242208	2	1	1	2
X	90242209	90281248	2	1	1	2
X	90281249	90297219	2	1	1	2
X	90297220	90359095	2	1	1	2
X	90359096	90438358	2	1	1	2
X	90438359	90473086	2	1	1	2
X	90473087	90489822	2	1	1	2
X	90489823	90532850	2	1	1	2
X	90532851	90588109	2	1	1	2
X	90588110	90595271	2	1	1	2
X	90595272	90632655	2	1	1	2
X	90632656	90635842	2	1	1	2
X	90635843	90663973	2	1	1	2
X	90663974	90666803	2	1	1	2
X	90666804	90709966	2	1	1	2
X	90709967	90715208	2	1	1	2
X	90715209	90856302	2	1	1	2
X	90856303	90867070	2	1	1	2
X	90867071	90907174	2	1	1	2
X	90907175	90911088	2	1	1	2
X	90911089	90924268	2	1	1	2
X	90924269	90937030	2	1	1	2
X	90937031	90960167	2	1	1	2
X	90960168	90996546	2	1	1	2
X	90996547	91003306	2	2	0	1
X	91003307	91018079	1	1	0	1
X	91018080	91094494	1	1	0	1
X	91094495	91109145	1	1	0	1
X	91109146	91112284	1	1	0	1
X	91112285	91152677	1	1	0	1
X	91152678	91230174	1	1	0	1
X	91230175	91260331	1	1	0	1
X	91260332	91263326	1	1	0	1
X	91263327	91293835	1	1	0	1
X	91293836	91299085	1	1	0	1
X	91299086	91380129	1	1	0	1
X	91380130	91387159	1	1	0	1
X	91387160	91449865	2	1	1	2
X	91449866	91452679	2	1	1	2
X	91452680	91452745	2	1	1	2
X	91452746	91577729	2	1	1	2
X	91577730	91612251	2	1	1	2
X	91612252	91638628	2	1	1	2
X	91638629	91669517	2	1	1	2
X	91669518	91763638	2	1	1	2
X	91763639	91823283	2	1	1	2
X	91823284	91895103	2	1	1	2
X	91895104	91902720	2	1	1	2
X	91902721	91949549	2	1	1	2
X	91949550	92136819	2	1	1	2
X	92136820	92149934	2	1	1	2
X	92149935	92205230	2	1	1	2
X	92205231	92209168	2	1	1	2
X	92209169	92217400	2	1	1	2
X	92217401	92229303	2	1	1	2
X	92229304	92290564	2	1	1	2
X	92290565	92295819	2	1	1	2
X	92295820	92330443	2	1	1	2
X	92330444	92336982	2	1	1	2
X	92336983	92377385	2	1	1	2
X	92377386	92384113	2	1	1	2
X	92384114	92396085	2	1	1	2
X	92396086	92403718	2	1	1	2
X	92403719	92419609	2	1	1	2
X	92419610	92433671	2	1	1	2
X	92433672	92502870	2	1	1	2
X	92502871	92514620	2	1	1	2
X	92514621	92611745	2	1	1	2
X	92611746	92664761	2	1	1	2
X	92664762	92666924	2	1	1	2
X	92666925	92669048	2	1	1	2
X	92669049	92717898	2	1	1	2
X	92717899	92727211	1	1	0	2
X	92727212	92730974	2	1	1	2
X	92730975	92732630	2	2	0	2
X	92732631	92794874	2	1	1	2
X	92794875	92797269	2	1	1	2
X	92797270	92837074	2	1	1	2
X	92837075	92842022	1	1	0	2
X	92842023	92845888	2	1	1	2
X	92845889	92856362	1	1	0	2
X	92856363	92909665	2	1	1	2
X	92909666	92967046	2	1	1	2
X	92967047	92973837	2	1	1	2
X	92973838	92992055	2	1	1	2
X	92992056	93009111	2	1	1	2
X	93009112	93026077	2	1	1	2
X	93026078	93038604	2	1	1	2
X	93038605	93082305	2	1	1	2
X	93082306	93117169	1	1	0	2
X	93117170	93127714	1	1	0	2
X	93127715	93129014	2	1	1	2
X	93129015	93164961	2	1	1	2
X	93164962	93173751	1	1	0	2
X	93173752	93354505	2	1	1	2
X	93354506	93408269	2	1	1	2
X	93408270	93415922	1	1	0	2
X	93415923	93470890	2	1	1	2
X	93470891	93478365	1	1	0	2
X	93478366	93499000	2	1	1	2
X	93499001	93501987	2	1	1	2
X	93501988	93522071	1	1	0	2
X	93522072	93600027	2	1	1	2
X	93600028	93786769	2	1	1	2
X	93786770	93797371	2	1	1	2
X	93797372	93819972	1	1	0	2
X	93819973	93836394	2	1	1	2
X	93836395	93847224	1	1	0	2
X	93847225	93976383	2	1	1	2
X	93976384	93980783	2	1	1	2
X	93980784	94100054	2	1	1	2
X	94100055	94214700	1	1	0	2
X	94214701	94288968	2	1	1	2
X	94288969	94292369	1	1	0	2
X	94292370	94379395	2	1	1	2
X	94379396	94438617	2	1	1	2
X	94438618	94463749	1	1	0	2
X	94463750	94509054	2	1	1	2
X	94509055	94521113	2	1	1	2
X	94521114	94658563	2	1	1	2
X	94658564	94661674	2	1	1	2
X	94661675	94682222	2	1	1	2
X	94682223	94690138	2	1	1	2
X	94690139	94748287	2	1	1	2
X	94748288	94883355	2	1	1	2
X	94883356	94894500	1	1	0	2
X	94894501	94924012	2	1	1	2
X	94924013	94936598	1	1	0	2
X	94936599	95040604	2	1	1	2
X	95040605	95099715	2	1	1	2
X	95099716	95106278	1	1	0	2
X	95106279	95129070	2	1	1	2
X	95129071	95147830	1	1	0	2
X	95147831	95155812	1	1	0	1
X	95155813	95185397	2	1	1	2
X	95185398	95191801	2	1	1	2
X	95191802	95218049	2	1	1	2
X	95218050	95225022	1	1	0	2
X	95225023	95226247	1	1	0	2
X	95226248	95247328	1	1	0	2
X	95247329	95289553	1	1	0	2
X	95289554	95305816	1	1	0	2
X	95305817	95335947	2	1	1	2
X	95335948	95337581	2	1	1	2
X	95337582	95382343	2	1	1	2
X	95382344	95423909	1	1	0	2
X	95423910	95433501	2	1	1	2
X	95433502	95433540	2	1	1	2
X	95433541	95433621	1	1	0	2
X	95433622	95437671	2	1	1	2
X	95437672	95459126	2	1	1	2
X	95459127	95464380	1	1	0	2
X	95464381	95468971	1	1	0	2
X	95468972	95477249	2	1	1	2
X	95477250	95492653	2	1	1	2
X	95492654	95514753	2	1	1	2
X	95514754	95519348	1	1	0	2
X	95519349	95524731	1	1	0	2
X	95524732	95531627	1	1	0	2
X	95531628	95535453	2	1	1	2
X	95535454	95543233	1	1	0	2
X	95543234	95582297	2	1	1	3
X	95582298	95585336	2	1	1	2
X	95585337	95597299	2	1	1	2
X	95597300	95608541	1	1	0	2
X	95608542	95630770	2	1	1	2
X	95630771	95649074	1	1	0	2
X	95649075	95708346	2	1	1	2
X	95708347	95890634	1	1	0	2
X	95890635	95971084	2	1	1	2
X	95971085	95977043	1	1	0	2
X	95977044	96038843	2	1	1	2
X	96038844	96042576	2	1	1	2
X	96042577	96056925	2	1	1	2
X	96056926	96061984	1	1	0	2
X	96061985	96114469	2	1	1	2
X	96114470	96118158	2	1	1	2
X	96118159	96160293	2	1	1	2
X	96160294	96204625	1	1	0	2
X	96204626	96243334	2	1	1	2
X	96243335	96254254	1	1	0	2
X	96254255	96402975	2	1	1	2
X	96402976	96410285	2	1	1	2
X	96410286	96435310	2	1	1	2
X	96435311	96444313	1	1	0	2
X	96444314	96532194	2	1	1	2
X	96532195	96778995	2	1	1	2
X	96778996	96787676	2	1	1	2
X	96787677	96794598	2	1	1	2
X	96794599	96884238	2	1	1	2
X	96884239	96887807	1	1	0	2
X	96887808	96889324	1	1	0	2
X	96889325	96900423	2	1	1	2
X	96900424	97078877	2	1	1	2
X	97078878	97088129	2	1	1	2
X	97088130	97092675	2	1	1	2
X	97092676	97095896	2	1	1	2
X	97095897	97142109	2	1	1	2
X	97142110	97155806	1	1	0	2
X	97155807	97165222	1	1	0	2
X	97165223	97178750	1	1	0	2
X	97178751	97211730	2	1	1	2
X	97211731	97292689	2	2	0	2
X	97292690	97386153	2	2	0	2
X	97386154	97386200	1	1	0	2
X	97386201	97540650	1	1	0	2
X	97540651	97638509	2	1	1	2
X	97638510	97642275	2	1	1	2
X	97642276	97681290	2	1	1	2
X	97681291	97693243	1	1	0	2
X	97693244	97712460	2	1	1	2
X	97712461	97723495	2	1	1	2
X	97723496	97734035	2	1	1	2
X	97734036	97742503	1	1	0	2
X	97742504	97748680	2	1	1	2
X	97748681	97761484	1	1	0	2
X	97761485	97792784	2	1	1	2
X	97792785	97796918	1	1	0	2
X	97796919	97850964	2	1	1	2
X	97850965	97866430	1	1	0	2
X	97866431	97880943	2	1	1	2
X	97880944	97897220	1	1	0	2
X	97897221	98023476	2	1	1	2
X	98023477	98044766	2	1	1	2
X	98044767	98053148	1	1	0	2
X	98053149	98107163	2	1	1	2
X	98107164	98213947	2	1	1	2
X	98213948	98221523	1	1	0	2
X	98221524	98239156	2	1	1	2
X	98239157	98244037	2	1	1	2
X	98244038	98331096	2	1	1	2
X	98331097	98334277	2	1	1	2
X	98334278	98355516	2	1	1	2
X	98355517	98357922	2	1	1	2
X	98357923	98392768	2	1	1	2
X	98392769	98396035	2	1	1	2
X	98396036	98424966	2	1	1	2
X	98424967	98439110	2	1	1	2
X	98439111	98482981	2	1	1	2
X	98482982	98483210	2	1	1	2
X	98483211	98489115	2	1	1	2
X	98489116	98512951	2	1	1	2
X	98512952	98540103	1	1	0	2
X	98540104	98578878	2	1	1	2
X	98578879	98581332	2	1	1	2
X	98581333	98723895	2	1	1	2
X	98723896	98740391	2	1	1	2
X	98740392	98772861	2	1	1	2
X	98772862	98780084	2	1	1	2
X	98780085	98801630	2	1	1	2
X	98801631	98880779	2	1	1	2
X	98880780	98893376	2	1	1	2
X	98893377	99015146	2	1	1	2
X	99015147	99017992	2	1	1	2
X	99017993	99028009	2	1	1	2
X	99028010	99064702	2	1	1	2
X	99064703	99099511	2	1	1	2
X	99099512	99108086	2	1	1	2
X	99108087	99144830	2	1	1	2
X	99144831	99148129	2	1	1	2
X	99148130	99247465	2	1	1	2
X	99247466	99258517	1	1	0	2
X	99258518	99259209	1	1	0	2
X	99259210	99265771	1	1	0	2
X	99265772	99295256	2	1	1	2
X	99295257	99299260	2	1	1	2
X	99299261	99346397	2	1	1	2
X	99346398	99346443	2	1	1	2
X	99346444	99570315	1	1	0	3
X	99570316	99618438	2	1	1	3
X	99618439	99844145	1	1	0	2
X	99844146	99872703	2	1	1	2
X	99872704	99893672	1	1	0	1
X	99893673	99935168	2	1	1	2
X	99935169	99940351	1	1	0	2
X	99940352	99949681	1	1	0	2
X	99949682	99962713	1	1	0	1
X	99962714	99975104	2	2	0	1
X	99975105	99978394	2	2	0	1
X	99978395	100061591	2	1	1	2
X	100061592	100068787	2	1	1	2
X	100068788	100401258	2	1	1	2
X	100401259	100423996	2	1	1	2
X	100423997	100427903	1	1	0	2
X	100427904	100579447	2	1	1	2
X	100579448	100621000	2	1	1	2
X	100621001	100629108	1	1	0	2
X	100629109	100754446	2	1	1	2
X	100754447	100759897	2	1	1	2
X	100759898	100981379	2	1	1	2
X	100981380	101000781	1	1	0	2
X	101000782	101019781	2	1	1	2
X	101019782	101021122	2	1	1	2
X	101021123	101027311	2	1	1	2
X	101027312	101036786	2	1	1	2
X	101036787	101037000	2	1	1	2
X	101037001	101082405	2	1	1	2
X	101082406	101115300	1	1	0	2
X	101115301	101115540	1	1	0	2
X	101115541	101118756	2	1	1	2
X	101118757	101258397	2	1	1	2
X	101258398	101289491	2	1	1	2
X	101289492	101339490	2	1	1	2
X	101339491	101358201	1	1	0	2
X	101358202	101792980	2	1	1	2
X	101792981	101796600	1	1	0	1
X	101796601	101811074	2	1	1	2
X	101811075	101813617	1	1	0	2
X	101813618	101831026	2	1	1	2
X	101831027	101850691	1	1	0	2
X	101850692	101872690	2	1	1	2
X	101872691	101880917	2	1	1	2
X	101880918	102078019	2	1	1	2
X	102078020	102084555	1	1	0	2
X	102084556	102108779	1	1	0	2
X	102108780	102121968	1	1	0	2
X	102121969	102135804	2	1	1	2
X	102135805	102208187	2	1	1	2
X	102208188	102209353	2	1	1	2
X	102209354	102320957	2	1	1	2
X	102320958	102341909	2	1	1	2
X	102341910	102346194	2	1	1	2
X	102346195	102369886	2	1	1	2
X	102369887	102377616	2	1	1	2
X	102377617	102410324	2	1	1	2
X	102410325	102454497	2	1	1	2
X	102454498	102462726	1	1	0	2
X	102462727	102475928	2	1	1	2
X	102475929	102484227	1	1	0	2
X	102484228	102505962	2	1	1	2
X	102505963	102515898	2	1	1	2
X	102515899	102564478	2	1	1	2
X	102564479	102696239	2	2	0	2
X	102696240	102711997	1	1	0	2
X	102711998	102712169	1	1	0	2
X	102712170	102715512	2	1	1	2
X	102715513	102747791	2	1	1	2
X	102747792	102811350	2	1	1	2
X	102811351	102813176	1	1	0	2
X	102813177	102813641	1	1	0	2
X	102813642	102837884	1	1	0	2
X	102837885	102845964	1	1	0	2
X	102845965	102848982	2	1	1	2
X	102848983	102882837	2	1	1	2
X	102882838	102884970	2	1	1	2
X	102884971	102898179	2	1	1	2
X	102898180	102909828	2	1	1	2
X	102909829	102950282	2	2	0	2
X	102950283	102982221	2	1	1	2
X	102982222	102982254	2	1	1	2
X	102982255	103011570	2	1	1	2
X	103011571	103017280	1	1	0	2
X	103017281	103041315	2	1	1	2
X	103041316	103042716	2	1	1	2
X	103042717	103244110	2	1	1	2
X	103244111	103293245	2	1	1	2
X	103293246	103422270	2	1	1	2
X	103422271	103467261	2	1	1	2
X	103467262	103479385	1	1	0	2
X	103479386	103530287	2	1	1	2
X	103530288	103535023	2	1	1	2
X	103535024	103580714	2	1	1	2
X	103580715	103583781	2	1	1	2
X	103583782	103586551	2	1	1	2
X	103586552	103594437	2	1	1	2
X	103594438	103662714	2	1	1	2
X	103662715	103665670	2	1	1	2
X	103665671	103757851	2	1	1	2
X	103757852	103801088	2	1	1	2
X	103801089	103803831	2	1	1	2
X	103803832	103879883	2	1	1	2
X	103879884	103881626	2	1	1	2
X	103881627	104009280	2	1	1	2
X	104009281	104014583	2	1	1	2
X	104014584	104161014	2	1	1	2
X	104161015	104168253	2	1	1	2
X	104168254	104298755	2	1	1	2
X	104298756	104302899	2	1	1	2
X	104302900	104325203	2	1	1	2
X	104325204	104331506	2	1	1	2
X	104331507	104440286	2	1	1	2
X	104440287	104488802	2	1	1	2
X	104488803	104497128	2	1	1	2
X	104497129	104505054	1	1	0	2
X	104505055	104507898	2	1	1	2
X	104507899	104511115	2	1	1	2
X	104511116	104576476	2	1	1	2
X	104576477	104580089	2	1	1	2
X	104580090	104583754	2	1	1	2
X	104583755	104594222	2	1	1	2
X	104594223	104726576	2	1	1	2
X	104726577	104729564	2	1	1	2
X	104729565	104734964	2	1	1	2
X	104734965	104736804	2	1	1	2
X	104736805	104778841	2	1	1	2
X	104778842	104793730	1	1	0	2
X	104793731	104794375	1	1	0	2
X	104794376	104796653	1	1	0	2
X	104796654	104801228	2	1	1	2
X	104801229	104803875	2	1	1	2
X	104803876	104832581	2	1	1	2
X	104832582	104834404	2	1	1	2
X	104834405	104882224	2	1	1	2
X	104882225	104898689	2	1	1	2
X	104898690	104912637	2	1	1	2
X	104912638	104915058	2	1	1	2
X	104915059	104924495	2	1	1	2
X	104924496	104927685	2	1	1	2
X	104927686	104957085	2	1	1	2
X	104957086	104970654	1	1	0	2
X	104970655	105028835	2	1	1	2
X	105028836	105151834	1	1	0	3
X	105151835	105164329	2	1	1	2
X	105164330	105172985	1	1	0	2
X	105172986	105191125	2	1	1	2
X	105191126	105196722	1	1	0	1
X	105196723	105343901	2	1	1	2
X	105343902	105345389	2	1	1	2
X	105345390	105346998	2	1	1	2
X	105346999	105356878	2	1	1	2
X	105356879	105404395	2	1	1	2
X	105404396	105406997	1	1	0	2
X	105406998	105426097	2	1	1	2
X	105426098	105457754	2	1	1	2
X	105457755	105471734	2	1	1	2
X	105471735	105471849	2	1	1	2
X	105471850	105472809	2	1	1	2
X	105472810	105544794	2	1	1	2
X	105544795	105547749	2	1	1	2
X	105547750	105620024	2	1	1	2
X	105620025	105622709	2	1	1	2
X	105622710	105798757	2	1	1	2
X	105798758	105802187	2	1	1	2
X	105802188	105815685	2	1	1	2
X	105815686	105819598	2	1	1	2
X	105819599	105885274	2	1	1	2
X	105885275	105888275	2	1	1	2
X	105888276	105943680	2	1	1	2
X	105943681	105945782	2	1	1	2
X	105945783	106014595	2	1	1	2
X	106014596	106171186	2	1	1	2
X	106171187	106185199	2	1	1	2
X	106185200	106234729	2	1	1	2
X	106234730	106297548	2	1	1	2
X	106297549	106298374	2	1	1	2
X	106298375	106355462	2	1	1	2
X	106355463	106361101	2	1	1	2
X	106361102	106417393	2	1	1	2
X	106417394	106437949	2	1	1	2
X	106437950	106502111	2	1	1	2
X	106502112	106504936	2	1	1	2
X	106504937	106531760	2	1	1	2
X	106531761	106534010	2	1	1	2
X	106534011	106850571	2	1	1	2
X	106850572	106852375	2	1	1	2
X	106852376	106868338	2	1	1	2
X	106868339	106924822	2	1	1	2
X	106924823	107066002	2	1	1	2
X	107066003	107069492	2	1	1	2
X	107069493	107125569	2	1	1	2
X	107125570	107135440	1	1	0	2
X	107135441	107255583	2	1	1	2
X	107255584	107285056	2	1	1	2
X	107285057	107355522	2	1	1	2
X	107355523	107371937	2	1	1	2
X	107371938	107374127	2	1	1	2
X	107374128	107418987	2	1	1	2
X	107418988	107513291	2	1	1	2
X	107513292	107639791	2	1	1	2
X	107639792	107691791	1	1	0	2
X	107691792	107723510	2	1	1	2
X	107723511	107825080	2	1	1	2
X	107825081	107830750	2	1	1	2
X	107830751	107835863	2	1	1	2
X	107835864	107847253	2	1	1	2
X	107847254	107856035	2	1	1	2
X	107856036	107858582	2	1	1	2
X	107858583	107899555	2	1	1	2
X	107899556	107914033	2	1	1	2
X	107914034	107980091	2	1	1	2
X	107980092	107985961	2	1	1	2
X	107985962	108039696	2	1	1	2
X	108039697	108049261	2	1	1	2
X	108049262	108181202	2	1	1	2
X	108181203	108189330	2	1	1	2
X	108189331	108199616	2	1	1	2
X	108199617	108233906	2	1	1	2
X	108233907	108244083	2	1	1	2
X	108244084	108302088	2	1	1	2
X	108302089	108312862	2	1	1	2
X	108312863	108434868	2	1	1	2
X	108434869	108437126	2	1	1	2
X	108437127	108439092	2	1	1	2
X	108439093	108475390	2	1	1	2
X	108475391	108478959	2	1	1	2
X	108478960	108503479	2	1	1	2
X	108503480	108518539	2	1	1	2
X	108518540	108685688	2	1	1	2
X	108685689	108689138	2	1	1	2
X	108689139	108708821	2	1	1	2
X	108708822	108736611	2	1	1	2
X	108736612	108744351	2	1	1	2
X	108744352	108812227	2	1	1	2
X	108812228	108823192	2	1	1	2
X	108823193	108830205	2	1	1	2
X	108830206	108839127	2	1	1	2
X	108839128	109025878	2	1	1	2
X	109025879	109036161	1	1	0	2
X	109036162	109053665	2	1	1	2
X	109053666	109057450	2	1	1	2
X	109057451	109148105	2	1	1	2
X	109148106	109468709	2	1	1	2
X	109468710	109478507	1	1	0	2
X	109478508	109532142	2	1	1	2
X	109532143	109541794	2	1	1	2
X	109541795	109562071	2	1	1	2
X	109562072	109661681	2	1	1	2
X	109661682	109664382	2	1	1	2
X	109664383	109707762	2	1	1	2
X	109707763	109766438	2	1	1	2
X	109766439	109777856	2	1	1	2
X	109777857	109826787	2	1	1	2
X	109826788	109832948	2	1	1	2
X	109832949	109994041	2	1	1	2
X	109994042	109995701	2	1	1	2
X	109995702	110019365	2	1	1	2
X	110019366	110026059	2	1	1	2
X	110026060	110042528	2	1	1	2
X	110042529	110053261	2	1	1	2
X	110053262	110085407	2	1	1	2
X	110085408	110225111	1	1	0	2
X	110225112	110235790	2	1	1	2
X	110235791	110275110	2	1	1	2
X	110275111	110277774	2	1	1	2
X	110277775	110349936	2	1	1	2
X	110349937	110357384	2	1	1	2
X	110357385	110385260	2	1	1	2
X	110385261	110394814	2	1	1	2
X	110394815	110459098	2	1	1	2
X	110459099	110507378	2	1	1	2
X	110507379	110558078	2	1	1	2
X	110558079	110572269	2	1	1	2
X	110572270	110582522	2	1	1	2
X	110582523	110586952	2	1	1	2
X	110586953	110651688	2	1	1	2
X	110651689	110689829	2	1	1	2
X	110689830	110739828	2	1	1	2
X	110739829	110790802	2	1	1	2
X	110790803	110806347	2	1	1	2
X	110806348	110807584	2	1	1	2
X	110807585	110814511	2	1	1	2
X	110814512	110843832	2	1	1	2
X	110843833	110846433	2	1	1	2
X	110846434	110898090	2	1	1	2
X	110898091	110903012	2	1	1	2
X	110903013	110970195	2	1	1	2
X	110970196	110971575	2	1	1	2
X	110971576	111204388	2	1	1	2
X	111204389	111226365	2	1	1	2
X	111226366	111260390	2	1	1	2
X	111260391	111340727	2	1	1	2
X	111340728	111351029	1	1	0	2
X	111351030	111388538	2	1	1	2
X	111388539	111395954	2	1	1	2
X	111395955	111401714	1	1	0	2
X	111401715	111497725	2	1	1	2
X	111497726	111535689	2	1	1	2
X	111535690	111548094	1	1	0	2
X	111548095	111606421	2	1	1	2
X	111606422	111618844	1	1	0	2
X	111618845	111666744	2	1	1	2
X	111666745	111684129	2	1	1	2
X	111684130	111687763	2	1	1	2
X	111687764	111860755	2	1	1	2
X	111860756	111864181	2	1	1	2
X	111864182	112058963	2	1	1	2
X	112058964	112068216	2	1	1	2
X	112068217	112112902	2	1	1	2
X	112112903	112118408	2	1	1	2
X	112118409	112243197	2	1	1	2
X	112243198	112247699	2	1	1	2
X	112247700	112328145	2	1	1	2
X	112328146	112336587	2	1	1	2
X	112336588	112359190	2	1	1	2
X	112359191	112363375	2	1	1	2
X	112363376	112398797	2	1	1	2
X	112398798	112404391	2	1	1	2
X	112404392	112423989	2	1	1	2
X	112423990	112434446	2	1	1	2
X	112434447	112438091	2	1	1	2
X	112438092	112445756	2	1	1	2
X	112445757	112507660	2	1	1	2
X	112507661	112521946	2	1	1	2
X	112521947	112589640	2	1	1	2
X	112589641	112767069	2	1	1	2
X	112767070	112769322	2	1	1	2
X	112769323	112802875	2	1	1	2
X	112802876	112803919	1	1	0	2
X	112803920	112822189	2	1	1	2
X	112822190	112845165	2	1	1	2
X	112845166	112860485	1	1	0	2
X	112860486	112880841	2	1	1	2
X	112880842	112885951	1	1	0	2
X	112885952	112893747	2	1	1	2
X	112893748	112914918	1	1	0	2
X	112914919	112915022	2	1	1	2
X	112915023	112918015	2	1	1	2
X	112918016	112988109	1	1	0	2
X	112988110	113151157	2	1	1	2
X	113151158	113155485	2	1	1	2
X	113155486	113166487	2	1	1	2
X	113166488	113169055	2	1	1	2
X	113169056	113277258	2	1	1	2
X	113277259	113286974	1	1	0	2
X	113286975	113325886	2	1	1	2
X	113325887	113330330	2	1	1	2
X	113330331	113406768	2	1	1	2
X	113406769	113415547	2	1	1	2
X	113415548	113463283	2	1	1	2
X	113463284	113469099	2	1	1	2
X	113469100	113597951	2	1	1	2
X	113597952	113605002	1	1	0	2
X	113605003	113637401	2	1	1	2
X	113637402	113649642	1	1	0	2
X	113649643	113859623	2	1	1	2
X	113859624	113864404	2	1	1	2
X	113864405	113974247	2	1	1	2
X	113974248	113984027	2	1	1	2
X	113984028	114028234	2	1	1	2
X	114028235	114072001	2	1	1	2
X	114072002	114080337	2	1	1	2
X	114080338	114088917	2	1	1	2
X	114088918	114135279	2	1	1	2
X	114135280	114136918	2	1	1	2
X	114136919	114234877	2	1	1	2
X	114234878	114238013	2	1	1	2
X	114238014	114282869	2	1	1	2
X	114282870	114334163	2	1	1	2
X	114334164	114338765	2	1	1	2
X	114338766	114345746	2	1	1	2
X	114345747	114356104	2	1	1	2
X	114356105	114362975	2	1	1	2
X	114362976	114366267	2	1	1	2
X	114366268	114382100	2	1	1	2
X	114382101	114385381	2	1	1	2
X	114385382	114434537	2	1	1	2
X	114434538	114439574	2	1	1	2
X	114439575	114593123	2	1	1	2
X	114593124	114600229	1	1	0	2
X	114600230	114610029	2	1	1	2
X	114610030	114656191	2	1	1	2
X	114656192	114665439	1	1	0	2
X	114665440	114684383	2	1	1	2
X	114684384	114693715	1	1	0	2
X	114693716	114728163	2	1	1	2
X	114728164	114733384	1	1	0	2
X	114733385	114748121	2	1	1	2
X	114748122	114749883	2	1	1	2
X	114749884	114750330	2	1	1	2
X	114750331	114754275	2	1	1	2
X	114754276	114789466	2	1	1	2
X	114789467	114942791	2	1	1	2
X	114942792	115062767	2	1	1	2
X	115062768	115065667	1	1	0	2
X	115065668	115175028	2	1	1	2
X	115175029	115188619	2	1	1	2
X	115188620	115199966	1	1	0	2
X	115199967	115283365	2	1	1	2
X	115283366	115286055	2	1	1	2
X	115286056	115293985	2	1	1	2
X	115293986	115304362	2	1	1	2
X	115304363	115394730	1	1	0	2
X	115394731	115455892	2	1	1	2
X	115455893	115459492	2	1	1	2
X	115459493	115637170	2	1	1	2
X	115637171	115767246	1	1	0	2
X	115767247	115773090	2	1	1	2
X	115773091	115852331	2	1	1	2
X	115852332	115858243	2	2	0	2
X	115858244	115878404	2	1	1	2
X	115878405	115881445	1	1	0	1
X	115881446	115891791	2	1	1	2
X	115891792	115913447	1	1	0	2
X	115913448	115952236	2	1	1	2
X	115952237	116064247	2	1	1	2
X	116064248	116090059	2	1	1	2
X	116090060	116093594	1	1	0	2
X	116093595	116257990	2	1	1	2
X	116257991	116260382	2	1	1	2
X	116260383	116261174	2	1	1	2
X	116261175	116262913	2	1	1	2
X	116262914	116278347	2	1	1	2
X	116278348	116294235	1	1	0	2
X	116294236	116301616	2	1	1	2
X	116301617	116321828	2	1	1	2
X	116321829	116332569	2	1	1	2
X	116332570	116333944	1	1	0	2
X	116333945	116342350	2	1	1	2
X	116342351	116345250	2	1	1	2
X	116345251	116413836	2	1	1	2
X	116413837	116419115	2	2	0	1
X	116419116	116430737	2	1	1	2
X	116430738	116434593	1	1	0	2
X	116434594	116442187	2	1	1	2
X	116442188	116446330	1	1	0	2
X	116446331	116502204	2	1	1	2
X	116502205	116510805	2	1	1	2
X	116510806	116561672	2	1	1	2
X	116561673	116572625	2	1	1	2
X	116572626	116575601	2	1	1	2
X	116575602	116590951	2	1	1	2
X	116590952	116666678	2	1	1	2
X	116666679	116670674	2	1	1	2
X	116670675	116691404	2	1	1	2
X	116691405	116728678	1	1	0	2
X	116728679	116793841	2	1	1	2
X	116793842	116797636	1	1	0	2
X	116797637	116861088	2	1	1	2
X	116861089	116882314	2	1	1	2
X	116882315	116974921	2	1	1	2
X	116974922	116985395	2	1	1	2
X	116985396	117090559	2	1	1	2
X	117090560	117140558	2	1	1	2
X	117140559	117207951	2	1	1	2
X	117207952	117232153	2	1	1	2
X	117232154	117236070	2	1	1	2
X	117236071	117312344	2	1	1	2
X	117312345	117314847	2	1	1	2
X	117314848	117410575	2	1	1	2
X	117410576	117415691	2	1	1	2
X	117415692	117487920	2	1	1	2
X	117487921	117496991	2	1	1	2
X	117496992	117597522	2	1	1	2
X	117597523	117607953	1	1	0	2
X	117607954	117618834	2	1	1	2
X	117618835	117660566	2	1	1	2
X	117660567	117661579	2	1	1	2
X	117661580	117686709	2	1	1	2
X	117686710	117695053	1	1	0	2
X	117695054	117711171	2	1	1	2
X	117711172	117717473	2	1	1	2
X	117717474	117760083	2	1	1	2
X	117760084	117765808	2	1	1	2
X	117765809	117839770	2	1	1	2
X	117839771	117844921	1	1	0	2
X	117844922	117846078	1	1	0	2
X	117846079	117851525	1	1	0	2
X	117851526	117854745	2	1	1	2
X	117854746	117897756	2	1	1	2
X	117897757	117898484	2	1	1	2
X	117898485	117952004	2	1	1	2
X	117952005	117957671	2	1	1	2
X	117957672	117964481	2	1	1	2
X	117964482	117970253	2	1	1	2
X	117970254	117970285	2	1	1	2
X	117970286	117998763	2	1	1	2
X	117998764	118005447	1	1	0	2
X	118005448	118022031	2	1	1	2
X	118022032	118032647	2	1	1	2
X	118032648	118034285	2	1	1	2
X	118034286	118039039	2	1	1	2
X	118039040	118357179	2	1	1	2
X	118357180	118359399	2	1	1	2
X	118359400	118368688	2	1	1	2
X	118368689	118381190	2	1	1	2
X	118381191	118392459	2	1	1	2
X	118392460	118641100	2	1	1	2
X	118641101	118648293	1	1	0	2
X	118648294	118664350	2	1	1	2
X	118664351	118669559	1	1	0	2
X	118669560	118786075	2	1	1	2
X	118786076	118788861	2	1	1	2
X	118788862	118818531	2	1	1	2
X	118818532	118822437	2	1	1	2
X	118822438	118826353	2	1	1	2
X	118826354	118829500	2	1	1	2
X	118829501	118907699	2	1	1	2
X	118907700	118917846	1	1	0	2
X	118917847	118930377	2	1	1	2
X	118930378	118932042	2	1	1	2
X	118932043	119092286	2	1	1	2
X	119092287	119095933	2	1	1	2
X	119095934	119118687	2	1	1	2
X	119118688	119124873	1	1	0	2
X	119124874	119201634	2	1	1	2
X	119201635	119293973	2	1	1	3
X	119293974	119383448	1	1	0	2
X	119383449	119460687	2	1	1	2
X	119460688	119466480	1	1	0	2
X	119466481	119521264	2	1	1	2
X	119521265	119524358	2	1	1	2
X	119524359	119575164	2	1	1	2
X	119575165	119576217	2	1	1	2
X	119576218	119589831	2	1	1	2
X	119589832	119592009	2	1	1	2
X	119592010	119700593	2	1	1	2
X	119700594	119703317	1	1	0	2
X	119703318	119727013	2	1	1	2
X	119727014	119734582	2	1	1	2
X	119734583	119773803	2	1	1	2
X	119773804	119778679	1	1	0	2
X	119778680	119783552	2	1	1	2
X	119783553	120005964	2	2	0	2
X	120005965	120148992	2	1	1	2
X	120148993	120158170	2	1	1	2
X	120158171	120191933	2	1	1	2
X	120191934	120196995	1	1	0	2
X	120196996	120232648	2	1	1	2
X	120232649	120244372	1	1	0	2
X	120244373	120252001	2	1	1	2
X	120252002	120255850	2	1	1	2
X	120255851	120264936	2	1	1	2
X	120264937	120272612	1	1	0	2
X	120272613	120308579	2	1	1	2
X	120308580	120315557	2	1	1	2
X	120315558	120320088	1	1	0	2
X	120320089	120376008	2	1	1	2
X	120376009	120383669	1	1	0	2
X	120383670	120391222	2	1	1	2
X	120391223	120391269	2	1	1	2
X	120391270	120396296	2	1	1	2
X	120396297	120417340	2	1	1	2
X	120417341	120424276	1	1	0	2
X	120424277	120428035	1	1	0	2
X	120428036	120437920	1	1	0	2
X	120437921	120465641	2	1	1	2
X	120465642	120467003	2	1	1	2
X	120467004	120490678	2	1	1	2
X	120490679	120494201	1	1	0	2
X	120494202	120507265	1	1	0	2
X	120507266	120585419	2	1	1	2
X	120585420	120594420	1	1	0	2
X	120594421	120633596	2	1	1	2
X	120633597	120659169	1	1	0	2
X	120659170	120662933	2	1	1	2
X	120662934	120670984	1	1	0	2
X	120670985	120778514	2	1	1	2
X	120778515	120781603	2	1	1	2
X	120781604	120789794	2	1	1	2
X	120789795	120810878	1	1	0	2
X	120810879	120817016	2	1	1	2
X	120817017	120823323	1	1	0	2
X	120823324	120879388	2	1	1	2
X	120879389	120894696	1	1	0	2
X	120894697	120899630	2	1	1	2
X	120899631	120904770	2	1	1	2
X	120904771	120928331	2	1	1	2
X	120928332	120950122	1	1	0	2
X	120950123	120997207	2	1	1	2
X	120997208	120997267	2	1	1	2
X	120997268	121131064	2	1	1	2
X	121131065	121132256	1	1	0	2
X	121132257	121139234	2	1	1	2
X	121139235	121147772	2	1	1	2
X	121147773	121189975	1	1	0	2
X	121189976	121250345	2	1	1	2
X	121250346	121257282	2	1	1	2
X	121257283	121282180	2	1	1	2
X	121282181	121283070	2	1	1	2
X	121283071	121299410	2	1	1	2
X	121299411	121304732	2	1	1	2
X	121304733	121317613	2	1	1	2
X	121317614	121328872	2	1	1	2
X	121328873	121398029	2	1	1	2
X	121398030	121442161	2	1	1	2
X	121442162	121448655	1	1	0	2
X	121448656	121468697	2	1	1	2
X	121468698	121526265	1	1	0	2
X	121526266	121533609	1	1	0	2
X	121533610	121545192	2	1	1	2
X	121545193	121553350	2	1	1	2
X	121553351	121642840	1	1	0	2
X	121642841	121721274	2	1	1	2
X	121721275	121729296	2	1	1	2
X	121729297	121744123	2	1	1	2
X	121744124	121753115	1	1	0	2
X	121753116	121755259	1	1	0	2
X	121755260	121756955	2	1	1	2
X	121756956	121892085	2	1	1	2
X	121892086	121895945	1	1	0	2
X	121895946	121912473	2	1	1	2
X	121912474	121934702	2	1	1	2
X	121934703	122011350	1	1	0	2
X	122011351	122081899	2	1	1	2
X	122081900	122086594	1	1	0	2
X	122086595	122131353	2	1	1	2
X	122131354	122138902	1	1	0	2
X	122138903	122227126	2	1	1	2
X	122227127	122229824	1	1	0	2
X	122229825	122263646	2	1	1	2
X	122263647	122265111	2	1	1	2
X	122265112	122313887	2	1	1	2
X	122313888	122319040	1	1	0	2
X	122319041	122366820	2	1	1	2
X	122366821	122372962	1	1	0	2
X	122372963	122416021	2	1	1	2
X	122416022	122428496	2	1	1	2
X	122428497	122524791	2	1	1	2
X	122524792	122535933	1	1	0	2
X	122535934	122695277	2	1	1	2
X	122695278	122706437	2	1	1	2
X	122706438	122707514	2	2	0	2
X	122707515	122753893	2	1	1	2
X	122753894	122758858	2	1	1	2
X	122758859	122771096	2	1	1	2
X	122771097	122775447	2	1	1	2
X	122775448	122804296	2	2	0	2
X	122804297	122806429	2	2	0	2
X	122806430	122826771	2	1	1	2
X	122826772	122832681	2	1	1	2
X	122832682	122956047	2	1	1	2
X	122956048	122960103	1	1	0	2
X	122960104	122996431	2	1	1	2
X	122996432	123011452	1	1	0	2
X	123011453	123030910	2	1	1	2
X	123030911	123066100	1	1	0	2
X	123066101	123257798	1	1	0	2
X	123257799	123266047	2	1	1	2
X	123266048	123434184	2	1	1	2
X	123434185	123478344	1	1	0	2
X	123478345	123483272	2	1	1	2
X	123483273	123533271	2	1	1	2
X	123533272	123544731	1	1	0	2
X	123544732	123596202	2	1	1	2
X	123596203	123599756	2	1	1	2
X	123599757	123632481	2	1	1	2
X	123632482	123646474	2	1	1	2
X	123646475	123651844	2	1	1	2
X	123651845	123698734	2	1	1	2
X	123698735	123712791	1	1	0	2
X	123712792	123714993	2	1	1	2
X	123714994	123763612	2	2	0	2
X	123763613	123771757	2	1	1	2
X	123771758	123777989	2	1	1	2
X	123777990	123781554	2	1	1	2
X	123781555	123840036	2	1	1	2
X	123840037	123847982	2	1	1	2
X	123847983	123954916	2	1	1	2
X	123954917	124063550	2	1	1	2
X	124063551	124075459	2	1	1	2
X	124075460	124140797	2	1	1	2
X	124140798	124149119	2	1	1	2
X	124149120	124194791	2	1	1	2
X	124194792	124389770	1	1	0	2
X	124389771	124414931	2	1	1	2
X	124414932	124513698	2	1	1	2
X	124513699	124525820	1	1	0	2
X	124525821	124590893	2	1	1	2
X	124590894	124593925	1	1	0	2
X	124593926	124600849	2	1	1	2
X	124600850	124604019	1	1	0	2
X	124604020	124708635	2	1	1	2
X	124708636	124752500	1	1	0	2
X	124752501	124788487	1	1	0	2
X	124788488	124908316	2	1	1	2
X	124908317	124926164	2	1	1	2
X	124926165	124942739	1	1	0	2
X	124942740	124949611	2	1	1	2
X	124949612	124954791	1	1	0	2
X	124954792	124982759	2	1	1	2
X	124982760	124994195	1	1	0	2
X	124994196	124999758	2	1	1	2
X	124999759	125018015	1	1	0	2
X	125018016	125057522	2	1	1	2
X	125057523	125071967	1	1	0	2
X	125071968	125115440	1	1	0	2
X	125115441	125118110	2	2	0	1
X	125118111	125190941	2	1	1	3
X	125190942	125192235	2	1	1	2
X	125192236	125193768	1	1	0	2
X	125193769	125229672	2	1	1	3
X	125229673	125240122	1	1	0	2
X	125240123	125244514	2	1	1	2
X	125244515	125248072	2	1	1	1
X	125248073	125390763	2	1	1	2
X	125390764	125397784	2	1	1	2
X	125397785	125417390	2	1	1	2
X	125417391	125421507	1	1	0	2
X	125421508	125444540	2	1	1	2
X	125444541	125457214	1	1	0	2
X	125457215	125463833	2	1	1	1
X	125463834	125469795	1	1	0	2
X	125469796	125476686	2	1	1	2
X	125476687	125485780	1	1	0	2
X	125485781	125532207	2	1	1	2
X	125532208	125618227	2	1	1	2
X	125618228	125638832	2	1	1	2
X	125638833	125642034	2	1	1	2
X	125642035	125708073	2	1	1	2
X	125708074	125727463	2	1	1	2
X	125727464	125734500	2	1	1	2
X	125734501	125746776	1	1	0	2
X	125746777	125746843	1	1	0	2
X	125746844	125754930	1	1	0	2
X	125754931	125772731	2	1	1	2
X	125772732	125776869	2	1	1	2
X	125776870	125797403	2	1	1	2
X	125797404	125803902	1	1	0	2
X	125803903	125814374	2	1	1	2
X	125814375	125830784	2	1	1	2
X	125830785	125835062	2	1	1	2
X	125835063	125861628	2	1	1	2
X	125861629	125863095	2	1	1	2
X	125863096	125876572	2	1	1	2
X	125876573	125877457	2	1	1	2
X	125877458	125904659	2	1	1	2
X	125904660	125975176	2	1	1	2
X	125975177	125982564	1	1	0	2
X	125982565	126009221	2	1	1	2
X	126009222	126059221	2	1	1	2
X	126059222	126141125	1	1	0	2
X	126141126	126187364	2	1	1	2
X	126187365	126258980	2	1	1	2
X	126258981	126264203	2	1	1	2
X	126264204	126279511	2	1	1	2
X	126279512	126290276	1	1	0	2
X	126290277	126391980	2	1	1	2
X	126391981	126397607	1	1	0	2
X	126397608	126434359	2	1	1	2
X	126434360	126446153	2	1	1	2
X	126446154	126458540	1	1	0	2
X	126458541	126466418	2	1	1	2
X	126466419	126468871	1	1	0	2
X	126468872	126473772	2	1	1	2
X	126473773	126480265	1	1	0	2
X	126480266	126510742	2	1	1	2
X	126510743	126514803	2	1	1	2
X	126514804	126680589	2	1	1	2
X	126680590	126687109	1	1	0	2
X	126687110	126734267	2	1	1	2
X	126734268	126736831	1	1	0	2
X	126736832	126767363	2	1	1	2
X	126767364	126768272	2	1	1	2
X	126768273	126776975	2	1	1	2
X	126776976	126870648	2	1	1	2
X	126870649	126903056	2	1	1	2
X	126903057	126909809	1	1	0	2
X	126909810	126937979	2	1	1	2
X	126937980	126938812	2	1	1	2
X	126938813	126949293	1	1	0	2
X	126949294	127005958	2	1	1	2
X	127005959	127021179	1	1	0	2
X	127021180	127028576	2	1	1	2
X	127028577	127035431	1	1	0	2
X	127035432	127041899	2	1	1	2
X	127041900	127056824	1	1	0	2
X	127056825	127079312	2	1	1	2
X	127079313	127158552	2	1	1	2
X	127158553	127166272	1	1	0	2
X	127166273	127212144	2	1	1	2
X	127212145	127217838	2	1	1	2
X	127217839	127228275	2	1	1	2
X	127228276	127233285	2	1	1	2
X	127233286	127269603	2	1	1	2
X	127269604	127417762	2	1	1	2
X	127417763	127470949	2	1	1	2
X	127470950	127478708	1	1	0	2
X	127478709	127479086	2	1	1	2
X	127479087	127515710	1	1	0	2
X	127515711	127523607	2	1	1	2
X	127523608	127613539	2	1	1	2
X	127613540	127621225	1	1	0	2
X	127621226	127687729	2	1	1	2
X	127687730	127696948	2	1	1	2
X	127696949	127914631	2	1	1	2
X	127914632	127929569	1	1	0	2
X	127929570	128001191	2	1	1	2
X	128001192	128011966	2	1	1	2
X	128011967	128062983	2	1	1	2
X	128062984	128070850	1	1	0	2
X	128070851	128128900	2	1	1	2
X	128128901	128136150	2	1	1	2
X	128136151	128142090	2	1	1	2
X	128142091	128155383	1	1	0	2
X	128155384	128159237	1	1	0	2
X	128159238	128164571	2	1	1	2
X	128164572	128211883	2	1	1	2
X	128211884	128223630	2	1	1	2
X	128223631	128249500	2	1	1	2
X	128249501	128262211	1	1	0	2
X	128262212	128279964	2	1	1	2
X	128279965	128288565	2	1	1	2
X	128288566	128320733	2	1	1	2
X	128320734	128330114	1	1	0	2
X	128330115	128362705	2	1	1	2
X	128362706	128374223	1	1	0	2
X	128374224	128415930	2	1	1	2
X	128415931	128418008	2	1	1	2
X	128418009	128455242	2	1	1	2
X	128455243	128557205	1	1	0	2
X	128557206	128582465	2	1	1	2
X	128582466	128587867	2	1	1	2
X	128587868	128793170	2	1	1	2
X	128793171	128800388	1	1	0	2
X	128800389	128855880	2	1	1	2
X	128855881	128863376	1	1	0	2
X	128863377	129006264	2	1	1	2
X	129006265	129007999	2	1	1	2
X	129008000	129068613	2	1	1	2
X	129068614	129084030	2	1	1	2
X	129084031	129167231	2	1	1	2
X	129167232	129167977	1	1	0	2
X	129167978	129187043	1	1	0	2
X	129187044	129191231	1	1	0	2
X	129191232	129321255	2	1	1	2
X	129321256	129321746	2	1	1	2
X	129321747	129347204	2	1	1	2
X	129347205	129381465	2	1	1	2
X	129381466	129383527	1	1	0	2
X	129383528	129414807	2	1	1	2
X	129414808	129418951	2	1	1	2
X	129418952	129447352	2	1	1	2
X	129447353	129451388	2	2	0	2
X	129451389	129512512	2	1	1	2
X	129512513	129558323	2	1	1	2
X	129558324	129560996	1	1	0	1
X	129560997	129592090	2	1	1	2
X	129592091	129618745	2	1	1	2
X	129618746	129697926	2	1	1	2
X	129697927	129767947	2	1	1	2
X	129767948	129773183	2	1	1	2
X	129773184	129784707	2	1	1	2
X	129784708	129846180	2	1	1	2
X	129846181	129849188	2	1	1	2
X	129849189	129868226	2	1	1	2
X	129868227	129874130	2	1	1	2
X	129874131	129919418	2	1	1	2
X	129919419	129922876	2	1	1	2
X	129922877	129941922	2	1	1	2
X	129941923	129947258	2	1	1	2
X	129947259	130006105	2	1	1	2
X	130006106	130036678	2	1	1	2
X	130036679	130055239	2	1	1	2
X	130055240	130075464	2	1	1	2
X	130075465	130082662	2	1	1	2
X	130082663	130144722	2	1	1	2
X	130144723	130155117	2	1	1	2
X	130155118	130159372	2	1	1	2
X	130159373	130173386	2	1	1	2
X	130173387	130178760	2	1	1	2
X	130178761	130251186	2	1	1	2
X	130251187	130255267	2	1	1	2
X	130255268	130454286	2	1	1	2
X	130454287	130472521	2	1	1	2
X	130472522	130522520	2	1	1	2
X	130522521	130525477	2	1	1	2
X	130525478	130619995	2	1	1	2
X	130619996	130656287	2	1	1	2
X	130656288	130670367	2	1	1	2
X	130670368	130681021	2	1	1	2
X	130681022	130683625	2	1	1	2
X	130683626	130702172	2	1	1	2
X	130702173	130709903	2	1	1	2
X	130709904	130778112	2	1	1	2
X	130778113	130779953	2	1	1	2
X	130779954	130918309	2	1	1	2
X	130918310	130924561	2	1	1	2
X	130924562	131003739	2	1	1	2
X	131003740	131017413	2	1	1	2
X	131017414	131023189	1	1	0	2
X	131023190	131043136	2	1	1	2
X	131043137	131234380	2	1	1	2
X	131234381	131238838	2	1	1	2
X	131238839	131313723	2	1	1	2
X	131313724	131317473	1	1	0	2
X	131317474	131335091	2	1	1	2
X	131335092	131337198	2	1	1	2
X	131337199	131506886	2	1	1	2
X	131506887	131557071	1	1	0	2
X	131557072	131571567	1	1	0	2
X	131571568	131593310	2	1	1	2
X	131593311	131698030	1	1	0	2
X	131698031	131700677	1	1	0	2
X	131700678	131700858	1	1	0	2
X	131700859	131720588	1	1	0	2
X	131720589	131946326	2	1	1	2
X	131946327	131948204	1	1	0	2
X	131948205	131961164	2	1	1	2
X	131961165	132054800	2	1	1	2
X	132054801	132060361	1	1	0	2
X	132060362	132105711	2	1	1	2
X	132105712	132108982	2	1	1	2
X	132108983	132182847	2	1	1	2
X	132182848	132188583	2	1	1	2
X	132188584	132189955	2	1	1	2
X	132189956	132250857	2	1	1	2
X	132250858	132257489	2	1	1	2
X	132257490	132294909	2	1	1	2
X	132294910	132303683	1	1	0	2
X	132303684	132311168	2	1	1	2
X	132311169	132314218	2	1	1	2
X	132314219	132414763	2	1	1	2
X	132414764	132474138	1	1	0	2
X	132474139	132497739	2	1	1	1
X	132497740	132528170	2	1	1	2
X	132528171	132537950	2	1	1	2
X	132537951	132764429	2	1	1	2
X	132764430	132868092	2	1	1	2
X	132868093	132892509	2	1	1	2
X	132892510	132895885	2	1	1	2
X	132895886	132912997	2	1	1	2
X	132912998	132950280	2	1	1	2
X	132950281	132958571	1	1	0	2
X	132958572	132962469	1	1	0	2
X	132962470	132972646	2	1	1	2
X	132972647	132981157	2	1	1	2
X	132981158	132984548	2	1	1	2
X	132984549	133020490	2	1	1	2
X	133020491	133024845	1	1	0	2
X	133024846	133036223	2	1	1	2
X	133036224	133040955	1	1	0	2
X	133040956	133137156	2	1	1	2
X	133137157	133160849	2	1	1	2
X	133160850	133183703	2	1	1	2
X	133183704	133187594	2	1	1	2
X	133187595	133199549	2	1	1	2
X	133199550	133201505	2	1	1	2
X	133201506	133246753	2	1	1	2
X	133246754	133259604	2	1	1	2
X	133259605	133351881	2	1	1	2
X	133351882	133362815	2	1	1	2
X	133362816	133474932	2	1	1	2
X	133474933	133479440	2	1	1	2
X	133479441	133488360	2	1	1	2
X	133488361	133619716	2	1	1	2
X	133619717	133620708	2	1	1	2
X	133620709	133694245	2	1	1	2
X	133694246	133702561	1	1	0	2
X	133702562	133854772	2	1	1	2
X	133854773	133864930	2	1	1	2
X	133864931	133928516	2	1	1	2
X	133928517	133931886	2	1	1	2
X	133931887	133942578	2	1	1	2
X	133942579	134019567	2	1	1	2
X	134019568	134020555	2	1	1	2
X	134020556	134021576	2	1	1	2
X	134021577	134024277	2	1	1	2
X	134024278	134079961	2	1	1	2
X	134079962	134083536	2	1	1	2
X	134083537	134166819	2	1	1	2
X	134166820	134193490	2	1	1	2
X	134193491	134207091	1	1	0	2
X	134207092	134341114	2	1	1	2
X	134341115	134426852	2	1	1	2
X	134426853	134436378	2	1	1	2
X	134436379	134539727	2	1	1	2
X	134539728	134605066	2	1	1	2
X	134605067	134636881	2	1	1	2
X	134636882	134651373	2	1	1	2
X	134651374	134652560	2	1	1	2
X	134652561	134691357	2	1	1	2
X	134691358	134696695	1	1	0	2
X	134696696	134702198	2	1	1	2
X	134702199	134706488	2	1	1	2
X	134706489	134712702	2	1	1	2
X	134712703	134723963	2	1	1	2
X	134723964	134810965	2	1	1	2
X	134810966	134816690	2	1	1	2
X	134816691	134827009	1	1	0	2
X	134827010	134830577	2	1	1	2
X	134830578	135068980	2	1	1	2
X	135068981	135073110	2	1	1	2
X	135073111	135135207	2	1	1	2
X	135135208	135146875	2	1	1	2
X	135146876	135333098	2	1	1	2
X	135333099	135338389	2	1	1	2
X	135338390	135482496	2	1	1	2
X	135482497	135506633	2	1	1	2
X	135506634	135536394	2	1	1	2
X	135536395	135552164	2	1	1	2
X	135552165	135671622	2	1	1	2
X	135671623	135679431	1	1	0	2
X	135679432	135778968	2	1	1	2
X	135778969	135797784	1	1	0	2
X	135797785	135824763	2	1	1	2
X	135824764	135830669	2	1	1	2
X	135830670	135860207	2	1	1	2
X	135860208	135863083	2	1	1	2
X	135863084	135930906	2	1	1	2
X	135930907	135933715	2	1	1	2
X	135933716	135990667	2	1	1	2
X	135990668	135998907	2	1	1	2
X	135998908	136015625	2	1	1	2
X	136015626	136040967	2	1	1	2
X	136040968	136081233	2	1	1	2
X	136081234	136087469	1	1	0	2
X	136087470	136210741	2	1	1	2
X	136210742	136233890	2	1	1	2
X	136233891	136263738	2	1	1	2
X	136263739	136314409	1	1	0	2
X	136314410	136446393	2	1	1	2
X	136446394	136448718	1	1	0	2
X	136448719	136539066	2	1	1	2
X	136539067	136543009	1	1	0	2
X	136543010	136553487	2	1	1	2
X	136553488	136554685	2	1	1	2
X	136554686	136601351	2	1	1	2
X	136601352	136603850	2	1	1	2
X	136603851	136649129	2	1	1	2
X	136649130	136654023	2	1	1	2
X	136654024	136756914	2	1	1	2
X	136756915	136765812	1	1	0	2
X	136765813	136785322	2	1	1	2
X	136785323	136790562	1	1	0	2
X	136790563	136810999	2	1	1	2
X	136811000	136823640	1	1	0	2
X	136823641	136881582	2	1	1	2
X	136881583	136883197	2	1	1	2
X	136883198	136900864	2	1	1	2
X	136900865	137050110	2	1	1	2
X	137050111	137062544	1	1	0	2
X	137062545	137067744	2	1	1	2
X	137067745	137088618	1	1	0	2
X	137088619	137109038	2	1	1	2
X	137109039	137112862	2	1	1	2
X	137112863	137146691	2	1	1	2
X	137146692	137148633	2	1	1	2
X	137148634	137165734	2	1	1	2
X	137165735	137182651	1	1	0	2
X	137182652	137231866	2	1	1	2
X	137231867	137232015	2	1	1	2
X	137232016	137234599	2	1	1	2
X	137234600	137267539	2	1	1	2
X	137267540	137270278	2	1	1	2
X	137270279	137503532	2	1	1	2
X	137503533	137506750	2	1	1	2
X	137506751	137528869	2	1	1	2
X	137528870	137533468	1	1	0	2
X	137533469	137533479	2	1	1	2
X	137533480	137550143	2	1	1	2
X	137550144	137558276	1	1	0	2
X	137558277	137647163	2	1	1	2
X	137647164	137666435	1	1	0	2
X	137666436	137814598	2	1	1	2
X	137814599	137817631	1	1	0	2
X	137817632	137819325	1	1	0	2
X	137819326	137850785	1	1	0	2
X	137850786	137857828	2	1	1	2
X	137857829	137930457	2	1	1	2
X	137930458	137950268	1	1	0	2
X	137950269	137976056	2	1	1	2
X	137976057	137981013	2	1	1	2
X	137981014	138019846	2	1	1	2
X	138019847	138022394	2	1	1	2
X	138022395	138061915	2	1	1	2
X	138061916	138063841	2	1	1	2
X	138063842	138067823	2	1	1	2
X	138067824	138183882	2	1	1	2
X	138183883	138242182	2	1	1	2
X	138242183	138248569	1	1	0	2
X	138248570	138286315	2	1	1	2
X	138286316	138287778	2	1	1	2
X	138287779	138299303	2	1	1	2
X	138299304	138301713	2	1	1	2
X	138301714	138403686	1	1	0	2
X	138403687	138456201	2	1	1	2
X	138456202	138518910	2	1	1	2
X	138518911	138523477	2	1	1	2
X	138523478	138649814	2	1	1	2
X	138649815	138653063	2	1	1	2
X	138653064	138765757	2	1	1	2
X	138765758	138775400	1	1	0	2
X	138775401	138776990	2	1	1	2
X	138776991	138860196	2	1	1	2
X	138860197	138908504	1	1	0	2
X	138908505	138966886	2	1	1	2
X	138966887	138979655	2	1	1	2
X	138979656	138988156	1	1	0	2
X	138988157	139046673	2	1	1	2
X	139046674	139067676	2	2	0	2
X	139067677	139077817	1	1	0	2
X	139077818	139103094	2	1	1	2
X	139103095	139213857	2	1	1	2
X	139213858	139227954	2	1	1	2
X	139227955	139241749	2	1	1	2
X	139241750	139296756	2	1	1	2
X	139296757	139307141	1	1	0	2
X	139307142	139350363	2	1	1	2
X	139350364	139577715	2	1	1	2
X	139577716	139580677	2	1	1	2
X	139580678	139673873	2	1	1	2
X	139673874	139752814	2	1	1	2
X	139752815	139763190	1	1	0	2
X	139763191	140057458	2	1	1	2
X	140057459	140076793	1	1	0	2
X	140076794	140079358	1	1	0	2
X	140079359	140082624	2	1	1	2
X	140082625	140300578	2	1	1	2
X	140300579	140303598	2	1	1	2
X	140303599	140338816	2	1	1	2
X	140338817	140342066	2	1	1	2
X	140342067	140343760	2	1	1	2
X	140343761	140405215	2	1	1	2
X	140405216	140450405	1	1	0	2
X	140450406	140491981	2	1	1	2
X	140491982	140810092	2	1	1	2
X	140810093	140812740	2	1	1	2
X	140812741	140818789	2	1	1	2
X	140818790	140852190	2	1	1	2
X	140852191	140865645	1	1	0	2
X	140865646	140887530	2	1	1	2
X	140887531	140941548	2	1	1	2
X	140941549	140953942	1	1	0	2
X	140953943	140969010	1	1	0	2
X	140969011	140974735	1	1	0	2
X	140974736	140975697	1	1	0	2
X	140975698	140983171	1	1	0	2
X	140983172	141056597	2	1	1	2
X	141056598	141088864	2	1	1	2
X	141088865	141101509	1	1	0	2
X	141101510	141160024	2	1	1	2
X	141160025	141169750	1	1	0	2
X	141169751	141272093	2	1	1	2
X	141272094	141281468	1	1	0	2
X	141281469	141303115	2	1	1	2
X	141303116	141315665	1	1	0	2
X	141315666	141323151	2	1	1	2
X	141323152	141331743	1	1	0	2
X	141331744	141404016	2	1	1	2
X	141404017	141412570	2	1	1	2
X	141412571	141433451	2	1	1	2
X	141433452	141491062	2	1	1	2
X	141491063	141544000	1	1	0	2
X	141544001	141580841	2	1	1	2
X	141580842	141587715	2	1	1	2
X	141587716	141612444	2	1	1	2
X	141612445	141652090	2	1	1	2
X	141652091	141654011	2	1	1	2
X	141654012	141762495	2	1	1	2
X	141762496	141770890	1	1	0	2
X	141770891	141778487	2	1	1	2
X	141778488	141850082	2	1	1	2
X	141850083	141858114	2	1	1	2
X	141858115	141926126	2	1	1	2
X	141926127	141932490	2	1	1	2
X	141932491	142010624	2	1	1	2
X	142010625	142049368	2	1	1	2
X	142049369	142058023	2	1	1	2
X	142058024	142076263	2	1	1	2
X	142076264	142095671	2	1	1	2
X	142095672	142205125	2	1	1	2
X	142205126	142206814	1	1	0	2
X	142206815	142280453	2	1	1	2
X	142280454	142288559	2	1	1	2
X	142288560	142411643	2	1	1	2
X	142411644	142414398	2	1	1	2
X	142414399	142425261	2	1	1	2
X	142425262	142431031	2	1	1	2
X	142431032	142448432	2	1	1	2
X	142448433	142461438	2	1	1	2
X	142461439	142479517	2	1	1	2
X	142479518	142483574	1	1	0	2
X	142483575	142498477	2	1	1	2
X	142498478	142509035	2	1	1	2
X	142509036	142522520	2	1	1	2
X	142522521	142523459	1	1	0	2
X	142523460	142533576	2	1	1	2
X	142533577	142543570	1	1	0	2
X	142543571	142574052	2	1	1	2
X	142574053	142580734	2	1	1	2
X	142580735	142586090	2	1	1	2
X	142586091	142595243	1	1	0	2
X	142595244	142709844	2	1	1	2
X	142709845	142717305	1	1	0	2
X	142717306	142788575	2	1	1	2
X	142788576	142794432	1	1	0	2
X	142794433	142897364	2	1	1	2
X	142897365	142899581	2	1	1	2
X	142899582	143008622	2	1	1	2
X	143008623	143022486	1	1	0	2
X	143022487	143184657	2	1	1	2
X	143184658	143189843	2	1	1	2
X	143189844	143263100	2	1	1	2
X	143263101	143268436	2	1	1	2
X	143268437	143314829	2	1	1	2
X	143314830	143323671	1	1	0	2
X	143323672	143349460	2	1	1	2
X	143349461	143351612	1	1	0	2
X	143351613	143451297	2	1	1	2
X	143451298	143470694	2	1	1	2
X	143470695	143496099	2	1	1	2
X	143496100	143500449	2	1	1	2
X	143500450	143571541	2	1	1	2
X	143571542	143584335	2	1	1	2
X	143584336	143595113	2	1	1	2
X	143595114	143640556	2	1	1	2
X	143640557	143644099	2	1	1	2
X	143644100	143670636	2	1	1	2
X	143670637	143674877	2	1	1	2
X	143674878	143685808	2	1	1	2
X	143685809	143690194	2	1	1	2
X	143690195	143741194	2	1	1	2
X	143741195	143746172	2	1	1	2
X	143746173	143760364	2	1	1	2
X	143760365	143764461	2	1	1	2
X	143764462	143856480	2	1	1	2
X	143856481	143866793	2	1	1	2
X	143866794	143904767	2	1	1	2
X	143904768	143972784	2	1	1	2
X	143972785	144019186	1	1	0	2
X	144019187	144084707	2	1	1	2
X	144084708	144088601	1	1	0	2
X	144088602	144094079	2	1	1	2
X	144094080	144102739	1	1	0	2
X	144102740	144185836	2	1	1	2
X	144185837	144257822	2	1	1	2
X	144257823	144259128	2	1	1	2
X	144259129	144323367	2	1	1	2
X	144323368	144325883	1	1	0	2
X	144325884	144349725	2	1	1	2
X	144349726	144365369	2	1	1	2
X	144365370	144491953	2	1	1	2
X	144491954	144776881	2	1	1	2
X	144776882	144833816	2	1	1	2
X	144833817	144836213	1	1	0	2
X	144836214	144839217	2	1	1	2
X	144839218	144858771	1	1	0	2
X	144858772	144872765	1	1	0	2
X	144872766	144971635	2	1	1	2
X	144971636	145018466	1	1	0	2
X	145018467	145020892	2	1	1	2
X	145020893	145021065	2	1	1	2
X	145021066	145021160	2	1	1	2
X	145021161	145021259	2	1	1	2
X	145021260	145025276	2	1	1	2
X	145025277	145045936	2	1	1	2
X	145045937	145046478	2	1	1	2
X	145046479	145048677	2	1	1	2
X	145048678	145051268	2	1	1	2
X	145051269	145178237	2	1	1	2
X	145178238	145184222	1	1	0	2
X	145184223	145277262	2	1	1	2
X	145277263	145286294	2	1	1	2
X	145286295	145288965	2	1	1	2
X	145288966	145346990	2	1	1	2
X	145346991	145362432	1	1	0	2
X	145362433	145389314	2	1	1	2
X	145389315	145408842	2	1	1	2
X	145408843	145507669	2	1	1	2
X	145507670	145519733	1	1	0	2
X	145519734	145637414	2	1	1	2
X	145637415	145640895	2	1	1	2
X	145640896	145667811	2	1	1	2
X	145667812	145678272	2	1	1	2
X	145678273	145710061	2	1	1	2
X	145710062	145730067	2	1	1	2
X	145730068	145802812	2	1	1	2
X	145802813	145807279	2	1	1	2
X	145807280	145814900	2	1	1	2
X	145814901	145817272	2	1	1	2
X	145817273	145827078	2	1	1	2
X	145827079	145841269	1	1	0	2
X	145841270	146144975	2	1	1	2
X	146144976	146156704	1	1	0	2
X	146156705	146203984	2	1	1	2
X	146203985	146208029	1	1	0	2
X	146208030	146267039	2	1	1	2
X	146267040	146302086	1	1	0	2
X	146302087	146311610	2	1	1	2
X	146311611	146459376	2	1	1	2
X	146459377	146529863	2	1	1	2
X	146529864	146531886	2	1	1	2
X	146531887	146538008	2	1	1	2
X	146538009	146551780	1	1	0	2
X	146551781	146634669	2	1	1	2
X	146634670	146645386	2	1	1	2
X	146645387	146728226	2	1	1	2
X	146728227	146757066	2	1	1	2
X	146757067	146776026	2	1	1	2
X	146776027	146804453	2	1	1	2
X	146804454	146809814	1	1	0	2
X	146809815	146821810	2	1	1	2
X	146821811	146826411	1	1	0	2
X	146826412	146834131	2	1	1	2
X	146834132	146844226	2	1	1	2
X	146844227	146882857	2	1	1	2
X	146882858	146932856	2	1	1	2
X	146932857	146996081	2	1	1	2
X	146996082	147011008	1	1	0	2
X	147011009	147014880	2	1	1	2
X	147014881	147038443	2	1	1	2
X	147038444	147040062	2	1	1	2
X	147040063	147110613	2	1	1	2
X	147110614	147116313	2	1	1	2
X	147116314	147126254	2	1	1	2
X	147126255	147148972	1	1	0	2
X	147148973	147159385	2	1	1	2
X	147159386	147169349	1	1	0	2
X	147169350	147219831	2	1	1	2
X	147219832	147382068	2	1	1	2
X	147382069	147392673	1	1	0	2
X	147392674	147398177	2	1	1	2
X	147398178	147495971	1	1	0	2
X	147495972	147534889	2	1	1	2
X	147534890	147570994	2	1	1	2
X	147570995	147576945	1	1	0	2
X	147576946	147712010	2	1	1	2
X	147712011	147716985	1	1	0	2
X	147716986	147720999	1	1	0	2
X	147721000	147724746	2	1	1	2
X	147724747	147832346	2	1	1	2
X	147832347	147842471	1	1	0	2
X	147842472	147953560	2	1	1	2
X	147953561	147958779	2	1	1	2
X	147958780	148040704	2	1	1	2
X	148040705	148043559	2	1	1	2
X	148043560	148056131	2	1	1	1
X	148056132	148221853	2	1	1	2
X	148221854	148244772	1	1	0	2
X	148244773	148252431	2	1	1	2
X	148252432	148254913	1	1	0	2
X	148254914	148268018	1	1	0	2
X	148268019	148328216	2	1	1	2
X	148328217	148329995	2	1	1	2
X	148329996	148527673	2	1	1	2
X	148527674	148540728	1	1	0	2
X	148540729	148709861	2	1	1	2
X	148709862	148794824	2	1	1	2
X	148794825	148803670	2	1	1	2
X	148803671	148893053	2	1	1	2
X	148893054	148896702	2	1	1	2
X	148896703	149116700	2	1	1	2
X	149116701	149122063	2	1	1	2
X	149122064	149147872	2	1	1	2
X	149147873	149207026	2	1	1	2
X	149207027	149220484	2	1	1	2
X	149220485	149533556	2	1	1	2
X	149533557	149538725	2	1	1	2
X	149538726	149550304	2	1	1	2
X	149550305	149553943	2	1	1	2
X	149553944	149594222	2	1	1	2
X	149594223	149629821	2	1	1	2
X	149629822	149635141	1	1	0	2
X	149635142	149684097	2	1	1	2
X	149684098	149684148	2	1	1	2
X	149684149	149687876	1	1	0	2
X	149687877	149697892	2	1	1	2
X	149697893	149705879	1	1	0	2
X	149705880	149755122	2	1	1	2
X	149755123	149759422	2	1	1	2
X	149759423	149762456	2	1	1	2
X	149762457	149802400	2	1	1	2
X	149802401	149805474	1	1	0	2
X	149805475	149843398	2	1	1	2
X	149843399	149846991	1	1	0	2
X	149846992	149920301	2	1	1	2
X	149920302	149925258	2	1	1	2
X	149925259	150193164	2	1	1	2
X	150193165	150356888	2	1	1	2
X	150356889	150452981	2	1	1	2
X	150452982	150464186	1	1	0	2
X	150464187	150466455	2	1	1	2
X	150466456	150469317	1	1	0	2
X	150469318	150585764	2	1	1	2
X	150585765	150588335	2	1	1	2
X	150588336	150629869	2	1	1	2
X	150629870	150638454	1	1	0	2
X	150638455	150820277	1	1	0	2
X	150820278	150958499	2	1	1	2
X	150958500	150964652	1	1	0	2
X	150964653	151019727	2	1	1	2
X	151019728	151028514	1	1	0	2
X	151028515	151070212	2	1	1	2
X	151070213	151097801	2	1	1	2
X	151097802	151105283	2	1	1	2
X	151105284	151107334	2	1	1	2
X	151107335	151150988	2	1	1	2
X	151150989	151155554	2	1	1	2
X	151155555	151341920	2	1	1	2
X	151341921	151349652	2	1	1	2
X	151349653	151368630	2	1	1	2
X	151368631	151467653	2	1	1	2
X	151467654	151472020	2	1	1	2
X	151472021	151574445	2	1	1	2
X	151574446	151621328	1	1	0	2
X	151621329	151628086	1	1	0	2
X	151628087	151640865	1	1	0	2
X	151640866	151671455	2	1	1	2
X	151671456	151681760	2	1	1	2
X	151681761	152017384	2	1	1	2
X	152017385	152019000	2	1	1	2
X	152019001	152081963	2	1	1	2
X	152081964	152086631	2	1	1	2
X	152086632	152161952	2	1	1	2
X	152161953	152165784	1	1	0	2
X	152165785	152188718	1	1	0	2
X	152188719	152192881	1	1	0	2
X	152192882	152222892	1	1	0	2
X	152222893	152504217	2	1	1	2
X	152504218	152510208	1	1	0	2
X	152510209	152729149	2	1	1	2
X	152729150	152732675	1	1	0	2
X	152732676	152753836	2	1	1	2
X	152753837	152754937	2	1	1	2
X	152754938	152764189	2	1	1	2
X	152764190	152767028	2	1	1	2
X	152767029	152885315	2	1	1	2
X	152885316	152890064	1	1	0	2
X	152890065	153071411	2	1	1	2
X	153071412	153074983	2	1	1	2
X	153074984	153174042	2	1	1	2
X	153174043	153175855	2	1	1	2
X	153175856	153187742	2	1	1	2
X	153187743	153192533	2	1	1	2
X	153192534	153200164	2	1	1	2
X	153200165	153200502	2	1	1	2
X	153200503	153221419	2	1	1	2
X	153221420	153242927	2	1	1	2
X	153242928	153251201	2	1	1	2
X	153251202	153259885	2	1	1	2
X	153259886	153295745	2	1	1	2
X	153295746	153299723	2	1	1	2
X	153299724	153313945	2	1	1	2
X	153313946	153319095	2	1	1	2
X	153319096	153355256	2	1	1	2
X	153355257	153358211	2	1	1	2
X	153358212	153873151	1	1	0	2
X	153873152	153921942	2	1	1	2
X	153921943	153921978	2	1	1	2
X	153921979	153926338	2	1	1	2
X	153926339	153934826	2	1	1	2
X	153934827	153939986	1	1	0	2
X	153939987	154026508	2	1	1	2
X	154026509	154030486	2	1	1	2
X	154030487	154128004	2	1	1	2
X	154128005	154138458	1	1	0	2
X	154138459	154145640	2	1	1	2
X	154145641	154153114	1	1	0	2
X	154153115	154183293	2	1	1	2
X	154183294	154232717	2	1	1	2
X	154232718	154243277	1	1	0	2
X	154243278	154309274	2	1	1	2
X	154309275	154313150	2	1	1	2
X	154313151	154345210	2	1	1	2
X	154345211	154354781	1	1	0	2
X	154354782	154379723	2	1	1	2
X	154379724	154423930	2	1	1	2
X	154423931	154619686	1	1	0	2
X	154619687	154652250	1	1	0	2
X	154652251	154860714	2	2	0	1
X	154860715	154886592	2	1	1	2
X	154886593	154893405	2	1	1	2
X	154893406	154962143	2	1	1	3
X	154962144	154968022	2	1	1	1
X	154968023	154971724	2	1	1	1
X	154971725	155055608	2	1	1	2
X	155055609	155061446	2	1	1	1
X	155061447	155116327	2	1	1	2
X	155116328	155215760	2	1	1	2
X	155215761	155223903	2	2	0	1
