chromosome	start	end	total_cn	major_cn	minor_cn	star
1	10001	121499999	1	1	0	2
1	121500000	128899999	1	1	0	2
1	128900000	143247499	1	1	0	2
1	143247500	179482630	2	1	1	2
1	179482631	179486741	2	1	1	2
1	179486742	189192919	2	1	1	2
1	189192920	189211208	2	1	1	2
1	189211209	243704725	2	1	1	2
1	243704726	243706283	2	1	1	2
1	243706284	247247500	2	1	1	2
1	247247501	249250620	2	1	1	2
2	20016	10964471	2	1	1	2
2	10964472	11035671	1	1	0	1
2	11035672	61146374	2	1	1	2
2	61146375	61170359	2	1	1	1
2	61170360	79963504	2	1	1	2
2	79963505	79972595	2	1	1	2
2	79972596	83049432	2	1	1	2
2	83049433	83050744	2	1	1	2
2	83050745	89179989	2	1	1	2
2	89179990	90499999	2	1	1	2
2	90500000	96799999	2	1	1	2
2	96800000	102298169	2	1	1	2
2	102298170	102475951	2	1	1	2
2	102475952	111879580	2	1	1	2
2	111879581	111882926	2	1	1	2
2	111882927	140433968	2	1	1	2
2	140433969	140437062	2	1	1	2
2	140437063	140457131	2	1	1	2
2	140457132	140492829	1	1	0	2
2	140492830	148598254	2	1	1	2
2	148598255	148626644	2	1	1	2
2	148626645	156238192	2	1	1	2
2	156238193	156242433	2	1	1	2
2	156242434	186826045	2	1	1	2
2	186826046	186963395	2	1	1	2
2	186963396	187577594	2	1	1	2
2	187577595	187840890	3	2	1	2
2	187840891	189538841	2	1	1	2
2	189538842	189564535	1	1	0	2
2	189564536	242985695	2	1	1	2
3	61495	46047035	2	1	1	2
3	46047036	51658022	1	1	0	2
3	51658023	52642851	2	1	1	2
3	52642852	52646326	2	1	1	2
3	52646327	83632726	2	1	1	2
3	83632727	83649635	2	1	1	2
3	83649636	84348004	2	1	1	2
3	84348005	84349878	2	1	1	2
3	84349879	85252272	2	1	1	2
3	85252273	86703751	2	1	1	2
3	86703752	86733224	2	1	1	2
3	86733225	87153739	2	1	1	2
3	87153740	93899999	2	1	1	2
3	93900000	96563996	2	1	1	2
3	96563997	96669374	3	2	1	1
3	96669375	106049221	2	1	1	2
3	106049222	116488936	2	1	1	2
3	116488937	116546671	2	2	0	2
3	116546672	116744184	4	3	1	2
3	116744185	144599649	3	2	1	2
3	144599650	144600549	2	1	1	2
3	144600550	144603891	3	2	1	2
3	144603892	144612207	2	1	1	2
3	144612208	144613203	2	1	1	2
3	144613204	144625756	2	1	1	2
3	144625757	164485703	2	1	1	2
3	164485704	164897040	2	1	1	2
3	164897041	197794027	2	1	1	2
4	51261	20528493	2	1	1	2
4	20528494	20546853	2	1	1	2
4	20546854	24265747	2	1	1	2
4	24265748	24273831	2	1	1	2
4	24273832	45775529	2	1	1	2
4	45775530	45905879	1	1	0	2
4	45905880	46285594	2	1	1	2
4	46285595	46287430	2	1	1	2
4	46287431	46464451	2	1	1	2
4	46464452	46464990	2	1	1	2
4	46464991	48199999	2	1	1	2
4	48200000	52699999	2	1	1	2
4	52700000	86454185	2	1	1	2
4	86454186	86457653	2	1	1	1
4	86457654	91404783	2	1	1	2
4	91404784	92119814	1	1	0	2
4	92119815	92313027	2	1	1	2
4	92313028	92320399	2	1	1	1
4	92320400	116976003	2	1	1	2
4	116976004	117008523	2	1	1	2
4	117008524	117503179	2	1	1	2
4	117503180	117506634	2	1	1	1
4	117506635	118798634	2	1	1	2
4	118798635	118798943	2	2	0	1
4	118798944	119144596	2	2	0	2
4	119144597	119153732	2	1	1	1
4	119153733	130683748	2	1	1	2
4	130683749	130703071	1	1	0	2
4	130703072	133370922	2	1	1	2
4	133370923	133373284	2	1	1	1
4	133373285	134566650	2	1	1	2
4	134566651	134577697	2	1	1	1
4	134577698	162199417	2	1	1	2
4	162199418	162930692	3	2	1	2
4	162930693	179596944	2	1	1	2
4	179596945	179597931	2	1	1	1
4	179597932	181949306	2	1	1	2
4	181949307	182044639	1	1	0	2
4	182044640	190749943	2	1	1	2
5	22500	30349699	2	1	1	2
5	30349700	30410336	2	1	1	2
5	30410337	46099999	2	1	1	2
5	46100000	50699999	2	1	1	2
5	50700000	80391898	2	1	1	2
5	80391899	80405054	2	1	1	2
5	80405055	81225910	2	1	1	2
5	81225911	81242630	2	1	1	2
5	81242631	85742964	2	1	1	2
5	85742965	91735751	1	1	0	2
5	91735752	91822351	1	1	0	2
5	91822352	123997698	1	1	0	2
5	123997699	129148303	2	1	1	2
5	129148304	129150064	2	1	1	2
5	129150065	136740195	2	1	1	2
5	136740196	136741546	2	1	1	2
5	136741547	178501212	2	1	1	2
5	178501213	179673650	2	1	1	2
5	179673651	180715810	2	1	1	2
6	39681	205799	NA	NA	NA	NA
6	205800	761527	4	3	1	2
6	761528	8252615	2	1	1	2
6	8252616	8271443	2	1	1	2
6	8271444	57272643	2	1	1	2
6	57272644	58699999	2	1	1	2
6	58700000	63299999	2	1	1	2
6	63300000	66627499	2	1	1	2
6	66627500	170919735	1	1	0	2
7	60914	57999999	1	1	0	2
7	58000000	61699999	NA	NA	NA	NA
7	61700000	61713263	3	2	1	1
7	61713264	69194561	3	2	1	2
7	69194562	69469766	5	3	2	1
7	69469767	69682855	2	1	1	2
7	69682856	69723743	3	2	1	2
7	69723744	110223320	3	2	1	2
7	110223321	110300336	4	3	1	2
7	110300337	110810861	2	1	1	2
7	110810862	110850455	3	2	1	1
7	110850456	117582957	3	2	1	2
7	117582958	137919993	1	1	0	2
7	137919994	156258895	2	2	0	2
7	156258896	158817500	1	1	0	2
8	10001	192655	2	1	1	2
8	192656	14366890	2	1	1	2
8	14366891	14372967	2	1	1	2
8	14372968	43099999	2	1	1	2
8	43100000	48099999	2	1	1	2
8	48100000	68318016	2	1	1	2
8	68318017	68319559	2	1	1	2
8	68319560	68319889	2	1	1	2
8	68319890	68320993	2	1	1	2
8	68320994	79334670	2	1	1	2
8	79334671	79338835	2	1	1	2
8	79338836	83643801	2	1	1	2
8	83643802	83675507	1	1	0	2
8	83675508	87621633	2	1	1	2
8	87621634	87798553	2	1	1	2
8	87798554	88242310	2	1	1	2
8	88242311	88259862	1	1	0	2
8	88259863	111120252	1	1	0	2
8	111120253	111216614	2	1	1	2
8	111216615	146364021	2	1	1	2
9	47500	153760	3	2	1	1
9	153761	6014399	2	1	1	2
9	6014400	6196931	3	2	1	2
9	6196932	6403873	2	1	1	2
9	6403874	11875741	1	1	0	2
9	11875742	11884103	1	1	0	2
9	11884104	36166573	1	1	0	2
9	36166574	38668949	2	1	1	2
9	38668950	47299999	2	1	1	2
9	47300000	50699999	NA	NA	NA	NA
9	50700000	69863898	2	1	1	2
9	69863899	79921739	2	1	1	2
9	79921740	79932394	2	1	1	2
9	79932395	82487968	2	1	1	2
9	82487969	93756113	2	1	1	2
9	93756114	94109474	2	1	1	2
9	94109475	94109635	2	1	1	2
9	94109636	94112688	2	1	1	2
9	94112689	94113518	2	1	1	2
9	94113519	97821654	2	1	1	2
9	97821655	97827037	2	1	1	2
9	97827038	125824561	2	1	1	2
9	125824562	126035405	0	0	0	2
9	126035406	132653301	2	1	1	2
9	132653302	132721773	2	1	1	2
9	132721774	140267500	2	1	1	2
10	94426	2802041	2	1	1	1
10	2802042	5628630	2	1	1	1
10	5628631	5629321	2	1	1	2
10	5629322	32589606	1	1	0	2
10	32589607	32596372	1	1	0	2
10	32596373	33875278	1	1	0	2
10	33875279	33878688	1	1	0	1
10	33878689	33889365	2	2	0	1
10	33889366	33891060	2	1	1	1
10	33891061	37999999	2	1	1	2
10	38000000	42299999	NA	NA	NA	NA
10	42300000	103681069	1	1	0	2
10	103681070	103681247	1	1	0	2
10	103681248	133765088	1	1	0	2
10	133765089	133768663	1	1	0	2
10	133768664	135389924	1	1	0	2
11	20721	199152	2	1	1	1
11	199153	26878931	2	1	1	2
11	26878932	26880954	2	1	1	2
11	26880955	51599999	2	1	1	2
11	51600000	55699999	2	1	1	2
11	55700000	80243282	2	1	1	2
11	80243283	80255015	2	1	1	2
11	80255016	84356832	2	1	1	2
11	84356833	84365844	1	1	0	2
11	84365845	88517447	1	1	0	2
11	88517448	88539600	1	1	0	2
11	88539601	134442500	1	1	0	2
12	22500	226219	4	2	2	1
12	226220	16980183	3	2	1	2
12	16980184	17028591	3	2	1	2
12	17028592	33299999	3	2	1	2
12	33300000	38199999	3	2	1	2
12	38200000	56358758	3	2	1	2
12	56358759	56384207	3	2	1	1
12	56384208	60030346	3	2	1	2
12	60030347	60117180	3	2	1	2
12	60117181	132349400	3	2	1	2
12	132349401	133851894	3	2	1	2
13	1	16299999	NA	NA	NA	NA
13	16300000	19499999	2	1	1	2
13	19500000	31889800	2	1	1	2
13	31889801	31895485	1	1	0	2
13	31895486	57016264	1	1	0	2
13	57016265	57046111	1	1	0	2
13	57046112	57048069	1	1	0	2
13	57048070	57127331	1	1	0	2
13	57127332	68376120	1	1	0	2
13	68376121	68412139	1	1	0	2
13	68412140	86747631	1	1	0	2
13	86747632	86748738	2	1	1	2
13	86748739	114142800	2	1	1	2
13	114142801	115169877	1	1	0	1
14	1	16099999	NA	NA	NA	NA
14	16100000	19099999	2	2	0	1
14	19100000	20375050	2	2	0	1
14	20375051	42852408	2	1	1	2
14	42852409	42853158	2	1	1	2
14	42853159	44441144	2	1	1	2
14	44441145	44460921	2	1	1	2
14	44460922	60489327	2	1	1	2
14	60489328	79938821	2	1	1	2
14	79938822	80035400	2	1	1	2
14	80035401	102769847	1	1	0	2
14	102769848	102779013	2	1	1	2
14	102779014	106034783	2	1	1	2
14	106034784	106067966	2	1	1	2
14	106067967	106380170	2	1	1	2
15	1	15799999	NA	NA	NA	NA
15	15800000	20699999	1	1	0	1
15	20700000	100338800	2	1	1	2
15	100338801	102531391	2	1	1	1
16	9999	142313	2	1	1	2
16	142314	11669562	3	2	1	2
16	11669563	23524971	1	1	0	2
16	23524972	23533289	1	1	0	2
16	23533290	23534552	1	1	0	2
16	23534553	23537669	1	1	0	2
16	23537670	23562326	1	1	0	2
16	23562327	23588725	2	1	1	2
16	23588726	34599999	2	1	1	2
16	34600000	38599999	2	1	1	2
16	38600000	46415802	2	1	1	1
16	46415803	88827200	2	2	0	2
16	88827201	89315019	3	3	0	1
16	89315020	89568557	1	1	0	1
17	7	22199999	2	1	1	2
17	22200000	25799999	2	1	1	2
17	25800000	78774600	2	1	1	2
17	78774601	81195209	2	1	1	2
18	27500	15399999	2	2	0	2
18	15400000	18999999	2	2	0	2
18	19000000	40537514	2	2	0	2
18	40537515	40539059	2	2	0	2
18	40539060	64421280	2	2	0	2
18	64421281	64465446	2	2	0	2
18	64465447	76117000	2	2	0	2
18	76117001	78077247	2	2	0	2
19	102500	255923	3	2	1	1
19	255924	6528853	3	2	1	1
19	6528854	6664835	0	0	0	2
19	6664836	22098673	2	1	1	2
19	22098674	22104749	2	1	1	1
19	22104750	24399999	2	1	1	2
19	24400000	28599999	2	1	1	2
19	28600000	43830679	2	1	1	2
19	43830680	43833489	2	1	1	2
19	43833490	59128982	2	1	1	2
20	32217	25599999	3	2	1	2
20	25600000	29399999	3	2	1	2
20	29400000	62432500	3	2	1	2
21	1	10899999	NA	NA	NA	NA
21	10900000	14299999	1	1	0	1
21	14300000	22353426	1	1	0	2
21	22353427	22364680	1	1	0	2
21	22364681	46937500	1	1	0	2
21	46937501	48129894	2	1	1	1
22	1	12199999	NA	NA	NA	NA
22	12200000	17899999	2	1	1	2
22	17900000	49687500	2	1	1	2
22	49687501	51304565	3	2	1	2
X	1	29020290	1	1	0	1
X	29020291	29108647	2	1	1	2
X	29108648	31155018	2	1	1	2
X	31155019	31286323	2	1	1	2
X	31286324	31680759	2	1	1	2
X	31680760	31942458	2	1	1	2
X	31942459	32681450	2	1	1	2
X	32681451	32710779	2	1	1	2
X	32710780	32874868	2	1	1	2
X	32874869	33129235	2	1	1	2
X	33129236	33147459	2	1	1	2
X	33147460	33151117	2	1	1	2
X	33151118	35202548	2	1	1	2
X	35202549	35207785	2	1	1	2
X	35207786	58099999	2	1	1	2
X	58100000	62999999	2	1	1	2
X	63000000	87880592	2	1	1	2
X	87880593	87906178	2	1	1	2
X	87906179	88386772	2	1	1	2
X	88386773	94698720	2	1	1	2
X	94698721	94721465	2	1	1	2
X	94721466	125965417	2	1	1	2
X	125965418	126105455	2	1	1	2
X	126105456	136857105	2	1	1	2
X	136857106	144041560	2	1	1	2
X	144041561	144042332	2	1	1	2
X	144042333	147157882	2	1	1	2
X	147157883	151659792	2	1	1	2
X	151659793	151663926	2	1	1	2
X	151663927	154929638	2	1	1	2
