chromosome	start	end	total_cn	major_cn	minor_cn	star
1	48030	10248961	1	1	0	3
1	10248962	10253719	1	1	0	1
1	10253720	23027600	1	1	0	3
1	23027601	23027914	1	1	0	3
1	23027915	25568757	1	1	0	3
1	25568758	25579434	1	1	0	1
1	25579435	28867930	1	1	0	3
1	28867931	28893282	1	1	0	2
1	28893283	29073618	1	1	0	2
1	29073619	29493226	2	1	1	3
1	29493227	29515228	3	2	1	2
1	29515229	33265938	2	1	1	3
1	33265939	33282295	2	1	1	1
1	33282296	33389551	2	1	1	3
1	33389552	33457144	3	2	1	2
1	33457145	36469435	2	1	1	3
1	36469436	36476360	2	1	1	3
1	36476361	51349024	2	1	1	3
1	51349025	51360673	2	1	1	1
1	51360674	59938422	2	1	1	3
1	59938423	59945784	2	1	1	1
1	59945785	64484493	2	1	1	3
1	64484494	64493946	2	1	1	1
1	64493947	66918106	2	1	1	3
1	66918107	66924109	2	1	1	1
1	66924110	84029638	2	1	1	3
1	84029639	84108884	1	1	0	3
1	84108885	92618475	2	1	1	3
1	92618476	92646483	2	1	1	3
1	92646484	97303061	2	1	1	3
1	97303062	97304937	2	1	1	2
1	97304938	100550650	2	1	1	3
1	100550651	100561203	2	1	1	2
1	100561204	101129663	2	1	1	3
1	101129664	101140396	2	1	1	2
1	101140397	111616394	2	1	1	3
1	111616395	111633739	2	1	1	1
1	111633740	121425938	2	1	1	3
1	121425939	128899999	2	1	1	2
1	128900000	144840332	2	1	1	2
1	144840333	146497250	3	2	1	2
1	146497251	146834441	2	1	1	2
1	146834442	147870402	3	2	1	2
1	147870403	149288742	2	1	1	2
1	149288743	151163071	2	1	1	2
1	151163072	151170767	2	1	1	2
1	151170768	151551525	2	1	1	2
1	151551526	151609695	3	2	1	2
1	151609696	162876420	2	1	1	2
1	162876421	162888072	3	2	1	2
1	162888073	163735392	2	1	1	2
1	163735393	163739608	3	2	1	2
1	163739609	165977793	2	1	1	2
1	165977794	165981916	2	1	1	2
1	165981917	167703886	2	1	1	2
1	167703887	167704775	2	1	1	1
1	167704776	167704791	2	1	1	2
1	167704792	167751674	3	2	1	2
1	167751675	167835549	4	3	1	2
1	167835550	167838966	2	2	0	2
1	167838967	167839358	2	1	1	2
1	167839359	174989311	2	1	1	2
1	174989312	175001158	2	1	1	2
1	175001159	175967132	2	1	1	2
1	175967133	175991473	1	1	0	2
1	175991474	181501088	2	1	1	2
1	181501089	181504180	2	1	1	2
1	181504181	184723389	2	1	1	2
1	184723390	184735452	3	2	1	2
1	184735453	193964651	2	1	1	2
1	193964652	193973070	2	1	1	2
1	193973071	199692762	2	1	1	2
1	199692763	199698299	2	1	1	2
1	199698300	201159627	2	1	1	2
1	201159628	201172423	1	1	0	2
1	201172424	202061743	2	1	1	2
1	202061744	202094069	3	2	1	2
1	202094070	202315125	2	1	1	2
1	202315126	202315990	2	1	1	2
1	202315991	207287909	2	1	1	2
1	207287910	207604552	1	1	0	3
1	207604553	207613325	1	1	0	1
1	207613326	208033125	1	1	0	3
1	208033126	208081102	2	1	1	2
1	208081103	211914897	1	1	0	3
1	211914898	211916446	1	1	0	3
1	211916447	213958462	1	1	0	3
1	213958463	213960907	1	1	0	3
1	213960908	218614989	1	1	0	3
1	218614990	218627397	2	2	0	2
1	218627398	224845055	1	1	0	3
1	224845056	226309726	2	1	1	2
1	226309727	226354792	2	1	1	2
1	226354793	226544575	2	1	1	3
1	226544576	228274142	2	1	1	2
1	228274143	228333579	2	1	1	2
1	228333580	229836528	2	1	1	2
1	229836529	231802060	4	3	1	2
1	231802061	231802967	4	3	1	2
1	231802968	232524819	4	3	1	2
1	232524820	232537016	4	3	1	2
1	232537017	235478801	4	3	1	2
1	235478802	235479937	4	3	1	2
1	235479938	245267229	4	3	1	2
1	245267230	245277327	4	3	1	2
1	245277328	245277354	4	3	1	2
1	245277355	247249600	4	3	1	2
1	247249601	249250620	4	3	1	2
2	20016	3320035	2	1	1	2
2	3320036	3405567	3	2	1	2
2	3405568	14683864	2	1	1	3
2	14683865	14915598	1	1	0	3
2	14915599	15467112	2	1	1	2
2	15467113	15468826	2	1	1	2
2	15468827	32379791	2	1	1	3
2	32379792	32418353	3	2	1	2
2	32418354	39307713	2	1	1	2
2	39307714	39321050	3	2	1	2
2	39321051	43411851	2	1	1	2
2	43411852	43476579	3	2	1	2
2	43476580	43521136	2	1	1	2
2	43521137	43546357	3	2	1	2
2	43546358	43677252	2	1	1	2
2	43677253	43746061	3	2	1	2
2	43746062	45482088	2	1	1	3
2	45482089	45487865	2	1	1	1
2	45487866	46851956	2	1	1	3
2	46851957	46878227	3	2	1	2
2	46878228	52958351	2	1	1	3
2	52958352	52959824	2	1	1	2
2	52959825	54012269	2	1	1	3
2	54012270	54059485	3	2	1	2
2	54059486	58039479	2	1	1	3
2	58039480	58147882	1	1	0	3
2	58147883	63349470	2	1	1	3
2	63349471	63502193	2	1	1	2
2	63502194	66819383	2	1	1	3
2	66819384	66823701	2	1	1	3
2	66823702	69886621	2	1	1	3
2	69886622	69888175	2	1	1	3
2	69888176	69988198	2	1	1	3
2	69988199	70006421	2	1	1	2
2	70006422	72307524	2	1	1	3
2	72307525	74699926	2	1	1	3
2	74699927	74713312	2	1	1	2
2	74713313	74793655	3	2	1	2
2	74793656	74837550	3	2	1	2
2	74837551	74837996	2	1	1	2
2	74837997	88380517	2	1	1	3
2	88380518	88381047	2	1	1	2
2	88381048	90499999	2	1	1	3
2	90500000	96799999	2	1	1	3
2	96800000	98926240	2	1	1	3
2	98926241	98937643	2	1	1	1
2	98937644	108611939	2	1	1	3
2	108611940	108612755	2	1	1	3
2	108612756	111393582	2	1	1	3
2	111393583	118777610	1	1	0	3
2	118777611	129077649	2	1	1	2
2	129077650	129084520	2	1	1	2
2	129084521	132864768	2	1	1	2
2	132864769	132992975	1	1	0	2
2	132992976	136470218	2	1	1	2
2	136470219	136579155	3	2	1	2
2	136579156	137489388	2	1	1	3
2	137489389	137493672	2	1	1	2
2	137493673	178430596	2	1	1	3
2	178430597	178441736	2	1	1	1
2	178441737	180518362	2	1	1	3
2	180518363	180538880	3	2	1	3
2	180538881	180539268	3	2	1	3
2	180539269	183977499	3	2	1	2
2	183977500	184118363	1	1	0	2
2	184118364	184129009	1	1	0	2
2	184129010	197622188	1	1	0	3
2	197622189	197625675	1	1	0	2
2	197625676	201340341	1	1	0	3
2	201340342	201354084	1	1	0	3
2	201354085	203565756	1	1	0	3
2	203565757	203584974	1	1	0	1
2	203584975	204696361	1	1	0	3
2	204696362	204701210	1	1	0	2
2	204701211	206933155	1	1	0	3
2	206933156	206947402	1	1	0	1
2	206947403	218568764	1	1	0	3
2	218568765	218588624	2	2	0	3
2	218588625	232621729	1	1	0	3
2	232621730	232627364	1	1	0	2
2	232627365	234500073	1	1	0	3
2	234500074	234508122	1	1	0	1
2	234508123	242393119	1	1	0	3
2	242393120	242409746	2	2	0	2
2	242409747	242985695	1	1	0	3
3	100074	16643641	1	1	0	2
3	16643642	16693111	2	2	0	2
3	16693112	45130269	1	1	0	3
3	45130270	45417078	0	0	0	2
3	45417079	46249028	1	1	0	3
3	46249029	46252356	1	1	0	2
3	46252357	48139193	1	1	0	3
3	48139194	48213258	2	2	0	2
3	48213259	49737664	1	1	0	3
3	49737665	49757248	1	1	0	2
3	49757249	49993953	1	1	0	3
3	49993954	49994848	1	1	0	3
3	49994849	52480710	1	1	0	3
3	52480711	52481572	1	1	0	3
3	52481573	60143446	1	1	0	3
3	60143447	60497067	0	0	0	2
3	60497068	63544434	1	1	0	3
3	63544435	63546280	2	2	0	2
3	63546281	69810989	1	1	0	3
3	69810990	69833459	1	1	0	1
3	69833460	73358865	1	1	0	3
3	73358866	73483292	2	2	0	2
3	73483293	77476087	1	1	0	3
3	77476088	87883912	2	1	1	3
3	87883913	87899999	2	1	1	1
3	87900000	93899999	2	1	1	2
3	93900000	96996929	2	1	1	3
3	96996930	97429344	1	1	0	3
3	97429345	114299958	2	1	1	3
3	114299959	114327301	1	1	0	2
3	114327302	122114150	2	1	1	3
3	122114151	122117602	2	1	1	3
3	122117603	124499191	2	1	1	3
3	124499192	124523585	3	2	1	2
3	124523586	128843272	2	1	1	3
3	128843273	128857926	3	2	1	1
3	128857927	128858083	3	2	1	2
3	128858084	128878893	3	2	1	2
3	128878894	128949764	2	1	1	2
3	128949765	128952496	2	1	1	1
3	128952497	131262033	2	1	1	3
3	131262034	131265386	2	1	1	2
3	131265387	134105278	2	1	1	3
3	134105279	134262504	3	2	1	2
3	134262505	138539006	2	1	1	3
3	138539007	138548036	2	1	1	3
3	138548037	146780247	2	1	1	3
3	146780248	146780352	2	1	1	3
3	146780353	157426732	2	1	1	3
3	157426733	157428694	2	1	1	2
3	157428695	170800994	2	1	1	3
3	170800995	170814295	3	2	1	2
3	170814296	172118685	2	1	1	3
3	172118686	172368931	3	2	1	2
3	172368932	174519473	2	1	1	3
3	174519474	174966356	1	1	0	2
3	174966357	175721757	2	1	1	3
3	175721758	175727476	2	1	1	3
3	175727477	179522603	2	1	1	3
3	179522604	181867489	1	1	0	2
3	181867490	185462563	2	1	1	3
3	185462564	185687147	2	1	1	2
3	185687148	187053937	2	1	1	3
3	187053938	187058081	2	1	1	2
3	187058082	188475676	2	1	1	3
3	188475677	188554975	1	1	0	2
3	188554976	188927941	2	1	1	3
3	188927942	188949808	2	1	1	1
3	188949809	198022429	2	1	1	3
4	27500	31027	2	2	0	2
4	31028	4109000	2	2	0	2
4	4109001	7013286	2	2	0	2
4	7013287	7030777	3	3	0	2
4	7030778	7033680	3	3	0	1
4	7033681	21912332	1	1	0	3
4	21912333	21914493	1	1	0	3
4	21914494	48199999	1	1	0	3
4	48200000	52825812	1	1	0	3
4	52825813	52834084	1	1	0	1
4	52834085	54189640	1	1	0	3
4	54189641	57042903	2	2	0	2
4	57042904	57048778	2	2	0	2
4	57048779	63133833	2	2	0	2
4	63133834	63136378	3	3	0	2
4	63136379	70126124	2	2	0	2
4	70126125	70232001	4	2	2	2
4	70232002	77630360	2	2	0	2
4	77630361	92559308	1	1	0	3
4	92559309	92561640	1	1	0	3
4	92561641	119200998	1	1	0	3
4	119200999	119433126	1	1	0	1
4	119433127	148697977	1	1	0	3
4	148697978	148699681	1	1	0	3
4	148699682	155385570	1	1	0	3
4	155385571	155393993	1	1	0	3
4	155393994	168726387	1	1	0	3
4	168726388	168737922	1	1	0	2
4	168737923	170383841	1	1	0	3
4	170383842	170385891	1	1	0	3
4	170385892	185803949	1	1	0	3
4	185803950	185814375	1	1	0	2
4	185814376	191154275	1	1	0	3
5	22500	680012	2	1	1	2
5	680013	852432	1	1	0	2
5	852433	42594569	1	1	0	3
5	42594570	42608697	1	1	0	1
5	42608698	46099999	1	1	0	3
5	46100000	50699999	NA	NA	NA	NA
5	50700000	50796199	2	1	1	3
5	50796200	50813025	4	3	1	1
5	50813026	51509365	4	3	1	2
5	51509366	52642664	1	1	0	3
5	52642665	52657274	0	0	0	2
5	52657275	54272972	1	1	0	3
5	54272973	54280648	1	1	0	3
5	54280649	60428545	1	1	0	3
5	60428546	60442629	1	1	0	1
5	60442630	71240039	1	1	0	3
5	71240040	71251323	2	1	1	3
5	71251324	71556855	2	1	1	3
5	71556856	71562780	2	1	1	2
5	71562781	72157886	2	1	1	3
5	72157887	72157921	2	1	1	2
5	72157922	99867763	1	1	0	3
5	99867764	99874099	1	1	0	2
5	99874100	114477523	1	1	0	2
5	114477524	114485224	1	1	0	1
5	114485225	133292691	1	1	0	3
5	133292692	133607456	2	1	1	2
5	133607457	133700132	3	2	1	3
5	133700133	135717182	2	1	1	2
5	135717183	149670880	1	1	0	3
5	149670881	149671653	1	1	0	3
5	149671654	149842632	1	1	0	3
5	149842633	149851024	1	1	0	2
5	149851025	167433036	1	1	0	3
5	167433037	168288952	2	2	0	2
5	168288953	168302180	3	3	0	2
5	168302181	170240008	2	2	0	2
5	170240009	175881188	3	3	0	2
5	175881189	175883379	3	3	0	2
5	175883380	179036631	3	3	0	2
5	179036632	180057193	3	3	0	2
5	180057194	180190978	3	2	1	2
5	180190979	180439650	3	3	0	2
5	180439651	180719725	3	3	0	2
6	162500	501731	1	1	0	3
6	501732	507697	1	1	0	3
6	507698	23195221	1	1	0	3
6	23195222	23195467	1	1	0	2
6	23195468	27781629	1	1	0	3
6	27781630	27791177	1	1	0	1
6	27791178	28186992	1	1	0	3
6	28186993	28193776	1	1	0	2
6	28193777	29698238	1	1	0	3
6	29698239	29705147	1	1	0	1
6	29705148	29910120	1	1	0	3
6	29910121	29911285	1	1	0	2
6	29911286	31319671	1	1	0	3
6	31319672	31331964	1	1	0	2
6	31331965	37644467	1	1	0	3
6	37644468	37645692	1	1	0	3
6	37645693	38128655	1	1	0	3
6	38128656	38141278	1	1	0	3
6	38141279	43219471	1	1	0	3
6	43219472	43219484	1	1	0	2
6	43219485	45150042	2	2	0	2
6	45150043	45152084	1	1	0	2
6	45152085	45159925	2	2	0	2
6	45159926	56993958	1	1	0	3
6	56993959	57309958	3	2	1	2
6	57309959	58386288	2	1	1	2
6	58386289	58392264	3	2	1	1
6	58392265	58699999	3	2	1	2
6	58700000	63299999	NA	NA	NA	NA
6	63300000	73724869	2	1	1	3
6	73724870	73731033	2	1	1	2
6	73731034	74227264	2	1	1	3
6	74227265	86773001	1	1	0	3
6	86773002	86781052	1	1	0	2
6	86781053	99064103	1	1	0	3
6	99064104	99071436	1	1	0	3
6	99071437	111950404	1	1	0	3
6	111950405	111958491	1	1	0	2
6	111958492	117817624	1	1	0	3
6	117817625	135994059	1	1	0	2
6	135994060	136066411	0	0	0	2
6	136066412	139863023	1	1	0	2
6	139863024	139873359	1	1	0	2
6	139873360	148341797	1	1	0	2
6	148341798	148519456	0	0	0	3
6	148519457	149994686	1	1	0	2
6	149994687	149995069	1	1	0	2
6	149995070	150397532	1	1	0	2
6	150397533	150401902	1	1	0	2
6	150401903	154862232	1	1	0	2
6	154862233	154867416	3	3	0	2
6	154867417	154920979	3	3	0	2
6	154920980	154978794	2	2	0	3
6	154978795	170918194	1	1	0	2
7	40386	5212044	1	1	0	3
7	5212045	10967608	2	1	1	3
7	10967609	19734906	2	1	1	3
7	19734907	19742522	2	1	1	3
7	19742523	23116269	2	1	1	3
7	23116270	23126074	2	1	1	2
7	23126075	23503193	2	1	1	2
7	23503194	23522512	2	1	1	2
7	23522513	26218541	2	1	1	3
7	26218542	26227107	2	1	1	2
7	26227108	33802455	2	1	1	3
7	33802456	42112194	3	2	1	2
7	42112195	44730647	2	1	1	3
7	44730648	44753028	2	1	1	3
7	44753029	56108657	2	1	1	3
7	56108658	56165423	3	2	1	2
7	56165424	57999999	2	1	1	3
7	58000000	61699999	2	1	1	3
7	61700000	69294969	2	1	1	3
7	69294970	69789954	2	1	1	2
7	69789955	71246216	3	2	1	2
7	71246217	75718057	1	1	0	3
7	75718058	92523181	2	2	0	3
7	92523182	92524916	2	2	0	3
7	92524917	93318434	2	2	0	3
7	93318435	93325929	2	2	0	1
7	93325930	108294870	2	2	0	3
7	108294871	111667393	2	2	0	2
7	111667394	111841225	1	1	0	2
7	111841226	122963156	2	2	0	3
7	122963157	127047518	2	2	0	2
7	127047519	127053735	2	2	0	2
7	127053736	131736762	2	2	0	3
7	131736763	131736932	2	2	0	3
7	131736933	135974227	2	2	0	3
7	135974228	135981514	2	2	0	1
7	135981515	138736618	2	2	0	3
7	138736619	138764773	4	4	0	2
7	138764774	142461547	2	2	0	3
7	142461548	148574829	3	3	0	2
7	148574830	148611017	4	4	0	2
7	148611018	158821400	3	3	0	2
8	155687	3687489	2	1	1	2
8	3687490	4075273	1	1	0	2
8	4075274	4124412	2	1	1	2
8	4124413	4133523	1	1	0	2
8	4133524	6295286	2	1	1	2
8	6295287	8787616	2	1	1	2
8	8787617	8790227	2	1	1	2
8	8790228	23372809	2	1	1	2
8	23372810	23403175	3	2	1	2
8	23403176	27786908	2	1	1	2
8	27786909	27793953	2	1	1	2
8	27793954	28425595	2	1	1	2
8	28425596	28435846	2	1	1	2
8	28435847	37154120	2	1	1	2
8	37154121	43099999	2	1	1	2
8	43100000	48099999	2	1	1	2
8	48100000	48216984	2	1	1	2
8	48216985	48890345	2	1	1	2
8	48890346	48896116	3	2	1	2
8	48896117	49939561	2	1	1	2
8	49939562	50181888	3	2	1	2
8	50181889	50197337	3	2	1	2
8	50197338	50202307	3	2	1	2
8	50202308	50652734	3	2	1	2
8	50652735	79957551	1	1	0	3
8	79957552	80126132	0	0	0	2
8	80126133	81955679	1	1	0	3
8	81955680	81956505	1	1	0	3
8	81956506	87122524	1	1	0	3
8	87122525	91735351	2	2	0	2
8	91735352	91742258	2	2	0	2
8	91742259	97072768	2	2	0	2
8	97072769	97138897	3	3	0	2
8	97138898	103886356	2	2	0	2
8	103886357	103893748	2	2	0	1
8	103893749	120718532	2	2	0	2
8	120718533	120719557	2	2	0	2
8	120719558	123967614	2	2	0	2
8	123967615	123968936	2	2	0	2
8	123968937	126086725	2	2	0	2
8	126086726	126548670	3	3	0	2
8	126548671	127665710	4	3	1	2
8	127665711	128045486	3	2	1	2
8	128045487	128123462	4	2	2	2
8	128123463	128753394	3	2	1	2
8	128753395	128760877	6	5	1	2
8	128760878	132853264	3	2	1	2
8	132853265	132868230	4	3	1	2
8	132868231	134240643	3	2	1	2
8	134240644	134268917	4	3	1	2
8	134268918	135788329	3	2	1	2
8	135788330	135788536	3	2	1	2
8	135788537	146364021	3	2	1	2
9	47500	153760	1	1	0	2
9	153761	5429409	1	1	0	2
9	5429410	5434752	3	3	0	2
9	5434753	5471199	3	3	0	2
9	5471200	5527345	2	2	0	3
9	5527346	21893816	1	1	0	2
9	21893817	21906764	2	2	0	2
9	21906765	33141733	1	1	0	2
9	33141734	33162452	2	2	0	2
9	33162453	44807011	1	1	0	3
9	44807012	47299999	1	1	0	3
9	47300000	50699999	1	1	0	2
9	50700000	71708567	1	1	0	3
9	71708568	71846158	0	0	0	3
9	71846159	91057501	1	1	0	3
9	91057502	91057727	1	1	0	3
9	91057728	124525479	1	1	0	3
9	124525480	124906647	2	2	0	2
9	124906648	140273200	1	1	0	3
10	94426	1458784	3	2	1	2
10	1458785	1463542	4	2	2	2
10	1463543	4914569	3	2	1	2
10	4914570	5411363	3	2	1	2
10	5411364	5414077	3	2	1	2
10	5414078	7644932	3	2	1	2
10	7644933	7644944	3	2	1	2
10	7644945	7666788	3	2	1	2
10	7666789	7666850	3	2	1	2
10	7666851	7667779	3	2	1	2
10	7667780	13826149	2	1	1	3
10	13826150	13840062	3	2	1	2
10	13840063	28718155	2	1	1	3
10	28718156	28718691	2	1	1	2
10	28718692	28965500	2	1	1	2
10	28965501	28968056	2	1	1	2
10	28968057	37999999	2	1	1	3
10	38000000	42299999	2	1	1	3
10	42300000	52884218	2	1	1	3
10	52884219	52893722	2	1	1	2
10	52893723	52894538	2	1	1	2
10	52894539	54289933	2	1	1	3
10	54289934	89690742	1	1	0	3
10	89690743	90178388	0	0	0	2
10	90178389	92878752	1	1	0	3
10	92878753	92882980	1	1	0	3
10	92882981	108734356	1	1	0	3
10	108734357	108736917	1	1	0	3
10	108736918	111568548	1	1	0	3
10	111568549	111595026	2	2	0	2
10	111595027	128963337	1	1	0	3
10	128963338	128964508	1	1	0	2
10	128964509	135389924	1	1	0	3
11	20721	202471	2	2	0	2
11	202472	4445933	2	2	0	2
11	4445934	9463026	1	1	0	3
11	9463027	9482602	1	1	0	2
11	9482603	22489508	1	1	0	3
11	22489509	32272135	2	1	1	2
11	32272136	35937775	2	1	1	3
11	35937776	35961278	3	2	1	2
11	35961279	51599999	2	1	1	3
11	51600000	55699999	2	1	1	3
11	55700000	58483166	2	1	1	3
11	58483167	58484625	2	1	1	2
11	58484626	61046620	2	1	1	3
11	61046621	61067087	2	1	1	2
11	61067088	62581815	2	1	1	3
11	62581816	62619265	3	2	1	1
11	62619266	69307220	2	1	1	3
11	69307221	69314671	2	1	1	2
11	69314672	77157219	2	1	1	3
11	77157220	77160364	2	1	1	2
11	77160365	77509040	2	1	1	2
11	77509041	77526888	2	1	1	2
11	77526889	77537252	2	1	1	2
11	77537253	77959386	2	1	1	3
11	77959387	80689060	2	1	1	3
11	80689061	80698482	2	1	1	2
11	80698483	81581023	2	1	1	3
11	81581024	81766321	3	2	1	2
11	81766322	83720053	2	1	1	3
11	83720054	83964799	2	1	1	2
11	83964800	83967088	2	1	1	2
11	83967089	83968397	2	1	1	2
11	83968398	84417041	2	1	1	2
11	84417042	85031007	2	1	1	2
11	85031008	87130152	2	1	1	3
11	87130153	87130350	2	1	1	3
11	87130351	87808523	2	1	1	3
11	87808524	87811391	2	1	1	3
11	87811392	94675526	2	1	1	3
11	94675527	94678588	2	1	1	1
11	94678589	95997411	2	1	1	3
11	95997412	102088225	1	1	0	3
11	102088226	102093368	1	1	0	1
11	102093369	116604016	1	1	0	3
11	116604017	116612591	1	1	0	2
11	116612592	119626638	1	1	0	3
11	119626639	119629713	1	1	0	3
11	119629714	124264797	1	1	0	3
11	124264798	124277015	0	0	0	2
11	124277016	134452200	1	1	0	3
12	110107	188196	2	2	0	2
12	188197	3489782	2	2	0	2
12	3489783	3492124	2	2	0	2
12	3492125	3554180	2	2	0	2
12	3554181	3744208	4	4	0	2
12	3744209	7472047	2	2	0	2
12	7472048	7500298	4	4	0	2
12	7500299	11215003	2	2	0	2
12	11215004	12000834	2	2	0	2
12	12000835	12025437	1	1	0	2
12	12025438	12123595	2	2	0	3
12	12123596	14906520	1	1	0	3
12	14906521	15037559	2	2	0	2
12	15037560	18406319	1	1	0	3
12	18406320	28241933	1	1	0	3
12	28241934	28413491	0	0	0	3
12	28413492	33299999	1	1	0	2
12	33300000	38199999	NA	NA	NA	NA
12	38200000	43833295	2	1	1	3
12	43833296	71275945	1	1	0	3
12	71275946	71302274	0	0	0	3
12	71302275	83115587	1	1	0	3
12	83115588	83335927	0	0	0	2
12	83335928	84952900	1	1	0	3
12	84952901	84953501	1	1	0	3
12	84953502	88633376	1	1	0	3
12	88633377	88641671	1	1	0	3
12	88641672	99265008	1	1	0	3
12	99265009	99266576	1	1	0	2
12	99266577	99846487	1	1	0	3
12	99846488	100098301	0	0	0	2
12	100098302	102621793	1	1	0	3
12	102621794	102629297	1	1	0	2
12	102629298	132349400	1	1	0	3
12	132349401	133851894	1	1	0	3
13	1	16299999	1	1	0	1
13	16300000	19499999	1	1	0	2
13	19500000	37889462	1	1	0	3
13	37889463	37900841	1	1	0	3
13	37900842	61344672	1	1	0	3
13	61344673	61352426	1	1	0	3
13	61352427	66180358	1	1	0	3
13	66180359	66183857	2	2	0	2
13	66183858	73720965	2	2	0	2
13	73720966	73724408	2	2	0	2
13	73724409	85744189	2	2	0	2
13	85744190	103946404	3	2	1	2
13	103946405	103952260	5	4	1	2
13	103952261	112337101	3	2	1	2
13	112337102	112346712	4	3	1	2
13	112346713	113107923	3	2	1	2
13	113107924	113116947	2	1	1	2
13	113116948	113580491	3	2	1	2
13	113580492	113610306	4	3	1	1
13	113610307	114142800	3	2	1	2
13	114142801	115169877	3	2	1	2
14	1	16099999	1	1	0	1
14	16100000	19099999	1	1	0	2
14	19100000	20504215	1	1	0	2
14	20504216	20523327	2	2	0	2
14	20523328	55152769	1	1	0	3
14	55152770	55175959	2	2	0	2
14	55175960	63230800	1	1	0	3
14	63230801	63244256	2	2	0	2
14	63244257	67017271	1	1	0	3
14	67017272	67313778	0	0	0	2
14	67313779	68992617	1	1	0	3
14	68992618	69000326	1	1	0	3
14	69000327	74394526	1	1	0	3
14	74394527	74397952	1	1	0	2
14	74397953	76065897	1	1	0	3
14	76065898	76074871	1	1	0	1
14	76074872	76620126	1	1	0	3
14	76620127	76664313	1	1	0	2
14	76664314	94674235	1	1	0	3
14	94674236	94682330	1	1	0	1
14	94682331	95365767	1	1	0	3
14	95365768	95385060	1	1	0	3
14	95385061	106368400	1	1	0	3
15	1	15799999	1	1	0	1
15	15800000	20699999	1	1	0	2
15	20700000	26711703	1	1	0	3
15	26711704	26714551	1	1	0	2
15	26714552	32930370	1	1	0	3
15	32930371	40777255	2	2	0	2
15	40777256	40783950	2	2	0	2
15	40783951	43719897	2	2	0	2
15	43719898	43723210	2	2	0	1
15	43723211	48571162	2	2	0	2
15	48571163	48717725	3	3	0	2
15	48717726	57433367	2	2	0	3
15	57433368	57438206	2	2	0	1
15	57438207	58683435	2	2	0	2
15	58683436	58723950	1	1	0	3
15	58723951	65745944	2	2	0	3
15	65745945	65749712	2	2	0	2
15	65749713	71044538	2	2	0	2
15	71044539	81061480	1	1	0	2
15	81061481	81190833	0	0	0	2
15	81190834	91997392	1	1	0	3
15	91997393	100338800	2	2	0	2
15	100338801	102423162	2	2	0	2
16	92888	10866186	1	1	0	3
16	10866187	10867018	1	1	0	2
16	10867019	10878178	3	3	0	2
16	10878179	10997680	3	3	0	2
16	10997681	10998558	3	3	0	1
16	10998559	17842246	1	1	0	3
16	17842247	17842274	1	1	0	3
16	17842275	20149801	1	1	0	3
16	20149802	20149955	1	1	0	3
16	20149956	22812414	1	1	0	3
16	22812415	22817627	1	1	0	1
16	22817628	27595211	1	1	0	3
16	27595212	27596296	1	1	0	3
16	27596297	34599999	1	1	0	3
16	34600000	38599999	1	1	0	3
16	38600000	46415802	1	1	0	3
16	46415803	50359604	1	1	0	3
16	50359605	50363322	1	1	0	2
16	50363323	53171402	1	1	0	3
16	53171403	53175680	1	1	0	2
16	53175681	53275158	1	1	0	2
16	53275159	53298649	2	2	0	2
16	53298650	54538375	1	1	0	2
16	54538376	54553067	1	1	0	1
16	54553068	57041774	1	1	0	3
16	57041775	57076609	2	2	0	2
16	57076610	60388744	1	1	0	3
16	60388745	60390116	1	1	0	3
16	60390117	76973521	1	1	0	3
16	76973522	76977296	2	1	1	2
16	76977297	78266218	2	1	1	2
16	78266219	81170328	3	2	1	2
16	81170329	81179531	3	2	1	2
16	81179532	81715732	3	2	1	2
16	81715733	81847787	4	2	2	2
16	81847788	82026402	3	2	1	2
16	82026403	82038914	4	3	1	2
16	82038915	88827200	3	2	1	2
16	88827201	90114407	3	2	1	2
17	3621	1039160	1	1	0	3
17	1039161	1039180	1	1	0	3
17	1039181	3491149	1	1	0	3
17	3491150	3540161	1	1	0	2
17	3540162	8754016	1	1	0	3
17	8754017	16709260	1	1	0	3
17	16709261	16717499	1	1	0	3
17	16717500	19810779	1	1	0	3
17	19810780	19811739	1	1	0	1
17	19811740	19811966	1	1	0	1
17	19811967	19816420	2	2	0	2
17	19816421	21539973	2	2	0	2
17	21539974	25799999	NA	NA	NA	NA
17	25800000	32591392	1	1	0	3
17	32591393	32599836	1	1	0	3
17	32599837	40533067	1	1	0	3
17	40533068	40613833	2	2	0	3
17	40613834	55658462	1	1	0	3
17	55658463	55671615	1	1	0	3
17	55671616	55948925	1	1	0	3
17	55948926	55965452	2	2	0	2
17	55965453	57821917	1	1	0	3
17	57821918	57822136	1	1	0	3
17	57822137	57918807	1	1	0	2
17	57918808	57960696	2	2	0	2
17	57960697	58993143	1	1	0	3
17	58993144	59198225	0	0	0	2
17	59198226	67739801	1	1	0	3
17	67739802	67743485	1	1	0	3
17	67743486	76214890	1	1	0	3
17	76214891	76396526	1	1	0	2
17	76396527	79817611	1	1	0	2
17	79817612	79825590	1	1	0	2
17	79825591	81195209	1	1	0	2
18	27500	125631	2	1	1	2
18	125632	15399999	2	1	1	3
18	15400000	18999999	2	1	1	3
18	19000000	29918441	2	1	1	3
18	29918442	31937397	2	1	1	3
18	31937398	31953282	2	1	1	3
18	31953283	35563782	2	1	1	3
18	35563783	35567037	2	1	1	3
18	35567038	36121722	2	1	1	3
18	36121723	36125258	2	1	1	3
18	36125259	38163541	2	1	1	3
18	38163542	38167743	2	1	1	1
18	38167744	40928046	2	1	1	3
18	40928047	40932985	2	1	1	2
18	40932986	52391037	2	1	1	2
18	52391038	52391516	2	1	1	2
18	52391517	52471765	2	1	1	2
18	52471766	52484152	3	2	1	2
18	52484153	52886677	2	1	1	2
18	52886678	52886808	2	1	1	2
18	52886809	54934308	2	1	1	2
18	54934309	56352731	1	1	0	3
18	56352732	60419823	1	1	0	3
18	60419824	60432001	2	2	0	2
18	60432002	76117000	1	1	0	3
18	76117001	78077247	1	1	0	3
19	102500	260136	1	1	0	3
19	260137	2315787	1	1	0	3
19	2315788	2788498	2	1	1	3
19	2788499	2806876	2	1	1	1
19	2806877	4099509	2	1	1	3
19	4099510	4103209	2	1	1	1
19	4103210	4333036	2	1	1	3
19	4333037	4355043	3	2	1	2
19	4355044	6720762	2	1	1	3
19	6720763	6749264	3	2	1	1
19	6749265	9860547	2	1	1	3
19	9860548	9884833	2	1	1	2
19	9884834	12569221	2	1	1	3
19	12569222	12755418	1	1	0	3
19	12755419	15288617	2	1	1	3
19	15288618	15334045	3	2	1	2
19	15334046	18417214	2	1	1	3
19	18417215	18577704	3	2	1	3
19	18577705	18931654	2	1	1	2
19	18931655	18962221	2	1	1	1
19	18962222	19461564	2	1	1	3
19	19461565	19517594	3	2	1	2
19	19517595	19882698	2	1	1	3
19	19882699	21288507	3	2	1	2
19	21288508	24399999	2	1	1	3
19	24400000	28599999	2	1	1	3
19	28600000	30130769	2	1	1	3
19	30130770	30131681	2	1	1	3
19	30131682	34762943	2	1	1	3
19	34762944	34891290	3	2	1	2
19	34891291	37387737	2	1	1	3
19	37387738	43502835	1	1	0	3
19	43502836	43800005	1	1	0	2
19	43800006	49105422	1	1	0	2
19	49105423	49118317	1	1	0	2
19	49118318	51394381	1	1	0	2
19	51394382	51420169	2	2	0	2
19	51420170	59128982	1	1	0	3
20	17500	10765913	2	2	0	2
20	10765914	10780361	4	4	0	2
20	10780362	10845095	2	2	0	2
20	10845096	10862677	2	2	0	2
20	10862678	14948902	2	2	0	2
20	14948903	15061577	2	2	0	2
20	15061578	15181552	2	2	0	2
20	15181553	15256291	2	2	0	2
20	15256292	18020044	2	2	0	2
20	18020045	18023792	2	2	0	2
20	18023793	20505858	2	2	0	2
20	20505859	20506581	2	2	0	2
20	20506582	21355889	2	2	0	2
20	21355890	25599999	1	1	0	3
20	25600000	29432500	NA	NA	NA	NA
20	29432501	46680711	2	1	1	2
20	46680712	46710162	2	1	1	1
20	46710163	48358081	2	1	1	2
20	48358082	48409704	3	2	1	2
20	48409705	48708105	2	1	1	2
20	48708106	48836002	3	2	1	2
20	48836003	48836171	2	1	1	2
20	48836172	48982433	4	3	1	2
20	48982434	48982743	4	3	1	1
20	48982744	49074900	3	2	1	2
20	49074901	50187559	2	1	1	2
20	50187560	50270097	3	2	1	2
20	50270098	52315844	2	1	1	2
20	52315845	52327976	2	1	1	2
20	52327977	61016270	2	1	1	2
20	61016271	61016522	2	1	1	2
20	61016523	62079715	2	1	1	2
20	62079716	62435800	2	1	1	2
21	1	9417499	NA	NA	NA	NA
21	9417500	9862245	NA	NA	NA	NA
21	9862246	10899999	NA	NA	NA	NA
21	10900000	14562001	2	1	1	2
21	14562002	15292499	7	5	2	1
21	15292500	18002603	7	5	2	1
21	18002604	18765804	7	6	1	2
21	18765805	18776606	7	6	1	2
21	18776607	18831974	7	6	1	2
21	18831975	18833827	7	6	1	2
21	18833828	20127980	7	6	1	2
21	20127981	20132781	7	6	1	2
21	20132782	21045390	7	6	1	2
21	21045391	21214662	8	7	1	1
21	21214663	21215293	8	7	1	2
21	21215294	21359289	8	7	1	2
21	21359290	21437419	8	7	1	1
21	21437420	21606182	8	7	1	2
21	21606183	21792343	7	6	1	2
21	21792344	23092776	6	5	1	2
21	23092777	23986749	5	4	1	2
21	23986750	23990193	5	4	1	1
21	23990194	24116659	6	3	3	1
21	24116660	25263134	5	4	1	2
21	25263135	25265679	3	2	1	2
21	25265680	26719667	5	4	1	2
21	26719668	26877828	6	5	1	2
21	26877829	27291036	5	4	1	2
21	27291037	27675334	4	4	0	2
21	27675335	36214361	1	1	0	3
21	36214362	36217019	1	1	0	3
21	36217020	37739717	1	1	0	3
21	37739718	38840272	2	2	0	2
21	38840273	38846355	2	2	0	2
21	38846356	41763699	2	2	0	3
21	41763700	41771784	2	2	0	1
21	41771785	46944200	2	2	0	2
21	46944201	48129894	2	2	0	2
22	1	12199999	1	1	0	2
22	12200000	17899999	1	1	0	3
22	17900000	23037500	1	1	0	3
22	23037501	23785235	1	1	0	3
22	23785236	23787191	1	1	0	2
22	23787192	35606272	1	1	0	3
22	35606273	35611275	1	1	0	2
22	35611276	37049637	1	1	0	3
22	37049638	39734003	1	1	0	3
22	39734004	39754102	1	1	0	1
22	39754103	49691400	1	1	0	3
22	49691401	51304565	1	1	0	3
X	1	1561684	1	1	0	2
X	1561685	1615834	2	2	0	1
X	1615835	8581699	1	1	0	2
X	8581700	8584545	2	1	1	2
X	8584546	45470794	1	1	0	2
X	45470795	45472343	0	0	0	2
X	45472344	58099999	1	1	0	2
X	58100000	62999999	1	1	0	2
X	63000000	80799875	1	1	0	2
X	80799876	80820395	1	1	0	2
X	80820396	96480540	1	1	0	2
X	96480541	96538019	0	0	0	2
X	96538020	138081971	1	1	0	2
X	138081972	138087720	1	1	0	2
X	138087721	140265184	1	1	0	2
X	140265185	140484384	0	0	0	2
X	140484385	150529121	1	1	0	2
X	150529122	154913600	2	2	0	2
