chromosome	start	end	total_cn	major_cn	minor_cn	star
1	10001	31307760	1	1	0	3
1	31307761	31308013	1	1	0	3
1	31308014	31316552	1	1	0	2
1	31316553	49361714	2	1	1	3
1	49361715	50487695	1	1	0	3
1	50487696	121499999	2	1	1	3
1	121500000	128899999	2	1	1	2
1	128900000	144546889	2	1	1	2
1	144546890	244230345	3	2	1	2
1	244230346	244339212	4	2	2	2
1	244339213	247247500	3	2	1	2
1	247247501	249250620	3	2	1	2
2	20016	60125426	2	1	1	3
2	60125427	60128930	2	1	1	2
2	60128931	90499999	2	1	1	3
2	90500000	96799999	2	1	1	3
2	96800000	241061388	2	1	1	3
2	241061389	241086861	2	1	1	3
2	241086862	241089245	2	1	1	2
2	241089246	241110601	2	1	1	2
2	241110602	242951000	2	1	1	3
3	17500	142130	1	1	0	2
3	142131	41982573	1	1	0	3
3	41982574	43192935	2	1	1	3
3	43192936	54864113	1	1	0	3
3	54864114	56015376	2	1	1	3
3	56015377	58821616	1	1	0	3
3	58821617	59502052	2	1	1	3
3	59502053	63262925	1	1	0	3
3	63262926	64479477	2	1	1	3
3	64479478	64590979	1	1	0	2
3	64590980	64633143	1	1	0	2
3	64633144	65130470	1	1	0	3
3	65130471	87899999	2	1	1	3
3	87900000	93899999	2	1	1	3
3	93900000	163891026	2	1	1	3
3	163891027	163892548	2	1	1	2
3	163892549	169955314	2	1	1	3
3	169955315	170147288	3	2	1	3
3	170147289	198022429	2	1	1	3
4	35422	48199999	2	1	1	3
4	48200000	52699999	2	1	1	3
4	52700000	177234482	2	1	1	3
4	177234483	177236969	2	1	1	2
4	177236970	191154275	2	1	1	3
5	22500	46099999	2	1	1	3
5	46100000	50699999	2	1	1	3
5	50700000	60723902	2	1	1	3
5	60723903	60726124	2	1	1	2
5	60726125	132083829	2	1	1	3
5	132083830	132087008	2	1	1	2
5	132087009	180689978	2	1	1	3
6	237501	370002	1	1	0	2
6	370003	58699999	1	1	0	3
6	58700000	63299999	1	1	0	3
6	63300000	170899934	1	1	0	3
7	40386	57999999	3	2	1	2
7	58000000	61944997	NA	NA	NA	NA
7	61944998	158817500	2	1	1	3
8	10001	170011	2	1	1	2
8	170012	15245130	2	1	1	3
8	15245131	41523312	1	1	0	3
8	41523313	41523982	1	1	0	2
8	41523983	43099999	2	1	1	2
8	43100000	48099999	2	1	1	2
8	48100000	54056853	2	1	1	2
8	54056854	73670061	3	2	1	2
8	73670062	73713568	3	2	1	1
8	73713569	118976016	3	2	1	2
8	118976017	118981007	2	1	1	2
8	118981008	138550302	3	2	1	2
8	138550303	138559879	3	2	1	2
8	138559880	146364021	3	2	1	2
9	57153	35008956	1	1	0	2
9	35008957	35010166	1	1	0	2
9	35010167	35171042	7	6	1	2
9	35171043	35171058	6	5	1	2
9	35171059	35174516	6	5	1	2
9	35174517	37048313	6	5	1	2
9	37048314	37051742	6	5	1	2
9	37051743	37052242	5	4	1	1
9	37052243	37052411	5	4	1	1
9	37052412	37089518	5	4	1	2
9	37089519	37397437	3	2	1	2
9	37397438	47299999	3	2	1	2
9	47300000	50699999	3	2	1	1
9	50700000	66346801	3	2	1	1
9	66346802	69907500	2	1	1	2
9	69907501	140273200	2	1	1	3
9	140273201	141019790	2	1	1	2
10	102500	37999999	2	1	1	2
10	38000000	42299999	2	1	1	2
10	42300000	135389924	2	1	1	3
11	20721	234340	2	1	1	2
11	234341	51599999	2	1	1	3
11	51600000	55699999	2	1	1	3
11	55700000	108141974	2	1	1	3
11	108141975	108157994	3	2	1	2
11	108157995	134452200	2	1	1	3
12	110107	33299999	2	1	1	3
12	33300000	38199999	2	1	1	3
12	38200000	56958467	2	1	1	3
12	56958468	56960139	2	1	1	2
12	56960140	132349400	2	1	1	3
12	132349401	133851894	2	1	1	2
13	1	16299999	2	1	1	1
13	16300000	19499999	2	1	1	2
13	19500000	66530220	2	1	1	2
13	66530221	66556831	3	2	1	3
13	66556832	114142800	2	1	1	2
13	114142801	115169877	2	1	1	2
14	1	16099999	2	1	1	1
14	16100000	19099999	2	1	1	2
14	19100000	23577076	2	1	1	2
14	23577077	23725487	3	2	1	3
14	23725488	56389333	2	1	1	3
14	56389334	56391699	2	1	1	2
14	56391700	106130011	2	1	1	3
14	106130012	106329989	2	1	1	2
14	106329990	107349539	2	1	1	2
15	1	15799999	2	1	1	1
15	15800000	20699999	2	1	1	2
15	20700000	100338800	2	1	1	3
15	100338801	102399919	2	1	1	2
16	9999	34599999	2	1	1	3
16	34600000	38599999	2	1	1	3
16	38600000	85092524	2	1	1	3
16	85092525	85095029	2	1	1	2
16	85095030	88827200	2	1	1	3
16	88827201	90354752	2	1	1	2
17	1880	22199999	1	1	0	3
17	22200000	25799999	NA	NA	NA	NA
17	25800000	48862715	2	1	1	3
17	48862716	56781669	1	1	0	3
17	56781670	78774600	2	1	1	3
17	78774601	81195209	2	1	1	2
18	27500	15399999	2	1	1	2
18	15400000	18999999	2	1	1	2
18	19000000	20979926	2	1	1	2
18	20979927	20982351	2	1	1	2
18	20982352	31700278	1	1	0	2
18	31700279	31734837	1	1	0	2
18	31734838	62939211	1	1	0	2
18	62939212	62952217	1	1	0	2
18	62952218	76117000	1	1	0	2
18	76117001	78077247	1	1	0	2
19	102500	267429	2	2	0	2
19	267430	1184765	2	2	0	2
19	1184766	1189143	2	2	0	2
19	1189144	1198875	2	1	1	1
19	1198876	1207261	2	2	0	2
19	1207262	24399999	2	1	1	3
19	24400000	28599999	2	1	1	3
19	28600000	59128982	2	1	1	3
20	17500	25599999	2	1	1	2
20	25600000	29399999	2	1	1	3
20	29400000	62432500	2	1	1	2
21	1	9417499	NA	NA	NA	NA
21	9417500	10899999	NA	NA	NA	NA
21	10900000	14409626	2	1	1	1
21	14409627	15230198	2	1	1	2
21	15230199	36138926	2	1	1	2
21	36138927	39086060	3	2	1	3
21	39086061	39139995	2	1	1	3
21	39139996	41569112	3	2	1	2
21	41569113	43718625	2	1	1	3
21	43718626	46937500	3	2	1	2
21	46937501	48129894	3	2	1	2
22	1	12199999	2	1	1	1
22	12200000	17899999	2	1	1	3
22	17900000	49687500	2	1	1	3
22	49687501	51304565	2	1	1	2
X	1	40416925	1	1	0	2
X	40416926	40421637	1	1	0	1
X	40421638	58099999	1	1	0	2
X	58100000	62999999	1	1	0	2
X	63000000	74928541	1	1	0	2
X	74928542	74956042	2	2	0	2
X	74956043	154929638	1	1	0	2
