chromosome	start	end	total_cn	major_cn	minor_cn	star
1	1	790008	2	2	0	2
1	790009	12902165	2	2	0	2
1	12902166	72762209	2	2	0	2
1	72762210	120537499	2	2	0	2
1	120537500	128899999	2	2	0	2
1	128900000	142551938	2	2	0	1
1	142551939	174192626	3	2	1	2
1	174192627	174824063	2	1	1	2
1	174824064	247247500	3	2	1	2
1	247247501	249250620	3	2	1	2
2	20016	87362602	4	4	0	2
2	87362603	88007601	4	4	0	2
2	88007602	89840600	4	4	0	2
2	89840601	89855601	4	4	0	2
2	89855602	90499999	4	4	0	2
2	90500000	96799999	4	4	0	2
2	96800000	242853201	4	4	0	2
2	242853202	242901000	1	1	0	1
3	62226	30201790	3	3	0	2
3	30201791	30697813	0	0	0	2
3	30697814	31549232	3	3	0	2
3	31549233	31796861	0	0	0	2
3	31796862	60368308	3	3	0	2
3	60368309	60451277	0	0	0	2
3	60451278	87899999	3	3	0	3
3	87900000	93899999	NA	NA	NA	NA
3	93900000	197847925	4	3	1	2
4	27500	75173	4	3	1	1
4	75174	32823441	4	3	1	2
4	32823442	33955741	3	2	1	2
4	33955742	48199999	4	3	1	2
4	48200000	52699999	NA	NA	NA	NA
4	52700000	190712427	3	2	1	2
4	190712428	190987500	2	1	1	1
5	22500	45704548	4	2	2	2
5	45704549	45716763	2	2	0	1
5	45716764	50699999	NA	NA	NA	NA
5	50700000	180712500	4	2	2	2
6	39681	254873	1	1	0	1
6	254874	396733	3	3	0	2
6	396734	9820205	2	2	0	2
6	9820206	10369259	3	2	1	2
6	10369260	10402500	4	3	1	2
6	10402501	10467585	3	2	1	2
6	10467586	13367973	3	2	1	2
6	13367974	16192405	2	2	0	3
6	16192406	16199090	2	2	0	2
6	16199091	20899878	2	2	0	2
6	20899879	30718551	2	2	0	2
6	30718552	33417978	3	2	1	2
6	33417979	48019987	2	2	0	2
6	48019988	57330015	3	3	0	2
6	57330016	58091946	3	3	0	2
6	58091947	63299999	NA	NA	NA	NA
6	63300000	64282337	4	3	1	2
6	64282338	79286761	3	3	0	2
6	79286762	79288677	3	3	0	2
6	79288678	170899800	3	3	0	2
7	40386	57999999	4	2	2	2
7	58000000	61699999	4	2	2	2
7	61700000	106473338	4	2	2	2
7	106473339	114362901	6	4	2	2
7	114362902	114364130	6	4	2	2
7	114364131	119858210	4	2	2	2
7	119858211	119859317	2	2	0	2
7	119859318	125684800	2	2	0	2
7	125684801	158821400	2	2	0	2
8	10001	164049	2	2	0	2
8	164050	39230024	2	2	0	2
8	39230025	41322801	2	2	0	2
8	41322802	43099999	4	2	2	2
8	43100000	48099999	NA	NA	NA	NA
8	48100000	65582863	7	5	2	2
8	65582864	86556001	8	6	2	2
8	86556002	112361703	8	6	2	2
8	112361704	112779592	6	5	1	2
8	112779593	126607165	8	6	2	2
8	126607166	141697695	8	6	2	2
8	141697696	146364021	7	5	2	2
9	47500	222542	2	2	0	2
9	222543	19273701	2	2	0	2
9	19273702	21595492	3	2	1	2
9	21595493	34102923	2	2	0	2
9	34102924	47299999	3	2	1	2
9	47300000	50699999	3	2	1	2
9	50700000	140273200	3	2	1	2
10	96595	37999999	3	3	0	2
10	38000000	42397440	NA	NA	NA	NA
10	42397441	84143733	4	3	1	2
10	84143734	84144710	4	3	1	2
10	84144711	135389924	4	3	1	2
11	20721	197336	3	2	1	2
11	197337	51599999	3	2	1	2
11	51600000	55699999	3	2	1	3
11	55700000	114788493	3	2	1	2
11	114788494	134946361	5	3	2	2
12	22500	202093	5	3	2	2
12	202094	33299999	5	3	2	2
12	33300000	38199999	5	3	2	2
12	38200000	132349400	5	3	2	2
12	132349401	133851894	5	3	2	2
13	1	16299999	4	4	0	1
13	16300000	19499999	NA	NA	NA	NA
13	19500000	22451800	4	4	0	2
13	22451801	34302105	4	4	0	2
13	34302106	34356897	0	0	0	1
13	34356898	40640014	3	3	0	2
13	40640015	40793592	6	4	2	2
13	40793593	41344716	6	4	2	2
13	41344717	41346196	7	4	3	2
13	41346197	41465508	9	6	3	1
13	41465509	41467416	11	7	4	1
13	41467417	41469338	7	4	3	1
13	41469339	41515465	7	4	3	1
13	41515466	41534963	11	7	4	1
13	41534964	41608622	8	5	3	1
13	41608623	41608715	11	7	4	1
13	41608716	41613764	11	7	4	1
13	41613765	42153765	11	7	4	2
13	42153766	42153906	11	7	4	2
13	42153907	42155020	11	7	4	1
13	42155021	57753615	3	3	0	2
13	57753616	94796801	3	3	0	2
13	94796802	94878190	0	0	0	2
13	94878191	114142800	4	4	0	2
13	114142801	115169877	4	4	0	2
14	1	16099999	4	2	2	1
14	16100000	19099999	4	2	2	1
14	19100000	19117062	4	2	2	2
14	19117063	106368400	4	2	2	2
15	1	15799999	3	3	0	1
15	15800000	20699999	NA	NA	NA	NA
15	20700000	22595202	3	3	0	2
15	22595203	22891528	3	3	0	2
15	22891529	23265402	2	2	0	2
15	23265403	27508442	3	2	1	2
15	27508443	30232910	2	2	0	3
15	30232911	30911004	3	2	1	3
15	30911005	31150250	2	2	0	2
15	31150251	32820001	3	2	1	3
15	32820002	33302245	2	2	0	2
15	33302246	37516872	3	2	1	2
15	37516873	41238481	2	2	0	2
15	41238482	46188488	3	2	1	2
15	46188489	47834596	2	2	0	2
15	47834597	52458375	3	2	1	3
15	52458376	53636146	2	2	0	2
15	53636147	61724781	3	2	1	2
15	61724782	62246214	2	2	0	2
15	62246215	69134158	3	2	1	2
15	69134159	69288735	3	2	1	2
15	69288736	83219543	3	2	1	2
15	83219544	84476988	2	2	0	2
15	84476989	84477152	2	2	0	2
15	84477153	92705298	3	2	1	2
15	92705299	92856414	2	2	0	2
15	92856415	100338800	3	2	1	2
15	100338801	102368454	3	2	1	3
16	83807	32172304	5	3	2	2
16	32172305	34599999	4	2	2	2
16	34600000	38599999	NA	NA	NA	NA
16	38600000	46436401	5	3	2	2
16	46436402	88827200	5	3	2	2
16	88827201	90354752	5	3	2	2
17	3104	6726590	2	2	0	2
17	6726591	7157515	4	4	0	2
17	7157516	8134544	6	6	0	2
17	8134545	8889852	4	4	0	2
17	8889853	9301274	2	2	0	3
17	9301275	10612300	4	4	0	2
17	10612301	10613652	4	4	0	2
17	10613653	12249072	0	0	0	2
17	12249073	12829939	1	1	0	2
17	12829940	12852224	3	3	0	2
17	12852225	13112311	4	4	0	2
17	13112312	13270739	3	3	0	2
17	13270740	13523631	2	2	0	2
17	13523632	13621501	3	3	0	2
17	13621502	14229018	5	5	0	2
17	14229019	14540777	3	3	0	2
17	14540778	15874786	2	2	0	2
17	15874787	16311843	3	3	0	2
17	16311844	17462895	2	2	0	2
17	17462896	18288408	3	3	0	2
17	18288409	19188752	2	2	0	2
17	19188753	19824460	3	3	0	2
17	19824461	19827904	3	3	0	2
17	19827905	22199999	0	0	0	2
17	22200000	25799999	NA	NA	NA	NA
17	25800000	78774600	4	2	2	2
17	78774601	81195209	3	2	1	2
18	27500	15399999	2	1	1	2
18	15400000	18999999	2	1	1	2
18	19000000	76117000	2	1	1	2
18	76117001	78077247	2	1	1	2
19	102500	255498	4	2	2	2
19	255499	24399999	4	2	2	2
19	24400000	28599999	4	2	2	2
19	28600000	59039998	4	2	2	2
20	32074	15332803	4	2	2	2
20	15332804	15468432	6	4	2	2
20	15468433	25599999	4	2	2	2
20	25600000	29399999	4	2	2	2
20	29400000	62432500	4	2	2	2
21	1	9417499	NA	NA	NA	NA
21	9417500	10899999	NA	NA	NA	NA
21	10900000	14786256	3	2	1	1
21	14786257	15230651	3	2	1	2
21	15230652	28411812	3	2	1	2
21	28411813	28909711	3	2	1	2
21	28909712	42269755	3	2	1	2
21	42269756	46937500	3	2	1	2
21	46937501	48129894	3	2	1	2
22	1	12199999	3	3	0	1
22	12200000	17899999	3	3	0	2
22	17900000	39352298	3	3	0	2
22	39352299	49687500	3	3	0	2
22	49687501	51304565	3	3	0	3
X	1	30223565	2	2	0	2
X	30223566	30577517	4	2	2	2
X	30577518	30578069	4	2	2	2
X	30578070	30578337	3	3	0	1
X	30578338	31004721	2	2	0	2
X	31004722	31145276	4	2	2	2
X	31145277	31234338	5	3	2	2
X	31234339	32123705	4	2	2	2
X	32123706	32224279	2	2	0	2
X	32224280	32283294	4	2	2	3
X	32283295	32345687	2	2	0	2
X	32345688	32354685	3	3	0	1
X	32354686	44369784	2	2	0	2
X	44369785	44370494	2	1	1	2
X	44370495	44371402	2	1	1	2
X	44371403	44653768	4	2	2	2
X	44653769	50510680	2	2	0	2
X	50510681	50851685	6	4	2	2
X	50851686	50856541	6	4	2	1
X	50856542	50856736	2	1	1	2
X	50856737	51262702	5	3	2	2
X	51262703	51262998	1	1	0	1
X	51262999	51265416	1	1	0	1
X	51265417	51265973	3	3	0	1
X	51265974	53133928	2	2	0	2
X	53133929	53134000	1	1	0	1
X	53134001	53134451	2	1	1	2
X	53134452	53134638	2	1	1	2
X	53134639	53136466	2	1	1	2
X	53136467	57551524	2	2	0	2
X	57551525	62999999	NA	NA	NA	NA
X	63000000	100289379	2	2	0	2
X	100289380	154913600	4	2	2	2
