chromosome	start	end	total_cn	major_cn	minor_cn	star
1	1	104263324	2	1	1	3
1	104263325	104515021	1	1	0	2
1	104515022	121499999	2	1	1	3
1	121500000	128899999	2	1	1	3
1	128900000	149771112	2	1	1	3
1	149771113	247247500	2	1	1	3
1	247247501	249250620	2	1	1	3
2	13241	89132283	2	1	1	3
2	89132284	89179989	1	1	0	2
2	89179990	89326668	1	1	0	2
2	89326669	89427499	1	1	0	1
2	89427500	90499999	2	1	1	2
2	90500000	96799999	2	1	1	3
2	96800000	242950400	2	1	1	3
3	64221	87899999	2	1	1	3
3	87900000	93899999	2	1	1	3
3	93900000	197847500	2	1	1	3
4	42231	48199999	2	1	1	3
4	48200000	52699999	2	1	1	3
4	52700000	190837050	2	1	1	3
5	22500	824000	2	1	1	2
5	824001	46099999	2	1	1	3
5	46100000	50699999	2	1	1	3
5	50700000	180689978	2	1	1	3
6	39681	204483	2	1	1	2
6	204484	58699999	2	1	1	3
6	58700000	63299999	2	1	1	3
6	63300000	170915307	2	1	1	3
7	40386	57999999	2	1	1	3
7	58000000	61699999	2	1	1	3
7	61700000	158817500	2	1	1	2
7	158817501	159049833	2	1	1	2
8	10001	209990	2	1	1	3
8	209991	12580041	2	1	1	3
8	12580042	43099999	2	1	1	3
8	43100000	48099999	2	1	1	3
8	48100000	146364021	2	1	1	3
9	47500	204503	2	1	1	2
9	204504	47299999	2	1	1	3
9	47300000	50699999	2	1	1	2
9	50700000	66262499	2	1	1	2
9	66262500	140267500	2	1	1	2
10	102500	37999999	2	1	1	2
10	38000000	42299999	2	1	1	2
10	42300000	135389924	2	1	1	3
11	20721	187499	2	1	1	2
11	187500	51599999	2	1	1	3
11	51600000	55699999	2	1	1	3
11	55700000	75517431	2	1	1	3
11	75517432	75530637	2	1	1	2
11	75530638	75531597	2	1	1	2
11	75531598	75537025	2	1	1	2
11	75537026	134442500	2	1	1	3
12	110107	33299999	3	2	1	2
12	33300000	38199999	3	2	1	2
12	38200000	132342500	3	2	1	2
12	132342501	133851894	3	2	1	2
13	1	16299999	2	1	1	1
13	16300000	19499999	2	1	1	3
13	19500000	114137500	2	1	1	3
13	114137501	115169877	2	1	1	2
14	1	16099999	2	1	1	1
14	16100000	19099999	2	1	1	2
14	19100000	106161600	2	1	1	3
14	106161601	106359416	1	1	0	1
14	106359417	106363820	1	1	0	2
14	106363821	106619968	1	1	0	2
15	1	15799999	2	1	1	1
15	15800000	20699999	2	1	1	2
15	20700000	100362767	2	1	1	3
15	100362768	102531391	2	1	1	2
16	9999	117499	2	1	1	2
16	117500	34599999	2	1	1	2
16	34600000	38599999	2	1	1	3
16	38600000	88822500	2	1	1	2
16	88822501	90354752	2	1	1	2
17	12500	22199999	2	1	1	2
17	22200000	25799999	2	1	1	3
17	25800000	78772500	2	1	1	3
17	78772501	81195209	2	1	1	2
18	27500	170346	3	2	1	3
18	170347	15399999	3	2	1	3
18	15400000	18999999	3	2	1	3
18	19000000	76067000	3	2	1	2
18	76067001	78077247	3	2	1	2
19	260137	24399999	3	2	1	2
19	24400000	28599999	3	2	1	3
19	28600000	59128982	3	2	1	2
20	42487	25599999	2	1	1	3
20	25600000	29399999	2	1	1	3
20	29400000	62432500	2	1	1	2
21	1	9417499	NA	NA	NA	NA
21	9417500	10899999	NA	NA	NA	NA
21	10900000	15245285	2	1	1	2
21	15245286	46991553	2	1	1	2
21	46991554	48129894	2	1	1	2
22	1	12199999	2	1	1	1
22	12200000	17899999	2	1	1	3
22	17900000	49687500	2	1	1	2
22	49687501	51304565	2	1	1	2
X	1	58099999	1	1	0	3
X	58100000	62999999	1	1	0	3
X	63000000	155270559	1	1	0	3
Y	1	11599999	1	1	0	1
Y	11600000	13399999	1	1	0	1
Y	13400000	59373565	1	1	0	1
