chromosome	start	end	total_cn	major_cn	minor_cn	star
1	1	12558963	2	1	1	2
1	12558964	12621310	2	1	1	2
1	12621311	14499887	2	1	1	2
1	14499888	33088792	2	1	1	2
1	33088793	33441079	3	2	1	2
1	33441080	55870094	2	1	1	2
1	55870095	59529966	2	1	1	2
1	59529967	65802602	2	1	1	3
1	65802603	71930033	2	1	1	2
1	71930034	75320024	2	1	1	2
1	75320025	76063448	2	1	1	2
1	76063449	76070300	2	1	1	2
1	76070301	78733471	2	1	1	2
1	78733472	87058601	2	1	1	2
1	87058602	88249988	2	1	1	2
1	88249989	88979998	2	1	1	2
1	88979999	94336238	2	1	1	2
1	94336239	121499999	2	1	1	2
1	121500000	128899999	2	1	1	2
1	128900000	142578938	2	1	1	2
1	142578939	144896318	1	1	0	1
1	144896319	149845842	3	2	1	2
1	149845843	163760807	3	2	1	1
1	163760808	170329691	3	2	1	2
1	170329692	171927801	3	2	1	1
1	171927802	177280021	3	2	1	2
1	177280022	187374694	3	2	1	1
1	187374695	190012590	3	2	1	1
1	190012591	191009972	3	2	1	2
1	191009973	191274114	3	2	1	2
1	191274115	196917499	2	1	1	2
1	196917500	198700739	2	1	1	2
1	198700740	239912000	2	1	1	2
1	239912001	247249600	2	1	1	2
1	247249601	249250620	2	1	1	2
2	23368	6530245	2	1	1	2
2	6530246	6531652	2	1	1	2
2	6531653	17650007	2	1	1	2
2	17650008	17694400	2	1	1	2
2	17694401	22802200	2	1	1	2
2	22802201	40959958	2	1	1	2
2	40959959	49559977	2	1	1	2
2	49559978	56725601	2	1	1	2
2	56725602	57019992	2	1	1	2
2	57019993	60315106	2	1	1	2
2	60315107	68119948	2	1	1	2
2	68119949	81269100	2	1	1	3
2	81269101	89838616	2	1	1	3
2	89838617	90499999	2	1	1	2
2	90500000	96799999	2	1	1	2
2	96800000	97794155	2	1	1	2
2	97794156	103539666	2	1	1	2
2	103539667	116320050	2	1	1	2
2	116320051	125043181	2	1	1	3
2	125043182	125045583	2	1	1	3
2	125045584	138314913	2	1	1	2
2	138314914	140956719	2	1	1	2
2	140956720	143850004	2	1	1	2
2	143850005	146220402	2	1	1	2
2	146220403	158959019	2	1	1	2
2	158959020	163239937	2	1	1	2
2	163239938	163460535	2	1	1	2
2	163460536	164246715	2	1	1	2
2	164246716	169739720	2	1	1	2
2	169739721	177725917	2	1	1	2
2	177725918	179395503	2	1	1	2
2	179395504	183353282	2	1	1	2
2	183353283	185259920	2	1	1	2
2	185259921	192595189	2	1	1	2
2	192595190	193250761	2	1	1	2
2	193250762	195852802	2	1	1	2
2	195852803	221519989	2	1	1	2
2	221519990	221945002	2	1	1	2
2	221945003	221947017	2	1	1	2
2	221947018	242985695	2	1	1	2
3	100019	3262879	2	1	1	2
3	3262880	3671296	2	1	1	2
3	3671297	4320200	2	1	1	2
3	4320201	7815096	2	1	1	2
3	7815097	7860032	2	1	1	2
3	7860033	17455001	2	1	1	2
3	17455002	18611212	2	1	1	2
3	18611213	20395559	2	1	1	2
3	20395560	24750220	2	1	1	2
3	24750221	25942408	2	1	1	2
3	25942409	27175401	2	1	1	2
3	27175402	30179953	2	1	1	2
3	30179954	36061233	2	1	1	2
3	36061234	39775651	2	1	1	3
3	39775652	56479989	2	1	1	2
3	56479990	59960111	2	1	1	3
3	59960112	60487999	2	1	1	2
3	60488000	62641784	2	1	1	3
3	62641785	63284313	2	1	1	2
3	63284314	67507791	2	1	1	2
3	67507792	68898490	1	1	0	2
3	68898491	70219973	1	1	0	2
3	70219974	70624883	1	1	0	2
3	70624884	75370201	1	1	0	3
3	75370202	79136129	1	1	0	3
3	79136130	83720091	1	1	0	2
3	83720092	85939752	1	1	0	3
3	85939753	87899999	1	1	0	2
3	87900000	93899999	NA	NA	NA	NA
3	93900000	93920050	2	1	1	2
3	93920051	99459235	2	1	1	2
3	99459236	100837758	2	1	1	3
3	100837759	101018873	2	1	1	2
3	101018874	104990004	2	1	1	2
3	104990005	108399900	2	1	1	2
3	108399901	114150334	2	1	1	3
3	114150335	130205076	2	1	1	3
3	130205077	131940395	2	1	1	2
3	131940396	148520601	2	1	1	3
3	148520602	155158802	2	1	1	2
3	155158803	157118384	2	1	1	3
3	157118385	162440045	2	1	1	2
3	162440046	162535050	2	1	1	2
3	162535051	197847500	2	1	1	2
4	27500	10236906	2	1	1	2
4	10236907	10392801	2	1	1	2
4	10392802	14409970	2	1	1	2
4	14409971	14896350	2	1	1	2
4	14896351	18556449	2	1	1	3
4	18556450	22976434	2	1	1	2
4	22976435	22983340	2	1	1	2
4	22983341	27227571	2	1	1	3
4	27227572	32980005	2	1	1	2
4	32980006	33312874	2	1	1	2
4	33312875	33393436	1	1	0	2
4	33393437	35969453	2	1	1	2
4	35969454	48199999	2	1	1	2
4	48200000	53352200	2	1	1	3
4	53352201	58734051	2	1	1	3
4	58734052	59717425	2	1	1	2
4	59717426	59956440	1	1	0	2
4	59956441	63719973	1	1	0	2
4	63719974	65807895	1	1	0	2
4	65807896	66009928	1	1	0	2
4	66009929	69803049	1	1	0	2
4	69803050	70142499	1	1	0	2
4	70142500	70245794	2	2	0	1
4	70245795	70485632	1	1	0	2
4	70485633	70525276	1	1	0	2
4	70525277	71061916	1	1	0	2
4	71061917	71240058	1	1	0	2
4	71240059	71431479	1	1	0	3
4	71431480	71446190	1	1	0	2
4	71446191	72366888	1	1	0	3
4	72366889	72458938	1	1	0	2
4	72458939	78170830	1	1	0	3
4	78170831	78250828	1	1	0	2
4	78250829	79761657	1	1	0	2
4	79761658	98405179	1	1	0	2
4	98405180	112302360	1	1	0	2
4	112302361	120413471	1	1	0	2
4	120413472	125349938	1	1	0	2
4	125349939	128459944	1	1	0	2
4	128459945	132204993	1	1	0	2
4	132204994	132224880	0	0	0	2
4	132224881	141875374	1	1	0	2
4	141875375	148224660	1	1	0	2
4	148224661	179417831	1	1	0	2
4	179417832	191154275	1	1	0	2
5	22500	11541800	2	1	1	2
5	11541801	13469997	2	1	1	2
5	13469998	31169907	2	1	1	2
5	31169908	34182500	2	1	1	2
5	34182501	44783200	1	1	0	3
5	44783201	45901202	1	1	0	3
5	45901203	46099999	1	1	0	2
5	46100000	50699999	1	1	0	2
5	50700000	62072106	1	1	0	2
5	62072107	81820084	1	1	0	2
5	81820085	85649963	1	1	0	2
5	85649964	85749144	1	1	0	2
5	85749145	106669989	1	1	0	2
5	106669990	117741577	1	1	0	2
5	117741578	117755417	1	1	0	2
5	117755418	129099628	1	1	0	2
5	129099629	142810027	1	1	0	2
5	142810028	152039836	1	1	0	2
5	152039837	154849972	1	1	0	2
5	154849973	160893948	1	1	0	2
5	160893949	161670267	1	1	0	2
5	161670268	161688954	1	1	0	2
5	161688955	180717650	1	1	0	2
6	39681	242500	2	1	1	2
6	242501	10066069	2	1	1	2
6	10066070	11885019	2	1	1	2
6	11885020	18669967	2	1	1	2
6	18669968	22762663	2	1	1	2
6	22762664	51260103	2	1	1	2
6	51260104	53900014	2	1	1	3
6	53900015	55234172	2	1	1	2
6	55234173	58699999	2	1	1	2
6	58700000	63619437	2	1	1	2
6	63619438	63644954	2	1	1	2
6	63644955	65658301	2	1	1	2
6	65658302	67536079	2	1	1	2
6	67536080	68346681	2	1	1	2
6	68346682	68404269	1	1	0	2
6	68404270	70849955	2	1	1	2
6	70849956	79050474	2	1	1	2
6	79050475	89185626	2	1	1	2
6	89185627	98720012	2	1	1	2
6	98720013	99425910	2	1	1	2
6	99425911	99608400	2	1	1	2
6	99608401	104519997	2	1	1	2
6	104519998	105101074	2	1	1	2
6	105101075	119722577	2	1	1	3
6	119722578	125089945	2	1	1	2
6	125089946	136479193	2	1	1	2
6	136479194	146833040	2	1	1	3
6	146833041	150062514	2	1	1	2
6	150062515	150065458	2	1	1	2
6	150065459	154079996	2	1	1	2
6	154079997	155906570	2	1	1	2
6	155906571	170899800	2	1	1	2
7	44978	8511541	2	1	1	2
7	8511542	11305886	2	1	1	2
7	11305887	17030000	2	1	1	2
7	17030001	31869994	2	1	1	2
7	31869995	32096436	2	1	1	2
7	32096437	43844502	2	1	1	2
7	43844503	44353710	3	2	1	2
7	44353711	48689988	2	1	1	2
7	48689989	49491454	2	1	1	2
7	49491455	57957221	2	1	1	2
7	57957222	61824200	2	1	1	2
7	61824201	62410063	2	1	1	2
7	62410064	76565801	2	1	1	2
7	76565802	78595025	2	1	1	2
7	78595026	88700054	2	1	1	2
7	88700055	89710401	2	1	1	2
7	89710402	93610006	2	1	1	2
7	93610007	116371000	2	1	1	3
7	116371001	120919966	2	1	1	2
7	120919967	123619945	2	1	1	2
7	123619946	126166985	2	1	1	2
7	126166986	127016601	2	1	1	2
7	127016602	147049279	2	1	1	2
7	147049280	158860937	3	2	1	2
8	1	218518	1	1	0	2
8	218519	4208930	1	1	0	2
8	4208931	4237678	1	1	0	2
8	4237679	5604896	1	1	0	2
8	5604897	13829270	1	1	0	2
8	13829271	23689979	1	1	0	2
8	23689980	36891482	1	1	0	2
8	36891483	43099999	1	1	0	2
8	43100000	48099999	1	1	0	2
8	48100000	65184787	1	1	0	2
8	65184788	76819990	1	1	0	2
8	76819991	78412577	1	1	0	2
8	78412578	83206680	1	1	0	2
8	83206681	85330015	1	1	0	2
8	85330016	89040802	1	1	0	2
8	89040803	92154915	1	1	0	2
8	92154916	94168256	1	1	0	2
8	94168257	107908057	1	1	0	2
8	107908058	108580483	1	1	0	2
8	108580484	109579663	1	1	0	2
8	109579664	118111800	1	1	0	2
8	118111801	118892782	1	1	0	2
8	118892783	118892965	1	1	0	2
8	118892966	120376291	1	1	0	2
8	120376292	123254517	1	1	0	2
8	123254518	123483656	1	1	0	2
8	123483657	135070040	1	1	0	2
8	135070041	135409010	1	1	0	2
8	135409011	146364021	1	1	0	2
9	10001	206254	4	2	2	1
9	206255	1526382	2	1	1	2
9	1526383	1564994	2	1	1	2
9	1564995	7599995	2	1	1	2
9	7599996	9559993	2	1	1	2
9	9559994	10417500	2	1	1	2
9	10417501	11874584	2	1	1	2
9	11874585	12796843	2	1	1	2
9	12796844	13905819	2	1	1	2
9	13905820	13918847	2	1	1	2
9	13918848	17693823	2	1	1	2
9	17693824	21234684	2	1	1	2
9	21234685	23213826	1	1	0	2
9	23213827	24019504	2	1	1	2
9	24019505	24192958	2	1	1	2
9	24192959	25644567	3	2	1	2
9	25644568	27702467	2	1	1	2
9	27702468	31210952	2	1	1	2
9	31210953	35167764	2	1	1	3
9	35167765	35383017	2	1	1	2
9	35383018	47299999	2	1	1	2
9	47300000	50699999	NA	NA	NA	NA
9	50700000	66847351	1	1	0	2
9	66847352	71031649	1	1	0	2
9	71031650	74148484	1	1	0	3
9	74148485	78309993	2	1	1	2
9	78309994	81299993	2	1	1	2
9	81299994	83307765	2	1	1	2
9	83307766	86852524	2	1	1	3
9	86852525	86860072	2	1	1	3
9	86860073	94380915	2	1	1	2
9	94380916	94411080	3	2	1	2
9	94411081	94411222	3	2	1	1
9	94411223	95303486	3	2	1	2
9	95303487	96105866	2	1	1	2
9	96105867	96118668	2	1	1	2
9	96118669	98033789	2	1	1	2
9	98033790	98127367	2	1	1	2
9	98127368	99407472	2	1	1	2
9	99407473	99458677	4	3	1	2
9	99458678	103602893	2	1	1	2
9	103602894	103985828	3	2	1	2
9	103985829	104271302	3	2	1	2
9	104271303	114646418	2	1	1	2
9	114646419	114654186	2	1	1	2
9	114654187	115719728	2	1	1	2
9	115719729	116558978	3	2	1	2
9	116558979	116683680	2	1	1	2
9	116683681	116748072	2	1	1	1
9	116748073	118310001	2	1	1	3
9	118310002	121039883	2	1	1	2
9	121039884	125541219	2	1	1	3
9	125541220	131206567	1	1	0	2
9	131206568	131233836	1	1	0	2
9	131233837	136026653	1	1	0	2
9	136026654	136033998	2	1	1	2
9	136033999	136039158	2	1	1	2
9	136039159	136726664	2	1	1	2
9	136726665	137506286	3	2	1	2
9	137506287	139220803	2	1	1	2
9	139220804	140099571	3	2	1	2
9	140099572	140228480	3	2	1	2
9	140228481	140273200	3	2	1	2
10	102500	5201001	3	2	1	2
10	5201002	13375520	3	2	1	2
10	13375521	13377778	3	2	1	2
10	13377779	24140017	3	2	1	2
10	24140018	25626199	3	2	1	2
10	25626200	25678894	3	2	1	2
10	25678895	37999999	3	2	1	2
10	38000000	42299999	NA	NA	NA	NA
10	42300000	55038200	2	1	1	3
10	55038201	61100278	2	1	1	2
10	61100279	61243921	2	1	1	2
10	61243922	62980047	2	1	1	2
10	62980048	90969968	2	1	1	2
10	90969969	92054959	2	1	1	2
10	92054960	94118253	2	1	1	3
10	94118254	94120050	2	1	1	3
10	94120051	109070084	2	1	1	2
10	109070085	110884886	2	1	1	2
10	110884887	113824200	2	1	1	3
10	113824201	135389304	2	1	1	2
11	20721	195426	1	1	0	1
11	195427	4920002	1	1	0	2
11	4920003	5149950	1	1	0	2
11	5149951	5474191	1	1	0	2
11	5474192	5520008	1	1	0	2
11	5520009	15741030	1	1	0	2
11	15741031	21071089	1	1	0	2
11	21071090	24210005	1	1	0	2
11	24210006	36135211	1	1	0	2
11	36135212	37360009	2	1	1	2
11	37360010	48543801	2	1	1	2
11	48543802	48924601	4	3	1	2
11	48924602	50368322	2	1	1	2
11	50368323	51599999	2	1	1	2
11	51600000	55699999	2	1	1	2
11	55700000	80050047	2	1	1	2
11	80050048	80570074	2	1	1	2
11	80570075	82099994	2	1	1	2
11	82099995	84140002	2	1	1	2
11	84140003	85242310	2	1	1	2
11	85242311	92041852	2	1	1	2
11	92041853	97874400	2	1	1	2
11	97874401	108955867	2	1	1	2
11	108955868	110497802	2	1	1	2
11	110497803	116659828	2	1	1	3
11	116659829	117298421	3	2	1	2
11	117298422	122059282	2	1	1	2
11	122059283	124310621	2	1	1	2
11	124310622	134452200	2	1	1	2
12	110107	207856	1	1	0	2
12	207857	10951478	1	1	0	2
12	10951479	16329977	1	1	0	2
12	16329978	28240211	1	1	0	3
12	28240212	29039461	1	1	0	2
12	29039462	29152000	1	1	0	2
12	29152001	30132499	1	1	0	3
12	30132500	32002677	2	1	1	2
12	32002678	33181533	3	2	1	2
12	33181534	33299999	3	2	1	2
12	33300000	38199999	NA	NA	NA	NA
12	38200000	38410038	2	2	0	2
12	38410039	38577707	1	1	0	2
12	38577708	43352397	2	1	1	2
12	43352398	63419373	2	1	1	3
12	63419374	79219867	2	1	1	2
12	79219868	82079897	2	1	1	2
12	82079898	82385934	2	1	1	2
12	82385935	82461646	2	1	1	2
12	82461647	88290063	2	1	1	2
12	88290064	91315193	2	1	1	2
12	91315194	98330580	2	1	1	2
12	98330581	99343517	2	1	1	2
12	99343518	99343550	2	1	1	2
12	99343551	100277245	2	1	1	2
12	100277246	101149988	2	1	1	2
12	101149989	102570000	2	1	1	2
12	102570001	106366999	2	1	1	3
12	106367000	114577824	2	1	1	2
12	114577825	132349400	2	1	1	2
12	132349401	133851894	2	1	1	2
13	1	16299999	0	0	0	1
13	16300000	19499999	NA	NA	NA	NA
13	19500000	36088870	1	1	0	2
13	36088871	54801745	1	1	0	2
13	54801746	84660101	1	1	0	2
13	84660102	84869978	1	1	0	2
13	84869979	94909999	1	1	0	2
13	94910000	114142800	1	1	0	2
13	114142801	115169877	1	1	0	2
14	1	16099999	3	2	1	1
14	16100000	19099999	NA	NA	NA	NA
14	19100000	20233446	2	1	1	2
14	20233447	20635505	2	1	1	2
14	20635506	28509923	2	1	1	2
14	28509924	32779893	2	1	1	2
14	32779894	34990891	2	1	1	2
14	34990892	34995651	2	1	1	2
14	34995652	36580476	2	1	1	2
14	36580477	36930007	2	1	1	2
14	36930008	37875973	2	1	1	2
14	37875974	40395007	2	1	1	2
14	40395008	55188509	2	1	1	2
14	55188510	66945200	1	1	0	2
14	66945201	75731332	1	1	0	2
14	75731333	80170000	2	1	1	3
14	80170001	88581801	2	1	1	2
14	88581802	106397273	2	1	1	2
15	1	15799999	0	0	0	1
15	15800000	20699999	NA	NA	NA	NA
15	20700000	36518200	1	1	0	2
15	36518201	39600401	1	1	0	2
15	39600402	46316696	1	1	0	2
15	46316697	46652444	1	1	0	2
15	46652445	47709990	1	1	0	2
15	47709991	47875944	1	1	0	2
15	47875945	55279200	1	1	0	2
15	55279201	90519269	1	1	0	2
15	90519270	100358983	1	1	0	2
15	100358984	102423781	1	1	0	2
16	84170	7800015	1	1	0	2
16	7800016	16240535	1	1	0	2
16	16240536	17941283	2	1	1	2
16	17941284	24746571	1	1	0	2
16	24746572	33442499	2	1	1	2
16	33442500	34176073	2	1	1	2
16	34176074	34599999	1	1	0	2
16	34600000	38599999	1	1	0	2
16	38600000	46966341	1	1	0	2
16	46966342	61620071	1	1	0	2
16	61620072	76976600	1	1	0	2
16	76976601	88827200	1	1	0	2
16	88827201	90354752	1	1	0	2
17	20080	21967720	1	1	0	2
17	21967721	22199999	2	1	1	2
17	22200000	25799999	2	1	1	2
17	25800000	44313276	2	1	1	2
17	44313277	49596601	2	1	1	2
17	49596602	49985742	2	1	1	2
17	49985743	78774600	2	1	1	2
17	78774601	81195209	2	1	1	2
18	27500	80030	2	1	1	2
18	80031	2407996	3	2	1	1
18	2407997	5110742	3	2	1	2
18	5110743	12237830	3	2	1	2
18	12237831	12239879	3	2	1	2
18	12239880	14161979	3	2	1	2
18	14161980	15399999	3	2	1	2
18	15400000	19300203	NA	NA	NA	NA
18	19300204	35463456	1	1	0	2
18	35463457	38541189	1	1	0	2
18	38541190	61600022	1	1	0	2
18	61600023	65951277	1	1	0	2
18	65951278	74805121	1	1	0	2
18	74805122	75385010	2	1	1	2
18	75385011	75495343	3	2	1	2
18	75495344	75612827	4	3	1	2
18	75612828	75653852	3	2	1	2
18	75653853	75878574	4	3	1	2
18	75878575	76037500	5	4	1	2
18	76037501	76080112	4	3	1	2
18	76080113	78077247	1	1	0	2
19	102500	271071	2	1	1	2
19	271072	22084179	2	1	1	2
19	22084180	22119993	4	2	2	2
19	22119994	24399999	2	1	1	2
19	24400000	28599999	2	1	1	2
19	28600000	59128982	2	1	1	2
20	78432	8262557	2	1	1	2
20	8262558	11010144	2	1	1	2
20	11010145	17216001	2	1	1	2
20	17216002	25599999	2	1	1	2
20	25600000	29485601	2	1	1	2
20	29485602	58913978	2	1	1	2
20	58913979	62435800	2	1	1	2
21	1	9411193	NA	NA	NA	NA
21	9411194	10588600	NA	NA	NA	NA
21	10588601	10899999	NA	NA	NA	NA
21	10900000	14299999	2	1	1	1
21	14300000	15595927	2	1	1	2
21	15595928	15599978	2	1	1	2
21	15599979	19819953	2	1	1	2
21	19819954	29635474	2	1	1	2
21	29635475	30184401	2	1	1	2
21	30184402	46944200	2	1	1	2
21	46944201	48129894	2	1	1	2
22	1	12199999	1	1	0	1
22	12200000	17899999	NA	NA	NA	NA
22	17900000	29066238	2	1	1	2
22	29066239	29066421	2	1	1	2
22	29066422	34785042	2	1	1	2
22	34785043	49691400	2	1	1	2
22	49691401	51304565	2	1	1	2
X	1	58099999	1	1	0	3
X	58100000	62999999	1	1	0	1
X	63000000	126811668	1	1	0	3
X	126811669	126813650	1	1	0	1
X	126813651	155270559	1	1	0	1
Y	1	11599999	1	1	0	1
Y	11600000	13399999	1	1	0	1
Y	13400000	59373565	1	1	0	1
