chromosome	start	end	total_cn	major_cn	minor_cn	star
1	232500	794029	2	1	1	2
1	794030	2242500	2	1	1	2
1	2242501	2785382	2	2	0	1
1	2785383	7839263	2	1	1	2
1	7839264	8497886	1	1	0	2
1	8497887	8570087	1	1	0	2
1	8570088	10742683	1	1	0	2
1	10742684	11507244	1	1	0	2
1	11507245	19906947	2	1	1	2
1	19906948	20458468	2	1	1	2
1	20458469	21381280	2	1	1	2
1	21381281	23508471	2	1	1	2
1	23508472	23541077	2	1	1	2
1	23541078	24847635	2	1	1	2
1	24847636	24920794	2	1	1	2
1	24920795	40334931	2	1	1	2
1	40334932	40390268	2	1	1	2
1	40390269	41123608	2	1	1	2
1	41123609	41183227	2	1	1	2
1	41183228	47170001	2	1	1	2
1	47170002	47194958	2	1	1	2
1	47194959	52210140	2	1	1	3
1	52210141	52458198	2	1	1	2
1	52458199	52660192	2	1	1	2
1	52660193	59619992	2	1	1	2
1	59619993	68140002	2	1	1	3
1	68140003	68196186	2	1	1	3
1	68196187	84389962	2	1	1	3
1	84389963	84486941	2	1	1	3
1	84486942	85356800	2	1	1	2
1	85356801	85399874	2	1	1	2
1	85399875	85492595	2	1	1	2
1	85492596	85977745	2	1	1	2
1	85977746	89125390	2	1	1	2
1	89125391	89182093	2	1	1	2
1	89182094	92136034	2	1	1	2
1	92136035	92189829	3	2	1	2
1	92189830	96069973	2	1	1	3
1	96069974	96127428	2	1	1	3
1	96127429	96188428	2	1	1	2
1	96188429	98557500	2	1	1	3
1	98557501	98603728	2	1	1	1
1	98603729	100349268	2	1	1	3
1	100349269	102205714	2	1	1	3
1	102205715	102273744	2	1	1	2
1	102273745	103263359	2	1	1	3
1	103263360	103330126	2	1	1	2
1	103330127	104692301	2	1	1	3
1	104692302	104727301	2	1	1	2
1	104727302	105289976	2	1	1	2
1	105289977	106294964	2	1	1	2
1	106294965	106315301	2	1	1	2
1	106315302	108684993	2	1	1	3
1	108684994	108751596	2	1	1	2
1	108751597	109840068	2	1	1	2
1	109840069	109934997	3	2	1	2
1	109934998	113869970	2	1	1	3
1	113869971	113944993	2	1	1	3
1	113944994	115060084	2	1	1	3
1	115060085	117059927	2	1	1	3
1	117059928	117240595	2	1	1	2
1	117240596	120494463	2	1	1	3
1	120494464	121499999	2	1	1	2
1	121500000	128899999	2	1	1	2
1	128900000	144920086	2	1	1	2
1	144920087	146589307	2	1	1	2
1	146589308	147829894	2	1	1	2
1	147829895	149919967	2	1	1	2
1	149919968	150027462	2	1	1	2
1	150027463	158446292	2	1	1	2
1	158446293	158470011	2	1	1	2
1	158470012	161462499	2	1	1	2
1	161462500	165235880	1	1	0	1
1	165235881	165652402	2	1	1	2
1	165652403	165831128	1	1	0	2
1	165831129	167669946	1	1	0	1
1	167669947	167700007	2	1	1	2
1	167700008	170217652	1	1	0	1
1	170217653	170402499	1	1	0	2
1	170402500	175058525	1	1	0	1
1	175058526	176689994	2	1	1	2
1	176689995	179048839	2	1	1	3
1	179048840	179534971	2	1	1	2
1	179534972	179615337	2	1	1	2
1	179615338	181075063	2	1	1	2
1	181075064	181121873	2	1	1	2
1	181121874	185279985	2	1	1	3
1	185279986	185299979	2	1	1	2
1	185299980	185846053	2	1	1	2
1	185846054	186591058	2	1	1	3
1	186591059	186691536	2	1	1	2
1	186691537	188666694	2	1	1	2
1	188666695	188807694	1	1	0	2
1	188807695	188937694	1	1	0	2
1	188937695	189237499	1	1	0	1
1	189237500	189643694	2	1	1	2
1	189643695	191632062	1	1	0	1
1	191632063	192029974	2	1	1	2
1	192029975	192371204	2	1	1	2
1	192371205	192416708	2	1	1	2
1	192416709	192771748	2	1	1	2
1	192771749	193622883	1	1	0	1
1	193622884	193827883	2	1	1	2
1	193827884	196661613	1	1	0	1
1	196661614	196728461	2	1	1	2
1	196728462	196895557	2	1	1	2
1	196895558	200389962	2	1	1	2
1	200389963	203360062	2	1	1	2
1	203360063	204599129	3	2	1	2
1	204599130	204676041	3	2	1	2
1	204676042	205212198	3	2	1	2
1	205212199	208130029	3	2	1	2
1	208130030	208150016	4	3	1	2
1	208150017	208442551	2	2	0	1
1	208442552	210379918	2	2	0	1
1	210379919	210510058	3	2	1	2
1	210510059	211323061	2	2	0	2
1	211323062	211609999	3	2	1	2
1	211610000	212128821	3	2	1	2
1	212128822	212670011	3	2	1	2
1	212670012	212814871	2	2	0	2
1	212814872	215555509	2	2	0	1
1	215555510	215574509	3	3	0	2
1	215574510	218080065	2	2	0	1
1	218080066	218109979	3	3	0	1
1	218109980	220629681	3	2	1	2
1	220629682	220752117	3	2	1	2
1	220752118	220970009	3	2	1	2
1	220970010	221040010	3	2	1	2
1	221040011	221100076	3	2	1	2
1	221100077	222685902	3	2	1	2
1	222685903	223946088	3	2	1	2
1	223946089	224279995	3	2	1	2
1	224279996	224310011	3	3	0	1
1	224310012	224647483	3	2	1	2
1	224647484	224699957	3	2	1	2
1	224699958	226489986	3	2	1	2
1	226489987	226562949	3	2	1	2
1	226562950	227720028	3	2	1	2
1	227720029	227806914	2	2	0	2
1	227806915	229759786	3	2	1	2
1	229759787	229803065	3	2	1	2
1	229803066	230210016	1	1	0	1
1	230210017	231434326	3	2	1	2
1	231434327	231701702	3	2	1	2
1	231701703	232791123	3	2	1	2
1	232791124	234079509	2	2	0	1
1	234079510	234730011	3	2	1	2
1	234730012	234759972	4	3	1	2
1	234759973	235260074	3	2	1	2
1	235260075	235340081	3	2	1	2
1	235340082	246420140	2	2	0	1
1	246420141	246466265	2	2	0	2
1	246466266	246670068	2	2	0	2
1	246670069	246697463	2	2	0	1
1	246697464	247294873	2	2	0	2
1	247294874	249250620	2	2	0	2
2	23253	11039934	1	1	0	2
2	11039935	11658457	2	2	0	2
2	11658458	34502765	1	1	0	2
2	34502766	37393741	2	1	1	2
2	37393742	37438763	2	1	1	2
2	37438764	37539046	2	1	1	2
2	37539047	37626864	2	1	1	2
2	37626865	38140010	2	1	1	2
2	38140011	38311110	2	1	1	2
2	38311111	38879200	2	1	1	2
2	38879201	38970211	2	1	1	2
2	38970212	39041780	2	1	1	2
2	39041781	40420049	2	1	1	2
2	40420050	40450047	2	1	1	2
2	40450048	40794971	2	1	1	2
2	40794972	40989975	2	1	1	2
2	40989976	41009958	0	0	0	2
2	41009959	45044471	2	1	1	2
2	45044472	48550074	2	1	1	2
2	48550075	49500115	2	1	1	2
2	49500116	49562181	2	1	1	2
2	49562182	51229972	2	1	1	2
2	51229973	51299359	2	1	1	2
2	51299360	54510066	2	1	1	2
2	54510067	54553161	2	1	1	2
2	54553162	54964083	2	1	1	3
2	54964084	55631297	2	1	1	3
2	55631298	55682730	2	1	1	2
2	55682731	55912300	2	1	1	2
2	55912301	55959972	2	1	1	2
2	55959973	56449981	2	1	1	3
2	56449982	58209990	2	1	1	2
2	58209991	58306660	2	1	1	2
2	58306661	58346936	2	1	1	2
2	58346937	58489911	2	1	1	2
2	58489912	63935034	2	1	1	3
2	63935035	63998577	2	1	1	2
2	63998578	69885035	2	1	1	3
2	69885036	71190006	2	1	1	2
2	71190007	75050146	2	1	1	2
2	75050147	75069988	2	1	1	2
2	75069989	77917862	2	1	1	3
2	77917863	77992265	2	1	1	2
2	77992266	79875574	2	1	1	3
2	79875575	79930052	2	1	1	2
2	79930053	80520055	2	1	1	2
2	80520056	80559994	2	1	1	2
2	80559995	81641843	2	1	1	2
2	81641844	85713849	2	1	1	3
2	85713850	88196056	2	1	1	2
2	88196057	89179989	2	1	1	2
2	89179990	90499999	2	1	1	2
2	90500000	96799999	2	1	1	3
2	96800000	100806382	2	1	1	3
2	100806383	124769927	1	1	0	2
2	124769928	124800044	1	1	0	2
2	124800045	130595005	1	1	0	2
2	130595006	136392499	1	1	0	2
2	136392500	136502791	2	2	0	2
2	136502792	136880001	1	1	0	2
2	136880002	141500081	1	1	0	3
2	141500082	141615176	2	2	0	2
2	141615177	162520012	1	1	0	2
2	162520013	168146791	1	1	0	3
2	168146792	169821648	1	1	0	3
2	169821649	173699381	1	1	0	2
2	173699382	173899985	2	2	0	2
2	173899986	174825643	1	1	0	2
2	174825644	174856343	1	1	0	2
2	174856344	176104540	1	1	0	2
2	176104541	176134743	1	1	0	2
2	176134744	178719377	1	1	0	2
2	178719378	180127519	1	1	0	2
2	180127520	180188730	1	1	0	2
2	180188731	184330090	1	1	0	2
2	184330091	184399309	1	1	0	2
2	184399310	190650404	1	1	0	2
2	190650405	191859908	3	3	0	2
2	191859909	191891703	3	3	0	2
2	191891704	193078123	2	2	0	2
2	193078124	193222444	2	2	0	2
2	193222445	193297418	2	2	0	2
2	193297419	194447167	2	2	0	2
2	194447168	198710713	2	2	0	2
2	198710714	203011264	2	2	0	2
2	203011265	204031483	3	3	0	2
2	204031484	204062230	3	3	0	2
2	204062231	204645500	3	3	0	2
2	204645501	204837566	3	3	0	2
2	204837567	207320008	2	2	0	2
2	207320009	208159885	2	2	0	2
2	208159886	208214701	3	3	0	2
2	208214702	208380300	2	2	0	2
2	208380301	208498378	2	2	0	2
2	208498379	213160818	1	1	0	2
2	213160819	213187202	0	0	0	1
2	213187203	224861952	1	1	0	2
2	224861953	226430638	1	1	0	2
2	226430639	227015688	1	1	0	2
2	227015689	236010013	1	1	0	3
2	236010014	236082341	1	1	0	3
2	236082342	238983230	1	1	0	3
2	238983231	242976897	1	1	0	3
3	62971	3231171	1	1	0	2
3	3231172	5389479	1	1	0	2
3	5389480	6179990	1	1	0	2
3	6179991	6269963	1	1	0	2
3	6269964	9605674	1	1	0	2
3	9605675	15843237	1	1	0	2
3	15843238	15930713	1	1	0	2
3	15930714	18806143	1	1	0	2
3	18806144	35394973	1	1	0	2
3	35394974	35450745	1	1	0	2
3	35450746	35674732	1	1	0	2
3	35674733	37048066	1	1	0	2
3	37048067	39035941	1	1	0	2
3	39035942	41275001	1	1	0	2
3	41275002	41370011	1	1	0	2
3	41370012	44944650	1	1	0	2
3	44944651	64426675	1	1	0	2
3	64426676	64436055	1	1	0	2
3	64436056	66370018	1	1	0	2
3	66370019	69401785	1	1	0	2
3	69401786	69419922	2	2	0	2
3	69419923	69613121	1	1	0	2
3	69613122	71107037	1	1	0	3
3	71107038	73290640	1	1	0	3
3	73290641	74581751	1	1	0	2
3	74581752	74813752	1	1	0	3
3	74813753	76844001	1	1	0	3
3	76844002	77320247	1	1	0	2
3	77320248	77329961	2	1	1	2
3	77329962	77560003	2	1	1	3
3	77560004	77640008	2	1	1	2
3	77640009	79310942	2	1	1	3
3	79310943	79394027	2	1	1	2
3	79394028	82609940	2	1	1	3
3	82609941	82636658	2	1	1	2
3	82636659	85020000	2	1	1	3
3	85020001	86755043	2	1	1	3
3	86755044	87899999	2	1	1	2
3	87900000	93899999	2	1	1	2
3	93900000	98188424	2	1	1	3
3	98188425	98319961	2	1	1	2
3	98319962	98629994	2	1	1	2
3	98629995	98674511	2	1	1	2
3	98674512	100387092	2	1	1	3
3	100387093	100451854	2	1	1	2
3	100451855	101589950	2	1	1	3
3	101589951	105230054	2	1	1	3
3	105230055	105248379	2	1	1	3
3	105248380	108830649	2	1	1	3
3	108830650	113193919	2	1	1	3
3	113193920	113305224	2	1	1	2
3	113305225	117381240	2	1	1	2
3	117381241	117401497	2	1	1	2
3	117401498	120620030	2	1	1	3
3	120620031	120643687	2	1	1	2
3	120643688	121931227	2	1	1	2
3	121931228	125380079	2	1	1	3
3	125380080	128540077	2	1	1	3
3	128540078	137915020	2	1	1	3
3	137915021	141135079	2	1	1	3
3	141135080	141179433	2	1	1	2
3	141179434	146825239	2	1	1	3
3	146825240	146919751	2	1	1	3
3	146919752	149734144	2	1	1	3
3	149734145	150480056	2	1	1	2
3	150480057	150508328	2	1	1	2
3	150508329	150795094	2	1	1	3
3	150795095	155449973	2	1	1	2
3	155449974	157144528	2	1	1	2
3	157144529	157253066	2	1	1	2
3	157253067	159560296	2	1	1	2
3	159560297	161562012	1	1	0	2
3	161562013	168953321	1	1	0	2
3	168953322	169407223	2	1	1	2
3	169407224	170710043	2	1	1	2
3	170710044	170724423	2	1	1	2
3	170724424	179347337	2	1	1	2
3	179347338	179394570	2	1	1	2
3	179394571	184389997	2	1	1	2
3	184389998	187879999	2	1	1	2
3	187880000	194980044	2	1	1	2
3	194980045	195021680	2	1	1	2
3	195021681	195347499	2	1	1	2
3	195347500	195533550	2	1	1	2
3	195533551	196532470	2	1	1	2
3	196532471	197126963	2	1	1	2
3	197126964	197222746	3	2	1	1
3	197222747	197790889	2	1	1	2
3	197790890	197850889	2	1	1	2
4	74957	15036084	1	1	0	2
4	15036085	15609966	2	1	1	2
4	15609967	15721293	2	1	1	2
4	15721294	16404551	2	1	1	2
4	16404552	17792248	2	1	1	2
4	17792249	17824560	2	1	1	2
4	17824561	19947500	2	1	1	2
4	19947501	20393295	4	3	1	2
4	20393296	29269993	2	1	1	2
4	29269994	29292594	2	1	1	2
4	29292595	32993167	2	1	1	2
4	32993168	34779998	2	1	1	2
4	34779999	38811349	2	1	1	2
4	38811350	38831372	4	2	2	2
4	38831373	40450004	2	1	1	2
4	40450005	41207498	2	1	1	2
4	41207499	41249352	2	1	1	2
4	41249353	44916621	2	1	1	3
4	44916622	44965525	2	1	1	2
4	44965526	46320033	2	1	1	2
4	46320034	46399968	2	1	1	3
4	46399969	47013108	2	1	1	3
4	47013109	47067976	2	1	1	3
4	47067977	48199999	2	1	1	3
4	48200000	52701096	2	1	1	2
4	52701097	54938286	2	1	1	3
4	54938287	55056874	2	1	1	2
4	55056875	56422086	2	1	1	3
4	56422087	60223201	2	1	1	3
4	60223202	60248568	2	1	1	2
4	60248569	60790742	2	1	1	3
4	60790743	60893383	2	1	1	2
4	60893384	63089194	2	1	1	3
4	63089195	63107057	0	0	0	2
4	63107058	63368010	2	1	1	3
4	63368011	63633244	2	1	1	2
4	63633245	63774453	2	1	1	2
4	63774454	63846961	2	1	1	2
4	63846962	64240028	2	1	1	2
4	64240029	64259993	2	1	1	2
4	64259994	64510058	2	1	1	2
4	64510059	64539995	2	1	1	2
4	64539996	64840674	2	1	1	2
4	64840675	64859915	2	1	1	2
4	64859916	65762955	2	1	1	2
4	65762956	65813160	2	1	1	2
4	65813161	65979984	2	1	1	3
4	65979985	66480805	2	1	1	3
4	66480806	66592269	2	1	1	2
4	66592270	68257989	2	1	1	2
4	68257990	68322829	2	1	1	2
4	68322830	70013785	2	1	1	2
4	70013786	70031827	2	1	1	2
4	70031828	70184580	2	1	1	2
4	70184581	70284523	2	1	1	2
4	70284524	70466671	2	1	1	2
4	70466672	70508976	2	1	1	2
4	70508977	70632786	2	1	1	2
4	70632787	70682234	2	1	1	2
4	70682235	75037383	2	1	1	2
4	75037384	84950018	2	1	1	2
4	84950019	85005820	1	1	0	1
4	85005821	85026228	1	1	0	1
4	85026229	85383058	3	2	1	1
4	85383059	85448717	4	3	1	1
4	85448718	85906891	5	4	1	2
4	85906892	86810389	3	2	1	2
4	86810390	92172500	5	4	1	2
4	92172501	92535786	0	0	0	2
4	92535787	112363373	1	1	0	2
4	112363374	112572464	1	1	0	2
4	112572465	117889972	1	1	0	2
4	117889973	145432436	1	1	0	2
4	145432437	151023088	1	1	0	2
4	151023089	172209999	1	1	0	2
4	172210000	172232359	1	1	0	2
4	172232360	177249999	1	1	0	2
4	177250000	187210014	1	1	0	2
4	187210015	187226752	1	1	0	2
4	187226753	188370086	1	1	0	2
4	188370087	188477663	1	1	0	2
4	188477664	190781263	1	1	0	2
5	22500	868307	2	1	1	2
5	868308	7926109	2	1	1	2
5	7926110	24632988	2	1	1	2
5	24632989	25185902	2	1	1	2
5	25185903	25744291	2	1	1	2
5	25744292	25780036	2	1	1	2
5	25780037	25953484	2	1	1	2
5	25953485	26007752	2	1	1	2
5	26007753	26515586	2	1	1	2
5	26515587	28021288	2	1	1	2
5	28021289	38864974	2	1	1	2
5	38864975	43256970	2	1	1	2
5	43256971	45934604	2	1	1	2
5	45934605	46099999	1	1	0	1
5	46100000	50699999	1	1	0	2
5	50700000	68829702	1	1	0	2
5	68829703	76319997	1	1	0	2
5	76319998	76390095	1	1	0	2
5	76390096	76499788	1	1	0	2
5	76499789	76499963	1	1	0	2
5	76499964	77629902	1	1	0	2
5	77629903	77698346	1	1	0	2
5	77698347	79896277	1	1	0	2
5	79896278	79921882	1	1	0	2
5	79921883	85959893	1	1	0	2
5	85959894	89299987	1	1	0	2
5	89299988	98524918	1	1	0	2
5	98524919	114028145	1	1	0	2
5	114028146	114060023	1	1	0	2
5	114060024	115140115	1	1	0	2
5	115140116	117480043	1	1	0	2
5	117480044	119273394	1	1	0	2
5	119273395	127470004	1	1	0	2
5	127470005	129264433	1	1	0	2
5	129264434	132094576	1	1	0	2
5	132094577	137119695	1	1	0	2
5	137119696	140110021	1	1	0	2
5	140110022	140690017	1	1	0	2
5	140690018	140789835	1	1	0	2
5	140789836	141320583	1	1	0	2
5	141320584	141400027	1	1	0	2
5	141400028	143874178	1	1	0	2
5	143874179	143916170	1	1	0	2
5	143916171	152370827	1	1	0	2
5	152370828	152419978	1	1	0	2
5	152419979	154424455	1	1	0	2
5	154424456	154501325	1	1	0	2
5	154501326	154524134	1	1	0	2
5	154524135	159341031	1	1	0	2
5	159341032	159376058	1	1	0	2
5	159376059	170264516	1	1	0	2
5	170264517	172675785	1	1	0	2
5	172675786	172708577	1	1	0	2
5	172708578	180712500	1	1	0	2
6	212500	6990968	1	1	0	1
6	6990969	10424776	1	1	0	1
6	10424777	10548626	2	1	1	2
6	10548627	10898987	2	1	1	2
6	10898988	12750755	2	1	1	3
6	12750756	12762653	2	1	1	2
6	12762654	13650005	2	1	1	3
6	13650006	13919773	2	1	1	2
6	13919774	16127361	2	1	1	3
6	16127362	16284571	2	1	1	2
6	16284572	17319477	2	1	1	3
6	17319478	17978440	3	2	1	2
6	17978441	18066407	5	3	2	2
6	18066408	20194988	3	2	1	2
6	20194989	20330011	3	2	1	1
6	20330012	20984501	3	2	1	2
6	20984502	27806267	2	1	1	2
6	27806268	27880917	2	1	1	2
6	27880918	28809919	2	1	1	2
6	28809920	29080282	2	1	1	2
6	29080283	30075520	2	1	1	2
6	30075521	30145740	2	1	1	2
6	30145741	30280015	2	1	1	2
6	30280016	30330016	2	1	1	2
6	30330017	32652266	2	1	1	2
6	32652267	32688939	2	1	1	2
6	32688940	35099998	2	1	1	2
6	35099999	35159149	2	1	1	2
6	35159150	36386463	2	1	1	2
6	36386464	36459850	2	1	1	2
6	36459851	40992168	2	1	1	2
6	40992169	41079889	2	1	1	2
6	41079890	42458329	2	1	1	2
6	42458330	42484372	2	1	1	3
6	42484373	42920004	2	1	1	2
6	42920005	44359948	1	1	0	2
6	44359949	47853374	2	1	1	2
6	47853375	47880698	2	1	1	2
6	47880699	50059060	2	1	1	2
6	50059061	50115127	2	1	1	2
6	50115128	50874651	2	1	1	2
6	50874652	53159951	2	1	1	2
6	53159952	53223495	2	1	1	2
6	53223496	56720069	2	1	1	2
6	56720070	58019981	2	1	1	2
6	58019982	58699999	2	1	1	2
6	58700000	63299999	2	1	1	2
6	63300000	63533591	2	1	1	2
6	63533592	63599981	0	0	0	1
6	63599982	64308574	2	1	1	2
6	64308575	64379393	2	1	1	2
6	64379394	67119970	2	1	1	2
6	67119971	67176340	2	1	1	2
6	67176341	68009989	2	1	1	2
6	68009990	68290017	2	1	1	2
6	68290018	68309984	2	1	1	2
6	68309985	69043944	2	1	1	2
6	69043945	69104086	2	1	1	2
6	69104087	69370865	2	1	1	2
6	69370866	69450048	2	1	1	2
6	69450049	69808532	2	1	1	2
6	69808533	71551579	1	1	0	3
6	71551580	71829896	2	2	0	3
6	71829897	72153743	1	1	0	2
6	72153744	110070398	1	1	0	2
6	110070399	111400231	1	1	0	2
6	111400232	123309915	1	1	0	2
6	123309916	123350689	1	1	0	2
6	123350690	126956531	1	1	0	2
6	126956532	127080011	1	1	0	3
6	127080012	127520001	2	2	0	2
6	127520002	127550043	2	2	0	2
6	127550044	127629995	2	2	0	2
6	127629996	127896355	2	2	0	2
6	127896356	134469400	2	2	0	2
6	134469401	135269998	2	2	0	2
6	135269999	137099893	2	2	0	2
6	137099894	137190492	3	3	0	2
6	137190493	138425169	2	2	0	2
6	138425170	138493349	3	3	0	2
6	138493350	140360097	2	2	0	2
6	140360098	144739885	2	2	0	2
6	144739886	144824988	2	2	0	2
6	144824989	147772555	2	2	0	2
6	147772556	149031591	2	2	0	2
6	149031592	149090093	2	2	0	2
6	149090094	149628072	2	2	0	2
6	149628073	149650030	3	3	0	2
6	149650031	151593903	2	2	0	2
6	151593904	151619141	2	2	0	2
6	151619142	153388114	2	2	0	3
6	153388115	153467468	2	2	0	2
6	153467469	155681323	2	2	0	2
6	155681324	155693891	2	2	0	2
6	155693892	156594744	2	2	0	3
6	156594745	159370035	1	1	0	2
6	159370036	160097444	2	2	0	2
6	160097445	160242027	3	3	0	2
6	160242028	160388155	2	2	0	2
6	160388156	160440037	2	2	0	2
6	160440038	160793288	2	2	0	2
6	160793289	160848350	2	2	0	2
6	160848351	169165148	2	2	0	3
6	169165149	169186593	2	2	0	3
6	169186594	169236855	2	2	0	2
6	169236856	169284825	2	2	0	2
6	169284826	170897500	2	2	0	2
7	40386	27119983	1	1	0	3
7	27119984	27297904	1	1	0	2
7	27297905	28739978	1	1	0	3
7	28739979	32954113	2	1	1	3
7	32954114	33180204	2	1	1	2
7	33180205	35507950	2	1	1	3
7	35507951	39648976	2	1	1	3
7	39648977	39665409	2	1	1	2
7	39665410	43796603	2	1	1	3
7	43796604	43972609	3	2	1	2
7	43972610	55115999	2	1	1	3
7	55116000	57999999	2	1	1	2
7	58000000	61699999	NA	NA	NA	NA
7	61700000	62015416	1	1	0	1
7	62015417	62508685	1	1	0	2
7	62508686	63503255	1	1	0	2
7	63503256	68010067	2	1	1	2
7	68010068	76031558	2	1	1	2
7	76031559	76203519	2	1	1	2
7	76203520	77079759	2	1	1	2
7	77079760	77184015	2	1	1	2
7	77184016	79360006	2	1	1	3
7	79360007	79409945	2	1	1	2
7	79409946	82330014	2	1	1	3
7	82330015	86755084	2	1	1	3
7	86755085	91119205	2	1	1	3
7	91119206	91129994	2	1	1	2
7	91129995	93019991	2	1	1	3
7	93019992	93184307	2	1	1	2
7	93184308	94164070	2	1	1	3
7	94164071	95393641	2	1	1	2
7	95393642	95431220	2	1	1	2
7	95431221	97860027	2	1	1	2
7	97860028	102594575	2	1	1	2
7	102594576	103560058	1	1	0	1
7	103560059	103590114	2	1	1	2
7	103590115	104497499	1	1	0	1
7	104497500	104631020	1	1	0	1
7	104631021	105540406	1	1	0	2
7	105540407	105558087	2	1	1	2
7	105558088	106011840	1	1	0	1
7	106011841	108324226	2	1	1	3
7	108324227	108368975	2	1	1	2
7	108368976	112719986	2	1	1	3
7	112719987	112755551	2	1	1	3
7	112755552	113740403	2	1	1	2
7	113740404	113772470	2	1	1	2
7	113772471	116222973	2	1	1	2
7	116222974	128759038	2	1	1	3
7	128759039	128919900	2	1	1	2
7	128919901	132615401	2	1	1	3
7	132615402	133489988	3	2	1	2
7	133489989	150398781	1	1	0	1
7	150398782	153442499	1	1	0	1
7	153442500	155769989	1	1	0	2
7	155769990	157423309	2	2	0	1
7	157423310	157918274	2	2	0	1
7	157918275	158826626	4	2	2	2
8	179998	539998	2	2	0	2
8	539999	880036	2	2	0	2
8	880037	2352499	2	2	0	2
8	2352500	2593573	4	4	0	2
8	2593574	2643373	3	3	0	2
8	2643374	2859939	3	3	0	2
8	2859940	5599398	2	2	0	2
8	5599399	6575663	2	2	0	2
8	6575664	8120552	2	2	0	2
8	8120553	9920016	2	2	0	2
8	9920017	11075062	2	2	0	2
8	11075063	11096935	2	2	0	2
8	11096936	12609904	2	2	0	2
8	12609905	13421369	2	2	0	2
8	13421370	13482076	2	2	0	2
8	13482077	13709904	2	2	0	2
8	13709905	14430001	2	2	0	2
8	14430002	14540035	2	2	0	2
8	14540036	15352936	2	2	0	2
8	15352937	15466773	2	2	0	2
8	15466774	15518690	2	2	0	2
8	15518691	16480362	2	2	0	2
8	16480363	16500057	1	1	0	2
8	16500058	17281919	2	2	0	2
8	17281920	17319984	2	2	0	2
8	17319985	17660021	2	2	0	2
8	17660022	17740007	2	2	0	2
8	17740008	22513290	1	1	0	3
8	22513291	23529938	1	1	0	3
8	23529939	23597592	1	1	0	2
8	23597593	29412265	1	1	0	3
8	29412266	38775470	2	1	1	2
8	38775471	38895122	2	1	1	2
8	38895123	41340053	2	1	1	2
8	41340054	41390070	2	1	1	2
8	41390071	43099999	2	1	1	2
8	43100000	48099999	NA	NA	NA	NA
8	48100000	48412499	1	1	0	2
8	48412500	50979630	2	1	1	2
8	50979631	52315682	2	1	1	2
8	52315683	52331710	4	2	2	1
8	52331711	54493070	2	1	1	2
8	54493071	55393732	3	2	1	2
8	55393733	57418915	3	2	1	2
8	57418916	62350236	3	2	1	2
8	62350237	65223746	1	1	0	2
8	65223747	65255863	1	1	0	2
8	65255864	77122856	2	2	0	1
8	77122857	77143912	2	2	0	2
8	77143913	79371441	1	1	0	2
8	79371442	80721336	2	2	0	1
8	80721337	90249981	2	2	0	2
8	90249982	90389081	2	2	0	2
8	90389082	92195660	2	2	0	1
8	92195661	94109945	3	2	1	2
8	94109946	94198648	3	2	1	1
8	94198649	96838464	4	2	2	2
8	96838465	96850023	5	3	2	2
8	96850024	102165571	3	2	1	2
8	102165572	102175387	3	2	1	2
8	102175388	102295259	3	2	1	2
8	102295260	102472017	4	3	1	2
8	102472018	103680048	2	1	1	2
8	103680049	103713476	4	3	1	2
8	103713477	105233419	3	2	1	2
8	105233420	105271463	3	2	1	2
8	105271464	112796053	3	2	1	2
8	112796054	112816209	3	2	1	2
8	112816210	113196250	3	2	1	2
8	113196251	116071473	3	2	1	2
8	116071474	116096624	3	2	1	2
8	116096625	116329953	3	2	1	2
8	116329954	116369417	3	2	1	1
8	116369418	116698969	3	2	1	2
8	116698970	116716613	1	1	0	2
8	116716614	116817499	2	2	0	1
8	116817500	116982147	3	2	1	2
8	116982148	117689932	3	2	1	1
8	117689933	117737681	3	2	1	1
8	117737682	120366985	3	2	1	2
8	120366986	120440008	3	2	1	1
8	120440009	121162426	3	2	1	2
8	121162427	121219138	3	2	1	2
8	121219139	122961584	3	2	1	2
8	122961585	122985475	3	2	1	2
8	122985476	126044465	3	2	1	2
8	126044466	127558946	3	2	1	2
8	127558947	129204902	3	2	1	2
8	129204903	137108012	3	2	1	2
8	137108013	137218129	3	2	1	2
8	137218130	139679714	3	2	1	2
8	139679715	139696940	3	2	1	2
8	139696941	141374919	3	2	1	2
8	141374920	146364021	3	2	1	2
9	47500	239312	1	1	0	2
9	239313	5018201	1	1	0	2
9	5018202	7737086	1	1	0	2
9	7737087	9320111	1	1	0	2
9	9320112	13420006	1	1	0	2
9	13420007	13783624	10	10	0	1
9	13783625	13802752	10	10	0	2
9	13802753	14255020	11	11	0	2
9	14255021	15332979	6	6	0	2
9	15332980	15431426	7	7	0	2
9	15431427	15920444	4	4	0	2
9	15920445	16643115	3	3	0	2
9	16643116	16723742	4	4	0	2
9	16723743	17569998	4	4	0	2
9	17569999	17626554	4	4	0	2
9	17626555	18514614	3	3	0	2
9	18514615	18562829	3	3	0	2
9	18562830	19506461	4	4	0	2
9	19506462	20509985	3	3	0	2
9	20509986	21754693	4	4	0	2
9	21754694	21969957	2	2	0	2
9	21969958	22256624	2	2	0	2
9	22256625	22345844	3	3	0	2
9	22345845	22894459	2	2	0	2
9	22894460	22926537	1	1	0	2
9	22926538	34848640	2	2	0	2
9	34848641	35677552	4	4	0	2
9	35677553	37378627	2	2	0	2
9	37378628	37427229	2	2	0	2
9	37427230	38081260	2	2	0	2
9	38081261	41969025	2	1	1	2
9	41969026	47299999	2	1	1	2
9	47300000	50699999	2	1	1	2
9	50700000	66527500	2	1	1	2
9	66527501	71900076	2	1	1	3
9	71900077	74070470	2	1	1	3
9	74070471	74080407	2	1	1	2
9	74080408	76052010	2	1	1	3
9	76052011	87295076	2	1	1	3
9	87295077	87652225	2	1	1	2
9	87652226	88721041	3	2	1	2
9	88721042	88750549	3	2	1	2
9	88750550	88838321	2	1	1	2
9	88838322	90499425	2	1	1	3
9	90499426	94741923	2	1	1	3
9	94741924	94807520	2	1	1	2
9	94807521	96785669	2	1	1	2
9	96785670	96846365	2	1	1	2
9	96846366	99369574	2	1	1	2
9	99369575	99474106	2	1	1	1
9	99474107	102574654	2	1	1	3
9	102574655	102649828	2	1	1	2
9	102649829	103543196	2	1	1	2
9	103543197	107643931	2	1	1	3
9	107643932	108435413	2	1	1	2
9	108435414	110590919	2	1	1	3
9	110590920	111618308	2	1	1	2
9	111618309	113015910	2	1	1	3
9	113015911	114507499	2	1	1	3
9	114507500	121757015	1	1	0	3
9	121757016	125175077	2	1	1	3
9	125175078	128139813	2	1	1	2
9	128139814	128639962	2	1	1	2
9	128639963	128706733	2	1	1	2
9	128706734	140217500	2	1	1	2
9	140217501	141066491	2	1	1	2
10	130013	1789974	5	3	2	2
10	1789975	2031226	3	2	1	2
10	2031227	2050239	3	2	1	2
10	2050240	8062499	3	2	1	2
10	8062500	9417896	2	1	1	2
10	9417897	9459855	3	2	1	2
10	9459856	10213408	3	2	1	2
10	10213409	10226212	3	2	1	2
10	10226213	13236207	3	2	1	2
10	13236208	14870003	3	2	1	2
10	14870004	14948798	5	3	2	2
10	14948799	17513284	3	2	1	2
10	17513285	17580251	3	2	1	2
10	17580252	18427009	3	2	1	2
10	18427010	18467560	3	2	1	2
10	18467561	18944804	3	2	1	2
10	18944805	19008133	3	2	1	2
10	19008134	19299594	3	2	1	2
10	19299595	21747272	3	2	1	2
10	21747273	21838006	5	3	2	1
10	21838007	22511558	3	2	1	2
10	22511559	22540168	5	3	2	2
10	22540169	22672052	5	3	2	2
10	22672053	25712003	3	2	1	2
10	25712004	25732965	4	3	1	2
10	25732966	26503113	3	2	1	2
10	26503114	26516516	5	3	2	2
10	26516517	26865435	3	2	1	2
10	26865436	26989972	3	2	1	2
10	26989973	27972116	3	2	1	2
10	27972117	29640030	3	2	1	2
10	29640031	29709999	3	2	1	2
10	29710000	30364998	3	2	1	2
10	30364999	32754347	3	2	1	2
10	32754348	34610023	2	1	1	2
10	34610024	35979041	3	2	1	2
10	35979042	36059337	3	2	1	2
10	36059338	37999999	2	1	1	2
10	38000000	42807883	2	1	1	2
10	42807884	48324305	2	1	1	3
10	48324306	49849999	2	1	1	2
10	49850000	49867808	2	1	1	2
10	49867809	50348999	2	1	1	2
10	50349000	52349928	2	1	1	2
10	52349929	59127247	2	1	1	2
10	59127248	64680056	2	1	1	2
10	64680057	64747141	2	1	1	2
10	64747142	65621649	2	1	1	2
10	65621650	65842219	2	1	1	2
10	65842220	66946608	2	1	1	2
10	66946609	70122815	1	1	0	2
10	70122816	70340032	2	2	0	2
10	70340033	71795095	1	1	0	2
10	71795096	93569941	1	1	0	2
10	93569942	103433315	1	1	0	2
10	103433316	104690200	1	1	0	2
10	104690201	106396547	1	1	0	2
10	106396548	120462658	1	1	0	2
10	120462659	120533529	1	1	0	2
10	120533530	121919648	1	1	0	3
10	121919649	131732936	1	1	0	3
10	131732937	135244895	1	1	0	3
10	135244896	135401575	1	1	0	2
11	187500	12672499	1	1	0	2
11	12672500	12766917	2	2	0	2
11	12766918	21639970	1	1	0	2
11	21639971	21710062	2	1	1	2
11	21710063	22839997	2	1	1	2
11	22839998	22860939	2	1	1	2
11	22860940	24289109	2	1	1	2
11	24289110	24296390	2	1	1	2
11	24296391	24506470	2	1	1	2
11	24506471	24549044	2	1	1	2
11	24549045	24561820	2	1	1	2
11	24561821	25280017	2	1	1	2
11	25280018	25286848	2	1	1	2
11	25286849	27699282	2	1	1	2
11	27699283	27789053	2	1	1	2
11	27789054	35674910	2	1	1	2
11	35674911	35676463	2	1	1	2
11	35676464	38329121	2	1	1	2
11	38329122	38371658	2	1	1	2
11	38371659	39003654	2	1	1	2
11	39003655	39266372	2	1	1	2
11	39266373	40995577	2	1	1	3
11	40995578	41006535	2	1	1	2
11	41006536	41469933	2	1	1	2
11	41469934	48941252	2	1	1	3
11	48941253	50219076	2	1	1	3
11	50219077	50375793	2	1	1	2
11	50375794	50589397	2	1	1	2
11	50589398	50595097	0	0	0	2
11	50595098	50744965	2	1	1	2
11	50744966	51534753	2	1	1	2
11	51534754	55699999	2	1	1	2
11	55700000	55899950	2	1	1	2
11	55899951	55940083	2	1	1	2
11	55940084	59724710	2	1	1	3
11	59724711	60139994	1	1	0	2
11	60139995	60189184	2	1	1	2
11	60189185	60333605	2	1	1	2
11	60333606	74439826	2	1	1	2
11	74439827	74475447	2	1	1	2
11	74475448	75164994	2	1	1	2
11	75164995	75395434	2	1	1	2
11	75395435	75438896	2	1	1	2
11	75438897	76117500	2	1	1	3
11	76117501	76301669	2	1	1	2
11	76301670	80127499	2	1	1	3
11	80127500	83770028	2	1	1	2
11	83770029	83920171	2	1	1	2
11	83920172	87810020	2	1	1	2
11	87810021	87839990	2	1	1	1
11	87839991	89857914	2	1	1	2
11	89857915	91810130	2	1	1	2
11	91810131	91917999	2	1	1	2
11	91918000	93020576	2	1	1	2
11	93020577	96565009	2	1	1	2
11	96565010	96612832	2	1	1	2
11	96612833	97532703	2	1	1	2
11	97532704	97544186	2	1	1	2
11	97544187	99198427	2	1	1	2
11	99198428	99593038	2	1	1	2
11	99593039	99637212	2	1	1	2
11	99637213	103315988	2	1	1	2
11	103315989	105319672	3	2	1	1
11	105319673	105440042	3	2	1	2
11	105440043	106741594	3	2	1	2
11	106741595	120850640	1	1	0	3
11	120850641	120886245	1	1	0	2
11	120886246	125789976	1	1	0	3
11	125789977	135006515	1	1	0	3
12	110107	189168	4	3	1	1
12	189169	1684496	4	3	1	2
12	1684497	1858745	4	4	0	2
12	1858746	2385136	3	3	0	1
12	2385137	2871066	3	2	1	2
12	2871067	4090015	2	2	0	2
12	4090016	4150035	4	3	1	2
12	4150036	5168768	4	3	1	2
12	5168769	5192173	3	2	1	2
12	5192174	7160033	4	3	1	2
12	7160034	7965725	4	3	1	1
12	7965726	8347500	3	2	1	2
12	8347501	8462499	2	2	0	2
12	8462500	8865715	3	2	1	2
12	8865716	9379284	3	2	1	2
12	9379285	9416748	2	1	1	2
12	9416749	10208683	3	2	1	2
12	10208684	10226562	3	2	1	1
12	10226563	11292916	3	2	1	2
12	11292917	15653417	3	2	1	2
12	15653418	15730027	3	2	1	2
12	15730028	19856181	2	1	1	2
12	19856182	19894519	3	2	1	2
12	19894520	20545711	4	3	1	2
12	20545712	20550010	1	1	0	2
12	20550011	22999991	4	3	1	2
12	22999992	26109901	2	1	1	2
12	26109902	26124833	2	1	1	2
12	26124834	33299999	2	1	1	2
12	33300000	38199999	NA	NA	NA	NA
12	38200000	54448486	1	1	0	3
12	54448487	54682500	2	2	0	2
12	54682501	64557983	1	1	0	3
12	64557984	65230049	2	1	1	2
12	65230050	66639959	2	1	1	3
12	66639960	69271510	2	1	1	3
12	69271511	69340170	2	1	1	2
12	69340171	69659996	2	1	1	3
12	69659997	69749204	2	1	1	2
12	69749205	69798548	2	1	1	2
12	69798549	74419941	2	1	1	3
12	74419942	74523157	2	1	1	3
12	74523158	75581000	2	1	1	3
12	75581001	75600013	2	1	1	2
12	75600014	78929672	2	1	1	3
12	78929673	79003986	2	1	1	2
12	79003987	81002693	2	1	1	3
12	81002694	81066451	2	1	1	2
12	81066452	84982292	2	1	1	3
12	84982293	85649989	2	1	1	3
12	85649990	85686714	2	1	1	3
12	85686715	86686437	2	1	1	3
12	86686438	86717618	2	1	1	2
12	86717619	91380809	2	1	1	3
12	91380810	91411666	2	1	1	2
12	91411667	94034716	2	1	1	3
12	94034717	95634561	2	1	1	3
12	95634562	95642167	2	1	1	2
12	95642168	97908023	2	1	1	2
12	97908024	97918488	2	1	1	2
12	97918489	100382403	2	1	1	3
12	100382404	104640218	2	1	1	3
12	104640219	104772680	2	1	1	2
12	104772681	105666668	2	1	1	3
12	105666669	111380585	2	1	1	3
12	111380586	111412912	2	1	1	2
12	111412913	114344626	2	1	1	2
12	114344627	117359503	2	1	1	3
12	117359504	117382234	2	1	1	3
12	117382235	118506185	2	1	1	2
12	118506186	123915018	1	1	0	2
12	123915019	124633639	1	1	0	2
12	124633640	127620021	1	1	0	3
12	127620022	127665315	1	1	0	2
12	127665316	131304748	1	1	0	3
12	131304749	131400213	1	1	0	2
12	131400214	133851894	1	1	0	3
13	1	16299999	NA	NA	NA	NA
13	16300000	19499999	1	1	0	2
13	19500000	23418422	1	1	0	2
13	23418423	23499086	1	1	0	2
13	23499087	23714942	1	1	0	2
13	23714943	23782083	2	2	0	2
13	23782084	25049626	1	1	0	2
13	25049627	25133724	1	1	0	2
13	25133725	30165482	1	1	0	2
13	30165483	51121528	1	1	0	2
13	51121529	51410055	2	2	0	2
13	51410056	51499852	2	2	0	2
13	51499853	52371412	2	2	0	3
13	52371413	52442834	2	2	0	2
13	52442835	55420009	2	2	0	3
13	55420010	62406912	2	2	0	3
13	62406913	62429088	1	1	0	2
13	62429089	63469801	2	2	0	3
13	63469802	63497025	2	2	0	2
13	63497026	64206073	2	2	0	2
13	64206074	64260027	1	1	0	1
13	64260028	66301388	2	2	0	3
13	66301389	66315368	2	2	0	2
13	66315369	66621192	2	2	0	3
13	66621193	66643686	2	2	0	3
13	66643687	69649981	2	2	0	3
13	69649982	69672539	2	2	0	2
13	69672540	72991131	2	2	0	3
13	72991132	73009992	2	2	0	2
13	73009993	76709990	2	2	0	3
13	76709991	76721333	2	2	0	3
13	76721334	78424402	2	2	0	3
13	78424403	91402499	1	1	0	2
13	91402500	91820028	2	2	0	2
13	91820029	92085324	3	3	0	2
13	92085325	93162841	2	2	0	2
13	93162842	95654277	3	3	0	2
13	95654278	101884718	3	3	0	2
13	101884719	105276801	3	3	0	2
13	105276802	107419985	3	3	0	2
13	107419986	108559998	4	4	0	2
13	108559999	108809403	3	3	0	2
13	108809404	108981958	4	4	0	2
13	108981959	109961986	4	4	0	2
13	109961987	111030403	4	4	0	2
13	111030404	111427411	4	4	0	3
13	111427412	111665945	4	4	0	2
13	111665946	111846649	4	4	0	2
13	111846650	112951987	4	4	0	2
13	112951988	114159850	4	4	0	2
13	114159851	114900074	4	4	0	2
14	1	16099999	NA	NA	NA	NA
14	16100000	19099999	2	1	1	2
14	19100000	20374964	2	1	1	2
14	20374965	21570849	2	1	1	2
14	21570850	21670051	3	2	1	2
14	21670052	30411241	2	1	1	3
14	30411242	30484652	2	1	1	2
14	30484653	31350009	2	1	1	3
14	31350010	33345400	2	1	1	2
14	33345401	37908231	2	1	1	3
14	37908232	39680736	1	1	0	3
14	39680737	40543037	2	1	1	3
14	40543038	41115220	2	1	1	3
14	41115221	41120010	2	1	1	2
14	41120011	42095078	2	1	1	3
14	42095079	42910015	2	1	1	3
14	42910016	42968539	2	1	1	2
14	42968540	43720568	2	1	1	3
14	43720569	43909213	2	1	1	2
14	43909214	45303883	2	1	1	3
14	45303884	45390110	2	1	1	2
14	45390111	47280094	2	1	1	3
14	47280095	47365159	2	1	1	2
14	47365160	48038065	2	1	1	3
14	48038066	63905389	1	1	0	3
14	63905390	64090019	0	0	0	2
14	64090020	73349992	1	1	0	2
14	73349993	73433943	1	1	0	2
14	73433944	87281099	1	1	0	2
14	87281100	95630013	2	1	1	3
14	95630014	96011645	2	1	1	2
14	96011646	96198687	2	1	1	2
14	96198688	104070100	2	1	1	3
14	104070101	106366974	2	1	1	2
15	1	15799999	NA	NA	NA	NA
15	15800000	20699999	1	1	0	2
15	20700000	22748926	1	1	0	2
15	22748927	23202036	1	1	0	2
15	23202037	27057056	1	1	0	2
15	27057057	27172982	1	1	0	2
15	27172983	30202611	1	1	0	2
15	30202612	30300005	1	1	0	2
15	30300006	30319913	1	1	0	2
15	30319914	35053615	1	1	0	3
15	35053616	41602639	1	1	0	3
15	41602640	41821494	1	1	0	2
15	41821495	42285357	1	1	0	3
15	42285358	50504498	1	1	0	3
15	50504499	56759689	1	1	0	3
15	56759690	59966552	2	2	0	3
15	59966553	59992151	3	3	0	2
15	59992152	61533150	2	2	0	2
15	61533151	61789998	2	2	0	2
15	61789999	62467908	2	2	0	2
15	62467909	62692510	2	2	0	2
15	62692511	64380046	2	2	0	2
15	64380047	65769235	2	2	0	2
15	65769236	65922944	2	2	0	2
15	65922945	67726950	2	2	0	2
15	67726951	68528695	2	2	0	2
15	68528696	68603223	2	2	0	2
15	68603224	71047057	2	2	0	2
15	71047058	71219991	2	2	0	2
15	71219992	72111667	2	2	0	3
15	72111668	73009875	2	2	0	2
15	73009876	75364603	2	2	0	3
15	75364604	75378387	2	2	0	2
15	75378388	76362017	2	2	0	2
15	76362018	77361031	2	2	0	2
15	77361032	77380020	2	2	0	2
15	77380021	78752869	2	2	0	2
15	78752870	79609966	2	2	0	2
15	79609967	79619839	2	2	0	2
15	79619840	79793293	2	2	0	3
15	79793294	80199248	2	2	0	2
15	80199249	80400071	2	2	0	2
15	80400072	80551241	2	2	0	2
15	80551242	80562127	2	2	0	2
15	80562128	81710225	2	2	0	2
15	81710226	81740047	2	2	0	2
15	81740048	82247499	2	2	0	2
15	82247500	82554711	3	3	0	3
15	82554712	85914009	3	3	0	2
15	85914010	86022486	3	3	0	2
15	86022487	90587168	3	3	0	2
15	90587169	93277957	2	2	0	2
15	93277958	93459983	2	2	0	2
15	93459984	95379032	2	2	0	2
15	95379033	95384203	2	2	0	2
15	95384204	95880522	2	2	0	2
15	95880523	100109025	2	2	0	3
15	100109026	100149637	2	2	0	2
15	100149638	100374745	2	2	0	2
15	100374746	101110007	2	2	0	2
15	101110008	101128710	2	2	0	2
15	101128711	101779996	2	2	0	2
15	101779997	101845844	2	2	0	2
16	117500	3310902	1	1	0	2
16	3310903	3389020	1	1	0	2
16	3389021	3488069	1	1	0	2
16	3488070	4249270	2	1	1	2
16	4249271	9116695	1	1	0	1
16	9116696	11619998	2	1	1	2
16	11619999	11738114	2	1	1	2
16	11738115	11769265	2	1	1	2
16	11769266	13103835	2	1	1	2
16	13103836	15539575	2	1	1	3
16	15539576	15929958	2	1	1	2
16	15929959	16282696	2	1	1	2
16	16282697	19190416	2	1	1	3
16	19190417	19698826	2	1	1	2
16	19698827	19738146	2	1	1	2
16	19738147	23199968	2	1	1	3
16	23199969	29705252	2	1	1	3
16	29705253	33774764	2	1	1	2
16	33774765	34173516	2	1	1	2
16	34173517	34599999	1	1	0	2
16	34600000	38599999	1	1	0	2
16	38600000	50421340	1	1	0	2
16	50421341	53528792	1	1	0	2
16	53528793	58239973	1	1	0	2
16	58239974	61168067	1	1	0	2
16	61168068	61172840	2	1	1	2
16	61172841	64121278	2	1	1	2
16	64121279	64157480	2	1	1	2
16	64157481	68512563	2	1	1	2
16	68512564	68613830	2	1	1	2
16	68613831	70157499	2	1	1	2
16	70157500	70178868	2	1	1	2
16	70178869	70717073	2	1	1	2
16	70717074	71775998	2	1	1	2
16	71775999	71935049	2	1	1	2
16	71935050	74363688	2	1	1	2
16	74363689	75196489	2	1	1	2
16	75196490	75236283	2	1	1	2
16	75236284	77060244	2	1	1	2
16	77060245	77072927	2	1	1	2
16	77072928	80273976	2	1	1	2
16	80273977	80285138	2	1	1	2
16	80285139	81053434	2	1	1	2
16	81053435	81180869	2	1	1	2
16	81180870	85560195	2	1	1	2
16	85560196	85575884	3	2	1	2
16	85575885	87092499	2	1	1	2
16	87092500	88822500	3	2	1	2
16	88822501	89559992	3	2	1	2
16	89559993	90017461	3	2	1	2
17	1869	4936854	1	1	0	2
17	4936855	5275751	1	1	0	2
17	5275752	8473438	1	1	0	2
17	8473439	8578684	1	1	0	2
17	8578685	10619229	1	1	0	3
17	10619230	15267557	1	1	0	3
17	15267558	18592450	1	1	0	2
17	18592451	22199999	1	1	0	2
17	22200000	25799999	1	1	0	2
17	25800000	28652542	1	1	0	2
17	28652543	29315193	1	1	0	2
17	29315194	29396061	1	1	0	2
17	29396062	31886962	1	1	0	3
17	31886963	31972499	2	2	0	2
17	31972500	34839282	1	1	0	3
17	34839283	36195015	1	1	0	2
17	36195016	36520916	1	1	0	2
17	36520917	38271308	1	1	0	2
17	38271309	38485282	1	1	0	2
17	38485283	47239902	1	1	0	2
17	47239903	48258066	1	1	0	2
17	48258067	48958239	1	1	0	2
17	48958240	48968657	1	1	0	2
17	48968658	51604737	1	1	0	2
17	51604738	51607382	1	1	0	2
17	51607383	53322323	1	1	0	2
17	53322324	53369796	2	2	0	2
17	53369797	59545328	2	2	0	2
17	59545329	63021609	2	2	0	2
17	63021610	64639780	2	2	0	2
17	64639781	64645241	2	2	0	2
17	64645242	65914033	2	2	0	2
17	65914034	66337094	1	1	0	2
17	66337095	66499812	1	1	0	2
17	66499813	66554445	2	2	0	2
17	66554446	73828261	2	2	0	2
17	73828262	78801162	1	1	0	2
17	78801163	81083854	2	2	0	1
18	50756	125379	4	3	1	1
18	125380	535711	3	2	1	2
18	535712	659684	3	2	1	2
18	659685	963766	3	2	1	2
18	963767	2219968	3	2	1	2
18	2219969	3683331	4	2	2	2
18	3683332	3719497	2	2	0	2
18	3719498	3899996	3	2	1	2
18	3899997	5609976	2	1	1	2
18	5609977	5685059	2	1	1	2
18	5685060	5831416	2	1	1	2
18	5831417	5909891	2	1	1	2
18	5909892	9669930	2	1	1	2
18	9669931	12902296	2	1	1	2
18	12902297	13407922	2	1	1	2
18	13407923	15046466	2	1	1	2
18	15046467	18999999	2	1	1	2
18	19000000	26914690	2	1	1	3
18	26914691	26930542	2	1	1	2
18	26930543	34411601	2	1	1	3
18	34411602	36367954	2	1	1	2
18	36367955	36687499	2	1	1	2
18	36687500	36883158	2	1	1	2
18	36883159	43349942	2	1	1	2
18	43349943	43950926	2	1	1	2
18	43950927	44333131	2	1	1	2
18	44333132	44346223	2	1	1	2
18	44346224	44998806	2	1	1	3
18	44998807	45069583	2	1	1	3
18	45069584	49541718	2	1	1	2
18	49541719	49555121	2	1	1	2
18	49555122	58406833	2	1	1	3
18	58406834	59967370	7	6	1	2
18	59967371	60806605	6	5	1	2
18	60806606	65030675	3	2	1	2
18	65030676	65089969	3	2	1	2
18	65089970	67885636	3	2	1	2
18	67885637	67920618	3	2	1	2
18	67920619	70039928	3	2	1	2
18	70039929	74335246	3	2	1	2
18	74335247	76158081	3	2	1	2
18	76158082	78077247	3	2	1	2
19	284177	10537129	2	1	1	2
19	10537130	10823422	2	1	1	2
19	10823423	12236529	2	1	1	2
19	12236530	16031441	2	1	1	2
19	16031442	16069729	2	1	1	2
19	16069730	21062364	2	1	1	2
19	21062365	21131725	2	1	1	2
19	21131726	24399999	2	1	1	2
19	24400000	28599999	2	1	1	2
19	28600000	32721137	2	1	1	2
19	32721138	35124865	2	1	1	2
19	35124866	36600056	2	1	1	2
19	36600057	36700539	2	1	1	2
19	36700540	43239150	2	1	1	2
19	43239151	43752141	2	1	1	2
19	43752142	48021150	2	1	1	2
19	48021151	57464654	2	1	1	2
19	57464655	57638357	2	1	1	1
19	57638358	57726101	1	1	0	2
19	57726102	59128982	1	1	0	2
20	100649	303291	2	2	0	2
20	303292	435098	2	2	0	2
20	435099	527499	2	2	0	2
20	527500	3409976	1	1	0	2
20	3409977	17978327	1	1	0	2
20	17978328	18033906	1	1	0	2
20	18033907	20161712	1	1	0	3
20	20161713	20389105	2	2	0	3
20	20389106	25599999	1	1	0	2
20	25600000	29462460	1	1	0	2
20	29462461	29464267	1	1	0	2
20	29464268	30476514	2	2	0	2
20	30476515	30523658	2	2	0	1
20	30523659	31341460	2	2	0	2
20	31341461	31402925	2	2	0	2
20	31402926	40620463	2	2	0	2
20	40620464	40686976	2	2	0	3
20	40686977	44660149	2	2	0	2
20	44660150	44739993	2	2	0	2
20	44739994	47884640	2	2	0	2
20	47884641	47939987	2	2	0	2
20	47939988	48109966	2	2	0	2
20	48109967	48310080	2	2	0	2
20	48310081	48375634	2	2	0	2
20	48375635	50840001	2	2	0	2
20	50840002	51581546	2	2	0	2
20	51581547	55519985	2	2	0	3
20	55519986	57280016	2	2	0	2
20	57280017	62393813	2	2	0	2
21	1	9875886	NA	NA	NA	NA
21	9875887	10899999	NA	NA	NA	NA
21	10900000	15249816	2	1	1	2
21	15249817	19150003	2	1	1	2
21	19150004	19649393	2	1	1	2
21	19649394	21726019	2	1	1	2
21	21726020	23151490	2	1	1	2
21	23151491	23185643	2	1	1	2
21	23185644	23587008	2	1	1	2
21	23587009	23587275	2	1	1	2
21	23587276	25240484	2	1	1	2
21	25240485	25804492	2	1	1	2
21	25804493	26403026	2	1	1	2
21	26403027	26441508	2	1	1	2
21	26441509	27302457	2	1	1	2
21	27302458	36192483	1	1	0	3
21	36192484	36252767	1	1	0	2
21	36252768	36461359	1	1	0	3
21	36461360	36514201	0	0	0	3
21	36514202	36705710	1	1	0	2
21	36705711	37409873	2	2	0	2
21	37409874	38409990	3	3	0	2
21	38409991	40020058	2	2	0	2
21	40020059	40081324	2	2	0	2
21	40081325	40717718	2	2	0	2
21	40717719	40846052	3	3	0	2
21	40846053	42209966	2	2	0	2
21	42209967	42284275	2	2	0	2
21	42284276	42550015	2	2	0	2
21	42550016	46986232	2	2	0	2
21	46986233	47766953	2	2	0	2
22	1	12199999	NA	NA	NA	NA
22	12200000	17899999	2	1	1	2
22	17900000	20959969	2	1	1	2
22	20959970	21005011	2	1	1	2
22	21005012	25363269	2	1	1	2
22	25363270	25728910	3	2	1	1
22	25728911	25953242	2	1	1	2
22	25953243	29290020	2	1	1	2
22	29290021	29989058	2	1	1	2
22	29989059	30072657	2	1	1	2
22	30072658	31250021	2	1	1	2
22	31250022	32310086	2	1	1	2
22	32310087	40264656	2	1	1	2
22	40264657	40963766	2	1	1	2
22	40963767	41529185	2	1	1	2
22	41529186	41628062	2	1	1	2
22	41628063	48271855	2	1	1	2
22	48271856	49637500	2	1	1	2
22	49637501	49949959	2	1	1	2
22	49949960	51304565	2	1	1	2
X	1	58044102	1	1	0	2
X	58044103	62999999	NA	NA	NA	NA
X	63000000	154949705	2	1	1	2
