chromosome	start	end	total_cn	major_cn	minor_cn	star
1	1	790008	2	1	1	3
1	790009	121499999	2	1	1	3
1	121500000	128899999	2	1	1	2
1	128900000	142551938	2	1	1	2
1	142551939	166565183	2	1	1	2
1	166565184	166565386	2	1	1	1
1	166565387	166565589	2	1	1	1
1	166565590	167577750	3	2	1	2
1	167577751	226522606	2	1	1	2
1	226522607	227439669	3	2	1	3
1	227439670	247247500	2	1	1	2
1	247247501	249250620	2	1	1	2
2	12371	90499999	2	1	1	3
2	90500000	96799999	2	1	1	3
2	96800000	242955889	2	1	1	3
3	67500	87899999	2	1	1	3
3	87900000	93899999	2	1	1	3
3	93900000	198022429	2	1	1	3
4	27500	48199999	2	1	1	3
4	48200000	52699999	2	1	1	3
4	52700000	161990589	2	1	1	3
4	161990590	191154275	2	1	1	3
5	22500	46099999	2	1	1	2
5	46100000	50699999	2	1	1	2
5	50700000	180712500	2	1	1	2
6	39681	244783	2	1	1	2
6	244784	58699999	2	1	1	3
6	58700000	63299999	2	1	1	3
6	63300000	130157549	2	1	1	3
6	130157550	130160889	2	1	1	1
6	130160890	170854857	2	1	1	3
7	40386	54941678	3	2	1	3
7	54941679	54947531	49	48	1	1
7	54947532	54955300	49	48	1	1
7	54955301	54956694	49	48	1	1
7	54956695	54957921	49	48	1	1
7	54957922	54962904	49	48	1	1
7	54962905	54973206	49	48	1	1
7	54973207	54975921	49	48	1	1
7	54975922	54978129	49	48	1	1
7	54978130	54978670	49	48	1	1
7	54978671	54983343	49	48	1	1
7	54983344	54995185	49	48	1	1
7	54995186	55016977	49	48	1	1
7	55016978	55017591	49	48	1	1
7	55017592	55018129	49	48	1	1
7	55018130	55043577	49	48	1	1
7	55043578	55051663	49	49	0	1
7	55051664	55080919	49	49	0	1
7	55080920	55086629	49	48	1	1
7	55086630	55092548	49	48	1	1
7	55092549	55094053	49	48	1	1
7	55094054	55113946	49	48	1	1
7	55113947	55123775	30	29	1	1
7	55123776	55125271	30	29	1	1
7	55125272	55135478	30	29	1	1
7	55135479	55135833	30	29	1	1
7	55135834	55137411	30	29	1	1
7	55137412	55138454	30	29	1	1
7	55138455	55139411	30	29	1	1
7	55139412	55140814	30	29	1	1
7	55140815	55142505	30	29	1	1
7	55142506	55145196	30	29	1	1
7	55145197	55149150	30	29	1	1
7	55149151	55151551	30	29	1	1
7	55151552	55151618	30	29	1	1
7	55151619	55153965	30	29	1	1
7	55153966	55179359	30	29	1	1
7	55179360	55179569	30	29	1	1
7	55179570	55179612	30	29	1	1
7	55179613	55182437	47	46	1	1
7	55182438	55191158	47	46	1	1
7	55191159	55193493	47	46	1	1
7	55193494	55202010	47	46	1	1
7	55202011	55221865	95	94	1	2
7	55221866	55221897	95	94	1	2
7	55221898	55222059	95	94	1	2
7	55222060	55222801	95	94	1	2
7	55222802	55223068	95	94	1	2
7	55223069	55223125	95	94	1	2
7	55223126	55224025	95	94	1	2
7	55224026	55224406	95	94	1	2
7	55224407	55230805	95	94	1	2
7	55230806	55230879	3	2	1	2
7	55230880	55231137	95	94	1	2
7	55231138	55231664	95	94	1	2
7	55231665	55231844	95	94	1	2
7	55231845	55235892	95	94	1	2
7	55235893	55238702	49	48	1	1
7	55238703	55240947	49	48	1	1
7	55240948	55303811	150	149	1	2
7	55303812	55313153	150	149	1	2
7	55313154	55340754	49	48	1	1
7	55340755	55368856	49	49	0	1
7	55368857	55369775	49	49	0	1
7	55369776	55369830	49	49	0	1
7	55369831	55385305	49	49	0	1
7	55385306	55386214	49	49	0	1
7	55386215	55405025	49	49	0	1
7	55405026	55405870	49	49	0	1
7	55405871	55425779	49	49	0	1
7	55425780	55438845	49	49	0	1
7	55438846	55439639	49	49	0	1
7	55439640	55441739	49	49	0	1
7	55441740	55447061	49	49	0	1
7	55447062	55454931	49	49	0	1
7	55454932	55460916	49	49	0	1
7	55460917	55466760	49	49	0	1
7	55466761	55505910	49	49	0	1
7	55505911	55508849	49	49	0	1
7	55508850	55520353	49	49	0	1
7	55520354	55520975	49	49	0	1
7	55520976	55521416	49	49	0	1
7	55521417	55527294	49	49	0	1
7	55527295	55532724	49	49	0	1
7	55532725	55536837	49	49	0	1
7	55536838	55538437	49	49	0	1
7	55538438	55545641	49	48	1	1
7	55545642	55546991	49	48	1	1
7	55546992	55554583	49	48	1	1
7	55554584	55556682	49	48	1	1
7	55556683	55565463	49	48	1	1
7	55565464	55566130	49	48	1	1
7	55566131	55568109	49	48	1	1
7	55568110	55569022	49	48	1	1
7	55569023	55585772	49	48	1	1
7	55585773	55586136	49	48	1	1
7	55586137	55586255	49	48	1	1
7	55586256	55589892	49	48	1	1
7	55589893	55594006	49	48	1	1
7	55594007	55606746	49	48	1	1
7	55606747	55607340	49	48	1	1
7	55607341	55608304	49	48	1	1
7	55608305	55613128	49	48	1	1
7	55613129	55613812	49	48	1	1
7	55613813	55614068	49	48	1	1
7	55614069	55614829	49	48	1	1
7	55614830	55617572	49	48	1	1
7	55617573	55628368	49	48	1	1
7	55628369	55636682	49	48	1	1
7	55636683	55641297	49	48	1	1
7	55641298	55650447	49	48	1	1
7	55650448	55650538	49	48	1	1
7	55650539	55650874	49	48	1	1
7	55650875	55653212	49	48	1	1
7	55653213	55685138	49	48	1	1
7	55685139	55701682	49	48	1	1
7	55701683	55702156	49	48	1	1
7	55702157	55702201	49	48	1	1
7	55702202	55702476	49	48	1	1
7	55702477	55702572	49	48	1	1
7	55702573	55702597	49	48	1	1
7	55702598	55702673	49	48	1	1
7	55702674	55702717	49	48	1	1
7	55702718	55703249	49	48	1	1
7	55703250	55703278	49	48	1	1
7	55703279	55703426	49	48	1	1
7	55703427	55711767	49	48	1	1
7	55711768	55712040	49	48	1	1
7	55712041	55733380	49	48	1	1
7	55733381	55753967	3	2	1	1
7	55753968	55754011	3	2	1	1
7	55754012	55754213	3	2	1	1
7	55754214	55754251	3	2	1	1
7	55754252	55754855	3	2	1	1
7	55754856	55754954	3	2	1	1
7	55754955	55754978	3	2	1	1
7	55754979	55768717	3	2	1	1
7	55768718	55795818	3	2	1	1
7	55795819	57999999	3	2	1	3
7	58000000	61699999	3	2	1	2
7	61700000	158821400	3	2	1	3
8	10001	165404	2	1	1	2
8	165405	43099999	2	1	1	3
8	43100000	48099999	2	1	1	2
8	48100000	146364021	2	1	1	3
9	47500	35554258	2	1	1	2
9	35554259	36577028	3	2	1	2
9	36577029	47299999	2	1	1	2
9	47300000	50699999	2	1	1	2
9	50700000	140273200	2	1	1	3
9	140273201	141019927	2	1	1	2
10	95662	37999999	1	1	0	2
10	38000000	42299999	1	1	0	2
10	42300000	47060498	1	1	0	2
10	47060499	49082007	1	1	0	2
10	49082008	50240660	2	2	0	2
10	50240661	64580507	1	1	0	3
10	64580508	64581109	1	1	0	3
10	64581110	64830184	1	1	0	3
10	64830185	64830757	1	1	0	2
10	64830758	79721476	1	1	0	3
10	79721477	80761538	2	2	0	2
10	80761539	89666084	1	1	0	3
10	89666085	89666745	1	1	0	3
10	89666746	90116238	1	1	0	3
10	90116239	90116356	1	1	0	3
10	90116357	135216479	1	1	0	3
10	135216480	135389304	4	3	1	2
11	20721	198985	2	1	1	2
11	198986	48747500	2	1	1	3
11	48747501	51599999	2	1	1	2
11	51600000	55699999	2	1	1	3
11	55700000	134452200	2	1	1	3
12	110107	33299999	2	1	1	2
12	33300000	38199999	2	1	1	3
12	38200000	42846533	2	1	1	2
12	42846534	43921007	1	1	0	3
12	43921008	54391422	2	1	1	2
12	54391423	55532280	1	1	0	3
12	55532281	56304285	2	1	1	2
12	56304286	57931743	1	1	0	3
12	57931744	57931973	1	1	0	3
12	57931974	58033343	1	1	0	2
12	58033344	58034655	49	48	1	1
12	58034656	58038039	49	48	1	1
12	58038040	58038665	49	48	1	1
12	58038666	58038713	49	48	1	1
12	58038714	58059201	49	48	1	1
12	58059202	58071311	49	48	1	1
12	58071312	58134290	49	48	1	1
12	58134291	58139801	49	48	1	1
12	58139802	58144005	49	48	1	1
12	58144006	58153715	49	48	1	1
12	58153716	58158011	49	48	1	1
12	58158012	58171406	49	48	1	1
12	58171407	58174870	49	48	1	1
12	58174871	58182506	49	48	1	1
12	58182507	58182590	49	48	1	1
12	58182591	58186539	49	48	1	1
12	58186540	58191820	49	48	1	1
12	58191821	58191860	49	48	1	1
12	58191861	58199022	49	48	1	1
12	58199023	58200269	49	48	1	1
12	58200270	58275991	58	57	1	2
12	58275992	58276200	49	48	1	1
12	58276201	58276245	49	48	1	1
12	58276246	58322435	3	3	0	1
12	58322436	58335500	3	3	0	1
12	58335501	58365649	3	3	0	1
12	58365650	58396448	3	3	0	1
12	58396449	58408509	3	3	0	1
12	58408510	58409557	3	3	0	1
12	58409558	58410417	3	3	0	1
12	58410418	58410480	3	3	0	1
12	58410481	58410541	3	3	0	1
12	58410542	58502950	2	1	1	2
12	58502951	58503466	3	3	0	1
12	58503467	58515914	3	3	0	1
12	58515915	58561904	3	3	0	1
12	58561905	58562397	3	3	0	1
12	58562398	58562599	3	3	0	1
12	58562600	58562743	3	3	0	1
12	58562744	58562797	3	3	0	1
12	58562798	58564869	49	48	1	1
12	58564870	58566953	49	48	1	1
12	58566954	58567209	49	48	1	1
12	58567210	58593769	49	48	1	1
12	58593770	58593959	49	48	1	1
12	58593960	58594028	49	48	1	1
12	58594029	58639641	49	48	1	1
12	58639642	58718863	49	49	0	1
12	58718864	58719335	49	49	0	1
12	58719336	58719995	49	49	0	1
12	58719996	58720581	49	49	0	1
12	58720582	58731916	49	49	0	1
12	58731917	58738485	49	49	0	1
12	58738486	58739281	49	49	0	1
12	58739282	58739432	49	49	0	1
12	58739433	58751130	49	49	0	1
12	58751131	58753841	49	49	0	1
12	58753842	58757988	49	49	0	1
12	58757989	58758505	49	49	0	1
12	58758506	58759287	49	49	0	1
12	58759288	58769584	49	49	0	1
12	58769585	58769664	49	49	0	1
12	58769665	58769692	49	49	0	1
12	58769693	58769886	49	49	0	1
12	58769887	58781932	49	49	0	1
12	58781933	58790177	49	49	0	1
12	58790178	58797939	49	49	0	1
12	58797940	58812929	49	49	0	1
12	58812930	58813304	49	49	0	1
12	58813305	58815111	49	49	0	1
12	58815112	58815141	49	49	0	1
12	58815142	58818097	49	49	0	1
12	58818098	58839406	49	49	0	1
12	58839407	58841460	49	49	0	1
12	58841461	58842723	49	49	0	1
12	58842724	58842858	49	49	0	1
12	58842859	58849311	49	49	0	1
12	58849312	58850016	49	49	0	1
12	58850017	58850240	49	49	0	1
12	58850241	58850264	49	49	0	1
12	58850265	58863386	49	49	0	1
12	58863387	63088299	1	1	0	3
12	63088300	63088882	1	1	0	2
12	63088883	63103951	49	48	1	1
12	63103952	63108861	1	1	0	2
12	63108862	63144947	49	48	1	1
12	63144948	63165603	49	48	1	1
12	63165604	63165853	49	48	1	1
12	63165854	63165988	49	48	1	1
12	63165989	63166279	49	48	1	1
12	63166280	63166438	49	48	1	1
12	63166439	63166611	49	48	1	1
12	63166612	63171490	49	48	1	1
12	63171491	63171575	49	48	1	1
12	63171576	63171807	49	48	1	1
12	63171808	63171825	49	48	1	1
12	63171826	63172119	49	48	1	1
12	63172120	63178361	49	48	1	1
12	63178362	63180919	49	48	1	1
12	63180920	63216740	49	48	1	1
12	63216741	63224488	49	48	1	1
12	63224489	63261079	49	48	1	1
12	63261080	63304935	49	48	1	1
12	63304936	63305403	49	48	1	1
12	63305404	63305450	49	48	1	1
12	63305451	63305500	49	48	1	1
12	63305501	63340058	1	1	0	1
12	63340059	63392174	1	1	0	1
12	63392175	63392193	1	1	0	1
12	63392194	63392283	1	1	0	2
12	63392284	63392304	1	1	0	2
12	63392305	63392322	1	1	0	2
12	63392323	63392436	1	1	0	2
12	63392437	63392452	1	1	0	2
12	63392453	63392465	1	1	0	2
12	63392466	63392480	1	1	0	2
12	63392481	63392828	1	1	0	1
12	63392829	63436008	1	1	0	1
12	63436009	63448564	1	1	0	1
12	63448565	63452795	1	1	0	1
12	63452796	63470339	1	1	0	1
12	63470340	63499220	1	1	0	1
12	63499221	63499232	1	1	0	2
12	63499233	63499542	1	1	0	1
12	63499543	63515786	1	1	0	1
12	63515787	63516024	1	1	0	2
12	63516025	63516042	1	1	0	2
12	63516043	63516348	1	1	0	2
12	63516349	63516873	1	1	0	1
12	63516874	63521180	1	1	0	1
12	63521181	63529474	1	1	0	1
12	63529475	63529645	1	1	0	1
12	63529646	63543376	1	1	0	1
12	63543377	64044848	1	1	0	2
12	64044849	64045496	1	1	0	2
12	64045497	64255786	1	1	0	3
12	64255787	64255974	1	1	0	3
12	64255975	65093706	1	1	0	3
12	65093707	65100781	49	48	1	1
12	65100782	65113252	49	48	1	1
12	65113253	65115190	49	48	1	1
12	65115191	65115403	49	48	1	1
12	65115404	65136229	49	48	1	1
12	65136230	65262307	49	48	1	1
12	65262308	65293865	49	48	1	1
12	65293866	65311054	258	256	2	2
12	65311055	65328786	258	256	2	2
12	65328787	65338846	258	256	2	2
12	65338847	65899137	1	1	0	2
12	65899138	65899587	1	1	0	2
12	65899588	65899991	1	1	0	3
12	65899992	65900023	1	1	0	2
12	65900024	66017756	1	1	0	3
12	66017757	66018314	1	1	0	2
12	66018315	66426163	1	1	0	2
12	66426164	66427377	1	1	0	2
12	66427378	66427823	1	1	0	2
12	66427824	66933591	1	1	0	2
12	66933592	66933651	1	1	0	2
12	66933652	66933756	1	1	0	2
12	66933757	66933806	1	1	0	3
12	66933807	66933898	1	1	0	3
12	66933899	67020688	1	1	0	2
12	67020689	67020953	1	1	0	2
12	67020954	67343293	1	1	0	2
12	67343294	67374872	145	144	1	2
12	67374873	67374995	145	144	1	2
12	67374996	67375088	145	144	1	2
12	67375089	67408226	145	144	1	2
12	67408227	67408485	145	144	1	2
12	67408486	67435283	145	144	1	2
12	67435284	67444811	145	144	1	2
12	67444812	67445034	145	144	1	2
12	67445035	67456362	145	144	1	2
12	67456363	67464022	145	144	1	2
12	67464023	67466244	145	144	1	2
12	67466245	67466255	145	144	1	2
12	67466256	67501971	145	144	1	2
12	67501972	67504506	145	144	1	2
12	67504507	67504846	1	1	0	2
12	67504847	67504927	1	1	0	2
12	67504928	67505196	145	144	1	2
12	67505197	67516491	145	144	1	2
12	67516492	67546314	145	144	1	2
12	67546315	67647260	1	1	0	2
12	67647261	67647466	1	1	0	2
12	67647467	67747989	1	1	0	3
12	67747990	67748841	1	1	0	2
12	67748842	67748916	1	1	0	2
12	67748917	67751625	1	1	0	2
12	67751626	67751649	1	1	0	2
12	67751650	67752698	1	1	0	2
12	67752699	68610829	1	1	0	2
12	68610830	68612066	1	1	0	2
12	68612067	68612349	49	48	1	1
12	68612350	68616653	49	48	1	1
12	68616654	68630568	49	48	1	1
12	68630569	69038266	1	1	0	2
12	69038267	69049290	4	4	0	2
12	69049291	69063250	49	48	1	1
12	69063251	69098996	49	48	1	1
12	69098997	69128601	49	49	0	1
12	69128602	69129603	49	49	0	1
12	69129604	69129736	49	49	0	1
12	69129737	69129754	49	49	0	1
12	69129755	69129838	49	49	0	1
12	69129839	69137808	49	49	0	1
12	69137809	69138357	49	49	0	1
12	69138358	69152178	49	49	0	1
12	69152179	69189548	49	49	0	1
12	69189549	69194601	49	49	0	1
12	69194602	69197407	49	49	0	1
12	69197408	69198263	49	49	0	1
12	69198264	69203986	49	49	0	1
12	69203987	69204659	49	49	0	1
12	69204660	69205001	49	49	0	1
12	69205002	69212775	49	49	0	1
12	69212776	69231972	49	49	0	1
12	69231973	69240471	49	49	0	1
12	69240472	69249423	2	2	0	1
12	69249424	69251074	2	2	0	1
12	69251075	69260396	2	2	0	1
12	69260397	69265973	2	2	0	1
12	69265974	132349400	2	1	1	2
12	132349401	133851894	2	1	1	2
13	1	16299999	2	1	1	1
13	16300000	19499999	2	1	1	2
13	19500000	103694066	2	1	1	3
13	103694067	105529903	1	1	0	3
13	105529904	114142800	2	1	1	3
13	114142801	115169877	2	1	1	3
14	1	16099999	2	1	1	1
14	16100000	19099999	2	1	1	2
14	19100000	106368400	2	1	1	3
15	1	15799999	2	1	1	1
15	15800000	20699999	2	1	1	2
15	20700000	100338800	2	1	1	3
15	100338801	102531391	2	1	1	3
16	84053	34599999	2	1	1	3
16	34600000	38599999	2	1	1	3
16	38600000	84380368	2	1	1	3
16	84380369	85416134	3	2	1	3
16	85416135	88827200	2	1	1	3
16	88827201	90354752	2	1	1	3
17	7	22199999	2	1	1	3
17	22200000	25799999	2	1	1	3
17	25800000	78774600	2	1	1	3
17	78774601	81195209	2	1	1	3
18	27500	15399999	2	1	1	2
18	15400000	18999999	2	1	1	3
18	19000000	76117000	2	1	1	2
18	76117001	78077247	2	1	1	2
19	102500	260136	2	1	1	2
19	260137	24399999	2	1	1	3
19	24400000	28599999	2	1	1	2
19	28600000	38184434	2	1	1	3
19	38184435	39264982	3	2	1	3
19	39264983	59128982	2	1	1	3
20	17500	25599999	2	1	1	3
20	25600000	29512499	2	1	1	3
20	29512500	62432500	2	1	1	3
21	1	10899999	NA	NA	NA	NA
21	10900000	14299999	2	1	1	2
21	14300000	46937500	2	1	1	3
21	46937501	48129894	2	1	1	2
22	1	12199999	2	1	1	1
22	12200000	17899999	2	1	1	3
22	17900000	49687500	2	1	1	3
22	49687501	51304565	2	1	1	3
X	1	58099999	1	1	0	3
X	58100000	62999999	1	1	0	3
X	63000000	155270559	1	1	0	3
Y	1	11599999	1	1	0	1
Y	11600000	13399999	1	1	0	1
Y	13400000	59373565	1	1	0	1
