chromosome	start	end	total_cn	major_cn	minor_cn	star
1	1	182499	2	1	1	2
1	182500	807500	2	1	1	2
1	807501	12821074	2	1	1	2
1	12821075	34573999	2	1	1	2
1	34574000	34574604	2	1	1	2
1	34574605	40399727	2	1	1	2
1	40399728	40401990	2	1	1	2
1	40401991	121499999	2	1	1	2
1	121500000	128899999	2	1	1	2
1	128900000	195232883	2	1	1	2
1	195232884	197675334	2	1	1	2
1	197675335	247249600	2	1	1	2
1	247249601	249250620	2	1	1	2
2	22500	90499999	2	1	1	2
2	90500000	96799999	2	1	1	2
2	96800000	233191520	2	1	1	2
2	233191521	233304980	2	1	1	2
2	233304981	242985695	2	1	1	2
3	100074	6373115	2	1	1	2
3	6373116	30382831	2	1	1	2
3	30382832	37019096	2	1	1	2
3	37019097	37019814	2	1	1	2
3	37019815	37020839	2	1	1	2
3	37020840	37225500	1	1	0	2
3	37225501	87899999	2	1	1	2
3	87900000	93899999	2	1	1	2
3	93900000	197707680	2	1	1	2
4	77204	77863	2	1	1	2
4	77864	78173	2	1	1	2
4	78174	2381022	3	2	1	2
4	2381023	25565010	2	1	1	2
4	25565011	25566574	2	1	1	2
4	25566575	48199999	2	1	1	3
4	48200000	52699999	2	1	1	2
4	52700000	59859369	2	1	1	2
4	59859370	60099690	2	1	1	2
4	60099691	94962898	2	1	1	3
4	94962899	95566457	2	1	1	2
4	95566458	173306211	2	1	1	3
4	173306212	186201895	2	1	1	2
4	186201896	190818873	1	1	0	2
5	22500	46099999	2	1	1	2
5	46100000	50699999	2	1	1	2
5	50700000	62829551	2	1	1	2
5	62829552	67639464	2	1	1	2
5	67639465	180689978	2	1	1	2
6	39681	207500	1	1	0	1
6	207501	8601645	1	1	0	2
6	8601646	8631979	1	1	0	2
6	8631980	10827561	5	4	1	2
6	10827562	10850677	1	1	0	1
6	10850678	11084240	2	2	0	2
6	11084241	11092172	3	2	1	2
6	11092173	11508946	2	1	1	2
6	11508947	13644379	1	1	0	1
6	13644380	13645256	1	1	0	2
6	13645257	13664238	1	1	0	1
6	13664239	19258603	1	1	0	2
6	19258604	27744835	1	1	0	1
6	27744836	34922675	2	1	1	2
6	34922676	35604669	2	1	1	2
6	35604670	57269997	2	1	1	2
6	57269998	58086802	1	1	0	2
6	58086803	58699999	2	1	1	2
6	58700000	63299999	NA	NA	NA	NA
6	63300000	63482689	3	2	1	2
6	63482690	63487523	3	2	1	2
6	63487524	63650250	3	2	1	2
6	63650251	64338822	1	1	0	3
6	64338823	66287583	1	1	0	3
6	66287584	66547587	2	1	1	2
6	66547588	66769511	3	2	1	2
6	66769512	66772059	3	2	1	2
6	66772060	66776004	2	1	1	1
6	66776005	67690062	2	1	1	2
6	67690063	88220853	1	1	0	2
6	88220854	88222176	1	1	0	2
6	88222177	158121040	1	1	0	3
6	158121041	159224034	2	1	1	2
6	159224035	159239115	2	1	1	2
6	159239116	170899934	2	1	1	2
7	40386	32692543	2	1	1	2
7	32692544	32695553	2	1	1	2
7	32695554	32695987	1	1	0	1
7	32695988	34442724	1	1	0	3
7	34442725	37824201	2	1	1	2
7	37824202	38154774	1	1	0	1
7	38154775	38245946	2	1	1	2
7	38245947	38254153	1	1	0	1
7	38254154	38342939	1	1	0	1
7	38342940	40214154	2	1	1	2
7	40214155	40257939	2	1	1	2
7	40257940	40260217	2	1	1	2
7	40260218	40349612	2	1	1	2
7	40349613	40738561	2	1	1	2
7	40738562	41453325	2	1	1	2
7	41453326	41469552	2	1	1	2
7	41469553	41469708	2	1	1	2
7	41469709	41479307	2	1	1	2
7	41479308	42170137	2	1	1	2
7	42170138	42942745	2	1	1	3
7	42942746	42996869	2	1	1	2
7	42996870	47168711	2	1	1	2
7	47168712	47858663	2	1	1	2
7	47858664	51902540	2	1	1	2
7	51902541	56679244	2	1	1	2
7	56679245	56679682	2	1	1	1
7	56679683	56714993	2	1	1	2
7	56714994	56772390	2	1	1	2
7	56772391	57999999	2	1	1	2
7	58000000	61969201	NA	NA	NA	NA
7	61969202	63040809	1	1	0	1
7	63040810	64655218	1	1	0	1
7	64655219	64705745	1	1	0	1
7	64705746	64749552	2	1	1	2
7	64749553	64750325	2	1	1	1
7	64750326	64974448	1	1	0	1
7	64974449	69886477	2	1	1	2
7	69886478	70207490	1	1	0	1
7	70207491	70863526	2	1	1	1
7	70863527	70863933	2	1	1	2
7	70863934	71370424	2	1	1	2
7	71370425	71370869	2	1	1	2
7	71370870	71375301	2	1	1	2
7	71375302	71388988	2	1	1	2
7	71388989	71399102	2	1	1	2
7	71399103	73769531	2	1	1	2
7	73769532	75753460	2	1	1	2
7	75753461	75886090	2	1	1	2
7	75886091	76213128	2	1	1	2
7	76213129	76222122	2	1	1	2
7	76222123	76225615	3	2	1	1
7	76225616	76711720	3	2	1	1
7	76711721	76713729	3	2	1	1
7	76713730	77077345	2	1	1	2
7	77077346	78834283	1	1	0	2
7	78834284	80427559	2	1	1	2
7	80427560	85484862	1	1	0	2
7	85484863	85594787	2	1	1	2
7	85594788	88136040	1	1	0	1
7	88136041	88825597	2	1	1	2
7	88825598	89004976	1	1	0	2
7	89004977	89636266	2	1	1	2
7	89636267	90411899	1	1	0	2
7	90411900	91357789	2	1	1	2
7	91357790	91842605	2	1	1	2
7	91842606	92873275	2	1	1	2
7	92873276	93821782	2	1	1	3
7	93821783	94244261	2	1	1	1
7	94244262	94439183	1	1	0	2
7	94439184	95441674	1	1	0	1
7	95441675	96274604	2	1	1	1
7	96274605	96547096	2	1	1	2
7	96547097	96588431	3	2	1	2
7	96588432	97491051	3	2	1	2
7	97491052	97609181	2	1	1	2
7	97609182	97940479	3	2	1	2
7	97940480	97945217	3	2	1	2
7	97945218	98332165	3	2	1	2
7	98332166	98359818	2	1	1	2
7	98359819	98437999	2	1	1	2
7	98438000	98595791	3	2	1	2
7	98595792	98619544	2	1	1	1
7	98619545	99078504	3	2	1	2
7	99078505	99568977	3	2	1	2
7	99568978	99689934	3	2	1	2
7	99689935	100826493	4	3	1	2
7	100826494	100828538	4	3	1	2
7	100828539	100829236	4	3	1	1
7	100829237	101779887	4	3	1	2
7	101779888	102578511	3	2	1	2
7	102578512	130994525	1	1	0	3
7	130994526	131494468	3	2	1	2
7	131494469	131580002	3	2	1	2
7	131580003	134347497	2	1	1	2
7	134347498	134511457	2	1	1	2
7	134511458	135756745	6	4	2	2
7	135756746	135859089	2	1	1	2
7	135859090	135949843	2	1	1	2
7	135949844	136596111	1	1	0	2
7	136596112	136876894	1	1	0	2
7	136876895	137365065	2	1	1	2
7	137365066	138349022	2	1	1	2
7	138349023	138695136	2	1	1	2
7	138695137	142842500	2	1	1	2
7	142842501	145579342	1	1	0	1
7	145579343	146457218	2	1	1	2
7	146457219	147210131	1	1	0	1
7	147210132	147215019	2	1	1	2
7	147215020	147303967	2	1	1	2
7	147303968	147814992	1	1	0	1
7	147814993	148378223	1	1	0	2
7	148378224	151802878	2	1	1	2
7	151802879	151883122	2	1	1	2
7	151883123	151884493	2	1	1	2
7	151884494	151888133	2	1	1	2
7	151888134	151914003	2	1	1	2
7	151914004	151936556	2	1	1	2
7	151936557	151944006	1	1	0	1
7	151944007	152886423	1	1	0	1
7	152886424	154144016	1	1	0	2
7	154144017	154842514	2	1	1	2
7	154842515	155254597	2	1	1	2
7	155254598	155655326	6	4	2	2
7	155655327	155994182	3	2	1	2
7	155994183	156094690	3	2	1	3
7	156094691	156373039	2	1	1	2
7	156373040	156373083	4	2	2	2
7	156373084	157280100	2	1	1	2
7	157280101	157284135	2	1	1	2
7	157284136	157295739	2	1	1	2
7	157295740	157295909	2	1	1	2
7	157295910	157408925	2	1	1	2
7	157408926	157439881	2	1	1	2
7	157439882	157517818	2	1	1	2
7	157517819	157570449	2	1	1	2
7	157570450	158138488	2	1	1	2
7	158138489	158139010	2	1	1	2
7	158139011	158410031	2	1	1	2
7	158410032	158821400	2	1	1	2
8	10001	165303	3	2	1	2
8	165304	168275	3	2	1	2
8	168276	199204	4	3	1	2
8	199205	203750	4	3	1	1
8	203751	212609	3	2	1	2
8	212610	319364	4	3	1	2
8	319365	330480	3	2	1	2
8	330481	499876	4	3	1	2
8	499877	2189984	3	2	1	2
8	2189985	2296399	2	2	0	1
8	2296400	2303875	3	2	1	2
8	2303876	2590638	3	2	1	2
8	2590639	3798402	2	1	1	3
8	3798403	3935770	3	2	1	3
8	3935771	5384000	2	1	1	2
8	5384001	5792951	1	1	0	1
8	5792952	5795536	1	1	0	1
8	5795537	6198522	3	3	0	1
8	6198523	6206916	3	3	0	1
8	6206917	6259657	3	3	0	2
8	6259658	6263531	2	2	0	2
8	6263532	7252987	3	3	0	1
8	7252988	8158533	4	3	1	2
8	8158534	8160901	4	3	1	2
8	8160902	9289043	4	3	1	2
8	9289044	10150609	2	2	0	1
8	10150610	10289666	4	3	1	2
8	10289667	12483963	3	2	1	2
8	12483964	12720906	2	1	1	2
8	12720907	13266495	1	1	0	1
8	13266496	15311634	0	0	0	2
8	15311635	24989799	1	1	0	1
8	24989800	43099999	2	1	1	3
8	43100000	48099999	2	1	1	2
8	48100000	57956001	2	1	1	2
8	57956002	63834591	1	1	0	3
8	63834592	128214599	2	1	1	3
8	128214600	128404242	2	1	1	2
8	128404243	137737316	2	1	1	3
8	137737317	146280074	2	1	1	1
8	146280075	146284581	1	1	0	2
9	47500	21974824	1	1	0	2
9	21974825	22661893	0	0	0	2
9	22661894	38315111	1	1	0	2
9	38315112	38692691	1	1	0	1
9	38692692	38733270	1	1	0	3
9	38733271	39029402	1	1	0	2
9	39029403	47299999	2	1	1	2
9	47300000	50699999	2	1	1	2
9	50700000	140273200	2	1	1	3
10	94426	13897967	2	1	1	2
10	13897968	13900617	2	1	1	2
10	13900618	30337808	2	1	1	2
10	30337809	37999999	2	1	1	2
10	38000000	42299999	2	1	1	2
10	42300000	74382416	2	1	1	2
10	74382417	74477886	2	1	1	2
10	74477887	135389924	2	1	1	3
11	20721	199152	2	1	1	2
11	199153	51599999	2	1	1	3
11	51600000	55699999	2	1	1	2
11	55700000	134946194	2	1	1	3
12	110107	215516	3	2	1	2
12	215517	2049025	3	2	1	2
12	2049026	2943693	4	3	1	2
12	2943694	2947653	3	2	1	2
12	2947654	2947776	3	2	1	2
12	2947777	2947946	3	2	1	2
12	2947947	3016140	4	3	1	2
12	3016141	3025794	3	2	1	2
12	3025795	4146998	4	3	1	2
12	4146999	4148217	4	3	1	2
12	4148218	4488421	4	3	1	2
12	4488422	4491989	3	2	1	2
12	4491990	4492360	3	2	1	2
12	4492361	4496024	3	2	1	2
12	4496025	4498284	4	3	1	2
12	4498285	4543540	3	2	1	2
12	4543541	4617593	3	2	1	2
12	4617594	4789796	3	2	1	2
12	4789797	7077576	2	1	1	2
12	7077577	7081463	1	1	0	2
12	7081464	7081538	1	1	0	2
12	7081539	7082036	1	1	0	2
12	7082037	15128790	1	1	0	2
12	15128791	22807811	1	1	0	2
12	22807812	33299999	2	1	1	2
12	33300000	38199999	2	1	1	2
12	38200000	114608458	2	1	1	2
12	114608459	116338636	1	1	0	3
12	116338637	116387566	2	1	1	2
12	116387567	132412690	1	1	0	3
12	132412691	132446609	1	1	0	1
12	132446610	133851894	1	1	0	2
13	1	16299999	2	1	1	1
13	16300000	19499999	2	1	1	2
13	19500000	28675729	2	1	1	2
13	28675730	28920455	2	1	1	2
13	28920456	31341491	2	1	1	2
13	31341492	36783491	2	1	1	3
13	36783492	114142800	2	1	1	3
13	114142801	115169877	2	1	1	2
14	1	16099999	2	1	1	1
14	16100000	19099999	2	1	1	1
14	19100000	20432547	2	1	1	2
14	20432548	106368400	2	1	1	2
15	1	15799999	3	3	0	1
15	15800000	20699999	NA	NA	NA	NA
15	20700000	21934844	1	1	0	1
15	21934845	21960340	1	1	0	1
15	21960341	22575002	1	1	0	1
15	22575003	23887646	2	1	1	2
15	23887647	23890177	2	1	1	2
15	23890178	26452102	2	1	1	2
15	26452103	28370388	2	1	1	2
15	28370389	30555423	1	1	0	3
15	30555424	30561496	1	1	0	2
15	30561497	31766544	2	1	1	2
15	31766545	31768495	2	1	1	2
15	31768496	31768983	2	1	1	2
15	31768984	31772288	2	1	1	1
15	31772289	31786603	2	1	1	2
15	31786604	31789790	2	1	1	2
15	31789791	34002623	2	1	1	2
15	34002624	34006092	2	1	1	2
15	34006093	34275367	2	1	1	2
15	34275368	36919981	1	1	0	3
15	36919982	38915035	2	1	1	2
15	38915036	38917025	2	1	1	2
15	38917026	54437953	2	1	1	2
15	54437954	54441093	2	1	1	2
15	54441094	55779302	2	1	1	2
15	55779303	55791122	2	1	1	2
15	55791123	57838645	2	1	1	2
15	57838646	58010479	1	1	0	2
15	58010480	58014520	1	1	0	2
15	58014521	58503563	2	1	1	2
15	58503564	58503631	2	1	1	2
15	58503632	58503734	2	1	1	2
15	58503735	58512359	1	1	0	1
15	58512360	58513601	1	1	0	2
15	58513602	58517824	1	1	0	2
15	58517825	58524033	1	1	0	1
15	58524034	59179412	1	1	0	3
15	59179413	59226389	2	1	1	2
15	59226390	59228941	2	1	1	1
15	59228942	59246280	2	1	1	2
15	59246281	59253975	2	1	1	1
15	59253976	59821597	2	1	1	2
15	59821598	69691613	1	1	0	3
15	69691614	75246896	2	1	1	2
15	75246897	75249254	2	1	1	1
15	75249255	75264752	2	1	1	2
15	75264753	75267288	2	1	1	1
15	75267289	75272070	2	1	1	2
15	75272071	75274176	2	1	1	2
15	75274177	75595860	2	1	1	2
15	75595861	75604433	2	1	1	2
15	75604434	75741121	2	1	1	2
15	75741122	75743528	2	1	1	2
15	75743529	75750115	2	1	1	2
15	75750116	75755198	2	1	1	1
15	75755199	76749056	2	1	1	2
15	76749057	76751313	2	1	1	2
15	76751314	78050581	2	1	1	2
15	78050582	78076429	1	1	0	2
15	78076430	78076836	1	1	0	2
15	78076837	79165055	2	1	1	2
15	79165056	79170922	4	3	1	2
15	79170923	79303427	2	1	1	2
15	79303428	79982273	1	1	0	3
15	79982274	80177605	2	1	1	2
15	80177606	80183522	2	1	1	1
15	80183523	81299982	2	1	1	2
15	81299983	81312345	1	1	0	2
15	81312346	81315581	2	1	1	1
15	81315582	81315955	2	1	1	1
15	81315956	81328701	2	1	1	2
15	81328702	81332179	2	1	1	2
15	81332180	81350359	2	1	1	2
15	81350360	81352767	2	1	1	2
15	81352768	81366237	2	1	1	2
15	81366238	81369652	2	1	1	1
15	81369653	81513650	2	1	1	2
15	81513651	81531108	1	1	0	2
15	81531109	81535111	1	1	0	2
15	81535112	81535717	1	1	0	2
15	81535718	81537054	1	1	0	2
15	81537055	81568228	1	1	0	2
15	81568229	81786258	2	1	1	2
15	81786259	81786682	2	1	1	2
15	81786683	81792420	2	1	1	2
15	81792421	82557887	1	1	0	3
15	82557888	102506222	2	1	1	2
16	94080	34599999	2	1	1	3
16	34600000	38599999	2	1	1	3
16	38600000	78354567	2	1	1	3
16	78354568	78422064	2	1	1	2
16	78422065	78721759	2	1	1	3
16	78721760	78842730	2	1	1	3
16	78842731	88827200	2	1	1	3
16	88827201	90354752	2	1	1	2
17	7	18412247	1	1	0	2
17	18412248	22199999	1	1	0	2
17	22200000	25799999	NA	NA	NA	NA
17	25800000	27956333	2	1	1	3
17	27956334	77129900	2	1	1	2
17	77129901	77889580	2	1	1	2
17	77889581	78295789	3	2	1	1
17	78295790	78297662	2	1	1	2
17	78297663	80361107	2	1	1	2
18	27500	125370	2	1	1	2
18	125371	15399999	2	2	0	1
18	15400000	18999999	2	2	0	1
18	19000000	27762647	2	2	0	1
18	27762648	27765434	3	2	1	2
18	27765435	27769388	3	2	1	2
18	27769389	29885708	2	2	0	1
18	29885709	32048202	0	0	0	2
18	32048203	39604534	2	1	1	2
18	39604535	40066725	2	2	0	2
18	40066726	47720582	2	1	1	2
18	47720583	47804101	1	1	0	2
18	47804102	48159894	2	2	0	2
18	48159895	50390891	0	0	0	2
18	50390892	50400390	0	0	0	2
18	50400391	50437506	0	0	0	2
18	50437507	50993154	0	0	0	2
18	50993155	51045552	2	2	0	1
18	51045553	51047100	2	2	0	2
18	51047101	51102162	2	2	0	2
18	51102163	51116780	2	2	0	1
18	51116781	51116855	2	2	0	2
18	51116856	51127077	2	2	0	1
18	51127078	53950009	2	2	0	2
18	53950010	54697460	2	2	0	2
18	54697461	54701234	3	2	1	2
18	54701235	55270000	3	2	1	1
18	55270001	56017817	3	2	1	2
18	56017818	56366693	3	2	1	2
18	56366694	57038933	2	1	1	2
18	57038934	57467893	3	2	1	1
18	57467894	57891524	2	1	1	2
18	57891525	57894105	2	2	0	2
18	57894106	68687706	2	2	0	2
18	68687707	68735243	2	2	0	2
18	68735244	68735386	2	2	0	2
18	68735387	69898532	2	2	0	1
18	69898533	69905634	6	4	2	1
18	69905635	69965313	6	4	2	2
18	69965314	69966514	6	4	2	2
18	69966515	70137604	2	2	0	2
18	70137605	70191681	3	2	1	2
18	70191682	71780922	2	2	0	2
18	71780923	71805417	3	2	1	2
18	71805418	71809074	2	2	0	2
18	71809075	73156419	2	1	1	2
18	73156420	74272201	5	3	2	2
18	74272202	74274552	6	4	2	2
18	74274553	74442500	6	4	2	2
18	74442501	74528487	6	4	2	2
18	74528488	74543816	5	4	1	2
18	74543817	74797897	6	4	2	1
18	74797898	74808029	6	4	2	1
18	74808030	75219925	6	4	2	2
18	75219926	75376241	6	4	2	2
18	75376242	77815100	3	2	1	1
18	77815101	77818009	1	1	0	2
19	102500	245630	2	1	1	2
19	245631	24399999	2	1	1	2
19	24400000	28599999	2	1	1	2
19	28600000	59128982	2	1	1	2
20	41082	18627130	1	1	0	2
20	18627131	25599999	2	1	1	3
20	25600000	29399999	2	1	1	2
20	29400000	62432500	2	1	1	3
21	1	10899999	NA	NA	NA	NA
21	10900000	14491018	1	1	0	1
21	14491019	15273816	0	0	0	1
21	15273817	15651666	1	1	0	2
21	15651667	24156718	2	1	1	2
21	24156719	24164982	2	1	1	2
21	24164983	27536265	2	1	1	2
21	27536266	27537567	2	1	1	2
21	27537568	27537642	2	1	1	2
21	27537643	27578414	2	1	1	2
21	27578415	27581963	2	1	1	2
21	27581964	27941222	2	1	1	2
21	27941223	27945498	2	1	1	2
21	27945499	27945618	2	1	1	2
21	27945619	27945632	2	1	1	2
21	27945633	27953492	2	1	1	2
21	27953493	27960344	2	1	1	2
21	27960345	28293007	2	1	1	2
21	28293008	28679425	1	1	0	3
21	28679426	33043481	1	1	0	3
21	33043482	33044629	1	1	0	3
21	33044630	33103642	1	1	0	2
21	33103643	33296606	2	1	1	2
21	33296607	33308654	2	1	1	2
21	33308655	33311833	2	1	1	2
21	33311834	33721548	2	1	1	2
21	33721549	33728803	2	1	1	1
21	33728804	36037551	2	1	1	2
21	36037552	36040372	2	1	1	2
21	36040373	36062327	2	1	1	2
21	36062328	36067584	2	1	1	1
21	36067585	36068740	2	1	1	2
21	36068741	36071234	2	1	1	1
21	36071235	36201194	2	1	1	2
21	36201195	36207933	4	3	1	2
21	36207934	36210106	2	1	1	2
21	36210107	36215409	2	1	1	2
21	36215410	36216096	2	1	1	2
21	36216097	36221586	2	1	1	2
21	36221587	36221856	2	1	1	2
21	36221857	36636313	2	1	1	2
21	36636314	36647731	2	1	1	1
21	36647732	36649098	1	1	0	2
21	36649099	36650995	2	1	1	1
21	36650996	36651979	2	1	1	1
21	36651980	36663478	2	1	1	2
21	36663479	36664645	2	1	1	2
21	36664646	36667808	2	1	1	1
21	36667809	36804455	2	1	1	2
21	36804456	36806629	2	1	1	1
21	36806630	36818298	2	1	1	2
21	36818299	36822993	2	1	1	2
21	36822994	36824378	2	1	1	1
21	36824379	37218747	2	1	1	2
21	37218748	37218816	2	1	1	2
21	37218817	37510672	1	1	0	2
21	37510673	37677519	1	1	0	2
21	37677520	37685287	2	1	1	2
21	37685288	37689468	1	1	0	2
21	37689469	37692911	1	1	0	2
21	37692912	37695527	1	1	0	2
21	37695528	37706924	1	1	0	2
21	37706925	41176266	2	1	1	2
21	41176267	42294115	2	1	1	2
21	42294116	42334955	1	1	0	2
21	42334956	42335057	1	1	0	2
21	42335058	46944200	1	1	0	3
21	46944201	48129894	1	1	0	2
22	1	12199999	1	1	0	1
22	12200000	17899999	1	1	0	3
22	17900000	29065764	1	1	0	3
22	29065765	29065974	1	1	0	3
22	29065975	49691400	1	1	0	3
22	49691401	51304565	1	1	0	2
X	1	58099999	1	1	0	3
X	58100000	62999999	1	1	0	3
X	63000000	155270559	1	1	0	3
Y	1	11599999	0	0	0	1
Y	11600000	13399999	0	0	0	1
Y	13400000	59373565	NA	NA	NA	NA
