chromosome	start	end	total_cn	major_cn	minor_cn	star
1	1	1873817	2	1	1	2
1	1873818	17046420	1	1	0	2
1	17046421	17310657	1	1	0	2
1	17310658	35589243	1	1	0	2
1	35589244	35590674	1	1	0	1
1	35590675	36938597	3	3	0	3
1	36938598	36941631	2	2	0	1
1	36941632	118501450	3	3	0	3
1	118501451	119311664	2	2	0	3
1	119311665	120798685	3	3	0	2
1	120798686	121350938	3	3	0	2
1	121350939	128899999	NA	NA	NA	NA
1	128900000	144851025	2	1	1	2
1	144851026	145091767	2	1	1	2
1	145091768	192283976	4	2	2	2
1	192283977	192315098	3	2	1	1
1	192315099	205310065	4	2	2	2
1	205310066	205327833	5	3	2	3
1	205327834	206868817	4	2	2	2
1	206868818	206897086	5	3	2	2
1	206897087	234277968	4	2	2	2
1	234277969	234315803	3	2	1	2
1	234315804	247249600	4	2	2	2
1	247249601	249159944	4	2	2	2
2	20016	45291402	4	2	2	3
2	45291403	45537981	3	2	1	2
2	45537982	57380898	4	2	2	3
2	57380899	82096079	4	2	2	2
2	82096080	82146194	3	2	1	2
2	82146195	89842499	4	2	2	2
2	89842500	96799999	4	2	2	2
2	96800000	207610936	4	2	2	2
2	207610937	236599944	3	2	1	2
2	236599945	236606135	2	1	1	2
2	236606136	237641612	2	1	1	2
2	237641613	237641933	2	1	1	2
2	237641934	239345476	2	1	1	2
2	239345477	239352955	2	1	1	2
2	239352956	240578927	2	1	1	2
2	240578928	240579557	2	1	1	2
2	240579558	242999968	2	1	1	2
3	100074	29480869	2	1	1	3
3	29480870	29503439	2	1	1	2
3	29503440	87899999	2	1	1	3
3	87900000	93899999	NA	NA	NA	NA
3	93900000	101387273	3	2	1	3
3	101387274	109128796	4	3	1	2
3	109128797	109130344	4	3	1	1
3	109130345	122070319	3	2	1	2
3	122070320	122087980	2	1	1	2
3	122087981	128848267	2	1	1	2
3	128848268	152048136	3	2	1	2
3	152048137	165255228	3	2	1	2
3	165255229	165332569	4	2	2	2
3	165332570	167006585	3	2	1	2
3	167006586	167012010	4	3	1	2
3	167012011	167018929	16	15	1	1
3	167018930	167550201	6	4	2	2
3	167550202	173295772	17	16	1	2
3	173295773	175424169	11	10	1	1
3	175424170	176718879	18	17	1	2
3	176718880	176806217	18	17	1	2
3	176806218	176830302	3	2	1	2
3	176830303	176830870	13	11	2	2
3	176830871	179077943	12	11	1	1
3	179077944	181052812	3	2	1	2
3	181052813	181203502	9	8	1	1
3	181203503	185634728	4	3	1	2
3	185634729	185646329	6	5	1	1
3	185646330	186388949	2	2	0	2
3	186388950	186527236	3	2	1	2
3	186527237	186683318	5	4	1	2
3	186683319	186683447	5	4	1	2
3	186683448	197847500	3	2	1	2
4	56735	48199999	2	2	0	3
4	48200000	52699999	2	2	0	3
4	52700000	137117992	2	2	0	3
4	137117993	191154275	2	2	0	3
5	26239	21603869	3	2	1	2
5	21603870	21605837	4	2	2	1
5	21605838	25879197	5	3	2	2
5	25879198	46099994	4	2	2	2
5	46099995	50699999	NA	NA	NA	NA
5	50700000	56289677	2	1	1	3
5	56289678	56339053	1	1	0	3
5	56339054	56339132	1	1	0	2
5	56339133	56339356	2	1	1	1
5	56339357	56433018	2	1	1	3
5	56433019	56433068	1	1	0	2
5	56433069	56503141	1	1	0	2
5	56503142	56503409	2	1	1	1
5	56503410	56503501	2	1	1	1
5	56503502	56503513	2	1	1	2
5	56503514	170252225	2	1	1	3
5	170252226	170255652	2	1	1	2
5	170255653	180711553	2	1	1	3
6	39681	249571	4	3	1	1
6	249572	382202	4	3	1	2
6	382203	16693690	4	3	1	2
6	16693691	18150876	3	2	1	2
6	18150877	26073615	4	3	1	2
6	26073616	26075034	3	2	1	1
6	26075035	26084559	3	2	1	2
6	26084560	26135346	2	1	1	3
6	26135347	26163823	1	1	0	2
6	26163824	26228390	0	0	0	2
6	26228391	26246964	1	1	0	2
6	26246965	26272585	2	2	0	2
6	26272586	26273462	2	2	0	2
6	26273463	27882136	4	3	1	2
6	27882137	27892959	4	3	1	2
6	27892960	27901931	4	3	1	2
6	27901932	27918423	4	3	1	2
6	27918424	31787619	4	3	1	2
6	31787620	31804850	3	2	1	2
6	31804851	33016909	4	3	1	2
6	33016910	33028820	6	5	1	2
6	33028821	42632382	4	3	1	2
6	42632383	47466526	3	2	1	3
6	47466527	47482384	3	2	1	2
6	47482385	50718075	3	2	1	3
6	50718076	50744729	2	2	0	2
6	50744730	55783589	3	2	1	3
6	55783590	57206033	3	2	1	3
6	57206034	57340008	3	2	1	2
6	57340009	58182801	4	3	1	2
6	58182802	58501071	7	6	1	2
6	58501072	63299999	NA	NA	NA	NA
6	63300000	70850158	4	3	1	2
6	70850159	70870944	3	2	1	3
6	70870945	78985600	4	3	1	2
6	78985601	84527587	4	3	1	2
6	84527588	116793165	3	2	1	2
6	116793166	116823904	4	3	1	3
6	116823905	126080099	3	2	1	2
6	126080100	126083927	3	2	1	2
6	126083928	127538572	3	2	1	2
6	127538573	127539946	3	2	1	2
6	127539947	138545999	3	2	1	2
6	138546000	151393366	2	2	0	2
6	151393367	151393591	2	2	0	2
6	151393592	154410033	2	2	0	2
6	154410034	155193180	3	3	0	2
6	155193181	155336183	2	2	0	3
6	155336184	155350805	4	4	0	1
6	155350806	157962008	2	2	0	3
6	157962009	157962688	2	2	0	2
6	157962689	157967448	2	2	0	2
6	157967449	163001612	2	2	0	3
6	163001613	163014413	3	3	0	2
6	163014414	170878886	2	2	0	3
7	40386	50072842	3	2	1	2
7	50072843	50136283	2	1	1	3
7	50136284	57999999	3	2	1	2
7	58000000	61699999	3	2	1	2
7	61700000	129566508	3	2	1	2
7	129566509	129572372	3	2	1	2
7	129572373	146775876	3	2	1	2
7	146775877	146790241	4	3	1	2
7	146790242	157157182	3	2	1	2
7	157157183	157174406	2	1	1	3
7	157174407	158821400	3	2	1	3
8	10001	159178	4	2	2	2
8	159179	36089930	4	2	2	2
8	36089931	36937429	2	2	0	2
8	36937430	36962205	2	2	0	2
8	36962206	39192491	2	2	0	2
8	39192492	39306100	3	2	1	2
8	39306101	39323876	3	2	1	2
8	39323877	39352001	3	2	1	2
8	39352002	39381974	3	2	1	2
8	39381975	43099999	3	2	1	2
8	43100000	48099999	3	2	1	2
8	48100000	50152988	3	2	1	2
8	50152989	50795159	24	23	1	2
8	50795160	51251387	24	23	1	2
8	51251388	51253703	12	12	0	1
8	51253704	51705978	8	7	1	2
8	51705979	53643951	3	2	1	2
8	53643952	53815131	8	7	1	2
8	53815132	55159252	8	7	1	2
8	55159253	55160716	8	7	1	1
8	55160717	56793001	6	5	1	2
8	56793002	58442337	7	6	1	2
8	58442338	58443854	5	4	1	1
8	58443855	58923952	4	3	1	2
8	58923953	77468904	4	3	1	2
8	77468905	84823718	4	3	1	2
8	84823719	99037499	2	1	1	2
8	99037500	99084579	2	1	1	2
8	99084580	99140936	4	3	1	2
8	99140937	99143544	4	3	1	1
8	99143545	101801134	6	5	1	2
8	101801135	114834283	2	1	1	2
8	114834284	114834314	2	1	1	2
8	114834315	124337536	2	1	1	2
8	124337537	124339161	2	1	1	2
8	124339162	126697807	2	1	1	2
8	126697808	126699289	2	1	1	2
8	126699290	128678476	2	1	1	2
8	128678477	131391504	4	3	1	2
8	131391505	131403715	6	5	1	2
8	131403716	134130014	6	5	1	2
8	134130015	134131526	4	2	2	1
8	134131527	146364021	2	1	1	2
9	47500	203760	2	2	0	2
9	203761	44239586	2	2	0	2
9	44239587	47299999	2	2	0	2
9	47300000	50699999	2	2	0	2
9	50700000	66494187	2	2	0	2
9	66494188	70882500	2	2	0	2
9	70882501	115299386	2	2	0	2
9	115299387	115312955	2	2	0	2
9	115312956	140273200	2	2	0	2
10	90127	20176317	3	2	1	3
10	20176318	25547324	3	2	1	3
10	25547325	25549923	3	2	1	3
10	25549924	37999999	3	2	1	3
10	38000000	42417191	3	2	1	2
10	42417192	52480660	3	2	1	3
10	52480661	52531892	2	2	0	3
10	52531893	52590493	2	2	0	1
10	52590494	93204776	3	2	1	3
10	93204777	94682331	4	2	2	3
10	94682332	135210397	3	2	1	3
10	135210398	135389924	3	2	1	2
11	20721	196943	2	1	1	2
11	196944	23995512	2	1	1	3
11	23995513	24127869	1	1	0	3
11	24127870	46380876	2	1	1	3
11	46380877	46394636	1	1	0	1
11	46394637	50428829	2	1	1	3
11	50428830	51599999	2	1	1	3
11	51600000	55699999	2	1	1	3
11	55700000	85129951	2	1	1	3
11	85129952	85417280	5	4	1	2
11	85417281	89231115	6	5	1	2
11	89231116	94700514	2	1	1	2
11	94700515	134452200	3	2	1	2
12	110107	8775590	4	2	2	2
12	8775591	8827590	6	4	2	2
12	8827591	8862246	3	2	1	3
12	8862247	9511689	6	4	2	2
12	9511690	9633089	6	3	3	2
12	9633090	10075213	6	4	2	2
12	10075214	11215993	5	4	1	2
12	11215994	11253470	5	4	1	2
12	11253471	13113314	5	4	1	2
12	13113315	23496493	6	4	2	2
12	23496494	23498094	6	4	2	1
12	23498095	25350875	8	6	2	2
12	25350876	25351395	8	6	2	2
12	25351396	33299999	4	2	2	2
12	33300000	38199999	NA	NA	NA	NA
12	38200000	52063096	3	2	1	2
12	52063097	54616483	3	2	1	2
12	54616484	54631873	3	2	1	2
12	54631874	64302144	3	2	1	2
12	64302145	65004647	4	2	2	2
12	65004648	66241371	3	2	1	2
12	66241372	66446021	4	2	2	3
12	66446022	66451370	3	2	1	2
12	66451371	98751490	3	2	1	2
12	98751491	99227962	4	3	1	2
12	99227963	100819911	3	2	1	2
12	100819912	101223904	4	2	2	2
12	101223905	109441590	3	2	1	2
12	109441591	109655382	4	2	2	2
12	109655383	110330150	5	3	2	3
12	110330151	110471891	4	2	2	3
12	110471892	123495012	3	2	1	2
12	123495013	123702312	4	2	2	2
12	123702313	132438136	3	2	1	2
12	132438137	132438198	3	2	1	2
12	132438199	132956492	4	2	2	1
12	132956493	133796867	3	2	1	2
13	1	16299999	2	1	1	1
13	16300000	19499999	2	1	1	2
13	19500000	92248271	2	1	1	3
13	92248272	92250196	2	1	1	2
13	92250197	114142800	2	1	1	3
13	114142801	115169877	2	1	1	2
14	1	16099999	NA	NA	NA	NA
14	16100000	19099999	3	2	1	1
14	19100000	19604340	5	4	1	1
14	19604341	19844802	7	5	2	1
14	19844803	19845001	7	5	2	1
14	19845002	20451280	7	5	2	1
14	20451281	22744614	2	1	1	3
14	22744615	24020211	1	1	0	3
14	24020212	33301713	2	1	1	3
14	33301714	33492751	1	1	0	3
14	33492752	50938270	2	1	1	3
14	50938271	56622490	3	2	1	3
14	56622491	56623541	3	2	1	2
14	56623542	67157180	3	2	1	3
14	67157181	76537852	3	2	1	3
14	76537853	76703331	7	6	1	2
14	76703332	77514895	8	7	1	1
14	77514896	78609655	7	6	1	2
14	78609656	80326909	3	2	1	3
14	80326910	80364954	7	6	1	2
14	80364955	84695891	3	2	1	2
14	84695892	85700946	2	2	0	3
14	85700947	88956019	3	2	1	3
14	88956020	88983973	2	2	0	1
14	88983974	106368400	3	2	1	3
15	1	15799999	2	1	1	1
15	15800000	20699999	2	1	1	2
15	20700000	22708001	2	1	1	2
15	22708002	88584407	2	1	1	3
15	88584408	88882225	1	1	0	3
15	88882226	91488011	2	1	1	3
15	91488012	91502715	2	1	1	2
15	91502716	100338800	2	1	1	3
15	100338801	102531391	2	1	1	2
16	83807	6003613	3	2	1	2
16	6003614	6343819	4	2	2	3
16	6343820	14897401	3	2	1	3
16	14897402	15325463	4	2	2	2
16	15325464	17078410	4	2	2	3
16	17078411	18813123	5	3	2	2
16	18813124	34599999	3	2	1	3
16	34600000	38599999	3	2	1	2
16	38600000	78548020	3	2	1	3
16	78548021	87964145	3	2	1	3
16	87964146	88850014	3	2	1	2
16	88850015	90114383	3	2	1	2
17	12500	22199999	2	2	0	2
17	22200000	25799999	2	2	0	2
17	25800000	26888303	2	2	0	2
17	26888304	27084151	4	4	0	2
17	27084152	27513840	3	3	0	3
17	27513841	28612979	2	2	0	3
17	28612980	29484591	3	3	0	3
17	29484592	29932229	4	4	0	3
17	29932230	30338756	7	7	0	1
17	30338757	30991957	6	6	0	2
17	30991958	31013564	6	6	0	1
17	31013565	31017425	14	14	0	1
17	31017426	31104014	22	22	0	1
17	31104015	31113090	21	21	0	1
17	31113091	31115086	11	11	0	1
17	31115087	31117276	11	11	0	1
17	31117277	36274994	2	2	0	3
17	36274995	41409999	2	2	0	3
17	41410000	56751225	3	3	0	2
17	56751226	56790163	4	4	0	2
17	56790164	57440352	4	4	0	2
17	57440353	58779863	5	5	0	2
17	58779864	58783560	5	5	0	2
17	58783561	60098838	4	4	0	3
17	60098839	60150382	2	2	0	2
17	60150383	80055681	4	4	0	2
17	80055682	81195209	2	2	0	2
18	27500	125784	2	1	1	2
18	125785	15229601	2	1	1	2
18	15229602	18999999	2	1	1	2
18	19000000	20523414	2	1	1	2
18	20523415	21019889	3	2	1	3
18	21019890	71249209	2	1	1	3
18	71249210	71834663	2	1	1	2
18	71834664	71836364	2	1	1	1
18	71836365	76117000	3	2	1	3
18	76117001	78077247	3	2	1	2
19	102500	260136	2	1	1	2
19	260137	2469653	2	1	1	3
19	2469654	2490690	3	2	1	2
19	2490691	24399999	2	1	1	2
19	24400000	28599999	NA	NA	NA	NA
19	28600000	34466395	3	2	1	2
19	34466396	42360397	2	1	1	3
19	42360398	59128982	2	1	1	3
20	17500	15147188	2	2	0	2
20	15147189	16454855	3	2	1	2
20	16454856	16771055	2	2	0	2
20	16771056	18301268	2	2	0	2
20	18301269	22475836	2	2	0	2
20	22475837	25599999	2	2	0	2
20	25600000	29502499	NA	NA	NA	NA
20	29502500	29825215	3	2	1	2
20	29825216	62432500	3	2	1	2
21	1	9417499	NA	NA	NA	NA
21	9417500	10899999	NA	NA	NA	NA
21	10900000	14797549	2	2	0	1
21	14797550	14956959	4	3	1	2
21	14956960	15815799	2	1	1	2
21	15815800	15818266	3	2	1	2
21	15818267	16973474	2	1	1	2
21	16973475	24775921	1	1	0	3
21	24775922	46937500	2	2	0	3
21	46937501	48129894	2	2	0	2
22	1	12199999	1	1	0	2
22	12200000	17899999	1	1	0	2
22	17900000	20962228	1	1	0	2
22	20962229	20964159	3	3	0	1
22	20964160	21386594	5	5	0	2
22	21386595	21418688	3	3	0	2
22	21418689	24293001	3	3	0	2
22	24293002	24347200	3	3	0	2
22	24347201	25945886	3	3	0	2
22	25945887	29065528	3	3	0	2
22	29065529	29065910	3	3	0	2
22	29065911	36125664	3	3	0	2
22	36125665	38429698	2	2	0	2
22	38429699	49687500	1	1	0	2
22	49687501	51304565	1	1	0	2
X	1	17722169	1	1	0	2
X	17722170	17843036	1	1	0	2
X	17843037	58099999	1	1	0	2
X	58100000	62999999	1	1	0	2
X	63000000	90613063	1	1	0	2
X	90613064	90634717	1	1	0	2
X	90634718	154913600	1	1	0	2
