chromosome	start	end	total_cn	major_cn	minor_cn	star
1	10001	16829420	2	1	1	2
1	16829421	17004420	2	1	1	2
1	17004421	87144851	2	1	1	2
1	87144852	121499999	2	1	1	2
1	121500000	128899999	2	1	1	2
1	128900000	142651938	2	1	1	2
1	142651939	179570381	2	1	1	2
1	179570382	179570614	2	1	1	2
1	179570615	206331983	2	1	1	2
1	206331984	224828038	2	1	1	2
1	224828039	224882458	2	1	1	2
1	224882459	246108241	2	1	1	2
1	246108242	246127776	1	1	0	3
1	246127777	246308879	2	1	1	2
1	246308880	246436244	1	1	0	1
1	246436245	246501172	2	1	1	1
1	246501173	246601602	4	3	1	2
1	246601603	246843426	2	1	1	2
1	246843427	246867073	4	3	1	2
1	246867074	247247500	2	1	1	2
1	247247501	249250620	2	1	1	2
2	45849	2097135	1	1	0	3
2	2097136	2275237	2	1	1	2
2	2275238	2326895	2	1	1	2
2	2326896	2532596	1	1	0	2
2	2532597	2671396	1	1	0	2
2	2671397	3234556	1	1	0	2
2	3234557	3263771	2	1	1	2
2	3263772	3671578	1	1	0	3
2	3671579	3677522	1	1	0	2
2	3677523	3944101	1	1	0	2
2	3944102	4523078	1	1	0	3
2	4523079	5603865	1	1	0	3
2	5603866	5632621	1	1	0	2
2	5632622	5970359	2	1	1	2
2	5970360	7614469	1	1	0	3
2	7614470	7615626	1	1	0	3
2	7615627	8716007	1	1	0	3
2	8716008	8859210	2	1	1	2
2	8859211	8941422	1	1	0	2
2	8941423	9002813	2	1	1	2
2	9002814	9844109	1	1	0	3
2	9844110	10162808	1	1	0	3
2	10162809	10571323	1	1	0	3
2	10571324	10574269	1	1	0	3
2	10574270	11259637	1	1	0	3
2	11259638	11268095	1	1	0	2
2	11268096	11388222	1	1	0	3
2	11388223	11392722	1	1	0	2
2	11392723	11596644	1	1	0	3
2	11596645	11599739	1	1	0	3
2	11599740	11675756	1	1	0	3
2	11675757	11686269	1	1	0	2
2	11686270	11874664	1	1	0	3
2	11874665	11875114	1	1	0	3
2	11875115	12924316	1	1	0	3
2	12924317	12924557	1	1	0	2
2	12924558	13415160	1	1	0	3
2	13415161	13767574	2	1	1	2
2	13767575	14168193	1	1	0	3
2	14168194	14185706	1	1	0	3
2	14185707	14296838	2	1	1	2
2	14296839	14357338	1	1	0	3
2	14357339	14851022	2	1	1	2
2	14851023	15787219	1	1	0	3
2	15787220	17689646	1	1	0	3
2	17689647	18643042	1	1	0	3
2	18643043	20283337	1	1	0	3
2	20283338	20416221	2	1	1	2
2	20416222	21137593	1	1	0	3
2	21137594	23366581	1	1	0	3
2	23366582	23459052	2	1	1	2
2	23459053	25101626	1	1	0	3
2	25101627	25214900	1	1	0	2
2	25214901	25946174	1	1	0	2
2	25946175	25965208	1	1	0	1
2	25965209	26380930	1	1	0	2
2	26380931	26382522	1	1	0	2
2	26382523	26692372	1	1	0	3
2	26692373	27452449	1	1	0	3
2	27452450	27454131	1	1	0	3
2	27454132	27476645	1	1	0	2
2	27476646	27479049	1	1	0	2
2	27479050	27575584	1	1	0	3
2	27575585	27585691	1	1	0	3
2	27585692	27993675	1	1	0	3
2	27993676	27995237	1	1	0	2
2	27995238	28338713	1	1	0	3
2	28338714	28884264	1	1	0	3
2	28884265	28889432	1	1	0	3
2	28889433	29347015	1	1	0	3
2	29347016	29351068	1	1	0	3
2	29351069	29446991	1	1	0	3
2	29446992	29447561	1	1	0	2
2	29447562	29605869	1	1	0	2
2	29605870	29983698	2	1	1	2
2	29983699	29987568	1	1	0	2
2	29987569	30253133	1	1	0	2
2	30253134	30350564	1	1	0	3
2	30350565	30778434	2	1	1	2
2	30778435	31032837	1	1	0	3
2	31032838	31044159	1	1	0	3
2	31044160	32647643	1	1	0	3
2	32647644	32648241	1	1	0	3
2	32648242	34868234	1	1	0	3
2	34868235	36585435	1	1	0	3
2	36585436	36586059	1	1	0	3
2	36586060	37046171	1	1	0	3
2	37046172	37164449	2	1	1	2
2	37164450	38430265	1	1	0	3
2	38430266	38430538	1	1	0	3
2	38430539	40701649	1	1	0	3
2	40701650	40963178	1	1	0	2
2	40963179	41482371	1	1	0	3
2	41482372	41880921	2	1	1	2
2	41880922	43815663	1	1	0	3
2	43815664	43816778	1	1	0	2
2	43816779	43867775	1	1	0	3
2	43867776	44359392	2	1	1	2
2	44359393	48143707	1	1	0	3
2	48143708	48145226	1	1	0	3
2	48145227	48934935	1	1	0	3
2	48934936	48977500	2	1	1	2
2	48977501	49045610	2	1	1	2
2	49045611	50857981	1	1	0	3
2	50857982	50871632	1	1	0	2
2	50871633	50873135	1	1	0	2
2	50873136	50907444	1	1	0	2
2	50907445	50907463	1	1	0	2
2	50907464	51297881	1	1	0	3
2	51297882	51942313	1	1	0	3
2	51942314	52188775	1	1	0	2
2	52188776	53812974	1	1	0	3
2	53812975	53822587	1	1	0	2
2	53822588	54068274	1	1	0	3
2	54068275	54157117	2	1	1	2
2	54157118	54518997	1	1	0	2
2	54518998	54520434	1	1	0	2
2	54520435	54740379	1	1	0	2
2	54740380	54781939	2	1	1	2
2	54781940	54786722	1	1	0	2
2	54786723	54911744	1	1	0	3
2	54911745	55603357	1	1	0	3
2	55603358	55603671	1	1	0	3
2	55603672	57126332	1	1	0	3
2	57126333	57135719	1	1	0	3
2	57135720	57980672	1	1	0	3
2	57980673	57987705	1	1	0	2
2	57987706	58279669	1	1	0	3
2	58279670	58468499	1	1	0	1
2	58468500	59680001	1	1	0	3
2	59680002	61365369	2	1	1	2
2	61365370	63820614	2	1	1	2
2	63820615	74411174	2	1	1	2
2	74411175	74947218	1	1	0	2
2	74947219	90499999	2	1	1	2
2	90500000	96799999	2	1	1	2
2	96800000	123237627	2	1	1	2
2	123237628	156673277	1	1	0	3
2	156673278	157002169	2	1	1	2
2	157002170	158295474	2	1	1	2
2	158295475	162694700	2	1	1	2
2	162694701	162980759	1	1	0	2
2	162980760	163699869	2	1	1	2
2	163699870	163713039	1	1	0	2
2	163713040	163921265	1	1	0	3
2	163921266	164021713	1	1	0	2
2	164021714	164091794	2	1	1	2
2	164091795	164099077	1	1	0	2
2	164099078	164847392	2	1	1	2
2	164847393	164848863	2	1	1	2
2	164848864	167907424	2	1	1	2
2	167907425	168430618	1	1	0	2
2	168430619	174140260	2	1	1	2
2	174140261	174141727	2	1	1	2
2	174141728	179552311	2	1	1	2
2	179552312	179983231	1	1	0	3
2	179983232	180370734	0	0	0	3
2	180370735	182985144	1	1	0	3
2	182985145	183095852	1	1	0	2
2	183095853	184693040	1	1	0	3
2	184693041	187804335	1	1	0	2
2	187804336	188941898	2	1	1	2
2	188941899	189380736	2	1	1	3
2	189380737	189472667	2	1	1	2
2	189472668	189501240	2	1	1	1
2	189501241	189822622	2	1	1	2
2	189822623	190295430	2	1	1	3
2	190295431	193667314	1	1	0	2
2	193667315	193681840	2	1	1	2
2	193681841	196079666	1	1	0	2
2	196079667	196244924	2	1	1	2
2	196244925	197480820	1	1	0	2
2	197480821	197484144	2	1	1	2
2	197484145	197966411	2	1	1	2
2	197966412	198941462	2	1	1	2
2	198941463	199478715	1	1	0	2
2	199478716	200278559	2	1	1	2
2	200278560	201222731	2	1	1	2
2	201222732	201678244	2	1	1	2
2	201678245	202321574	2	1	1	2
2	202321575	202601597	1	1	0	2
2	202601598	205956290	2	1	1	2
2	205956291	206859231	1	1	0	3
2	206859232	206945695	2	1	1	2
2	206945696	206970393	2	1	1	2
2	206970394	208456650	2	1	1	2
2	208456651	208731275	2	1	1	2
2	208731276	209565305	2	1	1	3
2	209565306	209753558	1	1	0	2
2	209753559	211773152	1	1	0	2
2	211773153	212428301	1	1	0	2
2	212428302	212780789	1	1	0	3
2	212780790	212862576	2	1	1	2
2	212862577	217366550	1	1	0	2
2	217366551	223848599	1	1	0	2
2	223848600	227222308	1	1	0	2
2	227222309	229354270	2	1	1	2
2	229354271	229532447	1	1	0	2
2	229532448	230285797	2	1	1	2
2	230285798	231015822	1	1	0	3
2	231015823	233467751	2	1	1	2
2	233467752	233813581	1	1	0	2
2	233813582	240131647	2	1	1	2
2	240131648	240132084	1	1	0	2
2	240132085	240209606	1	1	0	3
2	240209607	240458623	2	1	1	2
2	240458624	240675920	1	1	0	2
2	240675921	242984432	1	1	0	3
3	100074	1667079	2	1	1	3
3	1667080	1668902	2	1	1	1
3	1668903	60139045	2	1	1	3
3	60139046	60172756	3	2	1	2
3	60172757	60177937	2	1	1	2
3	60177938	60341021	1	1	0	2
3	60341022	60562186	0	0	0	2
3	60562187	60708473	1	1	0	2
3	60708474	87899999	2	1	1	3
3	87900000	93899999	2	1	1	3
3	93900000	139379776	2	1	1	3
3	139379777	139899325	1	1	0	3
3	139899326	162386645	2	1	1	3
3	162386646	162386686	2	1	1	2
3	162386687	162943895	2	1	1	3
3	162943896	162953316	2	1	1	1
3	162953317	198022429	2	1	1	3
4	27500	48199999	2	1	1	3
4	48200000	52699999	2	1	1	2
4	52700000	138174087	2	1	1	3
4	138174088	170817341	2	1	1	3
4	170817342	190987500	2	1	1	2
5	47177	46099999	1	1	0	2
5	46100000	50699999	1	1	0	2
5	50700000	58321768	1	1	0	2
5	58321769	58369149	0	0	0	3
5	58369150	180662500	1	1	0	2
6	39681	202776	2	1	1	1
6	202777	1754597	2	1	1	2
6	1754598	1949608	1	1	0	3
6	1949609	55880764	2	1	1	2
6	55880765	55965066	3	2	1	2
6	55965067	58699999	2	1	1	2
6	58700000	63299999	2	1	1	2
6	63300000	83936394	2	1	1	2
6	83936395	84056809	2	1	1	2
6	84056810	102551285	2	1	1	2
6	102551286	102707967	2	1	1	2
6	102707968	148845095	2	1	1	2
6	148845096	148854684	3	3	0	2
6	148854685	162524364	2	1	1	2
6	162524365	162571062	1	1	0	2
6	162571063	170919735	2	1	1	2
7	40386	10538233	2	1	1	3
7	10538234	10699132	1	1	0	3
7	10699133	57999999	2	1	1	3
7	58000000	61699999	2	1	1	2
7	61700000	68337787	2	1	1	3
7	68337788	68338989	2	1	1	2
7	68338990	107938248	2	1	1	3
7	107938249	107939813	2	1	1	1
7	107939814	110317372	2	1	1	3
7	110317373	110317411	2	1	1	2
7	110317412	110320363	2	1	1	2
7	110320364	110322953	2	1	1	2
7	110322954	110329112	2	1	1	2
7	110329113	110329512	2	1	1	2
7	110329513	110576813	2	1	1	2
7	110576814	158821400	2	1	1	3
8	10001	190920	2	1	1	2
8	190921	4722742	2	1	1	3
8	4722743	8747673	1	1	0	3
8	8747674	43099999	2	1	1	2
8	43100000	48099999	2	1	1	2
8	48100000	89861930	2	1	1	2
8	89861931	112393223	2	1	1	2
8	112393224	126173547	2	1	1	2
8	126173548	126195423	2	1	1	2
8	126195424	146364021	2	1	1	2
9	47500	223762	1	1	0	2
9	223763	9262304	1	1	0	2
9	9262305	9649426	0	0	0	2
9	9649427	40483939	1	1	0	2
9	40483940	47299999	1	1	0	2
9	47300000	50699999	1	1	0	2
9	50700000	140273200	1	1	0	2
10	90127	37999999	2	1	1	2
10	38000000	42382499	2	1	1	2
10	42382500	76962788	2	1	1	2
10	76962789	77225598	3	2	1	2
10	77225599	77559791	2	1	1	2
10	77559792	77594148	2	1	1	2
10	77594149	82893373	2	1	1	2
10	82893374	86028346	2	1	1	2
10	86028347	86210705	2	1	1	2
10	86210706	135389924	2	1	1	2
11	20721	196943	2	1	1	2
11	196944	51599999	2	1	1	2
11	51600000	55699999	2	1	1	2
11	55700000	57419407	2	1	1	2
11	57419408	58748468	1	1	0	3
11	58748469	59981647	2	1	1	2
11	59981648	60834674	1	1	0	3
11	60834675	67979509	2	1	1	2
11	67979510	68044892	4	3	1	2
11	68044893	134452200	3	2	1	2
12	110107	33299999	2	1	1	2
12	33300000	38199999	2	1	1	2
12	38200000	128548783	2	1	1	2
12	128548784	128593928	3	2	1	2
12	128593929	132349400	2	1	1	2
12	132349401	133851894	2	1	1	2
13	1	16299999	1	1	0	1
13	16300000	19499999	1	1	0	2
13	19500000	8.6e+07	1	1	0	2
13	86000001	87287221	2	1	1	2
13	87287222	102387904	2	1	1	2
13	102387905	107944369	2	1	1	2
13	107944370	109692267	2	1	1	2
13	109692268	109907966	1	1	0	3
13	109907967	114142800	2	1	1	3
13	114142801	115169877	2	1	1	2
14	1	16099999	2	1	1	1
14	16100000	19099999	2	1	1	2
14	19100000	27065094	2	1	1	3
14	27065095	27066924	2	1	1	2
14	27066925	29737780	2	1	1	3
14	29737781	29799495	3	2	1	3
14	29799496	72815595	2	1	1	3
14	72815596	72819469	2	1	1	3
14	72819470	73263174	2	1	1	3
14	73263175	73264227	2	1	1	1
14	73264228	106150636	2	1	1	3
14	106150637	106368400	2	1	1	2
15	1	15799999	1	1	0	1
15	15800000	20699999	NA	NA	NA	NA
15	20700000	57645896	2	1	1	2
15	57645897	57780938	1	1	0	2
15	57780939	100338800	2	1	1	2
15	100338801	102359759	2	1	1	1
16	84170	6832298	2	1	1	3
16	6832299	6838999	2	1	1	3
16	6839000	34599999	2	1	1	3
16	34600000	38599999	2	1	1	3
16	38600000	46442499	2	1	1	2
16	46442500	76578769	2	1	1	3
16	76578770	76584378	2	1	1	2
16	76584379	78547187	2	1	1	3
16	78547188	78627495	1	1	0	3
16	78627496	78805173	2	1	1	3
16	78805174	79105397	1	1	0	3
16	79105398	88827200	2	1	1	3
16	88827201	90354752	2	1	1	2
17	7	22199999	1	1	0	3
17	22200000	25799999	NA	NA	NA	NA
17	25800000	58976025	2	1	1	3
17	58976026	59409571	1	1	0	2
17	59409572	78774600	2	1	1	3
17	78774601	81195209	2	1	1	2
18	27500	168365	1	1	0	2
18	168366	1524643	1	1	0	2
18	1524644	4616019	1	1	0	2
18	4616020	5774567	2	1	1	3
18	5774568	13849552	1	1	0	2
18	13849553	14091236	2	1	1	3
18	14091237	14176111	1	1	0	2
18	14176112	15399999	2	1	1	2
18	15400000	18999999	2	1	1	2
18	19000000	19220330	2	1	1	2
18	19220331	19221047	2	1	1	2
18	19221048	21487136	4	3	1	3
18	21487137	22368657	4	3	1	3
18	22368658	22946187	3	2	1	3
18	22946188	22953303	1	1	0	2
18	22953304	23564060	1	1	0	2
18	23564061	23564415	2	1	1	2
18	23564416	24955954	1	1	0	2
18	24955955	24959089	2	1	1	2
18	24959090	36750117	1	1	0	2
18	36750118	36787387	0	0	0	3
18	36787388	76117000	1	1	0	3
18	76117001	78077247	1	1	0	2
19	102500	13055376	2	1	1	2
19	13055377	24399999	2	1	1	2
19	24400000	28599999	2	1	1	2
19	28600000	32108627	2	1	1	2
19	32108628	59128982	2	1	1	2
20	17500	14472249	2	1	1	2
20	14472250	14525269	3	2	1	2
20	14525270	25599999	1	1	0	2
20	25600000	29399999	NA	NA	NA	NA
20	29400000	62432500	3	2	1	2
21	1	9417499	NA	NA	NA	NA
21	9417500	9682500	NA	NA	NA	NA
21	9682501	10899999	NA	NA	NA	NA
21	10900000	14299999	1	1	0	1
21	14300000	32340025	1	1	0	2
21	32340026	36199235	2	1	1	2
21	36199236	36242191	1	1	0	2
21	36242192	46937500	2	1	1	2
21	46937501	48129894	2	1	1	2
22	1	12199999	2	1	1	1
22	12200000	17899999	2	1	1	2
22	17900000	29065729	2	1	1	2
22	29065730	33673809	2	1	1	2
22	33673810	34019202	1	1	0	2
22	34019203	40426400	2	1	1	2
22	40426401	40944835	1	1	0	3
22	40944836	49687500	2	1	1	3
22	49687501	51304565	2	1	1	2
X	1	10242454	1	1	0	3
X	10242455	10265584	1	1	0	3
X	10265585	31646043	1	1	0	3
X	31646044	31789025	1	1	0	3
X	31789026	55171303	1	1	0	3
X	55171304	58099999	1	1	0	3
X	58100000	62999999	1	1	0	2
X	63000000	144782067	1	1	0	3
X	144782068	144860040	2	2	0	1
X	144860041	155270559	1	1	0	3
Y	1	11599999	NA	NA	NA	NA
Y	11600000	13399999	NA	NA	NA	NA
Y	13400000	59373565	NA	NA	NA	NA
