chromosome	start	end	total_cn	major_cn	minor_cn	star
1	1	71986316	2	1	1	2
1	71986317	77052988	2	1	1	2
1	77052989	77143197	2	1	1	1
1	77143198	79649923	2	1	1	3
1	79649924	90650068	2	1	1	3
1	90650069	96235395	2	1	1	2
1	96235396	104680005	2	1	1	3
1	104680006	119097177	2	1	1	3
1	119097178	119265946	2	1	1	2
1	119265947	119414907	2	1	1	3
1	119414908	121499999	2	1	1	2
1	121500000	128899999	2	1	1	2
1	128900000	144920086	2	1	1	2
1	144920087	163440367	2	1	1	3
1	163440368	163539988	2	1	1	2
1	163539989	195870015	2	1	1	3
1	195870016	197639980	2	1	1	2
1	197639981	222720187	2	1	1	3
1	222720188	223699765	2	1	1	2
1	223699766	249250620	2	1	1	2
2	54980	15489992	2	1	1	2
2	15489993	22488914	2	1	1	3
2	22488915	35482579	2	1	1	2
2	35482580	56750674	2	1	1	3
2	56750675	56950871	2	1	1	2
2	56950872	57089969	2	1	1	2
2	57089970	57235837	2	1	1	2
2	57235838	67324511	2	1	1	3
2	67324512	67443559	2	1	1	2
2	67443560	73235014	2	1	1	2
2	73235015	73287204	1	1	0	2
2	73287205	78680025	2	1	1	3
2	78680026	90499999	2	1	1	3
2	90500000	96799999	2	1	1	2
2	96800000	108889947	2	1	1	2
2	108889948	115168922	2	1	1	2
2	115168923	117636813	2	1	1	3
2	117636814	117784540	2	1	1	2
2	117784541	124624190	2	1	1	3
2	124624191	139951701	2	1	1	3
2	139951702	145477216	2	1	1	3
2	145477217	145610003	2	1	1	1
2	145610004	193204956	2	1	1	3
2	193204957	198914863	2	1	1	3
2	198914864	207970268	2	1	1	3
2	207970269	207971808	2	1	1	3
2	207971809	211530059	2	1	1	3
2	211530060	221554489	2	1	1	3
2	221554490	224263860	2	1	1	3
2	224263861	229374413	2	1	1	2
2	229374414	242985695	2	1	1	2
3	100074	5490019	2	1	1	3
3	5490020	6224368	2	1	1	2
3	6224369	19640044	2	1	1	3
3	19640045	30929940	2	1	1	2
3	30929941	35400006	2	1	1	3
3	35400007	35726316	2	1	1	2
3	35726317	35797608	2	1	1	2
3	35797609	52739203	2	1	1	3
3	52739204	52739429	2	1	1	3
3	52739430	63253913	2	1	1	3
3	63253914	63341811	2	1	1	2
3	63341812	73554529	2	1	1	3
3	73554530	73554608	2	1	1	3
3	73554609	79962710	2	1	1	2
3	79962711	82459969	2	1	1	3
3	82459970	87269783	2	1	1	2
3	87269784	87272076	2	1	1	2
3	87272077	93899999	2	1	1	2
3	93900000	103384819	2	1	1	3
3	103384820	103422499	3	2	1	2
3	103422500	105259985	2	1	1	2
3	105259986	105280054	2	1	1	2
3	105280055	120391083	2	1	1	3
3	120391084	121211468	2	1	1	3
3	121211469	121216548	2	1	1	3
3	121216549	121217389	2	1	1	2
3	121217390	121249026	2	1	1	2
3	121249027	121937042	2	1	1	2
3	121937043	121938355	2	1	1	2
3	121938356	128261487	2	1	1	2
3	128261488	128264739	2	1	1	2
3	128264740	197859631	2	1	1	3
4	1	9154547	2	1	1	2
4	9154548	11150341	2	1	1	3
4	11150342	29589995	2	1	1	2
4	29589996	34731400	2	1	1	2
4	34731401	43710011	2	1	1	2
4	43710012	43759395	2	1	1	2
4	43759396	48199999	2	1	1	3
4	48200000	52701096	2	1	1	2
4	52701097	56050547	2	1	1	3
4	56050548	65500000	2	1	1	2
4	65500001	94382057	2	1	1	3
4	94382058	95542253	2	1	1	2
4	95542254	95542985	2	1	1	2
4	95542986	95544337	2	1	1	2
4	95544338	95548404	2	1	1	2
4	95548405	96021913	2	1	1	2
4	96021914	96050591	2	1	1	2
4	96050592	96051980	2	1	1	2
4	96051981	108439999	2	1	1	3
4	108440000	118845009	2	1	1	3
4	118845010	130760019	2	1	1	3
4	130760020	140232317	2	1	1	3
4	140232318	144032877	2	1	1	2
4	144032878	147006382	2	1	1	3
4	147006383	151929314	2	1	1	2
4	151929315	159130130	2	1	1	3
4	159130131	161699942	2	1	1	2
4	161699943	175075043	2	1	1	2
4	175075044	190987500	2	1	1	2
5	1	26329948	2	1	1	2
5	26329949	30600012	2	1	1	2
5	30600013	37569013	2	1	1	3
5	37569014	46099999	2	1	1	2
5	46100000	50699999	2	1	1	2
5	50700000	57769837	2	1	1	3
5	57769838	73956092	2	1	1	2
5	73956093	75342500	2	1	1	2
5	75342501	88710567	2	1	1	2
5	88710568	98579964	2	1	1	3
5	98579965	99705005	2	1	1	2
5	99705006	117149999	2	1	1	3
5	117150000	117443668	2	1	1	2
5	117443669	123460001	2	1	1	3
5	123460002	125258775	2	1	1	2
5	125258776	125367417	2	1	1	2
5	125367418	135139946	2	1	1	2
5	135139947	147683256	2	1	1	3
5	147683257	156289984	2	1	1	2
5	156289985	160617438	2	1	1	3
5	160617439	168110468	2	1	1	3
5	168110469	169017108	2	1	1	3
5	169017109	171159999	2	1	1	3
5	171160000	180715810	2	1	1	2
6	227636	22967498	2	1	1	2
6	22967499	48591660	2	1	1	2
6	48591661	58699999	2	1	1	3
6	58700000	63299999	2	1	1	2
6	63300000	75100030	2	1	1	3
6	75100031	81226726	2	1	1	3
6	81226727	87243524	2	1	1	2
6	87243525	92598832	2	1	1	3
6	92598833	93868878	2	1	1	2
6	93868879	103924019	2	1	1	2
6	103924020	103981046	2	1	1	2
6	103981047	149051668	2	1	1	3
6	149051669	149055609	2	1	1	3
6	149055610	149058724	2	1	1	2
6	149058725	154013097	2	1	1	2
6	154013098	170907734	2	1	1	2
7	40386	8840738	2	1	1	2
7	8840739	8885867	2	1	1	2
7	8885868	9430666	2	1	1	2
7	9430667	12214634	2	1	1	2
7	12214635	13715679	2	1	1	2
7	13715680	13715721	2	1	1	2
7	13715722	13992908	2	1	1	2
7	13992909	13994026	2	1	1	2
7	13994027	17128017	2	1	1	2
7	17128018	17291796	2	1	1	2
7	17291797	25529984	2	1	1	2
7	25529985	31890019	2	1	1	2
7	31890020	44761653	2	1	1	2
7	44761654	44761693	2	1	1	2
7	44761694	48698714	2	1	1	2
7	48698715	57264052	2	1	1	2
7	57264053	61699999	2	1	1	2
7	61700000	82452384	2	1	1	2
7	82452385	82463006	2	1	1	2
7	82463007	96518744	2	1	1	2
7	96518745	96538039	0	0	0	2
7	96538040	113480049	2	1	1	2
7	113480050	158188406	2	1	1	2
7	158188407	158628008	4	3	1	2
8	155687	17216521	2	1	1	2
8	17216522	17237254	2	1	1	2
8	17237255	21876344	2	1	1	2
8	21876345	24638742	2	1	1	2
8	24638743	24731640	2	1	1	2
8	24731641	38771663	2	1	1	2
8	38771664	38772427	2	1	1	2
8	38772428	41977228	2	1	1	2
8	41977229	43099999	2	1	1	2
8	43100000	48099999	2	1	1	2
8	48100000	61009986	2	1	1	2
8	61009987	76864629	2	1	1	3
8	76864630	77962600	2	1	1	2
8	77962601	81930977	2	1	1	3
8	81930978	81932911	2	1	1	3
8	81932912	84340036	2	1	1	3
8	84340037	88404397	2	1	1	2
8	88404398	88596886	2	1	1	2
8	88596887	94194152	2	1	1	3
8	94194153	108622212	2	1	1	3
8	108622213	109588239	2	1	1	2
8	109588240	109600245	2	1	1	2
8	109600246	146364021	2	1	1	3
9	10001	3342860	2	1	1	3
9	3342861	7905077	2	1	1	3
9	7905078	7906439	2	1	1	3
9	7906440	10364204	2	1	1	2
9	10364205	12741651	2	1	1	2
9	12741652	18159985	2	1	1	3
9	18159986	21139963	2	1	1	3
9	21139964	27969269	2	1	1	2
9	27969270	28036344	0	0	0	2
9	28036345	31122350	2	1	1	2
9	31122351	47299999	2	1	1	2
9	47300000	50699999	2	1	1	2
9	50700000	66927875	2	1	1	2
9	66927876	81529327	2	1	1	3
9	81529328	83696728	2	1	1	2
9	83696729	96042985	2	1	1	2
9	96042986	96044002	2	1	1	2
9	96044003	106662183	2	1	1	3
9	106662184	106800787	2	1	1	2
9	106800788	121374646	2	1	1	3
9	121374647	122348217	2	1	1	2
9	122348218	140086258	2	1	1	2
9	140086259	140105815	2	1	1	2
9	140105816	140839784	2	1	1	2
9	140839785	140862349	2	1	1	2
10	94541	9080025	2	1	1	2
10	9080026	9099245	2	1	1	2
10	9099246	24839188	2	1	1	2
10	24839189	24839386	2	1	1	2
10	24839387	34940745	2	1	1	2
10	34940746	34940768	2	1	1	2
10	34940769	37999999	2	1	1	2
10	38000000	42446019	2	1	1	2
10	42446020	58037784	2	1	1	2
10	58037785	71890843	2	1	1	2
10	71890844	71890863	2	1	1	2
10	71890864	78159953	2	1	1	2
10	78159954	80732823	2	1	1	2
10	80732824	80734372	2	1	1	2
10	80734373	89594490	2	1	1	2
10	89594491	89595157	1	1	0	1
10	89595158	89626700	1	1	0	1
10	89626701	89639987	1	1	0	1
10	89639988	90743701	2	1	1	2
10	90743702	92771750	2	1	1	2
10	92771751	92982892	0	0	0	1
10	92982893	109070084	2	1	1	2
10	109070085	109610643	2	1	1	2
10	109610644	110010438	2	1	1	2
10	110010439	126103916	2	1	1	2
10	126103917	127865791	2	1	1	2
10	127865792	131975097	2	1	1	2
10	131975098	135534746	2	1	1	2
11	234257	6973541	2	1	1	3
11	6973542	21283921	2	1	1	3
11	21283922	27139963	2	1	1	2
11	27139964	29640112	2	1	1	2
11	29640113	37943010	2	1	1	3
11	37943011	42629984	2	1	1	3
11	42629985	51599999	2	1	1	2
11	51600000	55699999	2	1	1	2
11	55700000	59600011	2	1	1	3
11	59600012	79913011	2	1	1	2
11	79913012	80163970	0	0	0	2
11	80163971	80215712	2	1	1	2
11	80215713	82089996	2	1	1	2
11	82089997	84795472	2	1	1	2
11	84795473	87844233	2	1	1	3
11	87844234	89318847	2	1	1	2
11	89318848	90149901	2	1	1	2
11	90149902	91644746	2	1	1	2
11	91644747	91870315	2	1	1	2
11	91870316	96559344	2	1	1	3
11	96559345	96629489	2	1	1	2
11	96629490	96801531	2	1	1	2
11	96801532	100198682	2	1	1	2
11	100198683	103325065	2	1	1	2
11	103325066	103390002	2	1	1	2
11	103390003	123889842	2	1	1	3
11	123889843	128012943	2	1	1	3
11	128012944	134393403	2	1	1	3
12	188285	22936827	2	1	1	2
12	22936828	29120953	2	1	1	1
12	29120954	33299999	2	1	1	2
12	33300000	38326000	2	1	1	2
12	38326001	38940048	2	1	1	2
12	38940049	47860021	2	1	1	3
12	47860022	50431496	2	1	1	2
12	50431497	50839290	1	1	0	2
12	50839291	50840823	2	1	1	2
12	50840824	59819994	2	1	1	3
12	59819995	60329199	2	1	1	2
12	60329200	72969940	2	1	1	3
12	72969941	73088291	2	1	1	2
12	73088292	73633761	2	1	1	2
12	73633762	81915109	2	1	1	3
12	81915110	88240063	2	1	1	2
12	88240064	98304497	2	1	1	3
12	98304498	100314643	2	1	1	2
12	100314644	106459902	2	1	1	3
12	106459903	118801807	2	1	1	2
12	118801808	118804072	2	1	1	2
12	118804073	133851894	2	1	1	2
13	1	16299999	2	1	1	1
13	16300000	19499999	2	1	1	2
13	19500000	22163138	2	1	1	2
13	22163139	24503249	1	1	0	2
13	24503250	30087013	2	1	1	2
13	30087014	62020819	1	1	0	2
13	62020820	64210027	1	1	0	2
13	64210028	75078647	1	1	0	2
13	75078648	94573329	1	1	0	2
13	94573330	95070547	1	1	0	2
13	95070548	106669976	2	1	1	2
13	106669977	115169877	2	1	1	2
14	1	16099999	2	1	1	1
14	16100000	19099999	NA	NA	NA	NA
14	19100000	19101338	1	1	0	1
14	19101339	30740002	2	1	1	3
14	30740003	46936527	2	1	1	3
14	46936528	49440054	2	1	1	3
14	49440055	85060816	2	1	1	3
14	85060817	86473600	2	1	1	2
14	86473601	88105704	2	1	1	3
14	88105705	88112514	2	1	1	2
14	88112515	88155595	2	1	1	2
14	88155596	88589737	2	1	1	2
14	88589738	96492176	2	1	1	2
14	96492177	107349539	2	1	1	2
15	1	15799999	2	1	1	1
15	15800000	20699999	2	1	1	2
15	20700000	38132747	2	1	1	2
15	38132748	46577886	2	1	1	2
15	46577887	46759034	2	1	1	2
15	46759035	53067015	2	1	1	3
15	53067016	53073826	2	1	1	3
15	53073827	58303927	2	1	1	3
15	58303928	58359923	2	1	1	2
15	58359924	67739053	2	1	1	2
15	67739054	68569465	1	1	0	2
15	68569466	80570684	2	1	1	2
15	80570685	87330056	2	1	1	2
15	87330057	88481046	2	1	1	2
15	88481047	100370519	2	1	1	2
15	100370520	102531391	2	1	1	2
16	115817	7744153	2	1	1	2
16	7744154	13794299	2	1	1	3
16	13794300	22694808	2	1	1	2
16	22694809	22698375	2	1	1	2
16	22698376	23525505	2	1	1	2
16	23525506	23527216	2	1	1	1
16	23527217	34599999	2	1	1	3
16	34600000	38599999	2	1	1	2
16	38600000	59700015	2	1	1	3
16	59700016	60777278	2	1	1	3
16	60777279	61749962	2	1	1	2
16	61749963	64159996	2	1	1	3
16	64159997	65407609	2	1	1	2
16	65407610	72241457	2	1	1	2
16	72241458	72269881	2	1	1	2
16	72269882	74238754	1	1	0	2
16	74238755	80580661	2	1	1	2
16	80580662	81064845	2	1	1	2
16	81064846	90354752	2	1	1	2
17	12500	13129558	2	1	1	2
17	13129559	22199999	2	1	1	2
17	22200000	25799999	2	1	1	3
17	25800000	50329874	2	1	1	2
17	50329875	68393383	2	1	1	2
17	68393384	81195209	2	1	1	2
18	12943	102778	2	1	1	2
18	102779	15399999	2	1	1	2
18	15400000	18999999	2	1	1	2
18	19000000	26367999	2	1	1	2
18	26368000	26786704	2	1	1	2
18	26786705	27819932	2	1	1	2
18	27819933	31192911	2	1	1	2
18	31192912	35777500	2	1	1	2
18	35777501	35901792	4	3	1	2
18	35901793	37971735	2	1	1	1
18	37971736	43144549	2	1	1	2
18	43144550	49909930	2	1	1	2
18	49909931	50824503	2	1	1	2
18	50824504	62299977	2	1	1	2
18	62299978	64610015	2	1	1	2
18	64610016	78077247	2	1	1	2
19	254448	9040030	2	1	1	3
19	9040031	9140060	2	1	1	2
19	9140061	21098136	2	1	1	2
19	21098137	23739762	2	1	1	2
19	23739763	24344985	2	1	1	2
19	24344986	24399999	2	1	1	1
19	24400000	28599999	2	1	1	2
19	28600000	59128982	2	1	1	2
20	60479	7535931	2	1	1	2
20	7535932	7634362	2	1	1	2
20	7634363	14502176	2	1	1	2
20	14502177	15327406	2	1	1	2
20	15327407	15554335	2	1	1	2
20	15554336	20061561	2	1	1	3
20	20061562	25599999	2	1	1	2
20	25600000	29900047	2	1	1	2
20	29900048	41209396	2	1	1	3
20	41209397	43691484	2	1	1	2
20	43691485	47832996	2	1	1	3
20	47832997	48040910	2	1	1	2
20	48040911	63025519	2	1	1	2
21	1	9411193	NA	NA	NA	NA
21	9411194	10899999	NA	NA	NA	NA
21	10900000	15286884	2	1	1	2
21	15286885	16905919	2	1	1	2
21	16905920	16921223	2	1	1	2
21	16921224	17440949	2	1	1	3
21	17440950	17441110	2	1	1	2
21	17441111	17750970	2	1	1	2
21	17750971	17751059	2	1	1	2
21	17751060	17797456	2	1	1	2
21	17797457	17797706	2	1	1	2
21	17797707	25507285	2	1	1	2
21	25507286	42830874	2	1	1	2
21	42830875	42830931	2	1	1	2
21	42830932	42836993	2	1	1	2
21	42836994	42837017	2	1	1	2
21	42837018	42838131	2	1	1	2
21	42838132	42838247	2	1	1	2
21	42838248	42848098	2	1	1	2
21	42848099	42848217	2	1	1	2
21	42848218	42863950	2	1	1	2
21	42863951	42863983	2	1	1	2
21	42863984	42870323	2	1	1	2
21	42870324	42870436	2	1	1	2
21	42870437	42871517	2	1	1	2
21	42871518	42871766	2	1	1	2
21	42871767	42873390	2	1	1	2
21	42873391	42874075	2	1	1	2
21	42874076	48129894	2	1	1	2
22	1	12199999	2	1	1	1
22	12200000	17899999	2	1	1	2
22	17900000	28670014	2	1	1	3
22	28670015	29769292	2	1	1	2
22	29769293	29769428	2	1	1	2
22	29769429	35265920	2	1	1	3
22	35265921	41767936	2	1	1	2
22	41767937	41767950	2	1	1	2
22	41767951	51304565	2	1	1	2
X	1	11374492	1	1	0	3
X	11374493	16715681	1	1	0	1
X	16715682	16719656	1	1	0	1
X	16719657	58099999	1	1	0	3
X	58100000	62999999	1	1	0	1
X	63000000	92181262	1	1	0	3
X	92181263	92181303	1	1	0	3
X	92181304	129499075	1	1	0	3
X	129499076	129499233	1	1	0	1
X	129499234	130049264	1	1	0	3
X	130049265	130049722	1	1	0	3
X	130049723	155270559	1	1	0	3
Y	1	11599999	1	1	0	1
Y	11600000	13399999	1	1	0	1
Y	13400000	59373565	1	1	0	1
