chromosome	start	end	total_cn	major_cn	minor_cn	star
1	1	26961106	2	1	1	2
1	26961107	27005580	1	1	0	1
1	27005581	27510068	1	1	0	2
1	27510069	121499999	2	1	1	2
1	121500000	128899999	2	1	1	2
1	128900000	235263304	2	1	1	2
1	235263305	235714555	1	1	0	2
1	235714556	249250620	2	1	1	2
2	20016	90499999	2	1	1	2
2	90500000	96799999	2	1	1	2
2	96800000	104243872	2	1	1	2
2	104243873	104243930	2	1	1	2
2	104243931	126747681	2	1	1	2
2	126747682	127133127	1	1	0	1
2	127133128	243011593	2	1	1	2
3	100074	87899999	1	1	0	2
3	87900000	93899999	1	1	0	2
3	93900000	198022429	1	1	0	2
4	27500	48199999	2	1	1	2
4	48200000	52699999	2	1	1	2
4	52700000	191154275	2	1	1	2
5	22500	25073583	2	1	1	2
5	25073584	25073636	2	1	1	2
5	25073637	46099999	2	1	1	2
5	46100000	50699999	2	1	1	2
5	50700000	100581324	2	1	1	2
5	100581325	100627706	3	2	1	2
5	100627707	180689978	2	1	1	2
6	242501	58699999	1	1	0	2
6	58700000	63299999	1	1	0	2
6	63300000	170899934	1	1	0	2
7	80500	57999999	2	1	1	2
7	58000000	61699999	2	1	1	2
7	61700000	159138662	2	1	1	2
8	170012	15393253	2	1	1	2
8	15393254	43099999	2	1	1	2
8	43100000	48099999	2	1	1	2
8	48100000	76623191	2	1	1	2
8	76623192	76624881	2	1	1	1
8	76624882	115020749	2	1	1	2
8	115020750	146364021	3	2	1	2
9	10001	200100	NA	NA	NA	NA
9	200101	9894954	2	1	1	2
9	9894955	10767963	1	1	0	2
9	10767964	10958077	2	1	1	2
9	10958078	10959459	2	1	1	2
9	10959460	14494996	2	1	1	2
9	14494997	19286994	1	1	0	2
9	19286995	19426765	2	1	1	2
9	19426766	40899111	1	1	0	2
9	40899112	44396213	1	1	0	2
9	44396214	47299999	1	1	0	1
9	47300000	50699999	NA	NA	NA	NA
9	50700000	141213430	2	1	1	2
10	109127	37999999	1	1	0	2
10	38000000	42382499	1	1	0	2
10	42382500	89675702	1	1	0	2
10	89675703	89679939	1	1	0	2
10	89679940	135204669	1	1	0	2
11	190010	51599999	2	1	1	2
11	51600000	55699999	2	1	1	2
11	55700000	135006515	2	1	1	2
12	110107	225383	2	1	1	2
12	225384	33299999	1	1	0	1
12	33300000	38199999	1	1	0	1
12	38200000	66451370	1	1	0	1
12	66451371	128923173	1	1	0	1
12	128923174	129009277	3	2	1	2
12	129009278	133851894	2	1	1	2
13	1	16299999	NA	NA	NA	NA
13	16300000	19499999	1	1	0	1
13	19500000	83375698	1	1	0	2
13	83375699	83381404	1	1	0	2
13	83381405	115169877	1	1	0	2
14	1	16099999	NA	NA	NA	NA
14	16100000	19099999	NA	NA	NA	NA
14	19100000	38261727	1	1	0	2
14	38261728	59220942	2	1	1	2
14	59220943	59221119	2	1	1	2
14	59221120	106329989	2	1	1	2
14	106329990	107349539	2	1	1	2
15	1	15799999	NA	NA	NA	NA
15	15800000	20699999	2	1	1	1
15	20700000	102531391	2	1	1	2
16	100010	34599999	2	1	1	2
16	34600000	38599999	2	1	1	2
16	38600000	77953514	2	1	1	2
16	77953515	78300648	2	1	1	1
16	78300649	90354752	2	1	1	2
17	12500	22199999	1	1	0	2
17	22200000	25799999	1	1	0	2
17	25800000	29170523	1	1	0	2
17	29170524	29171788	1	1	0	2
17	29171789	29654520	1	1	0	2
17	29654521	81195209	2	1	1	2
18	27500	80030	3	2	1	2
18	80031	3260764	3	2	1	2
18	3260765	15399999	2	1	1	2
18	15400000	18999999	NA	NA	NA	NA
18	19000000	20741212	3	2	1	2
18	20741213	20987938	2	1	1	2
18	20987939	22574977	3	2	1	2
18	22574978	22575026	3	2	1	2
18	22575027	22576330	3	2	1	1
18	22576331	22737576	2	1	1	2
18	22737577	23314331	1	1	0	2
18	23314332	23319587	2	1	1	1
18	23319588	23321249	2	1	1	1
18	23321250	24919715	2	1	1	2
18	24919716	24921187	1	1	0	2
18	24921188	24926838	1	1	0	2
18	24926839	27787205	1	1	0	2
18	27787206	27790718	1	1	0	2
18	27790719	48507000	1	1	0	2
18	48507001	49373447	0	0	0	2
18	49373448	78077247	1	1	0	2
19	102500	260136	1	1	0	2
19	260137	8836187	1	1	0	2
19	8836188	24399999	2	1	1	2
19	24400000	28599999	2	1	1	2
19	28600000	59128982	2	1	1	2
20	60479	18198465	2	1	1	2
20	18198466	18240012	3	2	1	2
20	18240013	25599999	2	1	1	2
20	25600000	29399999	2	1	1	2
20	29400000	48597814	2	1	1	2
20	48597815	48600008	2	1	1	2
20	48600009	63025519	2	1	1	2
21	1	9417499	NA	NA	NA	NA
21	9417500	10727499	NA	NA	NA	NA
21	10727500	10899999	0	0	0	1
21	10900000	14299999	NA	NA	NA	NA
21	14300000	48129894	1	1	0	2
22	1	12199999	NA	NA	NA	NA
22	12200000	17899999	2	1	1	2
22	17900000	29065511	2	1	1	2
22	29065512	29065793	2	1	1	2
22	29065794	29065924	2	1	1	2
22	29065925	29065959	2	1	1	2
22	29065960	29069880	2	1	1	2
22	29069881	29070168	2	1	1	2
22	29070169	51304565	2	1	1	2
X	1	12263783	1	1	0	2
X	12263784	12343088	0	0	0	2
X	12343089	58099999	1	1	0	2
X	58100000	62999999	NA	NA	NA	NA
X	63000000	96340245	2	1	1	2
X	96340246	99460494	3	2	1	2
X	99460495	99460524	3	2	1	2
X	99460525	99460594	3	2	1	1
X	99460595	146458379	3	2	1	2
X	146458380	146477350	2	1	1	2
X	146477351	155270559	3	2	1	2
