chromosome	start	end	total_cn	major_cn	minor_cn	star
1	1	840008	1	1	0	2
1	840009	121261875	1	1	0	3
1	121261876	128899999	NA	NA	NA	NA
1	128900000	147885485	3	2	1	2
1	147885486	201964592	3	2	1	2
1	201964593	202130562	4	3	1	2
1	202130563	219887760	3	2	1	2
1	219887761	219892541	3	2	1	2
1	219892542	247247500	3	2	1	2
1	247247501	249250620	3	2	1	3
2	11320	74618571	2	1	1	3
2	74618572	74693615	3	2	1	2
2	74693616	90499999	2	1	1	3
2	90500000	96799999	2	1	1	3
2	96800000	198001006	2	1	1	3
2	198001007	198001049	2	1	1	3
2	198001050	242979500	2	1	1	3
3	62437	23877354	2	1	1	3
3	23877355	23878604	2	1	1	3
3	23878605	23957936	2	1	1	2
3	23957937	23983842	2	1	1	2
3	23983843	23993003	2	1	1	2
3	23993004	23993062	2	1	1	2
3	23993063	25423799	2	1	1	3
3	25423800	25468443	1	1	0	2
3	25468444	25471980	1	1	0	2
3	25471981	25472317	2	1	1	1
3	25472318	25640214	2	1	1	3
3	25640215	25668404	2	1	1	2
3	25668405	25757056	2	1	1	2
3	25757057	25792513	1	1	0	2
3	25792514	25793341	1	1	0	2
3	25793342	67662957	1	1	0	3
3	67662958	69768152	2	1	1	3
3	69768153	69768178	2	1	1	2
3	69768179	69770030	2	1	1	1
3	69770031	69772948	1	1	0	2
3	69772949	69775857	1	1	0	1
3	69775858	69807485	1	1	0	3
3	69807486	74463952	2	1	1	3
3	74463953	74463969	2	1	1	2
3	74463970	74465804	1	1	0	2
3	74465805	74472183	1	1	0	2
3	74472184	74481993	2	1	1	2
3	74481994	74742945	1	1	0	3
3	74742946	74754495	1	1	0	2
3	74754496	74769590	2	1	1	1
3	74769591	74774123	1	1	0	2
3	74774124	74815627	1	1	0	2
3	74815628	74815855	1	1	0	2
3	74815856	74920528	2	1	1	1
3	74920529	87899999	2	1	1	3
3	87900000	93899999	2	1	1	3
3	93900000	197847500	2	1	1	3
4	27500	29974	1	1	0	2
4	29975	48199999	1	1	0	3
4	48200000	52699999	1	1	0	3
4	52700000	190828449	1	1	0	3
5	22500	10340445	2	1	1	3
5	10340446	10341171	2	1	1	2
5	10341172	10347549	2	1	1	2
5	10347550	10355580	2	1	1	1
5	10355581	13751276	2	1	1	3
5	13751277	13751296	2	1	1	2
5	13751297	13754812	1	1	0	2
5	13754813	13754837	1	1	0	2
5	13754838	13816713	1	1	0	3
5	13816714	14004966	2	1	1	3
5	14004967	14163743	1	1	0	3
5	14163744	14286527	2	1	1	3
5	14286528	14407463	1	1	0	3
5	14407464	14595699	2	1	1	2
5	14595700	14653839	1	1	0	2
5	14653840	46099999	2	1	1	3
5	46100000	50699999	2	1	1	3
5	50700000	65171991	2	1	1	3
5	65171992	65207262	1	1	0	2
5	65207263	82916986	2	1	1	3
5	82916987	82972677	2	1	1	1
5	82972678	180717660	2	1	1	3
6	39681	202451	1	1	0	2
6	202452	29026177	1	1	0	3
6	29026178	29154402	1	1	0	2
6	29154403	58699999	1	1	0	3
6	58700000	63299999	1	1	0	3
6	63300000	170935663	1	1	0	3
7	40386	13571929	2	1	1	3
7	13571930	13572946	2	1	1	3
7	13572947	13572991	2	1	1	2
7	13572992	18507712	2	1	1	3
7	18507713	18507736	2	1	1	3
7	18507737	18508659	2	1	1	2
7	18508660	44741422	2	1	1	3
7	44741423	44831748	3	2	1	1
7	44831749	57999999	2	1	1	3
7	58000000	61699999	2	1	1	3
7	61700000	158821400	2	1	1	3
8	10001	163225	2	1	1	2
8	163226	43099999	2	1	1	3
8	43100000	48099999	2	1	1	3
8	48100000	49193255	2	1	1	3
8	49193256	49204832	2	1	1	3
8	49204833	90562450	2	1	1	3
8	90562451	90596988	1	1	0	2
8	90596989	128155157	2	1	1	2
8	128155158	128438805	3	2	1	3
8	128438806	146364021	2	1	1	2
9	47500	158957	1	1	0	2
9	158958	44866544	1	1	0	2
9	44866545	47299999	1	1	0	2
9	47300000	50699999	1	1	0	2
9	50700000	66712499	1	1	0	2
9	66712500	68513879	1	1	0	2
9	68513880	69927601	2	1	1	2
9	69927602	140273200	2	1	1	3
9	140273201	141038575	2	1	1	3
10	90127	3251989	2	1	1	2
10	3251990	4673233	1	1	0	2
10	4673234	4674150	1	1	0	2
10	4674151	4774457	1	1	0	2
10	4774458	5012509	2	1	1	2
10	5012510	5012534	2	1	1	2
10	5012535	21209078	2	1	1	2
10	21209079	21233787	1	1	0	2
10	21233788	21252500	1	1	0	2
10	21252501	21321275	1	1	0	2
10	21321276	37999999	2	1	1	2
10	38000000	42299999	2	1	1	2
10	42300000	52002145	2	1	1	2
10	52002146	61880095	1	1	0	3
10	61880096	61904201	2	1	1	3
10	61904202	64251601	1	1	0	3
10	64251602	65605558	2	1	1	3
10	65605559	65666285	1	1	0	2
10	65666286	65931503	2	1	1	3
10	65931504	65969289	2	1	1	2
10	65969290	67125370	2	1	1	3
10	67125371	67125892	2	1	1	3
10	67125893	67129498	2	1	1	2
10	67129499	67130040	2	1	1	2
10	67130041	67239844	2	1	1	2
10	67239845	67277295	1	1	0	2
10	67277296	68691273	2	1	1	3
10	68691274	68705162	2	1	1	2
10	68705163	68839713	2	1	1	3
10	68839714	68882003	1	1	0	2
10	68882004	68885105	2	1	1	2
10	68885106	68885228	1	1	0	2
10	68885229	69079735	2	1	1	3
10	69079736	69100875	2	1	1	2
10	69100876	69337121	2	1	1	3
10	69337122	69345316	2	1	1	2
10	69345317	69527912	2	1	1	3
10	69527913	69528200	2	1	1	2
10	69528201	71386347	2	1	1	3
10	71386348	71386372	2	1	1	2
10	71386373	71387294	2	1	1	2
10	71387295	71387591	1	1	0	2
10	71387592	71387707	2	1	1	2
10	71387708	71389327	2	1	1	1
10	71389328	71392388	1	1	0	1
10	71392389	71441405	1	1	0	2
10	71441406	71463317	2	1	1	2
10	71463318	71542010	1	1	0	3
10	71542011	71585066	2	1	1	3
10	71585067	71700985	1	1	0	3
10	71700986	83861112	2	1	1	3
10	83861113	83893509	1	1	0	3
10	83893510	86375553	2	1	1	3
10	86375554	86407171	1	1	0	2
10	86407172	87126904	2	1	1	3
10	87126905	87203607	1	1	0	2
10	87203608	88511195	2	1	1	3
10	88511196	94718537	1	1	0	3
10	94718538	95322022	2	1	1	3
10	95322023	95543256	3	2	1	2
10	95543257	109533948	2	1	1	3
10	109533949	109566383	1	1	0	2
10	109566384	109571960	1	1	0	2
10	109571961	111330887	1	1	0	3
10	111330888	114255688	2	1	1	3
10	114255689	114255737	2	1	1	2
10	114255738	114265435	2	1	1	2
10	114265436	116779235	2	1	1	3
10	116779236	119095354	1	1	0	3
10	119095355	120119753	2	1	1	3
10	120119754	120341853	1	1	0	2
10	120341854	120354804	2	1	1	2
10	120354805	120404804	2	1	1	3
10	120404805	120463114	1	1	0	2
10	120463115	120463909	1	1	0	2
10	120463910	120467281	2	1	1	1
10	120467282	135208463	2	1	1	3
10	135208464	135389924	1	1	0	2
11	20721	196943	2	1	1	2
11	196944	44273469	2	1	1	3
11	44273470	44294801	2	1	1	1
11	44294802	51599999	2	1	1	3
11	51600000	56117913	NA	NA	NA	NA
11	56117914	56769073	1	1	0	3
11	56769074	66938190	2	1	1	3
11	66938191	67226541	2	1	1	2
11	67226542	82266225	2	1	1	3
11	82266226	87188381	1	1	0	3
11	87188382	87208728	2	1	1	2
11	87208729	87208768	2	1	1	1
11	87208769	87213452	2	1	1	1
11	87213453	87213582	2	1	1	2
11	87213583	93919627	2	1	1	3
11	93919628	94134279	1	1	0	2
11	94134280	94135460	1	1	0	2
11	94135461	122744263	1	1	0	3
11	122744264	122745130	1	1	0	2
11	122745131	122863933	2	1	1	3
11	122863934	122909220	2	1	1	1
11	122909221	134452200	2	1	1	3
12	110107	190096	3	3	0	1
12	190097	33299999	4	2	2	3
12	33300000	38199999	4	2	2	2
12	38200000	40658900	4	2	2	3
12	40658901	53326442	2	2	0	3
12	53326443	53397211	3	3	0	2
12	53397212	70756029	2	2	0	3
12	70756030	70778729	2	2	0	3
12	70778730	70788810	0	0	0	2
12	70788811	71427569	2	2	0	3
12	71427570	71428694	2	2	0	3
12	71428695	132349400	2	2	0	3
12	132349401	133851894	2	2	0	3
13	1	16299999	2	1	1	1
13	16300000	19499999	2	1	1	2
13	19500000	71502361	2	1	1	3
13	71502362	71521614	1	1	0	2
13	71521615	114142800	2	1	1	3
13	114142801	115169877	2	1	1	2
14	1	16099999	2	1	1	1
14	16100000	19099999	2	1	1	2
14	19100000	21362048	2	1	1	3
14	21362049	21510626	2	1	1	2
14	21510627	106368400	2	1	1	3
15	1	15799999	1	1	0	1
15	15800000	20699999	1	1	0	2
15	20700000	52114628	1	1	0	3
15	52114629	59802004	2	1	1	3
15	59802005	59832783	3	2	1	2
15	59832784	59835822	2	1	1	2
15	59835823	59851711	3	2	1	2
15	59851712	63217686	2	1	1	3
15	63217687	63223581	3	2	1	2
15	63223582	63225476	3	2	1	1
15	63225477	63237316	3	2	1	2
15	63237317	100338800	2	1	1	3
15	100338801	102401300	2	1	1	3
16	88245	15941559	2	1	1	3
16	15941560	16109901	3	2	1	2
16	16109902	33377499	2	1	1	3
16	33377500	34599999	2	1	1	2
16	34600000	38599999	2	1	1	3
16	38600000	88896248	2	1	1	3
16	88896249	88944433	3	2	1	2
16	88944434	90354752	2	1	1	3
17	15222	13708885	1	1	0	3
17	13708886	13710364	1	1	0	1
17	13710365	13715504	2	1	1	2
17	13715505	17439947	2	1	1	3
17	17439948	17699972	3	2	1	3
17	17699973	22199999	2	1	1	3
17	22200000	25799999	2	1	1	3
17	25800000	40663906	2	1	1	3
17	40663907	40746172	2	1	1	2
17	40746173	52262558	2	1	1	3
17	52262559	52272123	2	1	1	2
17	52272124	78774600	2	1	1	3
17	78774601	81195209	2	1	1	3
18	49978	80030	2	1	1	2
18	80031	14806480	2	1	1	2
18	14806481	18999999	2	1	1	3
18	19000000	76067000	2	1	1	2
18	76067001	78077247	2	1	1	2
19	102500	293071	2	1	1	2
19	293072	24399999	2	1	1	3
19	24400000	28599999	2	1	1	3
19	28600000	42300904	2	1	1	3
19	42300905	42339078	2	1	1	2
19	42339079	59128982	2	1	1	3
20	32209	25599999	2	1	1	2
20	25600000	29528376	2	1	1	3
20	29528377	41165073	2	1	1	2
20	41165074	41436787	2	1	1	2
20	41436788	46078468	2	1	1	2
20	46078469	46138731	3	2	1	2
20	46138732	62432500	2	1	1	2
21	1	9417499	NA	NA	NA	NA
21	9417500	10899999	NA	NA	NA	NA
21	10900000	14299999	2	2	0	1
21	14300000	44991117	2	1	1	3
21	44991118	45157001	3	2	1	2
21	45157002	46937500	2	1	1	3
21	46937501	48129894	2	1	1	3
22	1	12199999	2	1	1	1
22	12200000	17899999	2	1	1	3
22	17900000	30498864	2	1	1	3
22	30498865	30770514	2	1	1	2
22	30770515	49687500	2	1	1	3
22	49687501	51304565	2	1	1	3
X	1	58099999	1	1	0	3
X	58100000	62999999	1	1	0	3
X	63000000	155270559	1	1	0	3
Y	1	11599999	1	1	0	1
Y	11600000	13399999	1	1	0	1
Y	13400000	59373565	1	1	0	1
