chromosome	start	end	total_cn	major_cn	minor_cn	star
1	1	28834197	4	2	2	3
1	28834198	28835644	4	2	2	2
1	28835645	28858674	2	2	0	1
1	28858675	28860699	4	2	2	2
1	28860700	33221214	4	2	2	3
1	33221215	33371556	5	3	2	3
1	33371557	40182993	4	2	2	3
1	40182994	40534566	6	4	2	2
1	40534567	96982328	4	2	2	3
1	96982329	97449676	2	2	0	2
1	97449677	98549468	4	2	2	2
1	98549469	98572801	5	4	1	2
1	98572802	98692225	4	3	1	1
1	98692226	107966113	3	2	1	3
1	107966114	107966802	3	2	1	3
1	107966803	119961248	3	2	1	2
1	119961249	119986454	1	1	0	2
1	119986455	121499999	3	2	1	2
1	121500000	128899999	3	2	1	2
1	128900000	143227499	3	2	1	2
1	143227500	152505400	2	2	0	2
1	152505401	152593023	2	2	0	1
1	152593024	159039281	5	5	0	3
1	159039282	159041665	5	5	0	2
1	159041666	159693023	25	25	0	2
1	159693024	160012233	27	27	0	2
1	160012234	160564264	25	25	0	2
1	160564265	161196063	26	26	0	2
1	161196064	161274280	48	48	0	1
1	161274281	161298456	32	32	0	1
1	161298457	161308008	28	28	0	1
1	161308009	161308922	28	28	0	1
1	161308923	161310096	20	20	0	1
1	161310097	161572924	18	18	0	1
1	161572925	162398659	19	19	0	1
1	162398660	162671731	19	19	0	2
1	162671732	162673251	19	19	0	1
1	162673252	163000001	9	9	0	2
1	163000002	163827621	12	12	0	2
1	163827622	163829478	13	13	0	1
1	163829479	167645723	8	8	0	2
1	167645724	196757000	2	2	0	2
1	196757001	217235922	2	2	0	2
1	217235923	247249600	3	3	0	2
1	247249601	249250620	3	3	0	2
2	20016	7626197	4	2	2	3
2	7626198	7638976	4	2	2	3
2	7638977	15224521	4	2	2	3
2	15224522	74128606	4	2	2	2
2	74128607	74179138	6	3	3	2
2	74179139	87386148	4	2	2	3
2	87386149	90499999	3	2	1	3
2	90500000	96799999	3	2	1	3
2	96800000	141715457	3	2	1	3
2	141715458	142217439	2	1	1	2
2	142217440	175590039	3	2	1	2
2	175590040	219432973	3	3	0	2
2	219432974	219433986	3	3	0	2
2	219433987	242985695	3	3	0	3
3	60596	3873601	3	2	1	3
3	3873602	10133080	3	2	1	3
3	10133081	10134026	3	2	1	3
3	10134027	37914386	3	2	1	3
3	37914387	37915050	3	2	1	3
3	37915051	61239440	3	2	1	3
3	61239441	61764014	4	2	2	2
3	61764015	87899999	3	2	1	3
3	87900000	93899999	3	2	1	2
3	93900000	123595315	3	2	1	2
3	123595316	125170001	3	2	1	3
3	125170002	170341300	4	3	1	3
3	170341301	170347646	4	3	1	3
3	170347647	174247304	4	3	1	3
3	174247305	174249493	4	3	1	3
3	174249494	198022429	4	3	1	3
4	27500	50083	5	3	2	1
4	50084	2739955	5	3	2	2
4	2739956	2765783	7	5	2	2
4	2765784	2804185	6	4	2	1
4	2804186	2829980	8	5	3	1
4	2829981	2887267	5	3	2	2
4	2887268	21167305	3	2	1	3
4	21167306	39580630	3	2	1	3
4	39580631	39583772	3	2	1	2
4	39583773	48199999	3	2	1	3
4	48200000	52699999	3	2	1	3
4	52700000	87624050	3	2	1	3
4	87624051	87656981	3	2	1	2
4	87656982	90983688	3	2	1	2
4	90983689	91401375	4	2	2	2
4	91401376	91655655	2	2	0	2
4	91655656	91730352	3	2	1	2
4	91730353	91868167	2	1	1	2
4	91868168	91959424	3	2	1	2
4	91959425	91980947	2	1	1	2
4	91980948	142217137	3	2	1	2
4	142217138	142220669	3	2	1	2
4	142220670	185391457	3	2	1	3
4	185391458	185392829	3	2	1	3
4	185392830	191154275	3	2	1	3
5	22500	850202	7	5	2	1
5	850203	17216380	8	6	2	2
5	17216381	17487410	9	6	3	2
5	17487411	22100716	8	6	2	2
5	22100717	29764153	8	6	2	2
5	29764154	29991315	9	7	2	2
5	29991316	30258616	9	7	2	2
5	30258617	34282126	8	6	2	2
5	34282127	34599215	10	8	2	2
5	34599216	44569972	8	6	2	2
5	44569973	46099999	8	6	2	2
5	46100000	50699999	NA	NA	NA	NA
5	50700000	79280058	2	2	0	2
5	79280059	79286126	2	2	0	2
5	79286127	85210460	2	2	0	2
5	85210461	94250081	2	2	0	2
5	94250082	94290684	3	3	0	2
5	94290685	180714439	2	2	0	2
6	39681	212499	3	3	0	2
6	212500	1544761	3	3	0	3
6	1544762	1546207	3	3	0	2
6	1546208	4117927	7	4	3	2
6	4117928	11461193	5	3	2	2
6	11461194	11462325	5	3	2	2
6	11462326	18890265	7	4	3	2
6	18890266	20162577	9	6	3	2
6	20162578	20190936	11	8	3	1
6	20190937	22382507	13	10	3	1
6	22382508	22384574	15	11	4	1
6	22384575	25060406	3	3	0	3
6	25060407	37750117	5	3	2	2
6	37750118	37756193	5	3	2	2
6	37756194	58444802	5	3	2	2
6	58444803	63542169	NA	NA	NA	NA
6	63542170	63546782	7	5	2	1
6	63546783	63985782	11	9	2	2
6	63985783	64006377	13	11	2	1
6	64006378	64548363	15	13	2	2
6	64548364	64549955	15	13	2	1
6	64549956	71917680	3	2	1	3
6	71917681	71918649	3	2	1	3
6	71918650	146144376	3	2	1	2
6	146144377	146500001	2	2	0	3
6	146500002	148678249	3	2	1	3
6	148678250	148735831	4	2	2	3
6	148735832	170921585	3	2	1	3
7	40386	14794241	4	3	1	2
7	14794242	15343751	4	3	1	2
7	15343752	15613407	3	3	0	2
7	15613408	46109314	4	3	1	2
7	46109315	48954961	6	3	3	2
7	48954962	49539936	4	3	1	3
7	49539937	52336718	6	3	3	2
7	52336719	52378284	5	3	2	2
7	52378285	52381193	8	6	2	2
7	52381194	52383296	8	6	2	2
7	52383297	52758881	10	7	3	2
7	52758882	52760374	10	7	3	2
7	52760375	52760462	24	20	4	1
7	52760463	52779673	21	18	3	1
7	52779674	52788315	85	83	2	2
7	52788316	52887046	85	83	2	2
7	52887047	52890209	85	83	2	2
7	52890210	52895204	85	83	2	2
7	52895205	52898241	85	83	2	2
7	52898242	52905817	85	83	2	2
7	52905818	53240095	85	83	2	2
7	53240096	53242709	85	83	2	2
7	53242710	53246663	85	83	2	2
7	53246664	53277779	85	83	2	2
7	53277780	53318999	43	40	3	1
7	53319000	53345537	41	38	3	1
7	53345538	53361048	85	83	2	2
7	53361049	53363484	43	41	2	1
7	53363485	53380841	51	48	3	1
7	53380842	53401442	53	50	3	1
7	53401443	53428286	56	53	3	1
7	53428287	53435280	65	60	5	1
7	53435281	53453626	61	57	4	1
7	53453627	53677879	61	58	3	1
7	53677880	53725173	60	57	3	1
7	53725174	53864179	47	44	3	1
7	53864180	53867715	49	47	2	1
7	53867716	53927124	56	53	3	1
7	53927125	53933134	60	58	2	1
7	53933135	54152878	58	55	3	1
7	54152879	54153546	60	59	1	1
7	54153547	54154471	49	47	2	1
7	54154472	54974696	71	68	3	1
7	54974697	55097779	66	63	3	1
7	55097780	55100042	49	47	2	1
7	55100043	55395911	82	79	3	1
7	55395912	56244901	4	3	1	2
7	56244902	56424992	83	80	3	1
7	56424993	57999999	4	3	1	2
7	58000000	61835087	NA	NA	NA	NA
7	61835088	68764996	3	3	0	3
7	68764997	70557685	4	3	1	2
7	70557686	70953461	6	3	3	2
7	70953462	70956405	6	3	3	2
7	70956406	71418924	6	3	3	2
7	71418925	71521694	11	8	3	1
7	71521695	71523510	10	7	3	1
7	71523511	71526690	6	3	3	1
7	71526691	73861398	3	3	0	3
7	73861399	73862061	3	3	0	2
7	73862062	112091048	3	3	0	2
7	112091049	112387658	4	4	0	2
7	112387659	147867209	3	3	0	3
7	147867210	158821400	3	3	0	3
8	10001	172499	2	1	1	2
8	172500	9995910	2	1	1	2
8	9995911	10156648	1	1	0	2
8	10156649	29223957	2	1	1	2
8	29223958	29315351	3	2	1	1
8	29315352	41631957	2	1	1	3
8	41631958	41634656	2	1	1	2
8	41634657	41994235	6	5	1	2
8	41994236	42418263	2	1	1	2
8	42418264	43099999	5	4	1	2
8	43100000	48099999	NA	NA	NA	NA
8	48100000	48725932	4	2	2	2
8	48725933	48725952	4	2	2	2
8	48725953	49032612	3	2	1	2
8	49032613	49136133	4	2	2	2
8	49136134	49136947	4	3	1	1
8	49136948	49137139	4	2	2	1
8	49137140	49195501	3	2	1	1
8	49195502	49199171	8	5	3	1
8	49199172	49199460	3	2	1	1
8	49199461	49199875	3	2	1	1
8	49199876	49394247	5	3	2	1
8	49394248	49394586	3	2	1	1
8	49394587	49395444	3	2	1	2
8	49395445	50526884	3	2	1	2
8	50526885	50613363	4	2	2	2
8	50613364	50614506	4	2	2	2
8	50614507	50615133	4	2	2	2
8	50615134	50615575	4	2	2	2
8	50615576	50963824	5	3	2	2
8	50963825	51143107	3	2	1	2
8	51143108	51144424	3	2	1	2
8	51144425	51150623	3	2	1	2
8	51150624	57784457	3	2	1	2
8	57784458	57802809	0	0	0	1
8	57802810	61639353	3	2	1	2
8	61639354	61706432	4	3	1	2
8	61706433	71218298	3	2	1	2
8	71218299	71221005	3	2	1	1
8	71221006	82055812	5	3	2	2
8	82055813	95492070	7	5	2	2
8	95492071	96752137	6	4	2	2
8	96752138	96776398	6	4	2	2
8	96776399	124658758	6	4	2	2
8	124658759	124659447	6	4	2	2
8	124659448	125665838	6	4	2	2
8	125665839	125666077	6	4	2	2
8	125666078	125998078	6	4	2	1
8	125998079	125999663	6	4	2	1
8	125999664	146364021	2	2	0	3
9	47500	203760	10	8	2	1
9	203761	9252203	9	7	2	2
9	9252204	9568226	7	5	2	2
9	9568227	9628211	9	7	2	2
9	9628212	9638628	7	5	2	2
9	9638629	10054109	5	3	2	2
9	10054110	11567597	7	5	2	2
9	11567598	11569250	7	5	2	2
9	11569251	11586439	11	9	2	1
9	11586440	12000004	7	5	2	2
9	12000005	12130051	7	5	2	2
9	12130052	28045206	7	5	2	2
9	28045207	28423608	6	4	2	2
9	28423609	29122222	7	5	2	2
9	29122223	29316817	8	6	2	2
9	29316818	44726801	7	5	2	2
9	44726802	44862096	7	5	2	2
9	44862097	47299999	11	8	3	1
9	47300000	50699999	NA	NA	NA	NA
9	50700000	65615430	8	6	2	1
9	65615431	66589201	5	4	1	1
9	66589202	68170402	5	4	1	1
9	68170403	68463801	5	4	1	1
9	68463802	69807499	7	5	2	1
9	69807500	70010202	4	3	1	1
9	70010203	70669800	4	3	1	1
9	70669801	70965324	5	4	1	2
9	70965325	71383209	5	4	1	2
9	71383210	74991152	3	2	1	2
9	74991153	75250298	4	3	1	2
9	75250299	128792002	3	2	1	3
9	128792003	128792898	3	2	1	2
9	128792899	140273200	3	2	1	3
10	94426	37999999	4	3	1	2
10	38000000	42369997	4	3	1	2
10	42369998	43355192	4	3	1	2
10	43355193	59753492	5	3	2	2
10	59753493	59754434	5	3	2	2
10	59754435	68614179	5	3	2	2
10	68614180	68715635	4	2	2	2
10	68715636	69832079	5	3	2	2
10	69832080	76276271	5	3	2	2
10	76276272	76279542	5	3	2	2
10	76279543	92167123	3	3	0	2
10	92167124	93614017	4	4	0	2
10	93614018	99386362	3	3	0	2
10	99386363	99409600	4	4	0	2
10	99409601	111714672	3	3	0	2
10	111714673	111718999	3	3	0	2
10	111719000	135389924	3	3	0	2
11	20721	207399	3	3	0	2
11	207400	7999473	3	3	0	2
11	7999474	8000722	6	4	2	1
11	8000723	8003553	5	3	2	2
11	8003554	31761193	4	3	1	2
11	31761194	31791588	5	4	1	2
11	31791589	51599999	4	3	1	3
11	51600000	55699999	4	3	1	2
11	55700000	56739153	4	3	1	3
11	56739154	84938408	5	3	2	2
11	84938409	85155172	6	3	3	2
11	85155173	92876186	5	3	2	2
11	92876187	92879385	5	3	2	2
11	92879386	92879796	5	3	2	2
11	92879797	111328752	5	3	2	2
11	111328753	111331931	5	3	2	2
11	111331932	112529736	5	3	2	2
11	112529737	118726378	3	3	0	3
11	118726379	134452200	4	3	1	2
12	110107	33299999	4	2	2	3
12	33300000	38199999	4	2	2	2
12	38200000	41078720	4	2	2	3
12	41078721	46802499	3	2	1	2
12	46802500	46940678	2	2	0	2
12	46940679	80066784	3	2	1	3
12	80066785	81021134	4	3	1	2
12	81021135	97419322	3	2	1	2
12	97419323	98042938	2	2	0	2
12	98042939	99918827	3	2	1	3
12	99918828	100015232	2	2	0	3
12	100015233	100020463	2	2	0	2
12	100020464	100037910	2	2	0	2
12	100037911	100151893	3	2	1	2
12	100151894	100157349	3	2	1	2
12	100157350	132349400	3	2	1	3
12	132349401	133851894	3	2	1	2
13	1	16299999	6	4	2	1
13	16300000	19499999	6	4	2	2
13	19500000	39221608	6	4	2	2
13	39221609	53791562	2	2	0	3
13	53791563	67066548	6	4	2	2
13	67066549	67069442	6	4	2	2
13	67069443	67468898	8	6	2	2
13	67468899	69553731	6	4	2	2
13	69553732	69904122	8	6	2	2
13	69904123	69905037	7	5	2	2
13	69905038	71084179	7	5	2	2
13	71084180	71838488	6	4	2	2
13	71838489	114142800	4	2	2	2
13	114142801	115169877	4	2	2	2
14	1	16099999	3	2	1	1
14	16100000	19099999	NA	NA	NA	NA
14	19100000	20470033	3	2	1	2
14	20470034	49234452	3	2	1	3
14	49234453	49234463	3	2	1	3
14	49234464	74425502	3	2	1	3
14	74425503	74426036	3	2	1	2
14	74426037	74462081	4	3	1	3
14	74462082	74462307	4	3	1	2
14	74462308	102937121	3	2	1	3
14	102937122	103186539	4	2	2	2
14	103186540	106368400	3	2	1	3
15	1	15799999	3	2	1	1
15	15800000	20699999	3	2	1	2
15	20700000	52969580	3	2	1	3
15	52969581	53123519	4	3	1	2
15	53123520	58406505	3	2	1	3
15	58406506	58935994	4	3	1	2
15	58935995	59549999	3	2	1	2
15	59550000	59679933	2	1	1	2
15	59679934	64755437	3	2	1	3
15	64755438	64798514	3	2	1	3
15	64798515	72346015	3	2	1	3
15	72346016	72608154	3	2	1	2
15	72608155	100338800	3	2	1	3
15	100338801	102531391	3	2	1	2
16	84870	1981582	2	2	0	2
16	1981583	2025540	2	2	0	2
16	2025541	2170003	3	3	0	2
16	2170004	34472499	2	2	0	3
16	34472500	34599999	1	1	0	2
16	34600000	38599999	NA	NA	NA	NA
16	38600000	46756882	4	3	1	2
16	46756883	47190100	7	6	1	2
16	47190101	78425395	4	3	1	2
16	78425396	78451373	3	2	1	2
16	78451374	78629965	4	3	1	2
16	78629966	78730281	3	3	0	3
16	78730282	78836629	4	3	1	2
16	78836630	78841860	4	3	1	2
16	78841861	79132671	4	3	1	2
16	79132672	79137409	4	3	1	2
16	79137410	88827200	4	3	1	2
16	88827201	89998957	5	4	1	2
17	7	1706907	4	4	0	3
17	1706908	1708228	4	4	0	3
17	1708229	8019098	4	4	0	3
17	8019099	8021716	4	4	0	2
17	8021717	8362562	4	4	0	2
17	8362563	22199999	4	2	2	2
17	22200000	25799999	NA	NA	NA	NA
17	25800000	64420186	3	2	1	3
17	64420187	64422338	3	2	1	3
17	64422339	75866902	3	2	1	3
17	75866903	75878896	3	2	1	1
17	75878897	75943555	6	5	1	1
17	75943556	76895368	4	3	1	2
17	76895369	76916018	3	2	1	2
17	76916019	78774600	4	3	1	3
17	78774601	81195209	4	3	1	2
18	27500	6740323	6	4	2	3
18	6740324	6740766	6	4	2	2
18	6740767	6746275	2	2	0	1
18	6746276	6746808	5	3	2	1
18	6746809	6748612	1	1	0	1
18	6748613	15392499	5	3	2	3
18	15392500	18999999	NA	NA	NA	NA
18	19000000	76117000	3	2	1	3
18	76117001	78077247	3	2	1	2
19	102500	260136	3	2	1	2
19	260137	24399999	3	2	1	3
19	24400000	28599999	3	2	1	2
19	28600000	35276221	3	2	1	2
19	35276222	41225684	2	2	0	3
19	41225685	59039998	4	2	2	2
20	24347	14348033	4	2	2	2
20	14348034	14814486	3	2	1	2
20	14814487	14869731	4	2	2	2
20	14869732	14900705	2	1	1	2
20	14900706	14930130	2	1	1	2
20	14930131	15030626	1	1	0	2
20	15030627	15230760	2	1	1	2
20	15230761	15232857	2	1	1	1
20	15232858	15236707	3	2	1	1
20	15236708	15357856	3	2	1	2
20	15357857	25599999	4	2	2	2
20	25600000	29457500	NA	NA	NA	NA
20	29457501	41109595	3	2	1	2
20	41109596	41110542	3	2	1	2
20	41110543	41228634	38	36	2	1
20	41228635	41233609	32	30	2	2
20	41233610	42724202	32	30	2	2
20	42724203	43185391	19	17	2	1
20	43185392	43497311	18	16	2	1
20	43497312	43499120	13	11	2	2
20	43499121	43750610	10	8	2	1
20	43750611	47367286	8	6	2	2
20	47367287	47369361	3	2	1	2
20	47369362	62481579	3	2	1	2
20	62481580	62494685	1	1	0	1
21	1	10899999	NA	NA	NA	NA
21	10900000	15273231	4	3	1	2
21	15273232	46755368	3	2	1	2
21	46755369	46978161	4	3	1	2
21	46978162	47109215	4	3	1	2
21	47109216	48129894	3	2	1	2
22	1	12199999	4	2	2	1
22	12200000	17899999	4	2	2	3
22	17900000	28455090	4	2	2	3
22	28455091	28754376	3	2	1	2
22	28754377	29065835	4	2	2	2
22	29065836	35312986	4	2	2	3
22	35312987	36831931	6	4	2	2
22	36831932	36861207	7	4	3	2
22	36861208	40742501	6	4	2	2
22	40742502	40743928	6	4	2	2
22	40743929	46155999	2	2	0	3
22	46156000	46487486	3	3	0	3
22	46487487	49687500	2	2	0	2
22	49687501	51304565	2	2	0	2
X	1	2700026	2	2	0	1
X	2700027	6997374	2	2	0	1
X	6997375	8045155	3	3	0	1
X	8045156	25926539	2	2	0	1
X	25926540	26003653	1	1	0	2
X	26003654	51891601	2	2	0	1
X	51891602	51916980	2	2	0	1
X	51916981	58099999	2	2	0	1
X	58100000	62999999	2	2	0	1
X	63000000	95100020	2	2	0	1
X	95100021	95837999	1	1	0	2
X	95838000	96006002	1	1	0	2
X	96006003	103317999	4	4	0	1
X	103318000	104460005	3	3	0	1
X	104460006	127124957	2	2	0	1
X	127124958	127396292	1	1	0	1
X	127396293	155270559	2	2	0	1
Y	1	11599999	0	0	0	1
Y	11600000	13510034	0	0	0	1
Y	13510035	59373565	0	0	0	1
