chromosome	start	end	total_cn	major_cn	minor_cn	star
1	1	810029	5	5	0	1
1	810030	2172964	5	4	1	2
1	2172965	2214543	5	4	1	2
1	2214544	3617221	5	4	1	2
1	3617222	3718469	3	2	1	2
1	3718470	5636731	5	4	1	2
1	5636732	5756130	4	3	1	2
1	5756131	8896203	4	3	1	2
1	8896204	9689617	3	2	1	3
1	9689618	9755065	3	2	1	2
1	9755066	9757575	3	2	1	1
1	9757576	9813303	3	2	1	1
1	9813304	14647864	3	2	1	3
1	14647865	14650192	3	2	1	3
1	14650193	18148760	3	2	1	2
1	18148761	28087015	2	1	1	2
1	28087016	31575499	3	2	1	2
1	31575500	31759589	3	2	1	1
1	31759590	37105373	3	2	1	2
1	37105374	37790805	4	3	1	3
1	37790806	43079131	3	2	1	2
1	43079132	43264092	4	3	1	2
1	43264093	44693602	5	4	1	2
1	44693603	56190217	4	3	1	3
1	56190218	56193607	4	3	1	2
1	56193608	58184224	4	3	1	3
1	58184225	98261777	2	1	1	3
1	98261778	98309955	2	1	1	3
1	98309956	102210004	2	1	1	3
1	102210005	102582832	3	2	1	2
1	102582833	103137942	4	3	1	3
1	103137943	103665145	3	2	1	2
1	103665146	104129984	4	3	1	3
1	104129985	104889858	3	2	1	2
1	104889859	121499999	2	1	1	3
1	121500000	128899999	2	1	1	1
1	128900000	142590400	2	1	1	1
1	142590401	169347544	3	2	1	2
1	169347545	169349902	3	2	1	2
1	169349903	169350027	4	3	1	1
1	169350028	229473750	4	3	1	2
1	229473751	229475424	4	3	1	2
1	229475425	240055054	4	3	1	2
1	240055055	247128979	5	4	1	2
1	247128980	247249600	4	3	1	2
1	247249601	249250620	4	3	1	2
2	20016	37042116	3	2	1	3
2	37042117	37059865	2	1	1	2
2	37059866	39574913	3	2	1	3
2	39574914	39579840	3	2	1	3
2	39579841	90499999	3	2	1	3
2	90500000	96799999	3	2	1	2
2	96800000	162141529	3	2	1	3
2	162141530	162161262	3	2	1	2
2	162161263	178078662	3	2	1	3
2	178078663	178187943	3	2	1	2
2	178187944	212631063	3	2	1	3
2	212631064	212632809	3	2	1	2
2	212632810	242991166	3	2	1	3
3	61495	46472292	2	1	1	3
3	46472293	53327223	1	1	0	3
3	53327224	59985572	2	1	1	3
3	59985573	59994120	3	2	1	2
3	59994121	59995026	3	2	1	2
3	59995027	60015004	3	2	1	2
3	60015005	74289677	2	1	1	3
3	74289678	74338078	3	2	1	2
3	74338079	87899999	2	1	1	3
3	87900000	93899999	2	1	1	3
3	93900000	161997113	2	1	1	3
3	161997114	162021559	2	1	1	1
3	162021560	181184384	2	1	1	3
3	181184385	181185826	2	1	1	3
3	181185827	186281219	2	1	1	3
3	186281220	186282324	2	1	1	2
3	186282325	198022429	2	1	1	2
4	31303	26823004	3	2	1	3
4	26823005	26951454	4	3	1	2
4	26951455	48199999	3	2	1	3
4	48200000	52699999	3	2	1	3
4	52700000	114896187	3	2	1	3
4	114896188	114995734	3	2	1	2
4	114995735	191154275	3	2	1	3
5	22500	54894	24	22	2	1
5	54895	78380	24	22	2	1
5	78381	162993	24	22	2	1
5	162994	191007	24	22	2	1
5	191008	192065	24	22	2	1
5	192066	506599	23	21	2	1
5	506600	624200	24	22	2	1
5	624201	714997	31	28	3	1
5	714998	850202	19	17	2	1
5	850203	885092	16	15	1	1
5	885093	998463	16	15	1	1
5	998464	1090222	16	13	3	2
5	1090223	1093862	16	14	2	1
5	1093863	1560389	13	12	1	2
5	1560390	1698535	8	7	1	2
5	1698536	2582895	18	17	1	2
5	2582896	2630758	18	16	2	1
5	2630759	2653325	18	16	2	1
5	2653326	2686109	18	16	2	1
5	2686110	3678421	14	13	1	1
5	3678422	3699988	17	16	1	1
5	3699989	4265214	8	7	1	2
5	4265215	4265273	9	9	0	2
5	4265274	5000367	35	34	1	2
5	5000368	5064674	35	34	1	2
5	5064675	7014107	28	27	1	2
5	7014108	7277481	31	29	2	1
5	7277482	7617422	16	14	2	1
5	7617423	7618410	16	14	2	1
5	7618411	7620957	12	11	1	1
5	7620958	9051818	12	11	1	1
5	9051819	9241002	16	10	6	2
5	9241003	9254330	2	1	1	1
5	9254331	9529331	2	1	1	2
5	9529332	9580263	16	15	1	1
5	9580264	9592544	14	14	0	1
5	9592545	9714559	2	2	0	2
5	9714560	9765842	17	15	2	1
5	9765843	9770040	17	15	2	1
5	9770041	9773207	17	15	2	1
5	9773208	9789725	17	15	2	1
5	9789726	9885897	17	15	2	1
5	9885898	9933043	3	2	1	1
5	9933044	9964925	17	14	3	1
5	9964926	10091360	19	16	3	1
5	10091361	10128498	22	20	2	1
5	10128499	10129145	22	20	2	1
5	10129146	10206965	13	12	1	1
5	10206966	10211413	14	12	2	1
5	10211414	10250016	11	10	1	2
5	10250017	11030369	3	2	1	2
5	11030370	11080759	18	15	3	1
5	11080760	11087033	17	15	2	1
5	11087034	11200325	17	15	2	1
5	11200326	11208291	18	15	3	1
5	11208292	11242814	18	15	3	1
5	11242815	11259602	18	15	3	1
5	11259603	11369434	18	15	3	1
5	11369435	11479285	18	16	2	2
5	11479286	11506724	3	2	1	1
5	11506725	11519907	3	2	1	1
5	11519908	11523479	3	2	1	1
5	11523480	11589291	3	2	1	2
5	11589292	11590129	3	2	1	2
5	11590130	11592347	18	15	3	1
5	11592348	11639280	18	15	3	1
5	11639281	11667155	4	2	2	2
5	11667156	11758672	18	16	2	1
5	11758673	11993008	2	1	1	2
5	11993009	12022762	4	3	1	2
5	12022763	12029117	4	3	1	2
5	12029118	12059875	4	3	1	2
5	12059876	12071649	2	1	1	2
5	12071650	12073863	17	10	7	1
5	12073864	12075120	17	10	7	1
5	12075121	12251245	19	18	1	1
5	12251246	12281477	5	4	1	2
5	12281478	12526823	7	6	1	2
5	12526824	12735661	6	5	1	2
5	12735662	12922057	12	9	3	1
5	12922058	12970062	12	9	3	1
5	12970063	13170667	12	9	3	1
5	13170668	13338021	16	11	5	1
5	13338022	13561524	14	10	4	2
5	13561525	13626329	14	10	4	2
5	13626330	13718129	16	12	4	1
5	13718130	14003140	16	11	5	1
5	14003141	14045508	17	12	5	1
5	14045509	14180373	14	10	4	2
5	14180374	14420102	17	12	5	1
5	14420103	14538191	14	12	2	2
5	14538192	14959908	12	12	0	2
5	14959909	16223980	2	2	0	2
5	16223981	16243327	18	17	1	1
5	16243328	16268261	18	17	1	1
5	16268262	16284285	18	17	1	1
5	16284286	16345676	18	17	1	1
5	16345677	16554471	16	16	0	2
5	16554472	16581200	2	2	0	2
5	16581201	16597737	28	28	0	1
5	16597738	17121178	28	28	0	1
5	17121179	18046656	25	25	0	1
5	18046657	18227070	31	31	0	1
5	18227071	18266365	30	30	0	1
5	18266366	18346970	28	28	0	2
5	18346971	18354601	21	20	1	1
5	18354602	18544574	18	18	0	1
5	18544575	18753928	2	2	0	2
5	18753929	18760551	18	18	0	2
5	18760552	18794241	16	16	0	1
5	18794242	18917001	4	2	2	1
5	18917002	19150801	3	3	0	2
5	19150802	19208044	0	0	0	2
5	19208045	19276458	0	0	0	2
5	19276459	22872114	0	0	0	2
5	22872115	22891361	1	1	0	2
5	22891362	23411630	0	0	0	2
5	23411631	23526184	2	2	0	2
5	23526185	23538467	2	2	0	1
5	23538468	23603966	2	2	0	2
5	23603967	23617134	2	2	0	2
5	23617135	23791657	0	0	0	2
5	23791658	23865448	2	2	0	2
5	23865449	23967549	0	0	0	2
5	23967550	23978808	3	3	0	2
5	23978809	24012492	0	0	0	2
5	24012493	24102193	0	0	0	2
5	24102194	24214573	2	2	0	2
5	24214574	24263801	21	20	1	1
5	24263802	24942001	2	2	0	2
5	24942002	25469457	4	4	0	2
5	25469458	28520447	3	3	0	2
5	28520448	28576136	13	10	3	1
5	28576137	28601824	24	24	0	1
5	28601825	28740134	22	22	0	1
5	28740135	30662771	3	3	0	2
5	30662772	30884410	7	7	0	2
5	30884411	30889664	8	7	1	2
5	30889665	30912770	7	7	0	2
5	30912771	30938380	2	2	0	2
5	30938381	30940039	11	10	1	1
5	30940040	30975525	10	10	0	1
5	30975526	31258415	7	7	0	2
5	31258416	31261273	8	8	0	1
5	31261274	31373350	8	8	0	1
5	31373351	31497769	8	8	0	1
5	31497770	31507767	8	8	0	2
5	31507768	32560358	10	10	0	1
5	32560359	35689005	3	3	0	3
5	35689006	35742811	2	2	0	2
5	35742812	40920753	3	3	0	3
5	40920754	43524996	1	1	0	2
5	43524997	43744996	23	21	2	1
5	43744997	45608926	1	1	0	2
5	45608927	45617472	1	1	0	2
5	45617473	50699999	1	1	0	2
5	50700000	52107813	1	1	0	2
5	52107814	52122401	23	21	2	1
5	52122402	52193712	20	19	1	2
5	52193713	54831892	1	1	0	3
5	54831893	139767901	2	1	1	3
5	139767902	139784813	2	1	1	2
5	139784814	141636568	2	1	1	3
5	141636569	180715810	3	2	1	3
6	39681	206527	3	2	1	1
6	206528	31320003	3	2	1	3
6	31320004	47356011	3	2	1	3
6	47356012	47561755	4	3	1	2
6	47561756	56401247	3	2	1	2
6	56401248	56438383	4	2	2	3
6	56438384	57316601	3	2	1	2
6	57316602	58699999	3	2	1	2
6	58700000	63299999	NA	NA	NA	NA
6	63300000	90396881	2	1	1	3
6	90396882	90470307	3	2	1	1
6	90470308	170919682	2	1	1	3
7	40386	17140045	4	2	2	3
7	17140046	18200150	5	3	2	2
7	18200151	26988107	4	2	2	3
7	26988108	30385832	4	2	2	3
7	30385833	30393360	4	2	2	2
7	30393361	47459325	4	2	2	3
7	47459326	48094226	3	2	1	2
7	48094227	49212830	4	2	2	3
7	49212831	49235590	4	2	2	2
7	49235591	57999999	4	2	2	3
7	58000000	61699999	4	2	2	2
7	61700000	69633761	4	2	2	3
7	69633762	70196441	3	2	1	2
7	70196442	70300266	4	2	2	2
7	70300267	71831873	3	2	1	3
7	71831874	73237710	7	5	2	2
7	73237711	73311633	11	9	2	2
7	73311634	74010976	6	4	2	2
7	74010977	75879885	5	3	2	2
7	75879886	102312500	2	2	0	3
7	102312501	102860012	5	3	2	2
7	102860013	104758224	2	2	0	2
7	104758225	104816754	5	3	2	2
7	104816755	104835192	5	3	2	2
7	104835193	106588199	5	3	2	2
7	106588200	158821400	2	2	0	3
8	10001	214058	3	2	1	2
8	214059	1027945	3	2	1	2
8	1027946	1892896	2	1	1	3
8	1892897	2966851	3	2	1	3
8	2966852	41136177	2	1	1	3
8	41136178	43099999	3	2	1	3
8	43100000	48099999	NA	NA	NA	NA
8	48100000	51075133	4	2	2	2
8	51075134	51080371	4	2	2	2
8	51080372	84375401	4	2	2	2
8	84375402	146364021	5	3	2	2
9	63408	203760	1	1	0	2
9	203761	3115691	1	1	0	2
9	3115692	3116747	1	1	0	2
9	3116748	10663638	1	1	0	2
9	10663639	10692248	2	1	1	2
9	10692249	11873228	1	1	0	2
9	11873229	15127741	2	1	1	2
9	15127742	15437822	2	1	1	2
9	15437823	22131124	1	1	0	2
9	22131125	22132612	1	1	0	2
9	22132613	25059372	2	1	1	2
9	25059373	25059527	2	1	1	2
9	25059528	25065625	1	1	0	1
9	25065626	28324859	1	1	0	2
9	28324860	29580685	2	1	1	2
9	29580686	34480643	1	1	0	2
9	34480644	36825725	2	1	1	2
9	36825726	44812500	1	1	0	2
9	44812501	47299999	2	2	0	1
9	47300000	50699999	NA	NA	NA	NA
9	50700000	66494187	2	1	1	2
9	66494188	120466814	2	1	1	3
9	120466815	120480904	2	1	1	2
9	120480905	140273200	2	1	1	3
10	94426	19098445	2	1	1	3
10	19098446	19101985	2	1	1	2
10	19101986	19103845	3	2	1	2
10	19103846	19642932	3	2	1	2
10	19642933	37999999	2	1	1	3
10	38000000	42299999	2	1	1	3
10	42300000	135389924	2	1	1	3
11	20721	202071	3	2	1	2
11	202072	51599999	3	2	1	3
11	51600000	55699999	3	2	1	3
11	55700000	134452200	3	2	1	3
12	110107	188284	3	2	1	2
12	188285	33299999	3	2	1	3
12	33300000	38199999	NA	NA	NA	NA
12	38200000	44123547	2	2	0	3
12	44123548	44658275	5	3	2	2
12	44658276	45004254	7	5	2	2
12	45004255	45354542	6	3	3	1
12	45354543	53373724	2	2	0	3
12	53373725	53458730	3	3	0	2
12	53458731	56726962	2	2	0	3
12	56726963	57142672	5	3	2	2
12	57142673	57507763	8	6	2	2
12	57507764	57763407	6	4	2	2
12	57763408	57921187	7	5	2	2
12	57921188	58022202	25	22	3	1
12	58022203	58051091	26	23	3	1
12	58051092	58097355	25	23	2	2
12	58097356	58231919	34	31	3	1
12	58231920	58241295	13	11	2	1
12	58241296	58308967	13	11	2	1
12	58308968	58338440	13	11	2	1
12	58338441	58360496	13	11	2	1
12	58360497	58669032	12	10	2	2
12	58669033	59392913	3	2	1	3
12	59392914	59582377	4	2	2	3
12	59582378	59720001	3	2	1	2
12	59720002	59971118	4	2	2	2
12	59971119	60159972	5	3	2	2
12	60159973	60735119	3	2	1	2
12	60735120	61320017	2	2	0	3
12	61320018	65639896	3	2	1	3
12	65639897	66081054	4	2	2	3
12	66081055	66277381	3	2	1	2
12	66277382	67252667	3	2	1	2
12	67252668	67568103	12	10	2	2
12	67568104	67729015	28	25	3	1
12	67729016	68427242	25	22	3	1
12	68427243	68432632	28	25	3	1
12	68432633	69815334	28	25	3	1
12	69815335	70021596	30	27	3	1
12	70021597	70196734	27	24	3	1
12	70196735	70204510	29	26	3	1
12	70204511	70947616	29	26	3	1
12	70947617	71144621	27	24	3	1
12	71144622	71166319	34	31	3	1
12	71166320	71265747	28	25	3	1
12	71265748	71398495	30	27	3	1
12	71398496	71549991	27	25	2	1
12	71549992	72516312	5	3	2	2
12	72516313	73232499	4	2	2	3
12	73232500	74908689	5	3	2	3
12	74908690	74915373	5	3	2	2
12	74915374	78940706	4	2	2	2
12	78940707	79017222	5	3	2	2
12	79017223	79883409	4	2	2	3
12	79883410	79976764	5	3	2	2
12	79976765	84223468	2	2	0	3
12	84223469	87466255	5	3	2	2
12	87466256	99507742	2	2	0	3
12	99507743	100140923	1	1	0	3
12	100140924	104857096	2	2	0	3
12	104857097	105033849	5	3	2	2
12	105033850	132349400	2	2	0	3
12	132349401	133851894	2	2	0	3
13	1	16299999	2	2	0	1
13	16300000	19499999	2	2	0	2
13	19500000	114142800	2	2	0	3
13	114142801	115030020	2	2	0	3
14	1	16099999	NA	NA	NA	NA
14	16100000	19099999	2	2	0	1
14	19100000	19236480	3	2	1	1
14	19236481	20375050	3	2	1	2
14	20375051	42969999	3	2	1	3
14	42970000	43098098	3	2	1	2
14	43098099	79490262	3	2	1	3
14	79490263	84799990	2	2	0	2
14	84799991	84803100	2	2	0	2
14	84803101	84803814	2	2	0	2
14	84803815	86571863	2	2	0	2
14	86571864	92671595	1	1	0	2
14	92671596	94174580	2	2	0	2
14	94174581	106368400	2	2	0	2
15	1	15799999	2	2	0	1
15	15800000	20699999	2	2	0	2
15	20700000	24681806	2	2	0	2
15	24681807	86054477	2	2	0	3
15	86054478	86056754	2	2	0	2
15	86056755	86089675	2	2	0	2
15	86089676	86106542	2	2	0	2
15	86106543	100338800	2	2	0	3
15	100338801	102531391	2	2	0	3
16	44080	147140	3	3	0	2
16	147141	2363801	3	3	0	2
16	2363802	2367595	3	3	0	2
16	2367596	2370176	3	3	0	2
16	2370177	2370348	3	3	0	2
16	2370349	2372198	3	3	0	2
16	2372199	2372227	3	3	0	2
16	2372228	28598445	3	3	0	3
16	28598446	28824684	3	3	0	2
16	28824685	29023904	5	3	2	2
16	29023905	32089109	3	3	0	3
16	32089110	33603591	4	4	0	1
16	33603592	33788001	5	3	2	1
16	33788002	34599999	5	3	2	1
16	34600000	38599999	NA	NA	NA	NA
16	38600000	78347364	3	2	1	3
16	78347365	78397850	4	2	2	2
16	78397851	88827200	3	2	1	3
16	88827201	90354752	3	2	1	3
17	30159	22199999	1	1	0	3
17	22200000	25799999	NA	NA	NA	NA
17	25800000	34319317	3	2	1	3
17	34319318	34320129	3	2	1	3
17	34320130	37977199	3	2	1	3
17	37977200	44342377	4	2	2	3
17	44342378	62686764	4	2	2	3
17	62686765	62772847	6	4	2	1
17	62772848	62781193	4	2	2	1
17	62781194	62786599	4	2	2	1
17	62786600	78774600	4	2	2	3
17	78774601	81195209	4	2	2	2
18	37592	4223386	3	2	1	3
18	4223387	4920884	2	1	1	3
18	4920885	4925204	2	1	1	1
18	4925205	4986492	2	1	1	3
18	4986493	5884330	1	1	0	2
18	5884331	6726312	2	1	1	3
18	6726313	6727328	2	1	1	1
18	6727329	6728653	2	1	1	2
18	6728654	10484861	3	2	1	3
18	10484862	11085314	2	1	1	3
18	11085315	11834888	3	2	1	2
18	11834889	13918544	3	2	1	3
18	13918545	14467499	3	2	1	2
18	14467500	18999999	NA	NA	NA	NA
18	19000000	21304763	2	1	1	3
18	21304764	22460470	3	2	1	3
18	22460471	22460490	3	2	1	2
18	22460491	22461741	3	2	1	2
18	22461742	22956091	2	1	1	3
18	22956092	22964397	3	2	1	2
18	22964398	22970879	3	2	1	2
18	22970880	23441909	3	2	1	3
18	23441910	23718922	2	1	1	3
18	23718923	23720692	2	1	1	2
18	23720693	23741301	2	1	1	3
18	23741302	23746755	2	1	1	1
18	23746756	27319702	2	1	1	3
18	27319703	27363845	2	1	1	3
18	27363846	27939841	2	1	1	3
18	27939842	27979558	3	2	1	2
18	27979559	28379531	2	1	1	3
18	28379532	29057192	3	2	1	2
18	29057193	29079981	3	2	1	2
18	29079982	29723042	3	2	1	2
18	29723043	29782500	2	1	1	3
18	29782501	29837344	2	1	1	2
18	29837345	30115529	3	2	1	2
18	30115530	31375424	2	1	1	3
18	31375425	31375503	2	1	1	2
18	31375504	31400157	3	2	1	2
18	31400158	31400659	3	2	1	1
18	31400660	31454440	2	1	1	2
18	31454441	31572986	3	2	1	2
18	31572987	31594282	3	2	1	2
18	31594283	33080917	3	2	1	2
18	33080918	33575426	2	1	1	3
18	33575427	33786289	3	2	1	3
18	33786290	33792698	2	1	1	1
18	33792699	34058030	2	1	1	2
18	34058031	34068755	2	1	1	2
18	34068756	34301892	2	1	1	2
18	34301893	34963420	3	2	1	3
18	34963421	35271977	2	1	1	3
18	35271978	35282502	2	1	1	2
18	35282503	35698320	2	1	1	3
18	35698321	35780545	3	2	1	2
18	35780546	36538479	2	1	1	3
18	36538480	36565005	3	2	1	2
18	36565006	37311036	2	1	1	3
18	37311037	37355645	2	1	1	1
18	37355646	37617499	2	1	1	3
18	37617500	37666648	2	1	1	1
18	37666649	39073361	2	1	1	3
18	39073362	39077499	2	1	1	1
18	39077500	39673077	2	1	1	2
18	39673078	39851946	1	1	0	3
18	39851947	40164035	2	1	1	2
18	40164036	40225670	1	1	0	2
18	40225671	40623863	2	2	0	3
18	40623864	41675576	1	1	0	2
18	41675577	41753994	2	2	0	2
18	41753995	42670946	1	1	0	3
18	42670947	44138474	2	2	0	2
18	44138475	48142485	1	1	0	3
18	48142486	49884305	0	0	0	3
18	49884306	76117000	1	1	0	3
18	76117001	78077247	1	1	0	3
19	102500	260136	2	2	0	2
19	260137	24399999	2	2	0	3
19	24400000	28599999	2	2	0	3
19	28600000	59128982	2	2	0	3
20	17500	7779562	3	2	1	2
20	7779563	8377230	4	3	1	2
20	8377231	24581281	3	2	1	2
20	24581282	25125772	4	2	2	2
20	25125773	29399999	NA	NA	NA	NA
20	29400000	62432500	3	2	1	2
21	1	9417499	NA	NA	NA	NA
21	9417500	10899999	NA	NA	NA	NA
21	10900000	14299999	2	2	0	1
21	14300000	46937500	3	2	1	2
21	46937501	48129894	3	2	1	2
22	1	12199999	2	2	0	1
22	12200000	17899999	NA	NA	NA	NA
22	17900000	22242892	2	1	1	2
22	22242893	28189309	4	3	1	2
22	28189310	29069949	2	1	1	2
22	29069950	29576916	2	1	1	2
22	29576917	29578705	3	2	1	2
22	29578706	41747162	3	2	1	2
22	41747163	41749081	3	2	1	2
22	41749082	41750124	3	2	1	2
22	41750125	49687500	3	2	1	2
22	49687501	51304565	3	2	1	2
X	1	2978475	2	2	0	2
X	2978476	5482588	3	3	0	2
X	5482589	19935230	2	2	0	2
X	19935231	20017635	1	1	0	2
X	20017636	58099999	2	2	0	2
X	58100000	62999999	2	2	0	2
X	63000000	68022690	2	2	0	2
X	68022691	68023627	2	2	0	2
X	68023628	92379999	2	2	0	2
X	92380000	108140005	1	1	0	2
X	108140006	154913600	2	2	0	2
