chromosome	start	end	total_cn	major_cn	minor_cn	star
1	17500	12844747	1	1	0	3
1	12844748	12933601	1	1	0	3
1	12933602	72767209	1	1	0	3
1	72767210	120247301	1	1	0	3
1	120247302	120649209	4	3	1	2
1	120649210	121485202	3	2	1	2
1	121485203	128899999	3	2	1	2
1	128900000	142562499	3	2	1	2
1	142562500	144887201	3	2	1	2
1	144887202	247247500	4	3	1	2
1	247247501	249250620	4	3	1	2
2	55219	90499999	2	1	1	3
2	90500000	96799999	2	1	1	3
2	96800000	242979500	2	1	1	3
3	100074	87899999	2	1	1	2
3	87900000	93899999	2	1	1	2
3	93900000	111495821	2	1	1	2
3	111495822	111502112	2	1	1	2
3	111502113	197822500	2	1	1	2
4	35422	9712112	2	1	1	2
4	9712113	9921025	2	1	1	2
4	9921026	12680549	2	1	1	2
4	12680550	12965299	2	1	1	2
4	12965300	15615740	2	1	1	2
4	15615741	16558505	2	1	1	2
4	16558506	25634405	2	1	1	2
4	25634406	25647088	2	1	1	2
4	25647089	44361198	2	1	1	2
4	44361199	47117051	2	1	1	2
4	47117052	47121118	2	1	1	2
4	47121119	47163140	2	1	1	2
4	47163141	48199999	2	1	1	2
4	48200000	52699999	2	1	1	2
4	52700000	55054576	2	1	1	2
4	55054577	60392346	2	1	1	2
4	60392347	60392393	2	1	1	2
4	60392394	83631332	2	1	1	2
4	83631333	84723491	2	1	1	2
4	84723492	86717522	1	1	0	2
4	86717523	86718568	1	1	0	2
4	86718569	92885131	1	1	0	2
4	92885132	92888505	1	1	0	2
4	92888506	103082415	1	1	0	2
4	103082416	103086784	1	1	0	2
4	103086785	108370020	1	1	0	2
4	108370021	108373267	1	1	0	2
4	108373268	112298450	1	1	0	2
4	112298451	112299674	1	1	0	2
4	112299675	117432726	1	1	0	2
4	117432727	140178568	1	1	0	2
4	140178569	140181277	1	1	0	2
4	140181278	143639748	1	1	0	2
4	143639749	143652503	1	1	0	2
4	143652504	143776917	1	1	0	2
4	143776918	143780701	1	1	0	2
4	143780702	143831625	1	1	0	2
4	143831626	145561621	1	1	0	2
4	145561622	145561669	1	1	0	2
4	145561670	185192839	1	1	0	2
4	185192840	191154275	1	1	0	2
5	14782	46099999	2	1	1	2
5	46100000	50699999	2	1	1	2
5	50700000	180689978	2	1	1	2
6	39681	207499	4	3	1	1
6	207500	404631	4	3	1	2
6	404632	32583380	4	3	1	2
6	32583381	33012500	4	3	1	2
6	33012501	47875970	4	3	1	2
6	47875971	58699999	4	3	1	2
6	58700000	63299999	4	3	1	2
6	63300000	66900495	4	3	1	2
6	66900496	68032872	4	3	1	2
6	68032873	68035231	4	3	1	2
6	68035232	68053681	4	3	1	3
6	68053682	68244634	3	2	1	3
6	68244635	68282885	2	1	1	2
6	68282886	70708710	2	1	1	2
6	70708711	71959989	3	2	1	2
6	71959990	73130870	4	3	1	2
6	73130871	170915881	1	1	0	3
7	40386	57999999	2	1	1	3
7	58000000	61699999	2	1	1	2
7	61700000	76471919	2	1	1	3
7	76471920	158817500	2	1	1	3
8	10001	120011	2	1	1	2
8	120012	43099999	2	1	1	3
8	43100000	48099999	2	1	1	3
8	48100000	139400695	2	1	1	2
8	139400696	139552995	2	1	1	2
8	139552996	146364021	2	1	1	2
9	10001	162556	2	1	1	2
9	162557	47299999	2	1	1	2
9	47300000	50699999	2	1	1	2
9	50700000	121189004	2	1	1	2
9	121189005	121301749	2	1	1	2
9	121301750	140273200	2	1	1	2
10	96434	3878374	2	1	1	2
10	3878375	3904686	2	1	1	3
10	3904687	37999999	2	1	1	3
10	38000000	42299999	2	1	1	3
10	42300000	135389924	2	1	1	3
11	20721	202071	2	1	1	1
11	202072	51599999	2	1	1	3
11	51600000	55699999	2	1	1	3
11	55700000	134452200	2	1	1	2
12	110107	200013	2	1	1	2
12	200014	33299999	2	1	1	2
12	33300000	38199999	2	1	1	2
12	38200000	83592480	2	1	1	2
12	83592481	83594427	2	1	1	2
12	83594428	85717857	2	1	1	2
12	85717858	85718887	1	1	0	2
12	85718888	132349400	2	1	1	2
12	132349401	133851894	2	1	1	2
13	1	16299999	2	1	1	1
13	16300000	19499999	2	1	1	3
13	19500000	62577263	2	1	1	2
13	62577264	63418471	1	1	0	2
13	63418472	93657211	2	1	1	2
13	93657212	93657299	2	1	1	2
13	93657300	114142800	2	1	1	2
13	114142801	115169877	2	1	1	3
14	1	16099999	2	1	1	1
14	16100000	19099999	2	1	1	2
14	19100000	29117633	2	1	1	3
14	29117634	29118614	2	1	1	3
14	29118615	106368400	2	1	1	3
15	1	15799999	2	1	1	1
15	15800000	20699999	2	1	1	2
15	20700000	100338800	2	1	1	3
15	100338801	102398752	2	1	1	3
16	84170	32382499	1	1	0	3
16	32382500	32837500	1	1	0	2
16	32837501	33708782	1	1	0	2
16	33708783	38599999	1	1	0	2
16	38600000	46447499	1	1	0	2
16	46447500	88827200	1	1	0	2
16	88827201	90354752	1	1	0	3
17	1665	14435012	1	1	0	3
17	14435013	22199999	2	1	1	3
17	22200000	25799999	2	1	1	3
17	25800000	69061120	2	1	1	3
17	69061121	69063033	2	1	1	2
17	69063034	78774600	2	1	1	3
17	78774601	81195209	2	1	1	2
18	10001	125038	2	1	1	2
18	125039	15399999	2	1	1	3
18	15400000	18999999	2	1	1	3
18	19000000	76117000	2	1	1	3
18	76117001	78077247	2	1	1	3
19	102500	256858	2	1	1	2
19	256859	24399999	2	1	1	2
19	24400000	28599999	2	1	1	2
19	28600000	59128982	2	1	1	2
20	29234	25599999	2	1	1	2
20	25600000	29399999	2	1	1	2
20	29400000	62432500	2	1	1	2
21	1	10899999	NA	NA	NA	NA
21	10900000	14299999	2	1	1	2
21	14300000	46937500	2	1	1	2
21	46937501	48129894	2	1	1	2
22	1	12199999	2	1	1	1
22	12200000	17899999	2	1	1	3
22	17900000	29065727	2	1	1	3
22	29065728	29065936	2	1	1	2
22	29065937	29065997	2	1	1	2
22	29065998	29066152	2	1	1	2
22	29066153	48452829	2	1	1	2
22	48452830	49687500	3	2	1	2
22	49687501	51304565	3	2	1	2
X	1	58099999	1	1	0	3
X	58100000	62999999	1	1	0	3
X	63000000	155270559	1	1	0	3
Y	1	11599999	1	1	0	1
Y	11600000	13399999	1	1	0	1
Y	13400000	59373565	1	1	0	1
