chromosome	start	end	total_cn	major_cn	minor_cn	star
1	10001	121499999	2	1	1	2
1	121500000	128899999	2	1	1	2
1	128900000	247247500	2	1	1	2
1	247247501	249250620	2	1	1	2
2	12467	90499999	2	1	1	2
2	90500000	96799999	2	1	1	2
2	96800000	242986774	2	1	1	2
3	83293	87899999	1	1	0	2
3	87900000	93899999	1	1	0	2
3	93900000	197847500	1	1	0	2
4	27500	48199999	2	1	1	3
4	48200000	52699999	2	1	1	2
4	52700000	191154275	2	1	1	3
5	20747	136463	2	1	1	2
5	136464	872166	2	1	1	2
5	872167	46099999	2	1	1	3
5	46100000	50699999	2	1	1	2
5	50700000	180669705	2	1	1	2
6	97750	58699999	2	1	1	2
6	58700000	63299999	2	1	1	3
6	63300000	170896562	2	1	1	2
7	42038	57999999	2	1	1	2
7	58000000	61699999	2	1	1	2
7	61700000	158820011	2	1	1	3
8	10001	209990	3	2	1	1
8	209991	43099999	2	1	1	3
8	43100000	48099999	2	1	1	2
8	48100000	146364021	2	1	1	3
9	10001	231440	2	1	1	2
9	231441	8757499	2	1	1	3
9	8757500	9022499	2	2	0	1
9	9022500	9232499	2	1	1	2
9	9232500	9332499	2	2	0	2
9	9332500	47299999	2	1	1	2
9	47300000	50699999	2	1	1	2
9	50700000	68513987	2	1	1	2
9	68513988	69002901	2	1	1	2
9	69002902	138148570	2	1	1	3
9	138148571	138322499	2	2	0	2
9	138322500	140267500	2	1	1	2
9	140267501	141026318	2	1	1	2
10	96469	37999999	2	1	1	3
10	38000000	42299999	2	1	1	2
10	42300000	135389924	2	1	1	3
11	197337	51599999	2	1	1	3
11	51600000	55699999	2	1	1	2
11	55700000	134442500	2	1	1	2
12	110107	33299999	2	1	1	2
12	33300000	38199999	2	1	1	2
12	38200000	132342500	2	1	1	3
12	132342501	133851894	2	1	1	2
13	1	16299999	NA	NA	NA	NA
13	16300000	19499999	2	1	1	2
13	19500000	114137500	2	1	1	2
13	114137501	115043485	2	1	1	2
14	1	16099999	NA	NA	NA	NA
14	16100000	19099999	1	1	0	1
14	19100000	106362500	2	1	1	2
15	1	15799999	NA	NA	NA	NA
15	15800000	20699999	2	1	1	2
15	20700000	100332500	2	1	1	2
15	100332501	102531391	2	1	1	2
16	88245	34432914	2	1	1	2
16	34432915	34599999	2	1	1	2
16	34600000	38599999	2	1	1	2
16	38600000	88822500	2	1	1	3
16	88822501	90354752	2	1	1	2
17	12500	22199999	2	1	1	2
17	22200000	25799999	2	1	1	3
17	25800000	78772500	2	1	1	2
17	78772501	81103183	2	1	1	2
18	45971	15399999	2	1	1	2
18	15400000	18999999	2	1	1	2
18	19000000	76149962	2	1	1	2
18	76149963	78077247	2	1	1	2
19	102500	260136	2	1	1	2
19	260137	24399999	2	1	1	2
19	24400000	28599999	2	1	1	2
19	28600000	43846553	2	1	1	2
19	43846554	59128982	2	1	1	2
20	103317	25599999	2	1	1	2
20	25600000	29399999	2	1	1	2
20	29400000	39847368	2	1	1	2
20	39847369	39955937	2	1	1	2
20	39955938	62432500	2	1	1	2
21	1	9411193	NA	NA	NA	NA
21	9411194	10899999	NA	NA	NA	NA
21	10900000	14299999	2	1	1	2
21	14300000	46951403	2	1	1	2
21	46951404	48129894	2	1	1	2
22	1	12199999	1	1	0	1
22	12200000	17899999	NA	NA	NA	NA
22	17900000	49687500	2	1	1	2
22	49687501	51304565	2	1	1	2
X	1	58099999	2	1	1	3
X	58100000	62999999	2	1	1	2
X	63000000	154929638	2	1	1	3
