chromosome	start	end	total_cn	major_cn	minor_cn	star
1	1	790008	3	2	1	2
1	790009	3498849	3	2	1	2
1	3498850	17091420	3	2	1	1
1	17091421	26818305	3	2	1	1
1	26818306	27468446	3	3	0	2
1	27468447	62039979	3	2	1	1
1	62039980	121499999	3	2	1	2
1	121500000	128899999	NA	NA	NA	NA
1	128900000	143287938	4	2	2	1
1	143287939	155992061	3	2	1	2
1	155992062	156722724	2	2	0	2
1	156722725	214303569	3	2	1	2
1	214303570	214305217	2	2	0	2
1	214305218	215458397	3	2	1	2
1	215458398	215576300	1	1	0	2
1	215576301	247834711	3	2	1	2
1	247834712	248193946	1	1	0	2
1	248193947	249250620	3	2	1	2
2	22500	35896540	2	2	0	2
2	35896541	43297156	2	2	0	2
2	43297157	43297274	2	2	0	2
2	43297275	46673829	2	2	0	2
2	46673830	46678280	4	2	2	2
2	46678281	49314707	4	2	2	2
2	49314708	49607140	3	2	1	2
2	49607141	52748192	2	2	0	2
2	52748193	59116528	2	2	0	2
2	59116529	59117688	2	1	1	2
2	59117689	62566337	4	2	2	2
2	62566338	90499999	3	2	1	2
2	90500000	96799999	3	2	1	2
2	96800000	116699518	3	2	1	2
2	116699519	164158538	3	2	1	2
2	164158539	170515897	1	1	0	3
2	170515898	191590565	3	2	1	2
2	191590566	191592667	2	1	1	2
2	191592668	222571483	3	2	1	2
2	222571484	223136495	1	1	0	2
2	223136496	239690201	3	2	1	2
2	239690202	240527422	5	4	1	3
2	240527423	241713800	4	3	1	2
2	241713801	242181366	1	1	0	3
2	242181367	242985695	4	3	1	2
3	62226	31304514	4	2	2	3
3	31304515	59750480	3	2	1	3
3	59750481	59980138	1	1	0	3
3	59980139	60434503	3	2	1	3
3	60434504	60470743	2	2	0	2
3	60470744	87899999	3	2	1	3
3	87900000	93899999	3	2	1	2
3	93900000	135924994	3	2	1	3
3	135924995	137752517	1	1	0	3
3	137752518	170117470	3	2	1	3
3	170117471	170801801	1	1	0	2
3	170801802	186374467	3	2	1	3
3	186374468	186375182	3	2	1	2
3	186375183	193803639	3	2	1	3
3	193803640	195462499	2	2	0	3
3	195462500	195636889	2	2	0	2
3	195636890	198022429	3	2	1	2
4	27500	4152801	2	2	0	2
4	4152802	9621378	2	2	0	2
4	9621379	48199999	2	2	0	2
4	48200000	52699999	2	2	0	2
4	52700000	61001766	2	2	0	2
4	61001767	61001805	2	2	0	2
4	61001806	91407943	2	2	0	2
4	91407944	91444304	5	5	0	1
4	91444305	156763546	2	2	0	2
4	156763547	157141521	0	0	0	2
4	157141522	191154275	2	2	0	2
5	22500	296904	1	1	0	1
5	296905	746170	6	5	1	2
5	746171	851581	6	5	1	2
5	851582	1002348	1	1	0	1
5	1002349	1031549	1	1	0	1
5	1031550	1031682	1	1	0	1
5	1031683	1031718	1	1	0	1
5	1031719	1340001	1	1	0	1
5	1340002	1607590	6	5	1	2
5	1607591	1611674	1	1	0	1
5	1611675	1815607	28	27	1	2
5	1815608	1867416	28	27	1	2
5	1867417	1889524	28	27	1	2
5	1889525	1957503	28	27	1	2
5	1957504	2014162	1	1	0	1
5	2014163	2024515	1	1	0	1
5	2024516	2039970	20	19	1	1
5	2039971	2126699	16	16	0	2
5	2126700	2128255	8	8	0	1
5	2128256	2418112	8	8	0	1
5	2418113	2428191	8	8	0	1
5	2428192	2429709	1	1	0	1
5	2429710	2429936	20	19	1	1
5	2429937	2844284	8	8	0	1
5	2844285	2884349	8	8	0	1
5	2884350	2910779	8	8	0	1
5	2910780	2943523	5	5	0	2
5	2943524	3076097	3	3	0	1
5	3076098	3076699	1	1	0	1
5	3076700	3670003	1	1	0	2
5	3670004	23782710	2	1	1	2
5	23782711	23783278	2	1	1	2
5	23783279	39984966	2	1	1	2
5	39984967	40396439	1	1	0	3
5	40396440	46099999	2	1	1	2
5	46100000	50699999	2	1	1	2
5	50700000	84321572	2	1	1	2
5	84321573	85203002	1	1	0	3
5	85203003	86590014	2	1	1	2
5	86590015	86650038	1	1	0	3
5	86650039	86838771	1	1	0	2
5	86838772	87380983	1	1	0	2
5	87380984	128864001	2	1	1	2
5	128864002	180713255	2	1	1	2
6	203878	6292228	3	2	1	2
6	6292229	6395402	2	2	0	2
6	6395403	47043373	3	2	1	2
6	47043374	47046441	3	2	1	2
6	47046442	55953424	3	2	1	3
6	55953425	57288069	4	2	2	2
6	57288070	57290035	4	2	2	2
6	57290036	57293315	3	2	1	2
6	57293316	58699999	3	2	1	3
6	58700000	63299999	3	2	1	2
6	63300000	66567939	3	2	1	2
6	66567940	67356464	2	1	1	2
6	67356465	67710167	3	2	1	2
6	67710168	69509531	2	1	1	2
6	69509532	69516077	3	2	1	2
6	69516078	70693002	2	1	1	3
6	70693003	72643202	4	2	2	3
6	72643203	72998210	3	2	1	2
6	72998211	72999595	4	2	2	2
6	72999596	72999714	4	2	2	2
6	72999715	73841066	4	2	2	3
6	73841067	74094256	5	3	2	2
6	74094257	75246001	5	3	2	2
6	75246002	77974395	5	3	2	2
6	77974396	77975198	6	4	2	1
6	77975199	78072400	4	2	2	2
6	78072401	78078238	3	2	1	1
6	78078239	90418174	2	2	0	2
6	90418175	91063933	3	2	1	2
6	91063934	100165481	2	2	0	2
6	100165482	101243336	1	1	0	2
6	101243337	102538801	2	2	0	2
6	102538802	103660880	1	1	0	2
6	103660881	119130535	2	2	0	2
6	119130536	119130835	2	2	0	2
6	119130836	119133200	2	2	0	2
6	119133201	122685986	2	2	0	2
6	122685987	124238023	1	1	0	2
6	124238024	144881033	2	2	0	2
6	144881034	146041236	0	0	0	2
6	146041237	150590949	2	2	0	2
6	150590950	150591512	2	2	0	2
6	150591513	170899800	2	2	0	2
7	40386	2505017	2	1	1	2
7	2505018	17266281	4	3	1	2
7	17266282	57999999	3	2	1	2
7	58000000	61699999	3	2	1	2
7	61700000	110763940	3	2	1	2
7	110763941	110782152	3	2	1	1
7	110782153	158821400	3	2	1	2
8	10001	170011	2	1	1	2
8	170012	11704523	2	1	1	3
8	11704524	11927002	1	1	0	2
8	11927003	12726326	2	1	1	2
8	12726327	12726856	1	1	0	2
8	12726857	12990654	1	1	0	2
8	12990655	12991162	1	1	0	2
8	12991163	12993283	2	1	1	2
8	12993284	13202118	2	1	1	2
8	13202119	13554312	1	1	0	2
8	13554313	13554328	1	1	0	2
8	13554329	13917016	2	1	1	2
8	13917017	20153477	1	1	0	3
8	20153478	20153521	1	1	0	3
8	20153522	27703105	1	1	0	3
8	27703106	27703431	1	1	0	2
8	27703432	27708516	1	1	0	2
8	27708517	28816193	2	1	1	2
8	28816194	30583586	1	1	0	3
8	30583587	30583624	1	1	0	2
8	30583625	35071757	1	1	0	3
8	35071758	35071991	1	1	0	3
8	35071992	37171443	1	1	0	2
8	37171444	39229663	4	4	0	2
8	39229664	43099999	3	3	0	2
8	43100000	48099999	NA	NA	NA	NA
8	48100000	122479431	4	3	1	2
8	122479432	122479895	4	3	1	2
8	122479896	131897691	4	3	1	2
8	131897692	132451454	1	1	0	3
8	132451455	146364021	2	1	1	2
9	10001	579418	2	2	0	2
9	579419	579973	2	2	0	2
9	579974	580725	2	2	0	2
9	580726	640904	0	0	0	3
9	640905	802567	2	2	0	2
9	802568	1420449	0	0	0	2
9	1420450	21853816	2	2	0	2
9	21853817	24054705	0	0	0	2
9	24054706	24056234	2	2	0	2
9	24056235	24056584	0	0	0	1
9	24056585	30589494	2	2	0	2
9	30589495	31993935	0	0	0	2
9	31993936	47299999	2	2	0	2
9	47300000	50699999	2	2	0	2
9	50700000	68668254	2	2	0	2
9	68668255	140273200	2	2	0	3
9	140273201	141066800	2	2	0	2
10	130013	37999999	2	1	1	3
10	38000000	42299999	2	1	1	2
10	42300000	54201321	2	1	1	3
10	54201322	54203806	2	1	1	2
10	54203807	84045642	2	1	1	3
10	84045643	84667477	1	1	0	3
10	84667478	135389924	2	1	1	3
11	20721	198725	2	1	1	2
11	198726	5128572	3	2	1	2
11	5128573	5899978	2	2	0	2
11	5899979	12743112	3	2	1	2
11	12743113	13646430	2	2	0	2
11	13646431	51599999	3	2	1	2
11	51600000	55699999	3	2	1	2
11	55700000	85856918	3	2	1	2
11	85856919	85857778	2	1	1	2
11	85857779	102227219	3	2	1	2
11	102227220	102268297	6	6	0	1
11	102268298	134452200	3	2	1	2
12	22500	188284	6	4	2	2
12	188285	14687517	6	4	2	2
12	14687518	15005592	2	2	0	2
12	15005593	15236111	3	2	1	2
12	15236112	15273795	2	2	0	2
12	15273796	19271408	3	2	1	2
12	19271409	20423916	4	3	1	2
12	20423917	26246850	3	2	1	2
12	26246851	26541138	2	2	0	2
12	26541139	26587128	3	2	1	2
12	26587129	26988279	4	2	2	2
12	26988280	27576809	5	3	2	2
12	27576810	28598810	4	2	2	2
12	28598811	29141766	5	3	2	2
12	29141767	29976790	5	3	2	2
12	29976791	29979571	4	2	2	2
12	29979572	29986018	5	3	2	2
12	29986019	33299999	4	2	2	2
12	33300000	38199999	NA	NA	NA	NA
12	38200000	70753283	3	2	1	3
12	70753284	71377133	2	2	0	3
12	71377134	71378321	2	2	0	2
12	71378322	104603691	2	2	0	3
12	104603692	128406116	3	2	1	2
12	128406117	128994209	2	2	0	3
12	128994210	132349400	5	3	2	2
12	132349401	133851894	5	3	2	2
13	1	16299999	6	4	2	1
13	16300000	19499999	NA	NA	NA	NA
13	19500000	20442385	6	4	2	2
13	20442386	20535698	4	4	0	2
13	20535699	24088687	6	4	2	2
13	24088688	24419900	2	2	0	2
13	24419901	28534646	3	2	1	1
13	28534647	29670859	2	2	0	2
13	29670860	55819800	3	2	1	2
13	55819801	56830385	1	1	0	2
13	56830386	73546726	2	1	1	1
13	73546727	73675911	1	1	0	2
13	73675912	73799610	2	2	0	2
13	73799611	74029968	1	1	0	2
13	74029969	74662196	3	2	1	2
13	74662197	89379982	2	2	0	2
13	89379983	114142800	3	2	1	2
13	114142801	115169877	3	2	1	1
14	1	16099999	4	3	1	1
14	16100000	19099999	NA	NA	NA	NA
14	19100000	19489201	6	5	1	1
14	19489202	20375050	3	3	0	1
14	20375051	20645654	5	4	1	2
14	20645655	20646148	5	4	1	1
14	20646149	22429629	3	2	1	3
14	22429630	22430536	3	2	1	2
14	22430537	22431911	25	24	1	1
14	22431912	22453308	8	8	0	1
14	22453309	22553416	8	8	0	1
14	22553417	25072806	3	2	1	3
14	25072807	25616659	6	5	1	2
14	25616660	25713199	6	5	1	2
14	25713200	25759004	6	5	1	2
14	25759005	26485830	6	5	1	2
14	26485831	27110156	6	5	1	2
14	27110157	27113537	8	7	1	1
14	27113538	27680190	8	7	1	1
14	27680191	28825531	3	2	1	3
14	28825532	28826269	3	2	1	2
14	28826270	29272264	5	4	1	3
14	29272265	30269616	4	3	1	3
14	30269617	30334795	7	6	1	2
14	30334796	30335723	7	6	1	2
14	30335724	30426576	7	6	1	2
14	30426577	30656530	8	7	1	1
14	30656531	30657450	10	9	1	1
14	30657451	30713666	8	7	1	1
14	30713667	31070170	8	8	0	1
14	31070171	31079874	12	11	1	1
14	31079875	31098580	8	7	1	1
14	31098581	31734564	8	7	1	1
14	31734565	31747986	4	3	1	2
14	31747987	32502030	8	7	1	2
14	32502031	34015881	5	4	1	2
14	34015882	34186169	6	5	1	3
14	34186170	34291722	5	4	1	2
14	34291723	34292140	4	3	1	2
14	34292141	34343984	5	4	1	2
14	34343985	34344366	4	3	1	2
14	34344367	34367812	6	5	1	2
14	34367813	34553910	8	8	0	1
14	34553911	34574855	8	8	0	1
14	34574856	34575133	21	20	1	1
14	34575134	34578681	21	20	1	1
14	34578682	34579436	21	20	1	2
14	34579437	34798153	8	8	0	1
14	34798154	34939894	8	8	0	1
14	34939895	34967030	28	27	1	1
14	34967031	34970706	28	27	1	1
14	34970707	35133056	8	8	0	1
14	35133057	35172324	8	8	0	1
14	35172325	35718193	5	4	1	2
14	35718194	35723553	3	2	1	2
14	35723554	35972691	3	2	1	2
14	35972692	36820638	4	3	1	2
14	36820639	38000236	6	5	1	2
14	38000237	38007770	5	4	1	2
14	38007771	38069809	8	8	0	1
14	38069810	38336782	8	8	0	1
14	38336783	38341025	7	4	3	1
14	38341026	38421441	18	17	1	1
14	38421442	38624046	8	8	0	1
14	38624047	38832885	8	8	0	1
14	38832886	38834322	8	8	0	1
14	38834323	38844484	8	8	0	1
14	38844485	40207097	2	1	1	2
14	40207098	72811012	3	2	1	2
14	72811013	73744177	3	2	1	2
14	73744178	77988621	3	2	1	2
14	77988622	103135644	3	2	1	2
14	103135645	104653811	2	2	0	2
14	104653812	106368400	3	2	1	2
15	1	15799999	2	1	1	1
15	15800000	20699999	2	1	1	2
15	20700000	21115547	2	1	1	2
15	21115548	22156297	2	1	1	2
15	22156298	60537383	2	1	1	3
15	60537384	60537567	2	1	1	2
15	60537568	95196113	2	1	1	2
15	95196114	95567143	1	1	0	3
15	95567144	100338800	2	1	1	3
15	100338801	102356497	2	1	1	2
16	44564	84169	4	2	2	1
16	84170	34599999	4	2	2	2
16	34600000	38599999	4	2	2	2
16	38600000	59293802	4	2	2	2
16	59293803	59873479	2	2	0	2
16	59873480	88827200	4	2	2	2
16	88827201	90354752	4	2	2	2
17	7	13060046	2	2	0	2
17	13060047	18810758	4	2	2	2
17	18810759	18833376	2	1	1	2
17	18833377	22199999	4	2	2	2
17	22200000	25799999	4	2	2	2
17	25800000	50117002	4	2	2	2
17	50117003	50623290	2	2	0	2
17	50623291	78774600	4	2	2	2
17	78774601	81195209	4	2	2	2
18	27500	15399999	2	2	0	3
18	15400000	18999999	NA	NA	NA	NA
18	19000000	19366344	5	3	2	2
18	19366345	19440922	5	3	2	2
18	19440923	19476992	5	3	2	1
18	19476993	20275552	6	4	2	3
18	20275553	20733402	6	4	2	2
18	20733403	22358091	5	3	2	3
18	22358092	22532499	4	2	2	3
18	22532500	22950927	3	2	1	3
18	22950928	24346587	4	2	2	2
18	24346588	24384747	4	2	2	2
18	24384748	25946326	3	2	1	3
18	25946327	27862499	2	2	0	3
18	27862500	28568534	3	2	1	2
18	28568535	29571966	2	2	0	3
18	29571967	30529985	3	2	1	3
18	30529986	30813435	5	3	2	1
18	30813436	31021766	3	2	1	2
18	31021767	40682285	2	2	0	3
18	40682286	42087499	4	2	2	2
18	42087500	43600108	2	2	0	3
18	43600109	47560575	4	2	2	2
18	47560576	61792064	2	2	0	3
18	61792065	61799125	2	2	0	2
18	61799126	76117000	2	2	0	3
18	76117001	78077247	2	2	0	2
19	102500	271071	2	1	1	2
19	271072	24399999	3	2	1	2
19	24400000	28599999	3	2	1	2
19	28600000	59128982	3	2	1	2
20	29234	25599999	2	2	0	2
20	25600000	29426282	NA	NA	NA	NA
20	29426283	35531001	3	2	1	2
20	35531002	44517360	4	2	2	2
20	44517361	45269053	3	2	1	2
20	45269054	46938214	4	2	2	2
20	46938215	48160969	5	3	2	2
20	48160970	48230013	8	7	1	1
20	48230014	58749573	4	2	2	2
20	58749574	62432500	4	2	2	2
21	1	9417499	NA	NA	NA	NA
21	9417500	10417500	NA	NA	NA	NA
21	10417501	10899999	NA	NA	NA	NA
21	10900000	14547500	4	3	1	1
21	14547501	23745606	4	2	2	2
21	23745607	23781195	3	2	1	1
21	23781196	32757407	4	2	2	2
21	32757408	32871587	3	2	1	2
21	32871588	34964222	4	2	2	2
21	34964223	46937500	2	2	0	3
21	46937501	48129894	2	2	0	2
22	1	12199999	4	2	2	1
22	12200000	17899999	4	2	2	2
22	17900000	29065572	4	2	2	2
22	29065573	29065838	4	2	2	2
22	29065839	46019851	4	2	2	2
22	46019852	47402776	5	3	2	2
22	47402777	47426678	4	2	2	2
22	47426679	49687500	3	2	1	2
22	49687501	51304565	3	2	1	2
X	1	31905916	2	1	1	2
X	31905917	31973007	1	1	0	2
X	31973008	58099999	2	1	1	2
X	58100000	62999999	2	1	1	2
X	63000000	67302259	2	1	1	2
X	67302260	67303815	3	2	1	2
X	67303816	68799917	3	2	1	2
X	68799918	69260067	4	3	1	2
X	69260068	92379999	3	2	1	2
X	92380000	94351688	3	2	1	2
X	94351689	95130073	1	1	0	2
X	95130074	130101080	3	2	1	2
X	130101081	130102186	2	1	1	2
X	130102187	154913600	3	2	1	2
