chromosome	start	end	total_cn	major_cn	minor_cn	star
1	10001	9416695	2	1	1	2
1	9416696	9417916	2	1	1	2
1	9417917	71944310	2	1	1	2
1	71944311	76759620	2	1	1	2
1	76759621	107189418	2	1	1	2
1	107189419	118087258	2	1	1	2
1	118087259	121499999	2	1	1	2
1	121500000	128899999	2	1	1	2
1	128900000	144896318	2	1	1	2
1	144896319	166126997	3	2	1	2
1	166126998	173320020	3	2	1	2
1	173320021	192145598	3	2	1	2
1	192145599	209287767	3	2	1	2
1	209287768	210244769	4	2	2	2
1	210244770	232219961	3	2	1	2
1	232219962	233295300	4	2	2	2
1	233295301	247249600	3	2	1	2
1	247249601	249250620	3	2	1	2
2	26379	20521479	2	1	1	2
2	20521480	20587532	3	2	1	2
2	20587533	41332673	2	1	1	2
2	41332674	53170000	2	1	1	2
2	53170001	56534801	2	1	1	2
2	56534802	90499999	2	1	1	2
2	90500000	96799999	2	1	1	2
2	96800000	124560013	2	1	1	2
2	124560014	145429402	2	1	1	2
2	145429403	152220826	2	1	1	2
2	152220827	152227475	2	1	1	2
2	152227476	156241835	2	1	1	2
2	156241836	186513601	2	1	1	2
2	186513602	186649153	2	1	1	1
2	186649154	192875759	2	1	1	2
2	192875760	193223207	2	1	1	2
2	193223208	196070800	2	1	1	2
2	196070801	211372602	2	1	1	2
2	211372603	211440056	4	2	2	1
2	211440057	213210974	2	1	1	2
2	213210975	213927601	2	1	1	2
2	213927602	242985695	2	1	1	2
3	62226	19688802	2	1	1	2
3	19688803	25940801	2	1	1	2
3	25940802	27142782	2	1	1	2
3	27142783	30521201	2	1	1	2
3	30521202	35400006	2	1	1	2
3	35400007	46498199	2	1	1	2
3	46498200	47464140	3	2	1	2
3	47464141	70803201	2	1	1	2
3	70803202	77590898	2	1	1	2
3	77590899	82959986	2	1	1	2
3	82959987	84742200	2	1	1	2
3	84742201	87899999	2	1	1	2
3	87900000	93899999	2	1	1	2
3	93900000	96270658	2	1	1	2
3	96270659	117976600	2	1	1	2
3	117976601	161954601	2	1	1	2
3	161954602	198022429	2	1	1	2
4	27500	6185331	2	1	1	2
4	6185332	6962131	3	2	1	2
4	6962132	18371806	2	1	1	2
4	18371807	19171801	2	1	1	2
4	19171802	44023606	2	1	1	2
4	44023607	44910716	2	1	1	2
4	44910717	44951587	5	3	2	1
4	44951588	48199999	2	1	1	2
4	48200000	52699999	2	1	1	2
4	52700000	63759250	2	1	1	2
4	63759251	63840673	4	2	2	1
4	63840674	72455484	2	1	1	2
4	72455485	80957595	2	1	1	2
4	80957596	104968608	2	1	1	2
4	104968609	117506600	2	1	1	2
4	117506601	130760600	2	1	1	2
4	130760601	190790246	2	1	1	2
5	65533	45910099	2	1	1	2
5	45910100	46099999	9	5	4	1
5	46100000	50762277	NA	NA	NA	NA
5	50762278	88535402	2	1	1	2
5	88535403	98448031	2	1	1	2
5	98448032	109283401	2	1	1	2
5	109283402	111374402	2	1	1	2
5	111374403	125320008	2	1	1	2
5	125320009	176285119	2	1	1	2
5	176285120	177266835	3	2	1	1
5	177266836	180690937	2	1	1	2
6	39681	205609	2	1	1	1
6	205610	18738822	2	1	1	2
6	18738823	43038929	2	1	1	2
6	43038930	43447620	3	2	1	2
6	43447621	47799995	2	1	1	2
6	47799996	58580889	2	1	1	2
6	58580890	63744919	2	1	1	2
6	63744920	79049063	2	1	1	2
6	79049064	82769429	2	1	1	2
6	82769430	91651349	2	1	1	2
6	91651350	99161001	2	1	1	2
6	99161002	103896357	2	1	1	2
6	103896358	127509202	2	1	1	2
6	127509203	170913340	2	1	1	2
7	40386	8360003	2	1	1	2
7	8360004	11295203	2	1	1	2
7	11295204	11750034	2	1	1	2
7	11750035	57984018	2	1	1	2
7	57984019	62421124	NA	NA	NA	NA
7	62421125	76241210	2	1	1	2
7	76241211	89620003	2	1	1	2
7	89620004	89770015	4	2	2	1
7	89770016	103289955	2	1	1	2
7	103289956	112668126	2	1	1	2
7	112668127	136093603	2	1	1	2
7	136093604	136791001	2	1	1	2
7	136791002	158821400	2	1	1	2
8	10001	163248	1	1	0	2
8	163249	11420757	1	1	0	2
8	11420758	12406157	2	2	0	2
8	12406158	12455753	1	1	0	2
8	12455754	43099999	1	1	0	2
8	43100000	48099999	NA	NA	NA	NA
8	48100000	67085889	3	2	1	2
8	67085890	67813104	3	2	1	2
8	67813105	108610017	3	2	1	2
8	108610018	118678894	3	2	1	2
8	118678895	123912953	3	2	1	2
8	123912954	124839742	3	2	1	2
8	124839743	133884019	3	2	1	2
8	133884020	146364021	3	2	1	2
9	10001	203567	1	1	0	1
9	203568	8589987	2	1	1	2
9	8589988	10742333	2	1	1	2
9	10742334	20110164	2	1	1	2
9	20110165	20184967	5	3	2	1
9	20184968	24039961	2	1	1	2
9	24039962	44867222	2	1	1	2
9	44867223	47299999	2	2	0	1
9	47300000	50699999	NA	NA	NA	NA
9	50700000	66847351	2	1	1	2
9	66847352	68993632	2	1	1	2
9	68993633	89613683	2	1	1	2
9	89613684	120191902	1	1	0	2
9	120191903	140273200	2	1	1	2
9	140273201	140971676	2	1	1	2
10	10001	144413	2	1	1	1
10	144414	36760824	2	1	1	2
10	36760825	37999999	2	1	1	2
10	38000000	42676456	2	1	1	2
10	42676457	59500006	2	1	1	2
10	59500007	62844759	2	1	1	2
10	62844760	88286602	2	1	1	2
10	88286603	88636008	2	1	1	2
10	88636009	89720829	2	2	0	1
10	89720830	89723732	2	1	1	2
10	89723733	93777931	2	1	1	2
10	93777932	94924989	2	1	1	1
10	94924990	135389304	2	1	1	2
11	20721	228126	2	1	1	2
11	228127	25204252	2	1	1	2
11	25204253	27970201	2	1	1	2
11	27970202	36587513	2	1	1	2
11	36587514	50350021	2	1	1	2
11	50350022	51599999	2	1	1	2
11	51600000	55699999	2	1	1	1
11	55700000	58473548	2	1	1	2
11	58473549	58597934	2	1	1	1
11	58597935	66135204	2	1	1	2
11	66135205	66152078	2	1	1	1
11	66152079	80430015	2	1	1	2
11	80430016	82089996	2	1	1	2
11	82089997	84110003	2	1	1	2
11	84110004	84589699	2	1	1	2
11	84589700	84877852	2	1	1	2
11	84877853	91855078	2	1	1	2
11	91855079	116114960	2	1	1	2
11	116114961	117140801	3	2	1	2
11	117140802	134452200	2	1	1	2
12	110107	16287002	2	1	1	2
12	16287003	28239357	2	1	1	2
12	28239358	33299999	2	1	1	2
12	33300000	38199999	2	1	1	2
12	38200000	45749964	2	1	1	1
12	45749965	79878826	2	1	1	2
12	79878827	83740870	2	1	1	2
12	83740871	92366184	2	1	1	2
12	92366185	98705084	2	1	1	2
12	98705085	100256742	2	1	1	2
12	100256743	110135454	2	1	1	2
12	110135455	110136072	2	1	1	2
12	110136073	132358620	2	1	1	2
12	132358621	133851894	2	1	1	2
13	1	16299999	NA	NA	NA	NA
13	16300000	19499999	2	1	1	2
13	19500000	20662582	2	1	1	2
13	20662583	21636041	3	2	1	2
13	21636042	46342079	2	1	1	2
13	46342080	48877210	1	1	0	2
13	48877211	48878271	1	1	0	2
13	48878272	63110416	1	1	0	2
13	63110417	78459995	1	1	0	2
13	78459996	110609080	1	1	0	2
13	110609081	114142800	2	1	1	2
13	114142801	115169877	2	1	1	1
14	1	16099999	NA	NA	NA	NA
14	16100000	19099999	2	1	1	2
14	19100000	28514001	2	1	1	2
14	28514002	31343061	2	1	1	2
14	31343062	32222971	3	2	1	2
14	32222972	40390120	2	1	1	2
14	40390121	46399895	2	1	1	2
14	46399896	49643647	2	1	1	2
14	49643648	49982712	3	2	1	2
14	49982713	106368400	2	1	1	2
15	1	15799999	NA	NA	NA	NA
15	15800000	20699999	2	1	1	2
15	20700000	47210910	2	1	1	2
15	47210911	53730006	2	1	1	2
15	53730007	77860480	2	1	1	2
15	77860481	78948504	3	2	1	2
15	78948505	100372046	2	1	1	2
15	100372047	102361381	2	1	1	2
16	89980	34599999	2	1	1	2
16	34600000	38599999	NA	NA	NA	NA
16	38600000	46837454	4	3	1	1
16	46837455	46955564	4	3	1	1
16	46955565	47240023	1	1	0	1
16	47240024	52249946	1	1	0	2
16	52249947	61693238	1	1	0	2
16	61693239	64159996	1	1	0	2
16	64159997	88827200	1	1	0	2
16	88827201	90354752	1	1	0	2
17	47369	22199999	2	1	1	2
17	22200000	25799999	NA	NA	NA	NA
17	25800000	30808482	2	1	1	1
17	30808483	30809651	2	1	1	2
17	30809652	31296971	3	2	1	2
17	31296972	31308208	3	2	1	2
17	31308209	54689978	3	2	1	2
17	54689979	78774600	3	2	1	2
17	78774601	81195209	3	2	1	2
18	10001	15399999	2	1	1	2
18	15400000	18999999	2	1	1	2
18	19000000	35849954	2	1	1	2
18	35849955	42096200	2	1	1	2
18	42096201	76117000	2	1	1	2
18	76117001	78077247	2	1	1	1
19	102500	285329	2	1	1	2
19	285330	10483207	2	1	1	2
19	10483208	11353113	3	2	1	2
19	11353114	24394960	2	1	1	2
19	24394961	28599999	NA	NA	NA	NA
19	28600000	59128982	2	1	1	2
20	17500	11505402	2	1	1	2
20	11505403	25599999	2	1	1	2
20	25600000	29464810	2	1	1	2
20	29464811	29830003	2	1	1	2
20	29830004	30720354	3	2	1	2
20	30720355	62435800	2	1	1	2
21	1	9411193	NA	NA	NA	NA
21	9411194	10899999	NA	NA	NA	NA
21	10900000	15273816	2	1	1	2
21	15273817	46944200	2	1	1	2
21	46944201	48129894	2	1	1	2
22	1	12199999	NA	NA	NA	NA
22	12200000	17899999	2	1	1	2
22	17900000	49691400	2	1	1	2
22	49691401	51304565	2	1	1	1
X	1	58099999	1	1	0	3
X	58100000	62999999	1	1	0	3
X	63000000	155270559	1	1	0	3
Y	1	11599999	NA	NA	NA	NA
Y	11600000	13399999	NA	NA	NA	NA
Y	13400000	59373565	NA	NA	NA	NA
