chromosome	start	end	total_cn	major_cn	minor_cn	star
1	10001	791852	3	3	0	1
1	791853	1108282	3	3	0	2
1	1108283	1120489	2	2	0	1
1	1120490	1469934	24	24	0	1
1	1469935	1471030	29	25	4	1
1	1471031	1471268	10	10	0	1
1	1471269	1471281	NA	NA	NA	NA
1	1471282	1471298	NA	NA	NA	NA
1	1471299	1471408	2	2	0	1
1	1471409	8041698	2	2	0	2
1	8041699	8448342	4	4	0	2
1	8448343	9091707	2	2	0	2
1	9091708	9945720	0	0	0	2
1	9945721	10746280	2	2	0	2
1	10746281	10746422	2	2	0	2
1	10746423	10747733	2	1	1	1
1	10747734	10747765	2	2	0	2
1	10747766	11182334	2	2	0	2
1	11182335	11182354	2	2	0	1
1	11182355	11182498	2	2	0	1
1	11182499	22083276	2	2	0	2
1	22083277	22137303	5	5	0	2
1	22137304	27379594	2	2	0	2
1	27379595	28254056	4	4	0	2
1	28254057	35927091	2	2	0	2
1	35927092	36121707	4	2	2	1
1	36121708	40951363	2	2	0	2
1	40951364	41228967	5	5	0	2
1	41228968	64844260	2	2	0	2
1	64844261	65080709	5	5	0	2
1	65080710	94969710	2	2	0	2
1	94969711	95151579	4	4	0	2
1	95151580	121499999	2	2	0	2
1	121500000	128899999	2	2	0	1
1	128900000	142609938	2	2	0	1
1	142609939	151175890	3	2	1	2
1	151175891	151446314	3	2	1	1
1	151446315	155937515	3	2	1	2
1	155937516	156221133	4	2	2	1
1	156221134	247247500	4	2	2	2
1	247247501	249250620	4	2	2	1
2	20016	11348369	4	2	2	2
2	11348370	11666474	2	2	0	2
2	11666475	24647595	3	2	1	2
2	24647596	24784352	6	3	3	1
2	24784353	89132237	3	2	1	2
2	89132238	89159141	3	2	1	1
2	89159142	90499999	3	2	1	1
2	90500000	96799999	NA	NA	NA	NA
2	96800000	141838570	4	2	2	2
2	141838571	142050916	4	4	0	1
2	142050917	163477527	4	2	2	1
2	163477528	163482752	4	2	2	2
2	163482753	169666963	4	2	2	2
2	169666964	169691335	4	2	2	2
2	169691336	235563578	4	2	2	2
2	235563579	235875386	4	2	2	2
2	235875387	242985695	4	2	2	2
3	100074	20179981	2	1	1	2
3	20179982	20425622	5	4	1	1
3	20425623	66885049	2	1	1	2
3	66885050	66887735	2	1	1	2
3	66887736	87899999	2	1	1	2
3	87900000	93899999	2	1	1	2
3	93900000	126900800	2	1	1	2
3	126900801	127645918	4	3	1	2
3	127645919	174987391	2	1	1	2
3	174987392	175155734	1	1	0	2
3	175155735	196460734	2	1	1	2
3	196460735	196729556	6	5	1	2
3	196729557	197779891	4	3	1	2
4	27500	6562798	2	2	0	2
4	6562799	6563493	6	6	0	1
4	6563494	6564386	5	5	0	1
4	6564387	6564889	6	5	1	1
4	6564890	6564964	5	5	0	1
4	6564965	7033172	4	4	0	2
4	7033173	48199999	2	2	0	2
4	48200000	52699999	2	2	0	2
4	52700000	54281848	2	2	0	2
4	54281849	54327192	2	2	0	2
4	54327193	128210458	2	2	0	2
4	128210459	128214692	2	2	0	2
4	128214693	191154275	2	2	0	2
5	22500	432819	4	2	2	1
5	432820	793258	7	4	3	1
5	793259	837500	4	2	2	1
5	837501	43305868	4	2	2	2
5	43305869	43536230	6	3	3	1
5	43536231	46099999	4	2	2	2
5	46100000	50699999	4	2	2	1
5	50700000	52710001	4	2	2	2
5	52710002	170099076	2	2	0	2
5	170099077	170506096	5	5	0	2
5	170506097	177232500	2	2	0	2
5	177232501	177690034	4	4	0	2
5	177690035	180050248	2	2	0	2
6	97750	29810113	3	2	1	2
6	29810114	30201195	3	2	1	2
6	30201196	32803839	3	2	1	2
6	32803840	42143991	4	2	2	2
6	42143992	42149335	4	2	2	1
6	42149336	58699999	4	2	2	2
6	58700000	63299999	4	2	2	2
6	63300000	101725954	4	2	2	2
6	101725955	101729715	4	2	2	1
6	101729716	101790379	4	2	2	1
6	101790380	101840650	4	2	2	1
6	101840651	125930288	4	2	2	2
6	125930289	126716437	6	3	3	1
6	126716438	130044771	4	2	2	2
6	130044772	130082586	6	3	3	1
6	130082587	162547666	4	2	2	1
6	162547667	162548692	4	2	2	1
6	162548693	170921585	4	2	2	2
7	40386	16802387	4	2	2	2
7	16802388	17069056	4	2	2	1
7	17069057	26096298	4	2	2	2
7	26096299	26326378	5	4	1	2
7	26326379	45106898	4	2	2	2
7	45106899	45132963	4	2	2	2
7	45132964	57999999	4	2	2	2
7	58000000	61699999	NA	NA	NA	NA
7	61700000	66198950	3	2	1	2
7	66198951	66524599	5	4	1	2
7	66524600	73502126	4	2	2	2
7	73502127	73859141	4	2	2	1
7	73859142	92199949	4	2	2	2
7	92199950	92201702	4	4	0	1
7	92201703	92839963	5	3	2	2
7	92839964	158817500	4	2	2	2
8	10001	155756	4	3	1	1
8	155757	43099999	4	2	2	2
8	43100000	48099999	4	2	2	2
8	48100000	80685616	4	2	2	2
8	80685617	81865329	4	2	2	2
8	81865330	95965424	4	2	2	2
8	95965425	95980277	4	2	2	1
8	95980278	118933653	2	1	1	1
8	118933654	119245909	4	2	2	1
8	119245910	141652487	2	1	1	1
8	141652488	141655890	2	1	1	1
8	141655891	146364021	2	1	1	1
9	10001	214863	2	2	0	2
9	214864	44436219	2	2	0	2
9	44436220	47299999	2	2	0	2
9	47300000	50699999	2	2	0	2
9	50700000	70947397	2	2	0	2
9	70947398	99190199	2	2	0	2
9	99190200	99191189	2	2	0	2
9	99191190	103269940	2	2	0	2
9	103269941	104559995	4	4	0	2
9	104559996	130576132	2	2	0	2
9	130576133	130896067	4	2	2	2
9	130896068	137413256	2	2	0	2
9	137413257	139584801	2	2	0	2
9	139584802	139585519	2	2	0	2
9	139585520	139694817	2	2	0	2
9	139694818	140068174	6	6	0	2
9	140068175	140267500	3	3	0	2
10	94426	11576215	4	2	2	2
10	11576216	11839793	4	2	2	1
10	11839794	20128408	4	2	2	2
10	20128409	27131671	4	2	2	2
10	27131672	27377551	4	2	2	2
10	27377552	32330063	4	2	2	2
10	32330064	32557007	8	4	4	1
10	32557008	35984031	5	3	2	2
10	35984032	37999999	4	2	2	2
10	38000000	42299999	4	2	2	2
10	42300000	49433894	4	2	2	2
10	49433895	68895460	4	2	2	2
10	68895461	70116954	4	2	2	2
10	70116955	73654934	4	2	2	1
10	73654935	74946098	4	2	2	2
10	74946099	76699975	3	2	1	2
10	76699976	77221863	6	3	3	1
10	77221864	77233975	6	3	3	1
10	77233976	77259420	NA	NA	NA	NA
10	77259421	77317786	3	2	1	2
10	77317787	93792553	1	1	0	2
10	93792554	97917026	2	2	0	2
10	97917027	98151033	4	4	0	2
10	98151034	100774174	2	2	0	2
10	100774175	102876752	2	2	0	2
10	102876753	103032599	3	3	0	2
10	103032600	112157500	2	2	0	2
10	112157501	112258887	5	5	0	1
10	112258888	114117479	38	38	0	1
10	114117480	114299734	38	38	0	1
10	114299735	114753982	49	49	0	1
10	114753983	114824275	30	30	0	2
10	114824276	114825316	49	49	0	1
10	114825317	115181447	49	49	0	1
10	115181448	115326412	42	42	0	1
10	115326413	121625002	3	3	0	2
10	121625003	123255940	2	2	0	2
10	123255941	123260812	2	2	0	2
10	123260813	127015306	3	3	0	2
10	127015307	135389304	2	2	0	2
11	20721	199672	4	2	2	1
11	199673	603890	4	2	2	1
11	603891	860097	4	2	2	2
11	860098	860237	4	2	2	1
11	860238	867217	4	2	2	1
11	867218	869421	4	2	2	1
11	869422	870313	4	2	2	1
11	870314	887122	4	2	2	1
11	887123	993317	5	4	1	1
11	993318	2173654	5	4	1	1
11	2173655	2176749	1	1	0	1
11	2176750	2179418	4	2	2	1
11	2179419	2387165	4	2	2	2
11	2387166	3715620	1	1	0	2
11	3715621	3738859	1	1	0	2
11	3738860	4530548	4	2	2	2
11	4530549	4537400	4	2	2	2
11	4537401	4538539	2	1	1	1
11	4538540	5225309	1	1	0	2
11	5225310	6400020	4	2	2	2
11	6400021	9927292	1	1	0	2
11	9927293	9929222	5	4	1	1
11	9929223	13064623	5	4	1	2
11	13064624	13770000	7	6	1	2
11	13770001	13771948	9	9	0	1
11	13771949	17991998	4	2	2	1
11	17991999	18010166	1	1	0	2
11	18010167	19380213	1	1	0	2
11	19380214	50260976	3	2	1	2
11	50260977	50683393	2	1	1	1
11	50683394	55699999	NA	NA	NA	NA
11	55700000	61620273	4	2	2	2
11	61620274	61932405	6	3	3	1
11	61932406	64725530	3	2	1	2
11	64725531	65635365	3	2	1	2
11	65635366	65655649	3	2	1	1
11	65655650	68471322	3	2	1	2
11	68471323	68863302	3	2	1	1
11	68863303	80315706	2	1	1	1
11	80315707	102359527	4	3	1	2
11	102359528	102396117	4	3	1	1
11	102396118	118614148	4	3	1	1
11	118614149	118969980	7	6	1	1
11	118969981	134442500	4	3	1	1
12	110107	10511967	2	2	0	2
12	10511968	33299999	2	2	0	2
12	33300000	38199999	2	2	0	2
12	38200000	42334378	2	2	0	2
12	42334379	42411977	5	5	0	2
12	42411978	69573671	2	2	0	2
12	69573672	69913257	5	5	0	2
12	69913258	132342500	2	2	0	2
12	132342501	133851894	2	2	0	2
13	1	16299999	5	4	1	1
13	16300000	19499999	NA	NA	NA	NA
13	19500000	35466379	4	2	2	2
13	35466380	35671944	6	3	3	1
13	35671945	38538264	4	2	2	2
13	38538265	38542371	4	2	2	2
13	38542372	46966092	4	2	2	2
13	46966093	46966135	5	4	1	1
13	46966136	47301026	6	3	3	1
13	47301027	47301062	7	6	1	1
13	47301063	56607310	4	2	2	2
13	56607311	56706645	5	4	1	1
13	56706646	99949693	4	2	2	2
13	99949694	100284656	5	3	2	1
13	100284657	114137500	4	2	2	2
13	114137501	115169877	4	2	2	1
14	1	16099999	4	4	0	1
14	16100000	19099999	NA	NA	NA	NA
14	19100000	21272587	4	2	2	2
14	21272588	23307507	1	1	0	2
14	23307508	23310248	5	4	1	1
14	23310249	23310582	4	4	0	1
14	23310583	92193584	3	2	1	2
14	92193585	92492046	6	4	2	1
14	92492047	92492353	7	6	1	1
14	92492354	92495382	NA	NA	NA	NA
14	92495383	106362500	1	1	0	2
15	1	15799999	2	2	0	1
15	15800000	20699999	2	2	0	2
15	20700000	67239858	2	2	0	2
15	67239859	67268217	5	5	0	2
15	67268218	100332500	2	2	0	2
15	100332501	102399211	2	2	0	2
16	37017	100009	3	3	0	1
16	100010	2749489	3	3	0	2
16	2749490	2931113	7	7	0	2
16	2931114	2931201	6	6	0	1
16	2931202	3082156	6	6	0	2
16	3082157	3195284	3	3	0	2
16	3195285	6834814	2	2	0	2
16	6834815	6906563	4	4	0	2
16	6906564	15426581	2	2	0	2
16	15426582	15885865	5	5	0	2
16	15885866	32315918	2	2	0	2
16	32315919	34283784	2	2	0	2
16	34283785	38599999	NA	NA	NA	NA
16	38600000	46447499	3	3	0	1
16	46447500	68849982	2	2	0	2
16	68849983	68938760	5	5	0	2
16	68938761	88319562	2	2	0	2
16	88319563	88827200	4	2	2	1
16	88827201	90354752	3	2	1	1
17	78	22199999	2	2	0	2
17	22200000	25799999	NA	NA	NA	NA
17	25800000	26740017	2	1	1	1
17	26740018	27095003	7	7	0	1
17	27095004	36806628	4	2	2	2
17	36806629	36807052	4	2	2	2
17	36807053	36807260	4	2	2	1
17	36807261	37164016	4	2	2	1
17	37164017	41696469	4	2	2	2
17	41696470	45424286	4	2	2	2
17	45424287	45816895	4	4	0	1
17	45816896	63820200	4	2	2	1
17	63820201	64931707	6	4	2	2
17	64931708	78810016	4	2	2	2
17	78810017	79760708	4	2	2	1
17	79760709	81195209	8	6	2	1
18	27500	125728	2	2	0	2
18	125729	15399999	2	2	0	2
18	15400000	19841658	NA	NA	NA	NA
18	19841659	55684595	1	1	0	2
18	55684596	55693884	1	1	0	2
18	55693885	76117000	1	1	0	2
18	76117001	78077247	1	1	0	2
19	102500	245674	2	1	1	1
19	245675	1916888	2	1	1	1
19	1916889	1920174	1	1	0	2
19	1920175	12887899	2	2	0	2
19	12887900	12892227	2	2	0	2
19	12892228	21795023	2	2	0	2
19	21795024	22148101	6	3	3	1
19	22148102	22484532	16	14	2	1
19	22484533	22530128	6	5	1	2
19	22530129	23122589	6	3	3	1
19	23122590	23388199	6	3	3	1
19	23388200	23710280	2	1	1	1
19	23710281	23913240	4	2	2	2
19	23913241	24399999	4	2	2	1
19	24400000	28599999	4	2	2	1
19	28600000	28882043	4	2	2	2
19	28882044	29308174	4	2	2	2
19	29308175	29308294	8	7	1	1
19	29308295	29379539	8	7	1	1
19	29379540	29599343	22	20	2	1
19	29599344	29726781	28	27	1	1
19	29726782	29764418	28	27	1	1
19	29764419	30041025	28	27	1	1
19	30041026	30245849	44	43	1	1
19	30245850	30317293	44	43	1	1
19	30317294	30348412	44	43	1	1
19	30348413	30562159	2	2	0	2
19	30562160	30684815	21	20	1	1
19	30684816	30685010	15	15	0	1
19	30685011	38213843	2	2	0	2
19	38213844	38591629	2	2	0	2
19	38591630	38934408	5	5	0	2
19	38934409	39710046	2	2	0	2
19	39710047	40091489	5	5	0	2
19	40091490	41108855	2	2	0	2
19	41108856	41134004	2	2	0	2
19	41134005	41136121	2	2	0	2
19	41136122	41334256	2	2	0	2
19	41334257	41728948	2	2	0	2
19	41728949	42687890	2	2	0	2
19	42687891	42738293	2	2	0	1
19	42738294	44893614	2	2	0	2
19	44893615	45088143	3	3	0	2
19	45088144	47743612	2	2	0	2
19	47743613	48016396	4	4	0	2
19	48016397	58932116	2	2	0	2
19	58932117	58932219	2	2	0	2
19	58932220	58949812	2	2	0	1
19	58949813	58957939	1	1	0	1
20	17500	465747	6	5	1	1
20	465748	15122407	3	2	1	2
20	15122408	15124185	3	2	1	2
20	15124186	25599999	3	2	1	2
20	25600000	29512499	NA	NA	NA	NA
20	29512500	30744983	5	5	0	1
20	30744984	30745852	5	4	1	1
20	30745853	44397671	3	2	1	1
20	44397672	44891028	3	2	1	2
20	44891029	54858280	3	2	1	2
20	54858281	55447909	5	4	1	1
20	55447910	62014987	3	2	1	2
20	62014988	62408422	5	4	1	1
20	62408423	62531284	2	1	1	1
20	62531285	62816738	6	5	1	1
21	1	9417499	NA	NA	NA	NA
21	9417500	10899999	NA	NA	NA	NA
21	10900000	14299999	2	2	0	1
21	14300000	34188037	2	2	0	2
21	34188038	34957487	5	5	0	2
21	34957488	46937500	2	2	0	2
21	46937501	48129894	2	2	0	2
22	1	12199999	2	2	0	1
22	12200000	17899999	2	2	0	2
22	17900000	29504657	2	2	0	2
22	29504658	29764382	5	5	0	2
22	29764383	41682676	2	2	0	2
22	41682677	42003690	4	4	0	2
22	42003691	50415744	2	2	0	2
22	50415745	50835962	2	2	0	1
X	1	7216028	1	1	0	1
X	7216029	7220527	NA	NA	NA	NA
X	7220528	7494703	0	0	0	1
X	7494704	7498763	1	1	0	1
X	7498764	58099999	1	1	0	1
X	58100000	62999999	1	1	0	1
X	63000000	93825985	1	1	0	1
X	93825986	94043194	1	1	0	1
X	94043195	143355068	1	1	0	1
X	143355069	143357224	1	1	0	1
X	143357225	143359664	1	1	0	1
X	143359665	143359849	1	1	0	1
X	143359850	155270559	1	1	0	1
Y	1	11599999	NA	NA	NA	NA
Y	11600000	13399999	NA	NA	NA	NA
Y	13400000	59373565	NA	NA	NA	NA
