chromosome	start	end	total_cn	major_cn	minor_cn	star
1	10001	25759498	2	1	1	3
1	25759499	26143877	2	1	1	2
1	26143878	112295123	2	1	1	3
1	112295124	112296734	2	1	1	2
1	112296735	121499999	2	1	1	3
1	121500000	128899999	2	1	1	3
1	128900000	143746938	2	1	1	2
1	143746939	196767007	2	1	1	3
1	196767008	196892216	2	1	1	3
1	196892217	211954268	2	1	1	3
1	211954269	247247500	2	1	1	3
1	247247501	249250620	2	1	1	3
2	20016	27904482	2	1	1	3
2	27904483	42479070	2	1	1	2
2	42479071	48247708	2	1	1	2
2	48247709	48338334	2	1	1	2
2	48338335	63646844	2	1	1	2
2	63646845	63937053	2	1	1	2
2	63937054	64029297	2	1	1	2
2	64029298	68916852	2	1	1	3
2	68916853	71519762	2	1	1	2
2	71519763	90499999	2	1	1	3
2	90500000	96799999	2	1	1	3
2	96800000	99419391	2	1	1	2
2	99419392	172242648	2	1	1	3
2	172242649	175761110	2	1	1	2
2	175761111	180395842	2	1	1	3
2	180395843	180772551	2	1	1	3
2	180772552	192125544	2	1	1	3
2	192125545	207005946	2	1	1	3
2	207005947	207033446	2	1	1	3
2	207033447	207053096	2	1	1	2
2	207053097	207089881	2	1	1	2
2	207089882	223418240	2	1	1	3
2	223418241	242988297	2	1	1	3
3	100074	5168185	2	1	1	3
3	5168186	11710100	2	1	1	2
3	11710101	15909127	2	1	1	3
3	15909128	16308594	1	1	0	3
3	16308595	71013704	2	1	1	3
3	71013705	71031817	2	1	1	2
3	71031818	87899999	2	1	1	3
3	87900000	93899999	2	1	1	2
3	93900000	119060283	2	1	1	3
3	119060284	119236118	1	1	0	3
3	119236119	124411586	2	1	1	3
3	124411587	125226886	2	1	1	2
3	125226887	132126292	2	1	1	3
3	132126293	132126386	2	1	1	3
3	132126387	198022429	2	1	1	3
4	27500	48199999	2	1	1	3
4	48200000	52699999	2	1	1	2
4	52700000	127823706	2	1	1	3
4	127823707	127977598	1	1	0	3
4	127977599	136776907	2	1	1	3
4	136776908	136784297	2	1	1	3
4	136784298	158776304	2	1	1	3
4	158776305	158780169	2	1	1	1
4	158780170	167356156	2	1	1	3
4	167356157	167359452	2	1	1	2
4	167359453	167359988	1	1	0	2
4	167359989	167409908	1	1	0	2
4	167409909	167461496	2	1	1	2
4	167461497	167472049	4	3	1	2
4	167472050	167473730	2	1	1	2
4	167473731	167477224	2	1	1	2
4	167477225	177320610	2	1	1	3
4	177320611	181512045	1	1	0	3
4	181512046	181512770	1	1	0	3
4	181512771	181913555	1	1	0	3
4	181913556	190828512	2	1	1	3
5	34382	21717814	2	1	1	3
5	21717815	22022092	2	1	1	3
5	22022093	46099994	2	1	1	3
5	46099995	50699999	2	1	1	2
5	50700000	180689978	2	1	1	3
6	39681	227500	2	1	1	2
6	227501	17818852	2	1	1	3
6	17818853	24770193	2	1	1	2
6	24770194	25970937	2	1	1	3
6	25970938	26660959	2	1	1	2
6	26660960	26662204	2	1	1	2
6	26662205	27888319	2	1	1	3
6	27888320	28196144	2	1	1	2
6	28196145	28196170	2	1	1	2
6	28196171	28197766	2	1	1	2
6	28197767	28263482	2	1	1	2
6	28263483	58699999	2	1	1	3
6	58700000	63299999	2	1	1	2
6	63300000	66817576	2	1	1	3
6	66817577	66836167	2	1	1	2
6	66836168	68387105	2	1	1	3
6	68387106	68393611	2	1	1	2
6	68393612	68403476	2	1	1	2
6	68403477	68652696	2	1	1	3
6	68652697	68705201	2	1	1	2
6	68705202	170899934	2	1	1	3
7	40386	57999999	2	1	1	3
7	58000000	61699999	2	1	1	2
7	61700000	62289368	2	1	1	1
7	62289369	84579508	2	1	1	3
7	84579509	84929146	2	1	1	2
7	84929147	118257538	2	1	1	3
7	118257539	118259825	2	1	1	2
7	118259826	158817500	2	1	1	3
8	172500	28348703	1	1	0	2
8	28348704	29119289	2	1	1	3
8	29119290	29119497	2	1	1	3
8	29119498	43099999	2	1	1	3
8	43100000	48099999	2	1	1	2
8	48100000	146364021	2	1	1	3
9	10001	203638	2	1	1	2
9	203639	47299999	2	1	1	3
9	47300000	50699999	2	1	1	2
9	50700000	66486485	2	1	1	2
9	66486486	140267500	2	1	1	3
10	102500	37999999	2	1	1	3
10	38000000	42299999	2	1	1	2
10	42300000	75583636	2	1	1	3
10	75583637	78050913	2	1	1	2
10	78050914	101157614	2	1	1	3
10	101157615	101158526	2	1	1	3
10	101158527	101553522	2	1	1	3
10	101553523	101554196	2	1	1	3
10	101554197	104150075	2	1	1	3
10	104150076	104155522	2	1	1	2
10	104155523	105648858	2	1	1	3
10	105648859	105648885	2	1	1	3
10	105648886	106115701	2	1	1	3
10	106115702	135389924	2	1	1	3
11	20721	190009	2	1	1	2
11	190010	10769897	2	1	1	3
11	10769898	10769948	2	1	1	3
11	10769949	50497298	2	1	1	3
11	50497299	50533267	2	1	1	2
11	50533268	50619979	0	0	0	2
11	50619980	55699999	NA	NA	NA	NA
11	55700000	61237134	2	1	1	3
11	61237135	61237177	2	1	1	3
11	61237178	82962531	2	1	1	3
11	82962532	82962549	2	1	1	3
11	82962550	100810953	2	1	1	3
11	100810954	105689963	2	1	1	3
11	105689964	109372146	2	1	1	3
11	109372147	111334995	2	1	1	2
11	111334996	134442500	2	1	1	3
12	110107	33299999	2	1	1	3
12	33300000	38199999	2	1	1	2
12	38200000	131591312	2	1	1	3
12	131591313	132473632	2	1	1	2
12	132473633	133851894	2	1	1	3
13	1	16299999	2	1	1	1
13	16300000	19499999	2	1	1	2
13	19500000	32283341	2	1	1	3
13	32283342	73735485	1	1	0	3
13	73735486	114137500	2	1	1	3
13	114137501	115169877	2	1	1	2
14	1	16099999	2	1	1	1
14	16100000	19099999	2	1	1	2
14	19100000	38127834	2	1	1	3
14	38127835	38130586	2	1	1	2
14	38130587	38336461	2	1	1	3
14	38336462	38339283	2	1	1	3
14	38339284	60243918	2	1	1	3
14	60243919	106399989	2	1	1	3
15	1	15799999	2	1	1	1
15	15800000	20699999	2	1	1	2
15	20700000	100332500	2	1	1	3
15	100332501	102531391	2	1	1	3
16	100010	32562500	2	1	1	3
16	32562501	34599999	2	1	1	2
16	34600000	38599999	NA	NA	NA	NA
16	38600000	50506453	2	1	1	3
16	50506454	86201588	1	1	0	2
16	86201589	88822500	1	1	0	2
16	88822501	90354752	1	1	0	2
17	12500	6949169	2	1	1	3
17	6949170	8176171	1	1	0	3
17	8176172	8472607	2	1	1	3
17	8472608	8472742	2	1	1	3
17	8472743	14369414	2	1	1	3
17	14369415	14369434	2	1	1	3
17	14369435	22199999	2	1	1	3
17	22200000	25799999	2	1	1	3
17	25800000	30801693	2	1	1	3
17	30801694	38270970	2	1	1	3
17	38270971	41409999	2	1	1	2
17	41410000	42309943	1	1	0	2
17	42309944	44240394	2	1	1	2
17	44240395	44790678	2	1	1	2
17	44790679	44798004	2	1	1	2
17	44798005	44801212	2	1	1	2
17	44801213	78772500	2	1	1	3
17	78772501	81195209	2	1	1	3
18	49938	15399999	2	1	1	3
18	15400000	18999999	2	1	1	3
18	19000000	38271339	2	1	1	3
18	38271340	38271887	2	1	1	3
18	38271888	38322595	2	1	1	2
18	38322596	38324824	2	1	1	2
18	38324825	76112500	2	1	1	3
18	76112501	78077247	2	1	1	3
19	102500	260136	2	1	1	2
19	260137	24399999	2	1	1	3
19	24400000	28599999	2	1	1	2
19	28600000	59128982	2	1	1	3
20	17500	25599999	2	1	1	3
20	25600000	29399999	2	1	1	3
20	29400000	62432500	2	1	1	3
21	1	9417499	NA	NA	NA	NA
21	9417500	10899999	NA	NA	NA	NA
21	10900000	14299999	2	1	1	1
21	14300000	39864832	2	1	1	3
21	39864833	39924295	2	1	1	2
21	39924296	42875080	1	1	0	2
21	42875081	42875762	2	1	1	2
21	42875763	46937500	2	1	1	3
21	46937501	48129894	2	1	1	3
22	1	12199999	2	1	1	1
22	12200000	17899999	2	1	1	3
22	17900000	49687500	2	1	1	3
22	49687501	51304565	2	1	1	3
X	1	58099999	1	1	0	3
X	58100000	62999999	1	1	0	2
X	63000000	155270559	1	1	0	3
Y	1	11599999	1	1	0	1
Y	11600000	13399999	NA	NA	NA	NA
Y	13400000	59373565	1	1	0	1
