chromosome	start	end	total_cn	major_cn	minor_cn	star
1	1	817499	3	2	1	2
1	817500	1782677	3	2	1	2
1	1782678	1891887	4	3	1	2
1	1891888	6299947	3	2	1	3
1	6299948	6723210	4	3	1	3
1	6723211	12902499	3	2	1	3
1	12902500	20100530	3	2	1	3
1	20100531	20100742	3	2	1	3
1	20100743	20771340	3	2	1	3
1	20771341	20802212	4	3	1	1
1	20802213	20863824	3	3	0	3
1	20863825	39942980	2	2	0	3
1	39942981	41275128	3	2	1	2
1	41275129	44057415	2	2	0	3
1	44057416	51781559	4	2	2	2
1	51781560	51835533	5	3	2	2
1	51835534	53503835	3	2	1	2
1	53503836	53643543	3	2	1	2
1	53643544	54053798	3	2	1	2
1	54053799	54054260	4	2	2	2
1	54054261	54103699	4	2	2	2
1	54103700	54104645	4	2	2	2
1	54104646	54648247	3	2	1	2
1	54648248	54993205	2	1	1	2
1	54993206	55201676	3	2	1	2
1	55201677	55201881	3	2	1	2
1	55201882	55208090	4	2	2	2
1	55208091	55208276	3	2	1	2
1	55208277	55212662	3	2	1	2
1	55212663	55219975	5	3	2	1
1	55219976	55296017	4	2	2	2
1	55296018	58671322	3	2	1	3
1	58671323	58696514	4	3	1	2
1	58696515	59324130	3	2	1	3
1	59324131	59630890	4	3	1	3
1	59630891	59757496	4	3	1	2
1	59757497	60232790	3	2	1	2
1	60232791	61527260	3	2	1	3
1	61527261	61875694	2	1	1	2
1	61875695	93226366	3	2	1	3
1	93226367	93276230	4	3	1	2
1	93276231	94376889	3	2	1	3
1	94376890	94646876	4	2	2	3
1	94646877	95528576	3	2	1	3
1	95528577	95583783	4	3	1	2
1	95583784	119578868	3	2	1	3
1	119578869	119620062	4	3	1	2
1	119620063	119984622	3	2	1	3
1	119984623	120060493	4	2	2	3
1	120060494	120305638	3	2	1	2
1	120305639	120305774	3	2	1	2
1	120305775	120308237	3	2	1	1
1	120308238	120308281	2	1	1	2
1	120308282	121499999	2	1	1	2
1	121500000	128899999	2	1	1	2
1	128900000	144920086	2	1	1	2
1	144920087	155259718	3	2	1	2
1	155259719	155292339	3	2	1	2
1	155292340	155334916	3	2	1	2
1	155334917	155670621	3	2	1	2
1	155670622	155742985	3	2	1	2
1	155742986	161079903	3	2	1	2
1	161079904	161437500	4	3	1	2
1	161437501	167492662	3	2	1	2
1	167492663	167496443	4	3	1	1
1	167496444	168264965	5	4	1	2
1	168264966	173648789	3	2	1	2
1	173648790	173691610	4	3	1	2
1	173691611	178805541	3	2	1	2
1	178805542	178858967	5	3	2	2
1	178858968	178859081	5	3	2	2
1	178859082	178859108	5	3	2	2
1	178859109	179922018	5	3	2	2
1	179922019	179922031	5	3	2	2
1	179922032	179922076	4	2	2	1
1	179922077	179922286	4	2	2	1
1	179922287	179922549	4	2	2	2
1	179922550	179922592	2	1	1	2
1	179922593	192480621	4	2	2	2
1	192480622	192506903	4	2	2	2
1	192506904	192519072	4	2	2	2
1	192519073	192519188	2	1	1	2
1	192519189	192548966	5	3	2	2
1	192548967	192549014	4	2	2	2
1	192549015	192958005	4	2	2	2
1	192958006	193587140	5	3	2	2
1	193587141	203491259	4	2	2	2
1	203491260	203985899	5	3	2	2
1	203985900	220904471	4	2	2	2
1	220904472	220941860	6	4	2	1
1	220941861	229997195	4	2	2	2
1	229997196	229998935	2	2	0	1
1	229998936	235405344	4	2	2	2
1	235405345	235467408	4	2	2	2
1	235467409	235487063	4	2	2	2
1	235487064	235489336	4	2	2	2
1	235489337	247199600	4	2	2	2
1	247199601	249183373	4	2	2	2
2	50814	9422512	2	1	1	3
2	9422513	9437534	2	1	1	3
2	9437535	20688636	2	1	1	3
2	20688637	20773210	2	1	1	2
2	20773211	21871401	3	2	1	2
2	21871402	21893760	2	1	1	2
2	21893761	29847630	2	1	1	3
2	29847631	29885976	3	2	1	2
2	29885977	34192624	2	1	1	3
2	34192625	34246654	2	1	1	2
2	34246655	39460660	2	1	1	3
2	39460661	39525213	3	2	1	2
2	39525214	41070216	2	1	1	3
2	41070217	41195697	2	1	1	2
2	41195698	46379843	2	1	1	3
2	46379844	46594977	3	2	1	3
2	46594978	46596578	3	2	1	2
2	46596579	46596741	4	3	1	1
2	46596742	46606202	4	3	1	2
2	46606203	46686671	4	3	1	2
2	46686672	46972027	4	3	1	3
2	46972028	47741445	3	2	1	3
2	47741446	62462096	2	1	1	3
2	62462097	62946528	1	1	0	3
2	62946529	63062874	2	1	1	1
2	63062875	64105710	1	1	0	3
2	64105711	64316141	2	1	1	3
2	64316142	64419012	2	1	1	2
2	64419013	64623440	1	1	0	2
2	64623441	64652979	1	1	0	2
2	64652980	68501923	2	1	1	3
2	68501924	68506020	2	1	1	2
2	68506021	69325736	2	1	1	3
2	69325737	69758281	1	1	0	2
2	69758282	85528203	2	1	1	3
2	85528204	85528557	3	2	1	1
2	85528558	85529016	3	2	1	1
2	85529017	85529043	3	2	1	2
2	85529044	85529324	3	2	1	2
2	85529325	86012358	3	2	1	2
2	86012359	86012383	3	2	1	2
2	86012384	90499999	2	1	1	3
2	90500000	96799999	2	1	1	3
2	96800000	98874674	2	1	1	3
2	98874675	98874800	2	1	1	2
2	98874801	98874867	2	1	1	1
2	98874868	98874926	2	1	1	1
2	98874927	98879314	3	2	1	2
2	98879315	99862540	3	2	1	3
2	99862541	99862763	3	2	1	2
2	99862764	99868580	3	2	1	1
2	99868581	128229191	2	1	1	3
2	128229192	128474846	3	2	1	3
2	128474847	151519233	2	1	1	3
2	151519234	151693150	3	2	1	3
2	151693151	151947808	3	2	1	2
2	151947809	152480493	3	2	1	3
2	152480494	204517317	2	1	1	3
2	204517318	205490009	3	2	1	3
2	205490010	233325976	2	1	1	3
2	233325977	233416536	2	1	1	2
2	233416537	235774561	2	1	1	3
2	235774562	235774662	2	1	1	2
2	235774663	235774885	2	1	1	1
2	235774886	235774901	2	1	1	1
2	235774902	235775096	2	1	1	1
2	235775097	235775127	2	1	1	1
2	235775128	235775318	3	2	1	1
2	235775319	235775414	3	2	1	1
2	235775415	235775636	3	2	1	1
2	235775637	235775709	3	2	1	1
2	235775710	235775739	3	2	1	1
2	235775740	237248625	3	2	1	2
2	237248626	237258108	3	2	1	2
2	237258109	242496255	1	1	0	3
2	242496256	242496545	1	1	0	2
2	242496546	242496709	1	1	0	2
2	242496710	242496725	1	1	0	2
2	242496726	242989986	1	1	0	3
3	80711	16444564	2	1	1	3
3	16444565	16741509	3	2	1	3
3	16741510	45801995	2	1	1	3
3	45801996	48302390	3	2	1	3
3	48302391	48302430	3	2	1	2
3	48302431	48306167	3	2	1	2
3	48306168	48306311	3	2	1	1
3	48306312	48306937	2	1	1	1
3	48306938	48310756	2	1	1	2
3	48310757	48310896	2	1	1	2
3	48310897	50221838	2	1	1	2
3	50221839	50310134	3	2	1	2
3	50310135	50959888	2	1	1	3
3	50959889	51479088	3	2	1	3
3	51479089	51638688	4	2	2	1
3	51638689	52167124	3	2	1	3
3	52167125	52515840	2	1	1	3
3	52515841	53153617	3	2	1	2
3	53153618	53255130	4	2	2	3
3	53255131	53972167	3	2	1	3
3	53972168	53972494	3	2	1	2
3	53972495	54963506	3	2	1	2
3	54963507	57953180	2	1	1	3
3	57953181	58015504	2	1	1	2
3	58015505	71650411	2	1	1	3
3	71650412	71650668	2	1	1	2
3	71650669	71650745	3	2	1	1
3	71650746	71694897	3	2	1	3
3	71694898	72274198	4	3	1	3
3	72274199	72274260	4	3	1	2
3	72274261	72278646	2	1	1	2
3	72278647	87899999	2	1	1	3
3	87900000	93899999	2	1	1	3
3	93900000	99692347	2	1	1	3
3	99692348	99701438	2	1	1	2
3	99701439	105666514	2	1	1	3
3	105666515	105909468	1	1	0	3
3	105909469	118671253	2	1	1	3
3	118671254	118672504	2	1	1	3
3	118672505	118697806	2	1	1	2
3	118697807	118698680	2	1	1	2
3	118698681	128756897	2	1	1	3
3	128756898	128776836	2	1	1	2
3	128776837	133406542	2	1	1	3
3	133406543	133439672	1	1	0	2
3	133439673	134025331	2	1	1	3
3	134025332	134027342	2	1	1	3
3	134027343	136140500	2	1	1	3
3	136140501	136265238	1	1	0	2
3	136265239	136280154	2	1	1	2
3	136280155	136402516	2	1	1	3
3	136402517	149183801	2	1	1	3
3	149183802	149200631	2	1	1	2
3	149200632	156820273	2	1	1	3
3	156820274	156862863	3	2	1	1
3	156862864	171919486	2	1	1	3
3	171919487	172025820	2	1	1	2
3	172025821	188505757	2	1	1	3
3	188505758	188715398	1	1	0	3
3	188715399	189504732	2	1	1	3
3	189504733	189505075	2	1	1	3
3	189505076	189571784	2	1	1	3
3	189571785	189574602	2	1	1	2
3	189574603	189940804	2	1	1	2
3	189940805	189949490	2	1	1	2
3	189949491	193413879	2	1	1	3
3	193413880	193878304	3	2	1	3
3	193878305	198022429	2	1	1	3
4	27500	2428449	2	1	1	3
4	2428450	2444924	3	2	1	2
4	2444925	24979453	2	1	1	3
4	24979454	25140845	3	2	1	3
4	25140846	39666970	2	1	1	3
4	39666971	40128538	1	1	0	3
4	40128539	48199999	2	1	1	3
4	48200000	52699999	2	1	1	2
4	52700000	69700790	2	1	1	3
4	69700791	69798285	3	2	1	3
4	69798286	69984976	4	3	1	2
4	69984977	72032625	2	1	1	3
4	72032626	72191733	1	1	0	2
4	72191734	88021684	2	1	1	3
4	88021685	88022451	2	1	1	3
4	88022452	99748130	2	1	1	3
4	99748131	100258782	3	2	1	3
4	100258783	122743077	2	1	1	3
4	122743078	122809524	2	1	1	3
4	122809525	152200548	2	1	1	3
4	152200549	152307544	3	2	1	2
4	152307545	156815967	2	1	1	3
4	156815968	156965457	1	1	0	3
4	156965458	180605195	2	1	1	3
4	180605196	180614892	3	2	1	1
4	180614893	185200215	2	1	1	3
4	185200216	185213316	2	1	1	2
4	185213317	186723271	2	1	1	2
4	186723272	186922368	3	2	1	2
4	186922369	186928124	3	2	1	2
4	186928125	187457876	3	2	1	2
4	187457877	191154275	2	1	1	2
5	22500	961927	2	1	1	2
5	961928	1296702	3	2	1	2
5	1296703	24455966	2	1	1	3
5	24455967	24456666	2	1	1	3
5	24456667	36133276	2	1	1	3
5	36133277	37328249	3	2	1	3
5	37328250	37328295	2	1	1	1
5	37328296	46099999	2	1	1	3
5	46100000	50699999	2	1	1	3
5	50700000	67111472	2	1	1	3
5	67111473	67855653	1	1	0	3
5	67855654	68097722	1	1	0	2
5	68097723	75530723	1	1	0	3
5	75530724	75588458	2	2	0	3
5	75588459	75637258	3	2	1	2
5	75637259	75638259	3	2	1	1
5	75638260	75778179	3	2	1	2
5	75778180	133754187	3	2	1	2
5	133754188	133876491	3	2	1	2
5	133876492	137929340	3	2	1	2
5	137929341	137949774	3	2	1	2
5	137949775	138224555	2	1	1	2
5	138224556	138647818	1	1	0	2
5	138647819	140539518	2	1	1	2
5	140539519	140543936	2	1	1	2
5	140543937	147010367	3	2	1	2
5	147010368	147866164	3	2	1	2
5	147866165	148669970	3	2	1	2
5	148669971	149035097	2	1	1	2
5	149035098	149051200	4	3	1	2
5	149051201	154203548	2	1	1	2
5	154203549	154262686	3	2	1	2
5	154262687	178236244	3	2	1	2
5	178236245	179400086	4	2	2	2
5	179400087	179646237	4	2	2	2
5	179646238	179861185	3	2	1	3
5	179861186	179861278	3	2	1	2
5	179861279	180688473	2	1	1	3
6	39681	242500	2	1	1	3
6	242501	2788468	2	1	1	3
6	2788469	3205125	3	2	1	3
6	3205126	14811876	2	1	1	3
6	14811877	14817122	2	1	1	3
6	14817123	32432536	2	1	1	3
6	32432537	36807717	2	1	1	3
6	36807718	36850758	2	1	1	2
6	36850759	36997590	2	1	1	2
6	36997591	36997874	2	1	1	2
6	36997875	37709224	3	2	1	3
6	37709225	37709483	2	1	1	1
6	37709484	37709506	2	1	1	1
6	37709507	37709857	2	1	1	1
6	37709858	37710243	2	1	1	1
6	37710244	37710256	2	1	1	1
6	37710257	37710403	2	1	1	1
6	37710404	37710449	2	1	1	1
6	37710450	37801440	2	1	1	3
6	37801441	37801622	2	1	1	2
6	37801623	37801662	2	1	1	2
6	37801663	37801799	2	1	1	2
6	37801800	37801824	2	1	1	2
6	37801825	37802062	2	1	1	2
6	37802063	37802350	2	1	1	2
6	37802351	37802473	2	1	1	2
6	37802474	43442559	2	1	1	2
6	43442560	43738146	4	3	1	1
6	43738147	43905807	7	6	1	2
6	43905808	43908446	6	5	1	2
6	43908447	43940330	9	8	1	1
6	43940331	43983770	5	4	1	2
6	43983771	43990764	3	2	1	2
6	43990765	56870057	2	1	1	3
6	56870058	56879765	2	1	1	3
6	56879766	58699999	2	1	1	3
6	58700000	63299999	2	1	1	3
6	63300000	81187817	2	1	1	3
6	81187818	81196883	2	1	1	2
6	81196884	111940594	2	1	1	3
6	111940595	111981130	2	1	1	2
6	111981131	116330176	2	1	1	3
6	116330177	116504086	2	1	1	2
6	116504087	139969716	2	1	1	3
6	139969717	139996823	3	2	1	2
6	139996824	150709935	2	1	1	3
6	150709936	150852232	3	2	1	3
6	150852233	154979899	2	1	1	3
6	154979900	154993608	3	2	1	1
6	154993609	167840047	2	1	1	3
6	167840048	168222399	3	2	1	3
6	168222400	170921585	2	1	1	2
7	40386	17640134	2	1	1	3
7	17640135	17646597	3	2	1	1
7	17646598	18347877	2	1	1	3
7	18347878	18347952	2	1	1	3
7	18347953	20731240	2	1	1	3
7	20731241	20731292	2	1	1	3
7	20731293	23148419	2	1	1	3
7	23148420	23177415	2	1	1	2
7	23177416	23449131	4	3	1	2
7	23449132	23469241	3	2	1	2
7	23469242	23469940	3	2	1	2
7	23469941	30292539	2	1	1	3
7	30292540	30341909	2	1	1	2
7	30341910	47747823	2	1	1	3
7	47747824	47944916	3	2	1	3
7	47944917	55204585	2	1	1	3
7	55204586	55248756	2	1	1	2
7	55248757	57999999	2	1	1	3
7	58000000	61699999	2	1	1	3
7	61700000	76324024	2	1	1	3
7	76324025	76559376	2	1	1	1
7	76559377	77045458	2	1	1	2
7	77045459	77061951	2	1	1	2
7	77061952	87085557	2	1	1	3
7	87085558	87256191	3	2	1	2
7	87256192	87311108	2	1	1	2
7	87311109	87591840	1	1	0	3
7	87591841	87607359	2	1	1	2
7	87607360	87610724	2	1	1	2
7	87610725	90313395	2	1	1	3
7	90313396	90508310	1	1	0	2
7	90508311	116146593	2	1	1	3
7	116146594	116355628	3	2	1	3
7	116355629	122625637	2	1	1	3
7	122625638	134046487	1	1	0	3
7	134046488	134059630	1	1	0	3
7	134059631	142010619	1	1	0	3
7	142010620	150502221	2	1	1	3
7	150502222	150633365	3	2	1	2
7	150633366	151135434	2	1	1	3
7	151135435	151142657	2	1	1	3
7	151142658	158821400	2	1	1	3
8	10001	161634	1	1	0	2
8	161635	234757	1	1	0	2
8	234758	367764	2	2	0	2
8	367765	3568071	1	1	0	2
8	3568072	3920370	0	0	0	2
8	3920371	8878915	1	1	0	2
8	8878916	9197059	2	2	0	2
8	9197060	9377598	1	1	0	2
8	9377599	17521967	1	1	0	2
8	17521968	17657435	1	1	0	2
8	17657436	29635559	1	1	0	2
8	29635560	29647904	1	1	0	2
8	29647905	39231769	1	1	0	2
8	39231770	40550131	1	1	0	2
8	40550132	43099999	2	1	1	3
8	43100000	48099999	2	1	1	2
8	48100000	64311676	2	1	1	3
8	64311677	64311762	2	1	1	3
8	64311763	65947471	2	1	1	3
8	65947472	65947683	2	1	1	3
8	65947684	68897510	2	1	1	3
8	68897511	68945328	1	1	0	2
8	68945329	70788416	2	1	1	3
8	70788417	72022791	3	2	1	3
8	72022792	72022832	2	1	1	1
8	72022833	99090254	2	1	1	3
8	99090255	99310059	2	1	1	2
8	99310060	101480843	2	1	1	3
8	101480844	102129464	1	1	0	3
8	102129465	102136019	2	1	1	2
8	102136020	102136664	2	1	1	2
8	102136665	121929908	2	1	1	3
8	121929909	122085767	3	2	1	3
8	122085768	133832367	2	1	1	3
8	133832368	133880156	2	1	1	2
8	133880157	133881243	2	1	1	2
8	133881244	134168506	2	1	1	2
8	134168507	134168781	2	1	1	2
8	134168782	134187947	2	1	1	2
8	134187948	146364021	2	1	1	3
9	47500	9580396	2	1	1	2
9	9580397	9638538	1	1	0	2
9	9638539	9960162	1	1	0	2
9	9960163	10161407	2	1	1	2
9	10161408	17075257	2	1	1	2
9	17075258	17162580	3	2	1	2
9	17162581	19093454	2	1	1	2
9	19093455	19173996	3	2	1	2
9	19173997	33941402	2	1	1	2
9	33941403	34205615	3	2	1	2
9	34205616	35157267	2	1	1	2
9	35157268	35162307	3	3	0	1
9	35162308	36509530	4	3	1	2
9	36509531	36511204	3	2	1	2
9	36511205	39052499	2	1	1	2
9	39052500	47299999	2	1	1	2
9	47300000	50699999	2	1	1	2
9	50700000	70502499	2	1	1	2
9	70502500	86545099	2	1	1	3
9	86545100	86548468	2	1	1	3
9	86548469	86562355	2	1	1	2
9	86562356	86563401	2	1	1	2
9	86563402	91238740	2	1	1	3
9	91238741	91444912	3	2	1	3
9	91444913	91986902	2	1	1	3
9	91986903	92195829	3	2	1	2
9	92195830	92476792	4	3	1	3
9	92476793	92716708	4	3	1	2
9	92716709	92716733	4	3	1	1
9	92716734	92718609	4	3	1	2
9	92718610	92718916	3	2	1	2
9	92718917	92722681	3	2	1	2
9	92722682	92722727	3	2	1	2
9	92722728	92724334	3	2	1	2
9	92724335	104089285	2	1	1	3
9	104089286	104182282	2	1	1	2
9	104182283	107321197	2	1	1	3
9	107321198	107354459	2	1	1	2
9	107354460	117138559	2	1	1	3
9	117138560	117164950	3	2	1	2
9	117164951	140273200	2	1	1	3
10	94426	2756044	2	1	1	2
10	2756045	3147191	2	1	1	2
10	3147192	18739929	2	1	1	2
10	18739930	18808682	1	1	0	2
10	18808683	32921070	2	1	1	2
10	32921071	32921266	3	2	1	1
10	32921267	32921542	3	2	1	1
10	32921543	32955013	3	2	1	1
10	32955014	32955078	4	3	1	2
10	32955079	34380269	4	3	1	2
10	34380270	34390717	4	3	1	2
10	34390718	37999999	2	1	1	2
10	38000000	42299999	2	1	1	2
10	42300000	73205877	2	1	1	3
10	73205878	73229640	3	2	1	3
10	73229641	73804989	2	1	1	3
10	73804990	73814645	2	1	1	2
10	73814646	76075955	2	1	1	2
10	76075956	76165210	2	1	1	2
10	76165211	76190868	2	1	1	2
10	76190869	76321878	2	1	1	2
10	76321879	76515917	2	1	1	2
10	76515918	76538184	2	1	1	2
10	76538185	81066915	2	1	1	3
10	81066916	81121855	3	2	1	2
10	81121856	89137147	2	1	1	3
10	89137148	89638206	1	1	0	3
10	89638207	90029861	0	0	0	2
10	90029862	90189556	1	1	0	3
10	90189557	91019433	2	1	1	3
10	91019434	91043875	3	2	1	1
10	91043876	91086726	4	2	2	2
10	91086727	91182504	3	2	1	3
10	91182505	91236633	4	2	2	3
10	91236634	91266458	3	2	1	3
10	91266459	94977298	2	1	1	3
10	94977299	95025749	3	2	1	2
10	95025750	95143706	2	1	1	3
10	95143707	95894423	1	1	0	2
10	95894424	95916731	2	1	1	2
10	95916732	95916752	2	1	1	1
10	95916753	96671057	1	1	0	2
10	96671058	101609311	2	1	1	3
10	101609312	101647210	3	2	1	1
10	101647211	103147060	2	1	1	3
10	103147061	103497179	1	1	0	3
10	103497180	103506511	1	1	0	3
10	103506512	104450846	1	1	0	2
10	104450847	104469384	1	1	0	2
10	104469385	104747634	1	1	0	3
10	104747635	104968484	2	1	1	2
10	104968485	105062119	2	1	1	2
10	105062120	105539349	2	1	1	2
10	105539350	105924792	3	2	1	3
10	105924793	113563836	2	1	1	3
10	113563837	115226566	1	1	0	3
10	115226567	123916528	2	1	1	3
10	123916529	124234502	3	2	1	3
10	124234503	126383055	2	1	1	3
10	126383056	126385053	4	3	1	1
10	126385054	126640996	3	2	1	3
10	126640997	128920406	2	1	1	2
10	128920407	129185116	2	1	1	2
10	129185117	135389924	2	1	1	2
11	20721	197336	2	1	1	1
11	197337	14809957	2	1	1	3
11	14809958	14810058	2	1	1	2
11	14810059	15033103	3	2	1	3
11	15033104	15033147	2	1	1	1
11	15033148	16701125	2	1	1	3
11	16701126	16702477	2	1	1	3
11	16702478	19369846	2	1	1	3
11	19369847	19512134	3	2	1	3
11	19512135	29533165	2	1	1	3
11	29533166	29535488	2	1	1	2
11	29535489	33571223	2	1	1	3
11	33571224	33730218	1	1	0	2
11	33730219	35165957	2	1	1	3
11	35165958	35503936	2	1	1	2
11	35503937	36481993	2	1	1	3
11	36481994	36482310	2	1	1	3
11	36482311	41056403	2	1	1	3
11	41056404	41116126	1	1	0	3
11	41116127	47353449	2	1	1	3
11	47353450	47780639	3	2	1	2
11	47780640	51599999	2	1	1	2
11	51600000	55699999	2	1	1	3
11	55700000	62607799	2	1	1	3
11	62607800	62644114	3	2	1	1
11	62644115	63978179	2	1	1	3
11	63978180	64054736	2	1	1	2
11	64054737	64833257	2	1	1	2
11	64833258	64834745	2	1	1	2
11	64834746	66661899	2	1	1	3
11	66661900	66755834	2	1	1	2
11	66755835	66851115	2	1	1	2
11	66851116	66873980	3	3	0	1
11	66873981	69583579	2	1	1	2
11	69583580	69900289	3	2	1	2
11	69900290	70851549	2	1	1	2
11	70851550	70851880	2	1	1	2
11	70851881	70851923	2	1	1	2
11	70851924	72322347	2	1	1	2
11	72322348	72515683	3	2	1	3
11	72515684	72515832	3	2	1	3
11	72515833	72555489	3	2	1	2
11	72555490	72576295	2	1	1	3
11	72576296	73078409	2	1	1	3
11	73078410	75161600	2	1	1	3
11	75161601	75204684	3	2	1	2
11	75204685	83599548	2	1	1	3
11	83599549	83657117	1	1	0	2
11	83657118	85819099	2	1	1	3
11	85819100	85917706	3	2	1	3
11	85917707	86859547	2	1	1	3
11	86859548	87081740	1	1	0	2
11	87081741	99226108	2	1	1	3
11	99226109	99335006	1	1	0	2
11	99335007	99643777	2	1	1	2
11	99643778	99663994	1	1	0	2
11	99663995	99806268	1	1	0	2
11	99806269	99859149	0	0	0	2
11	99859150	99860705	0	0	0	1
11	99860706	99908256	0	0	0	2
11	99908257	99940650	1	1	0	2
11	99940651	99954411	1	1	0	2
11	99954412	100009206	1	1	0	2
11	100009207	101469810	2	1	1	2
11	101469811	107883347	2	1	1	2
11	107883348	112543671	2	1	1	3
11	112543672	113428455	2	1	1	2
11	113428456	115772405	2	1	1	2
11	115772406	115772437	2	1	1	2
11	115772438	116926153	2	1	1	2
11	116926154	116952152	3	2	1	2
11	116952153	117019991	4	3	1	2
11	117019992	117045001	3	2	1	2
11	117045002	117576261	2	1	1	3
11	117576262	120727986	2	1	1	3
11	120727987	123961611	2	1	1	2
11	123961612	124151090	1	1	0	3
11	124151091	128551297	2	1	1	2
11	128551298	129522148	2	1	1	3
11	129522149	129659838	2	1	1	2
11	129659839	129679155	3	2	1	2
11	129679156	130179882	2	1	1	2
11	130179883	134452200	2	1	1	3
12	110107	227463	2	1	1	2
12	227464	12393909	2	1	1	2
12	12393910	12485474	3	2	1	2
12	12485475	18988349	3	2	1	2
12	18988350	19303392	4	3	1	2
12	19303393	33299999	2	1	1	3
12	33300000	38199999	2	1	1	2
12	38200000	46981420	2	1	1	3
12	46981421	46997762	2	1	1	2
12	46997763	51189333	2	1	1	3
12	51189334	51267181	3	2	1	2
12	51267182	93846377	2	1	1	3
12	93846378	93973021	3	2	1	2
12	93973022	96106581	2	1	1	3
12	96106582	96142481	3	2	1	2
12	96142482	96148882	2	1	1	2
12	96148883	96180988	1	1	0	2
12	96180989	99228344	2	1	1	3
12	99228345	100071255	1	1	0	2
12	100071256	100171703	2	1	1	2
12	100171704	100172582	2	1	1	2
12	100172583	100214249	2	1	1	2
12	100214250	100234988	1	1	0	2
12	100234989	100543989	2	2	0	2
12	100543990	100739127	3	2	1	2
12	100739128	100767391	5	4	1	2
12	100767392	101259139	3	2	1	3
12	101259140	106076219	2	1	1	3
12	106076220	106677149	3	2	1	3
12	106677150	110907331	2	1	1	3
12	110907332	110955838	1	1	0	2
12	110955839	112443296	2	1	1	3
12	112443297	112574979	1	1	0	2
12	112574980	116534895	2	1	1	3
12	116534896	116813335	1	1	0	3
12	116813336	121235215	2	1	1	3
12	121235216	121335296	1	1	0	3
12	121335297	122882052	2	1	1	2
12	122882053	123000734	3	2	1	1
12	123000735	132349400	2	1	1	3
12	132349401	133851894	2	1	1	3
13	1	16299999	2	1	1	1
13	16300000	19499999	2	1	1	3
13	19500000	24573018	2	1	1	3
13	24573019	24783739	3	2	1	2
13	24783740	41675011	2	1	1	3
13	41675012	41830893	1	1	0	2
13	41830894	50622829	2	1	1	3
13	50622830	50624423	2	1	1	2
13	50624424	85604441	2	1	1	3
13	85604442	85604492	2	1	1	3
13	85604493	91744792	2	1	1	3
13	91744793	91755003	1	1	0	2
13	91755004	96226910	2	1	1	3
13	96226911	96268620	2	1	1	3
13	96268621	99988954	2	1	1	3
13	99988955	100305625	1	1	0	3
13	100305626	100621855	2	1	1	3
13	100621856	100739221	3	2	1	2
13	100739222	113673992	2	1	1	3
13	113673993	113831618	3	2	1	3
13	113831619	114142800	2	1	1	2
13	114142801	115169877	2	1	1	2
14	1	16099999	2	1	1	1
14	16100000	19099999	2	1	1	1
14	19100000	19437635	2	1	1	2
14	19437636	21678107	2	1	1	3
14	21678108	21700925	2	1	1	2
14	21700926	35815180	2	1	1	3
14	35815181	35873192	2	1	1	2
14	35873193	45764532	2	1	1	3
14	45764533	46223456	1	1	0	3
14	46223457	58690616	2	1	1	3
14	58690617	58718466	3	2	1	1
14	58718467	66790131	2	1	1	3
14	66790132	66968360	3	2	1	2
14	66968361	67037377	2	1	1	2
14	67037378	67438402	1	1	0	2
14	67438403	67827919	1	1	0	2
14	67827920	68230631	1	1	0	2
14	68230632	69291480	2	1	1	3
14	69291481	69291715	2	1	1	2
14	69291716	70516102	2	1	1	3
14	70516103	70564509	3	2	1	3
14	70564510	72922148	2	1	1	3
14	72922149	73119921	1	1	0	3
14	73119922	88641357	2	1	1	3
14	88641358	88663878	2	1	1	2
14	88663879	92279493	2	1	1	3
14	92279494	92442764	3	2	1	3
14	92442765	95578613	2	1	1	3
14	95578614	96008518	3	2	1	3
14	96008519	100350277	2	1	1	3
14	100350278	100352590	2	1	1	2
14	100352591	105174951	2	1	1	3
14	105174952	106111061	3	2	1	3
14	106111062	106368400	3	2	1	1
15	1	15799999	2	1	1	1
15	15800000	20699999	2	1	1	2
15	20700000	40376686	2	1	1	3
15	40376687	40429844	3	2	1	1
15	40429845	41403731	2	1	1	3
15	41403732	41466658	3	2	1	2
15	41466659	47358580	2	1	1	3
15	47358581	47612148	2	1	1	2
15	47612149	52946547	2	1	1	3
15	52946548	52949964	2	1	1	2
15	52949965	53588875	2	1	1	3
15	53588876	53763958	3	2	1	3
15	53763959	55668566	2	1	1	3
15	55668567	55842864	3	2	1	2
15	55842865	61481103	2	1	1	3
15	61481104	61764099	3	2	1	2
15	61764100	61991060	2	1	1	3
15	61991061	62164708	3	2	1	3
15	62164709	62559316	2	1	1	3
15	62559317	62839034	1	1	0	3
15	62839035	62894347	2	1	1	3
15	62894348	62899219	1	1	0	2
15	62899220	64132796	2	1	1	3
15	64132797	64140215	3	2	1	1
15	64140216	65328207	2	1	1	3
15	65328208	65355271	3	2	1	3
15	65355272	76184898	2	1	1	3
15	76184899	76184957	2	1	1	2
15	76184958	76185371	2	1	1	1
15	76185372	76185795	2	1	1	1
15	76185796	76185813	2	1	1	1
15	76185814	76185856	3	2	1	1
15	76185857	76950260	3	2	1	3
15	76950261	76950301	3	2	1	2
15	76950302	76989896	2	1	1	2
15	76989897	78367176	1	1	0	3
15	78367177	78453102	2	2	0	2
15	78453103	79800217	1	1	0	3
15	79800218	80072748	2	2	0	2
15	80072749	85387695	1	1	0	3
15	85387696	85426021	2	2	0	2
15	85426022	86344988	1	1	0	3
15	86344989	86397524	2	2	0	2
15	86397525	100338800	1	1	0	3
15	100338801	102431166	1	1	0	3
16	83802	4240549	2	1	1	3
16	4240550	4582990	3	2	1	2
16	4582991	11337017	2	1	1	3
16	11337018	11406054	3	2	1	2
16	11406055	26812488	2	1	1	3
16	26812489	26813634	2	1	1	2
16	26813635	26842302	3	2	1	2
16	26842303	27633736	3	2	1	3
16	27633737	28008398	2	1	1	3
16	28008399	30529606	3	2	1	2
16	30529607	33437499	2	1	1	2
16	33437500	34021055	2	1	1	2
16	34021056	34192800	1	1	0	2
16	34192801	38599999	1	1	0	2
16	38600000	51371153	1	1	0	2
16	51371154	51409418	3	3	0	3
16	51409419	67849214	1	1	0	2
16	67849215	67889489	2	2	0	2
16	67889490	70168817	1	1	0	2
16	70168818	70233191	1	1	0	2
16	70233192	70514631	1	1	0	3
16	70514632	70698082	2	2	0	3
16	70698083	75003784	1	1	0	2
16	75003785	75003874	1	1	0	2
16	75003875	75073007	1	1	0	2
16	75073008	88827200	1	1	0	2
16	88827201	90152146	1	1	0	3
17	6115	1024490	2	1	1	2
17	1024491	1160708	2	1	1	2
17	1160709	7197128	2	1	1	3
17	7197129	8805222	1	1	0	3
17	8805223	22199999	2	1	1	3
17	22200000	25799999	NA	NA	NA	NA
17	25800000	26720644	3	2	1	3
17	26720645	26721101	3	2	1	2
17	26721102	26721956	3	2	1	1
17	26721957	26722009	2	1	1	2
17	26722010	29945822	2	1	1	3
17	29945823	29974620	2	1	1	3
17	29974621	41070295	2	1	1	3
17	41070296	41131158	3	2	1	2
17	41131159	48611727	2	1	1	3
17	48611728	48774167	3	2	1	3
17	48774168	66497810	2	1	1	3
17	66497811	66572826	1	1	0	2
17	66572827	78694864	2	1	1	3
17	78694865	79503104	3	2	1	2
17	79503105	79503595	5	3	2	1
17	79503596	79503652	5	3	2	1
17	79503653	79503822	5	3	2	1
17	79503823	79522131	3	2	1	2
17	79522132	79897043	2	1	1	2
17	79897044	80093989	3	2	1	2
17	80093990	80181188	3	2	1	1
17	80181189	81195209	2	1	1	2
18	27500	5300045	2	1	1	2
18	5300046	5306496	1	1	0	2
18	5306497	5308171	1	1	0	2
18	5308172	5320702	1	1	0	2
18	5320703	15399999	2	1	1	2
18	15400000	19303525	NA	NA	NA	NA
18	19303526	19345282	1	1	0	2
18	19345283	20838285	2	1	1	3
18	20838286	21069935	1	1	0	2
18	21069936	26979662	2	1	1	2
18	26979663	27672648	1	1	0	3
18	27672649	29447829	2	1	1	2
18	29447830	29723368	4	3	1	2
18	29723369	29727312	4	3	1	2
18	29727313	29896725	3	2	1	2
18	29896726	30249966	2	1	1	2
18	30249967	30573568	1	1	0	3
18	30573569	30628753	2	1	1	3
18	30628754	30629131	2	1	1	3
18	30629132	30635929	2	1	1	3
18	30635930	30954964	1	1	0	2
18	30954965	35598937	2	1	1	3
18	35598938	36859965	1	1	0	2
18	36859966	37286676	0	0	0	2
18	37286677	48322367	1	1	0	2
18	48322368	48667609	0	0	0	2
18	48667610	76117000	1	1	0	2
18	76117001	78077247	1	1	0	3
19	102500	226775	2	1	1	2
19	226776	1864716	2	1	1	3
19	1864717	1919934	3	2	1	2
19	1919935	4681550	2	1	1	2
19	4681551	4681738	2	1	1	2
19	4681739	4683245	2	1	1	1
19	4683246	5081939	3	2	1	3
19	5081940	5081980	3	2	1	2
19	5081981	5784088	2	1	1	3
19	5784089	5947608	3	2	1	2
19	5947609	10516726	2	1	1	3
19	10516727	10877034	3	2	1	2
19	10877035	17343179	2	1	1	3
19	17343180	17374430	3	2	1	2
19	17374431	19562796	2	1	1	3
19	19562797	19601150	2	1	1	3
19	19601151	24399999	2	1	1	3
19	24400000	28599999	2	1	1	3
19	28600000	35526121	2	1	1	3
19	35526122	35804371	3	2	1	3
19	35804372	59128982	2	1	1	3
20	29234	389872	2	1	1	2
20	389873	663678	3	2	1	2
20	663679	25599999	2	1	1	3
20	25600000	29399999	2	1	1	3
20	29400000	32517300	2	1	1	3
20	32517301	32518825	2	1	1	2
20	32518826	33228199	2	1	1	2
20	33228200	33240588	2	1	1	2
20	33240589	48663162	2	1	1	3
20	48663163	48845062	2	1	1	2
20	48845063	48907228	3	2	1	2
20	48907229	49189470	2	1	1	2
20	49189471	62432500	2	1	1	3
21	1	10899999	NA	NA	NA	NA
21	10900000	14299999	2	1	1	2
21	14300000	34562345	2	1	1	2
21	34562346	34608273	3	2	1	2
21	34608274	35224504	2	1	1	2
21	35224505	35259989	3	2	1	1
21	35259990	44901635	2	1	1	2
21	44901636	44923957	2	1	1	1
21	44923958	45187304	2	1	1	2
21	45187305	45354224	3	2	1	2
21	45354225	46937500	2	1	1	2
21	46937501	48129894	2	1	1	2
22	1	12199999	2	1	1	1
22	12200000	17899999	2	1	1	3
22	17900000	22615565	2	1	1	3
22	22615566	23299534	3	2	1	3
22	23299535	24597799	2	1	1	3
22	24597800	24611161	3	3	0	1
22	24611162	24748734	4	2	2	2
22	24748735	24751998	4	2	2	1
22	24751999	29983491	2	1	1	3
22	29983492	30009762	1	1	0	2
22	30009763	30010147	1	1	0	2
22	30010148	30010186	2	1	1	2
22	30010187	30182036	2	1	1	2
22	30182037	30460017	3	2	1	3
22	30460018	30813042	2	1	1	3
22	30813043	30820572	3	2	1	1
22	30820573	30839379	4	3	1	2
22	30839380	30877568	3	2	1	2
22	30877569	30877616	3	2	1	2
22	30877617	36481008	2	1	1	2
22	36481009	36589046	3	2	1	3
22	36589047	37419597	2	1	1	2
22	37419598	37419974	2	1	1	2
22	37419975	37448782	2	1	1	2
22	37448783	37488531	1	1	0	2
22	37488532	41492064	2	1	1	2
22	41492065	41513351	3	2	1	2
22	41513352	41929588	2	1	1	2
22	41929589	41950833	3	2	1	2
22	41950834	42815039	2	1	1	2
22	42815040	42851756	3	2	1	2
22	42851757	47027376	2	1	1	2
22	47027377	47070651	1	1	0	2
22	47070652	50464094	2	1	1	2
22	50464095	50464139	2	1	1	2
X	1	8619342	2	1	1	3
X	8619343	9002179	2	1	1	2
X	9002180	11046510	2	1	1	2
X	11046511	13229940	3	2	1	3
X	13229941	15319229	2	1	1	3
X	15319230	15319461	2	1	1	2
X	15319462	38768612	2	1	1	3
X	38768613	38999992	3	2	1	2
X	38999993	58099999	2	1	1	3
X	58100000	62999999	2	1	1	3
X	63000000	76943554	2	1	1	3
X	76943555	77019086	1	1	0	2
X	77019087	106956462	2	1	1	3
X	106956463	106998366	2	1	1	2
X	106998367	119604861	2	1	1	3
X	119604862	120860045	1	1	0	2
X	120860046	124054575	2	1	1	3
X	124054576	124098273	2	1	1	2
X	124098274	128547951	2	1	1	3
X	128547952	128622624	2	1	1	2
X	128622625	128649240	2	1	1	2
X	128649241	128679693	2	1	1	2
X	128679694	135103109	2	1	1	3
X	135103110	135104921	2	1	1	2
X	135104922	138898271	2	1	1	3
X	138898272	138946384	2	1	1	2
X	138946385	154913600	2	1	1	3
