chromosome	start	end	total_cn	major_cn	minor_cn	star
1	1	790008	2	1	1	2
1	790009	121499999	2	1	1	3
1	121500000	128899999	2	1	1	2
1	128900000	247247500	2	1	1	3
1	247247501	249250620	2	1	1	3
2	20016	90499999	2	1	1	3
2	90500000	96799999	2	1	1	3
2	96800000	201955922	2	1	1	3
2	201955923	202028771	2	1	1	1
2	202028772	242985695	2	1	1	3
3	100074	75641305	1	1	0	3
3	75641306	78098400	1	1	0	3
3	78098401	79720746	2	1	1	2
3	79720747	81439348	1	1	0	3
3	81439349	82456536	2	1	1	3
3	82456537	83236729	1	1	0	2
3	83236730	87899999	2	1	1	3
3	87900000	93899999	2	1	1	3
3	93900000	197847500	2	1	1	3
4	57930	48199999	2	1	1	3
4	48200000	52699999	2	1	1	3
4	52700000	191154275	2	1	1	3
5	22500	46099999	2	1	1	3
5	46100000	50699999	2	1	1	3
5	50700000	96547076	2	1	1	3
5	96547077	96547781	2	1	1	3
5	96547782	96677769	2	1	1	3
5	96677770	96681044	2	1	1	1
5	96681045	96821454	2	1	1	3
5	96821455	96822215	2	1	1	2
5	96822216	98706797	2	1	1	3
5	98706798	157855887	3	2	1	3
5	157855888	167634798	3	2	1	3
5	167634799	167659021	4	3	1	2
5	167659022	180689978	3	2	1	3
6	39681	202330	2	1	1	1
6	202331	58699999	2	1	1	3
6	58700000	63299999	2	1	1	3
6	63300000	170899934	2	1	1	3
7	40386	57999999	2	1	1	3
7	58000000	61699999	2	1	1	3
7	61700000	158817500	2	1	1	3
8	10001	170011	2	1	1	3
8	170012	43099999	2	1	1	3
8	43100000	48099999	2	1	1	3
8	48100000	144806851	2	1	1	3
8	144806852	145685944	3	2	1	2
9	47500	153936	1	1	0	2
9	153937	21496504	1	1	0	2
9	21496505	22071238	0	0	0	2
9	22071239	47299999	1	1	0	2
9	47300000	50699999	1	1	0	2
9	50700000	140267500	1	1	0	3
9	140267501	141069420	1	1	0	3
10	130013	383384	2	1	1	3
10	383385	37999999	2	1	1	3
10	38000000	42299999	2	1	1	3
10	42300000	135389924	2	1	1	3
11	20721	202230	2	1	1	2
11	202231	51599999	2	1	1	3
11	51600000	55699999	2	1	1	3
11	55700000	134442500	2	1	1	3
12	110107	33299999	2	1	1	3
12	33300000	38199999	2	1	1	3
12	38200000	132342500	2	1	1	3
12	132342501	133851894	2	1	1	3
13	1	16299999	2	1	1	1
13	16300000	19499999	2	1	1	3
13	19500000	114137500	2	1	1	3
13	114137501	115169877	2	1	1	3
14	1	16099999	1	1	0	1
14	16100000	19099999	NA	NA	NA	NA
14	19100000	20709687	2	1	1	2
14	20709688	106362500	1	1	0	3
15	1	15799999	2	1	1	1
15	15800000	20699999	2	1	1	2
15	20700000	22297499	2	1	1	2
15	22297500	33627245	2	1	1	3
15	33627246	44115340	1	1	0	3
15	44115341	100332500	2	1	1	3
15	100332501	102531391	2	1	1	3
16	100010	34599999	2	1	1	3
16	34600000	38599999	2	1	1	3
16	38600000	88822500	2	1	1	3
16	88822501	90354752	2	1	1	3
17	12500	22199999	2	1	1	3
17	22200000	25799999	2	1	1	3
17	25800000	77307736	2	1	1	3
17	77307737	77315226	2	1	1	3
17	77315227	78772500	2	1	1	3
17	78772501	81195209	2	1	1	3
18	27500	15399999	2	1	1	3
18	15400000	18999999	2	1	1	3
18	19000000	76117000	2	1	1	3
18	76117001	78077247	2	1	1	3
19	102500	260136	2	1	1	2
19	260137	24399999	2	1	1	3
19	24400000	28599999	2	1	1	3
19	28600000	59128982	2	1	1	3
20	24347	25599999	2	1	1	3
20	25600000	29399999	2	1	1	3
20	29400000	42723189	2	1	1	3
20	42723190	60962108	3	2	1	2
20	60962109	62432500	2	1	1	3
21	1	10899999	NA	NA	NA	NA
21	10900000	14299999	2	1	1	1
21	14300000	46937500	2	1	1	3
21	46937501	48129894	2	1	1	2
22	1	12199999	2	1	1	1
22	12200000	17899999	2	1	1	3
22	17900000	42756574	2	1	1	3
22	42756575	42767993	2	1	1	2
22	42767994	43917538	2	1	1	3
22	43917539	43918808	2	1	1	3
22	43918809	49687500	2	1	1	3
22	49687501	51304565	2	1	1	3
X	1	58099999	1	1	0	3
X	58100000	62999999	1	1	0	3
X	63000000	155270559	1	1	0	3
Y	1	11599999	1	1	0	1
Y	11600000	13399999	1	1	0	1
Y	13400000	59373565	1	1	0	1
