chromosome	start	end	total_cn	major_cn	minor_cn	star
1	1	790008	2	1	1	2
1	790009	8534769	2	1	1	2
1	8534770	9970284	2	1	1	2
1	9970285	9970621	2	1	1	2
1	9970622	18240949	2	1	1	3
1	18240950	18253228	2	1	1	2
1	18253229	22113906	2	1	1	2
1	22113907	22122877	2	1	1	2
1	22122878	27487338	2	1	1	3
1	27487339	27488723	2	1	1	2
1	27488724	46613608	2	1	1	3
1	46613609	46668093	3	2	1	2
1	46668094	67677535	2	1	1	2
1	67677536	67680192	1	1	0	2
1	67680193	67687170	1	1	0	2
1	67687171	78956016	2	1	1	3
1	78956017	78956079	2	1	1	3
1	78956080	108174107	2	1	1	3
1	108174108	108183785	2	1	1	2
1	108183786	111895296	2	1	1	3
1	111895297	111895339	2	1	1	3
1	111895340	117523343	2	1	1	3
1	117523344	117587013	3	2	1	2
1	117587014	121499999	2	1	1	2
1	121500000	128899999	2	1	1	2
1	128900000	155787706	2	1	1	2
1	155787707	155803750	2	1	1	2
1	155803751	159054483	2	1	1	2
1	159054484	159054526	2	1	1	2
1	159054527	159054945	2	1	1	2
1	159054946	159054968	2	1	1	2
1	159054969	160398217	2	1	1	2
1	160398218	161581209	2	1	1	2
1	161581210	161582115	2	1	1	2
1	161582116	161760000	2	1	1	2
1	161760001	164465762	2	1	1	2
1	164465763	164468589	2	1	1	2
1	164468590	170069572	2	1	1	2
1	170069573	170069593	2	1	1	2
1	170069594	175122157	2	1	1	2
1	175122158	175380321	3	2	1	2
1	175380322	180480304	2	1	1	3
1	180480305	180616393	2	1	1	2
1	180616394	180674137	3	2	1	2
1	180674138	204909882	2	1	1	2
1	204909883	224018902	1	1	0	3
1	224018903	235059001	2	1	1	3
1	235059002	238479501	2	1	1	2
1	238479502	247249600	1	1	0	2
1	247249601	249250620	1	1	0	3
2	48044	15959977	2	1	1	2
2	15959978	15970753	1	1	0	2
2	15970754	61494156	2	1	1	3
2	61494157	61494935	2	1	1	3
2	61494936	66705993	2	1	1	2
2	66705994	66727991	1	1	0	2
2	66727992	90499999	2	1	1	3
2	90500000	96799999	2	1	1	2
2	96800000	100970279	2	1	1	3
2	100970280	113911265	1	1	0	2
2	113911266	114224368	2	2	0	2
2	114224369	154132308	1	1	0	3
2	154132309	204523751	2	1	1	3
2	204523752	204525919	2	1	1	3
2	204525920	208537458	2	1	1	3
2	208537459	208547856	1	1	0	2
2	208547857	228763167	2	1	1	3
2	228763168	228763189	2	1	1	3
2	228763190	242951000	2	1	1	2
3	62437	29786064	1	1	0	3
3	29786065	29786081	1	1	0	2
3	29786082	48970805	2	2	0	3
3	48970806	57892018	1	1	0	3
3	57892019	58030002	2	2	0	2
3	58030003	64697196	2	2	0	2
3	64697197	64698095	2	2	0	2
3	64698096	73656228	2	2	0	2
3	73656229	73656742	2	2	0	2
3	73656743	73753831	2	2	0	2
3	73753832	76970802	3	2	1	3
3	76970803	76970832	3	2	1	2
3	76970833	84295246	2	1	1	3
3	84295247	84304052	2	1	1	3
3	84304053	87899999	2	1	1	3
3	87900000	93899999	2	1	1	2
3	93900000	108689857	2	1	1	3
3	108689858	116449805	3	2	1	3
3	116449806	116449818	3	2	1	1
3	116449819	124428433	2	1	1	3
3	124428434	124806560	3	2	1	3
3	124806561	126398185	2	1	1	3
3	126398186	126399497	2	1	1	3
3	126399498	128379027	2	1	1	2
3	128379028	128388002	2	1	1	2
3	128388003	133102223	2	1	1	3
3	133102224	133108256	2	1	1	2
3	133108257	133496358	2	1	1	2
3	133496359	133500756	4	3	1	2
3	133500757	133949644	2	1	1	2
3	133949645	135328421	2	1	1	3
3	135328422	139332948	2	1	1	3
3	139332949	140880627	4	3	1	2
3	140880628	140883409	4	3	1	2
3	140883410	150542537	4	3	1	2
3	150542538	150618889	4	3	1	2
3	150618890	150625716	4	3	1	2
3	150625717	161545002	4	3	1	2
3	161545003	164410018	4	3	1	1
3	164410019	172214570	4	3	1	2
3	172214571	172222668	4	3	1	2
3	172222669	195796207	4	3	1	2
3	195796208	197847500	4	3	1	2
4	31303	9484001	2	1	1	2
4	9484002	9511006	1	1	0	2
4	9511007	9628393	2	1	1	2
4	9628394	9632735	2	1	1	2
4	9632736	39337988	2	1	1	2
4	39337989	40530758	1	1	0	2
4	40530759	40531772	1	1	0	2
4	40531773	40759764	1	1	0	2
4	40759765	47911476	2	1	1	2
4	47911477	47911841	2	1	1	2
4	47911842	47912821	2	1	1	2
4	47912822	52699999	2	1	1	2
4	52700000	86943993	2	1	1	3
4	86943994	96650140	2	1	1	3
4	96650141	96650462	2	1	1	3
4	96650463	114259670	2	1	1	3
4	114259671	126236948	2	1	1	3
4	126236949	126239930	2	1	1	2
4	126239931	151891202	2	1	1	3
4	151891203	152074963	2	1	1	2
4	152074964	161827907	2	1	1	3
4	161827908	161830028	2	1	1	1
4	161830029	170227122	2	1	1	2
4	170227123	170246285	1	1	0	2
4	170246286	171375605	2	1	1	2
4	171375606	171378491	2	1	1	2
4	171378492	179587370	2	1	1	2
4	179587371	179591535	1	1	0	2
4	179591536	191154275	2	1	1	2
5	22500	851581	2	1	1	2
5	851582	10968806	2	1	1	2
5	10968807	11129408	2	1	1	2
5	11129409	15552684	2	1	1	2
5	15552685	15555454	2	1	1	2
5	15555455	22374693	2	1	1	2
5	22374694	22374721	2	1	1	3
5	22374722	22413971	2	1	1	3
5	22413972	22414149	2	1	1	2
5	22414150	37945345	2	1	1	2
5	37945346	37945375	2	1	1	2
5	37945376	37962558	2	1	1	2
5	37962559	37965079	2	1	1	2
5	37965080	43022704	2	1	1	2
5	43022705	43041538	2	1	1	2
5	43041539	46099999	2	1	1	2
5	46100000	50699999	2	1	1	2
5	50700000	52258053	2	1	1	2
5	52258054	52259133	4	3	1	1
5	52259134	53002140	4	3	1	3
5	53002141	53269210	3	2	1	3
5	53269211	53274150	5	4	1	1
5	53274151	53303695	5	4	1	2
5	53303696	53315777	5	4	1	1
5	53315778	53336858	5	4	1	2
5	53336859	53338096	5	4	1	1
5	53338097	53338816	1	1	0	1
5	53338817	53345897	1	1	0	1
5	53345898	53353918	1	1	0	1
5	53353919	53354853	1	1	0	2
5	53354854	111990359	1	1	0	2
5	111990360	111990372	1	1	0	2
5	111990373	111991969	1	1	0	2
5	111991970	111992172	1	1	0	2
5	111992173	119288928	1	1	0	2
5	119288929	136325812	1	1	0	2
5	136325813	136325878	1	1	0	2
5	136325879	170261617	2	2	0	2
5	170261618	170292687	4	4	0	2
5	170292688	174032931	2	2	0	2
5	174032932	174039360	1	1	0	2
5	174039361	180408813	2	2	0	2
5	180408814	180715810	2	2	0	2
6	419033	4010035	3	2	1	3
6	4010036	21807509	2	1	1	2
6	21807510	34723863	1	1	0	3
6	34723864	34724894	1	1	0	3
6	34724895	41269303	1	1	0	3
6	41269304	45700706	2	1	1	2
6	45700707	45701537	2	1	1	2
6	45701538	57264992	2	1	1	2
6	57264993	57523048	1	1	0	2
6	57523049	57533309	1	1	0	2
6	57533310	58075047	1	1	0	2
6	58075048	63299999	1	1	0	2
6	63300000	128610926	1	1	0	3
6	128610927	137519544	2	2	0	3
6	137519545	137520686	2	2	0	2
6	137520687	139668033	2	2	0	2
6	139668034	139668766	2	2	0	1
6	139668767	164467596	2	2	0	3
6	164467597	164488290	0	0	0	2
6	164488291	164874059	2	2	0	2
6	164874060	170899800	1	1	0	2
7	65401	2803079	2	1	1	3
7	2803080	6604301	1	1	0	2
7	6604302	13288978	2	1	1	2
7	13288979	13291036	2	1	1	2
7	13291037	22581455	2	1	1	2
7	22581456	22582406	2	1	1	2
7	22582407	25315995	2	1	1	2
7	25315996	25468627	3	2	1	2
7	25468628	28391423	2	1	1	2
7	28391424	28391964	2	1	1	2
7	28391965	57941382	2	1	1	2
7	57941383	57942510	2	1	1	2
7	57942511	61699999	2	1	1	2
7	61700000	64399836	2	1	1	2
7	64399837	79556001	1	1	0	3
7	79556002	86741617	2	1	1	3
7	86741618	88374325	3	2	1	2
7	88374326	88386032	3	2	1	2
7	88386033	106018895	3	2	1	2
7	106018896	106023949	2	1	1	2
7	106023950	119364718	2	1	1	3
7	119364719	119365954	2	1	1	3
7	119365955	122641144	2	1	1	2
7	122641145	122656208	1	1	0	2
7	122656209	151260777	2	1	1	3
7	151260778	158821400	1	1	0	2
8	10001	155756	1	1	0	2
8	155757	33564685	1	1	0	2
8	33564686	36779575	3	2	1	2
8	36779576	36780606	3	2	1	2
8	36780607	38885207	3	2	1	2
8	38885208	38888919	3	2	1	1
8	38888920	43099999	3	2	1	2
8	43100000	48099999	3	2	1	2
8	48100000	64267095	3	2	1	2
8	64267096	64307660	2	2	0	2
8	64307661	78388154	3	2	1	2
8	78388155	78399234	1	1	0	2
8	78399235	78687608	3	2	1	2
8	78687609	78741451	2	2	0	2
8	78741452	79072174	3	2	1	2
8	79072175	79073755	3	2	1	2
8	79073756	97560952	3	2	1	2
8	97560953	98037020	4	3	1	2
8	98037021	102036225	6	5	1	2
8	102036226	102053091	6	5	1	2
8	102053092	112602575	6	5	1	2
8	112602576	112603009	6	5	1	2
8	112603010	112603423	6	5	1	2
8	112603424	112603698	6	5	1	2
8	112603699	112604115	6	5	1	2
8	112604116	112604437	6	5	1	2
8	112604438	118399656	6	5	1	2
8	118399657	118425028	1	1	0	2
8	118425029	131908537	6	5	1	2
8	131908538	131916085	4	3	1	2
8	131916086	141571175	7	6	1	2
8	141571176	141656346	4	3	1	2
8	141656347	143745520	6	5	1	2
8	143745521	146364021	6	5	1	2
9	47500	8681606	3	2	1	2
9	8681607	22133942	2	1	1	3
9	22133943	22134031	2	1	1	1
9	22134032	23885286	3	2	1	3
9	23885287	23885861	3	2	1	3
9	23885862	31443493	3	2	1	3
9	31443494	34118683	2	1	1	3
9	34118684	35922940	2	1	1	3
9	35922941	47299999	2	1	1	3
9	47300000	50699999	2	1	1	2
9	50700000	73957049	2	1	1	3
9	73957050	73967063	3	2	1	1
9	73967064	81817734	3	2	1	3
9	81817735	97803525	2	1	1	3
9	97803526	97821787	2	1	1	1
9	97821788	123683176	2	1	1	3
9	123683177	123683201	2	1	1	3
9	123683202	134616902	2	1	1	3
9	134616903	140273200	1	1	0	2
9	140273201	141035453	1	1	0	3
10	95353	7218125	2	1	1	2
10	7218126	7236004	2	1	1	1
10	7236005	8941240	2	1	1	2
10	8941241	8943385	2	1	1	2
10	8943386	18954837	2	1	1	2
10	18954838	18976946	1	1	0	3
10	18976947	33668737	2	1	1	2
10	33668738	33740788	1	1	0	2
10	33740789	37999999	2	1	1	2
10	38000000	42299999	2	1	1	3
10	42300000	73812560	2	1	1	3
10	73812561	73952168	3	2	1	2
10	73952169	73952203	3	2	1	2
10	73952204	74189112	2	1	1	2
10	74189113	95411418	2	1	1	3
10	95411419	95434113	1	1	0	3
10	95434114	104259475	2	1	1	3
10	104259476	104618022	3	2	1	2
10	104618023	109557524	2	1	1	3
10	109557525	109559206	2	1	1	3
10	109559207	128594138	2	1	1	2
10	128594139	128594806	2	1	1	2
10	128594807	131437929	2	1	1	2
10	131437930	135389924	1	1	0	2
11	20721	199152	1	1	0	2
11	199153	6869184	1	1	0	3
11	6869185	7328229	2	1	1	3
11	7328230	7332770	2	1	1	3
11	7332771	9221201	2	1	1	3
11	9221202	9779936	2	1	1	2
11	9779937	29395632	2	1	1	3
11	29395633	29395677	2	1	1	3
11	29395678	51599999	2	1	1	3
11	51600000	55699999	2	1	1	2
11	55700000	63046395	2	1	1	3
11	63046396	63046411	2	1	1	3
11	63046412	72193243	2	1	1	3
11	72193244	72210399	2	1	1	2
11	72210400	79913165	2	1	1	3
11	79913166	85408396	3	2	1	2
11	85408397	85409059	3	2	1	2
11	85409060	95648693	4	2	2	2
11	95648694	95648840	4	2	2	2
11	95648841	95648903	4	2	2	2
11	95648904	95649327	4	2	2	1
11	95649328	114460007	3	2	1	2
11	114460008	114513031	3	2	1	2
11	114513032	120485806	3	2	1	2
11	120485807	121691940	4	3	1	2
11	121691941	121708375	3	3	0	2
11	121708376	128159561	4	3	1	2
11	128159562	128159573	4	3	1	2
11	128159574	128159615	4	3	1	2
11	128159616	128159689	3	2	1	2
11	128159690	128348446	3	2	1	2
11	128348447	128349371	3	2	1	2
11	128349372	134452200	3	2	1	2
12	22500	197499	2	1	1	2
12	197500	619105	2	1	1	3
12	619106	14949553	1	1	0	2
12	14949554	33299999	2	1	1	3
12	33300000	38199999	2	1	1	2
12	38200000	49479197	2	1	1	3
12	49479198	49493510	2	1	1	3
12	49493511	71533308	2	1	1	3
12	71533309	80916403	1	1	0	2
12	80916404	80923560	1	1	0	2
12	80923561	82678036	1	1	0	2
12	82678037	82678082	1	1	0	2
12	82678083	132349400	1	1	0	2
12	132349401	133851894	1	1	0	2
13	1	16299999	1	1	0	1
13	16300000	19499999	1	1	0	2
13	19500000	26775600	1	1	0	3
13	26775601	26796806	1	1	0	2
13	26796807	27624066	1	1	0	2
13	27624067	27625591	0	0	0	2
13	27625592	52940817	1	1	0	3
13	52940818	52960516	1	1	0	2
13	52960517	98873894	1	1	0	3
13	98873895	98873913	1	1	0	3
13	98873914	114142800	1	1	0	3
13	114142801	115169877	1	1	0	2
14	1	16099999	2	1	1	1
14	16100000	19099999	2	1	1	1
14	19100000	21298559	2	1	1	2
14	21298560	21306115	1	1	0	2
14	21306116	21940066	2	1	1	2
14	21940067	21946287	2	1	1	2
14	21946288	22860269	2	1	1	2
14	22860270	34946772	1	1	0	2
14	34946773	34964356	1	1	0	2
14	34964357	50298096	1	1	0	2
14	50298097	50639516	1	1	0	2
14	50639517	66309575	1	1	0	3
14	66309576	68292272	2	1	1	3
14	68292273	68792623	1	1	0	3
14	68792624	89921811	2	1	1	3
14	89921812	89990401	3	2	1	2
14	89990402	106269997	2	1	1	3
14	106269998	106368400	2	1	1	2
15	1	15799999	2	1	1	1
15	15800000	20699999	2	1	1	2
15	20700000	68599068	2	1	1	2
15	68599069	73998994	3	2	1	2
15	73998995	74118107	3	2	1	2
15	74118108	74678031	2	1	1	2
15	74678032	76721705	1	1	0	2
15	76721706	76723043	1	1	0	2
15	76723044	77789002	1	1	0	2
15	77789003	79418727	1	1	0	2
15	79418728	79427492	2	1	1	2
15	79427493	80192975	2	1	1	2
15	80192976	80394240	1	1	0	2
15	80394241	80399424	2	1	1	2
15	80399425	80947042	2	1	1	2
15	80947043	80948580	1	1	0	2
15	80948581	100338800	2	1	1	2
15	100338801	102531391	2	1	1	2
16	85363	8816787	1	1	0	2
16	8816788	9029963	2	1	1	3
16	9029964	9209992	2	1	1	2
16	9209993	13685935	2	1	1	3
16	13685936	13692257	2	1	1	1
16	13692258	13708734	2	1	1	3
16	13708735	13710475	2	1	1	2
16	13710476	25694275	2	1	1	3
16	25694276	25695153	2	1	1	3
16	25695154	28149983	2	1	1	3
16	28149984	29344601	2	1	1	2
16	29344602	34599999	2	1	1	2
16	34600000	38599999	2	1	1	3
16	38600000	46447499	2	1	1	2
16	46447500	47326776	2	1	1	2
16	47326777	47336288	4	3	1	2
16	47336289	56969279	2	1	1	2
16	56969280	57321650	2	1	1	2
16	57321651	60707937	2	1	1	3
16	60707938	60708880	2	1	1	3
16	60708881	64444705	2	1	1	2
16	64444706	69438979	1	1	0	3
16	69438980	69450998	1	1	0	3
16	69450999	71786114	1	1	0	3
16	71786115	71912284	0	0	0	3
16	71912285	78803622	1	1	0	2
16	78803623	78806630	1	1	0	3
16	78806631	88830010	1	1	0	2
16	88830011	90354752	1	1	0	3
17	1665	22199999	1	1	0	3
17	22200000	25799999	1	1	0	3
17	25800000	37266130	1	1	0	3
17	37266131	37266182	1	1	0	3
17	37266183	39765943	1	1	0	2
17	39765944	39773948	1	1	0	2
17	39773949	40925792	1	1	0	2
17	40925793	71040588	3	3	0	2
17	71040589	71404888	5	5	0	2
17	71404889	73178824	3	3	0	2
17	73178825	73192276	3	3	0	2
17	73192277	78774600	3	3	0	2
17	78774601	81195209	3	3	0	2
18	41872	15399999	1	1	0	2
18	15400000	19834264	1	1	0	2
18	19834265	19835016	1	1	0	2
18	19835017	65259957	1	1	0	2
18	65259958	65682862	1	1	0	2
18	65682863	76117000	1	1	0	2
18	76117001	78077247	1	1	0	2
19	102500	254303	1	1	0	2
19	254304	6113096	1	1	0	2
19	6113097	6113145	1	1	0	2
19	6113146	23755174	3	2	1	2
19	23755175	28599999	NA	NA	NA	NA
19	28600000	37553361	2	1	1	2
19	37553362	39514114	3	2	1	2
19	39514115	50309706	1	1	0	2
19	50309707	59128982	4	3	1	2
20	31450	4920201	2	1	1	2
20	4920202	5119402	2	1	1	2
20	5119403	5559920	2	1	1	2
20	5559921	5828201	2	1	1	2
20	5828202	11544370	2	1	1	2
20	11544371	11545683	2	1	1	2
20	11545684	25599999	2	1	1	2
20	25600000	29512499	2	1	1	2
20	29512500	30060823	2	1	1	3
20	30060824	30400053	2	1	1	2
20	30400054	62432500	2	1	1	2
21	1	10899999	NA	NA	NA	NA
21	10900000	15273442	2	1	1	2
21	15273443	15300156	2	1	1	2
21	15300157	15339841	1	1	0	2
21	15339842	46937500	2	1	1	3
21	46937501	48129894	2	1	1	2
22	1	12199999	2	1	1	1
22	12200000	17899999	2	1	1	2
22	17900000	45362896	2	1	1	3
22	45362897	46838055	3	2	1	2
22	46838056	49687500	2	1	1	2
22	49687501	51304565	2	1	1	3
X	1	19804026	1	1	0	2
X	19804027	19804970	1	1	0	2
X	19804971	32090282	1	1	0	2
X	32090283	32090954	1	1	0	2
X	32090955	58099999	1	1	0	2
X	58100000	62999999	1	1	0	2
X	63000000	70892461	1	1	0	2
X	70892462	70892472	1	1	0	2
X	70892473	70894132	1	1	0	2
X	70894133	70899438	1	1	0	2
X	70899439	141141600	1	1	0	2
X	141141601	155110613	2	2	0	2
X	155110614	155111532	2	2	0	2
