chromosome	start	end	total_cn	major_cn	minor_cn	star
1	1	121499999	1	1	0	3
1	121500000	128899999	1	1	0	2
1	128900000	143127499	1	1	0	2
1	143127500	149077742	1	1	0	2
1	149077743	249250620	1	1	0	2
2	26639	90499999	1	1	0	2
2	90500000	96799999	1	1	0	2
2	96800000	242953866	1	1	0	2
3	100074	87899999	2	1	1	3
3	87900000	93899999	2	1	1	3
3	93900000	197847500	2	1	1	3
4	50084	48199999	2	1	1	3
4	48200000	52699999	2	1	1	3
4	52700000	191154275	2	1	1	3
5	35189	46099999	2	1	1	3
5	46100000	50699999	2	1	1	3
5	50700000	180689978	2	1	1	3
6	250041	32489747	1	1	0	2
6	32489748	32630908	1	1	0	2
6	32630909	58699999	1	1	0	2
6	58700000	63299999	1	1	0	3
6	63300000	170899934	1	1	0	3
7	40386	57999999	1	1	0	2
7	58000000	61699999	1	1	0	2
7	61700000	159138662	1	1	0	2
8	165490	43099999	2	1	1	2
8	43100000	48099999	2	1	1	2
8	48100000	146364021	2	1	1	2
9	10001	200100	1	1	0	2
9	200101	44807785	1	1	0	3
9	44807786	45356950	1	1	0	3
9	45356951	47299999	1	1	0	2
9	47300000	50699999	1	1	0	2
9	50700000	141213430	1	1	0	3
10	102500	37999999	1	1	0	2
10	38000000	42299999	1	1	0	2
10	42300000	135534746	1	1	0	3
11	200002	51599999	2	1	1	3
11	51600000	55699999	2	1	1	3
11	55700000	135006515	2	1	1	3
12	110107	33299999	2	1	1	3
12	33300000	38199999	2	1	1	3
12	38200000	133851894	2	1	1	3
13	1	16299999	1	1	0	1
13	16300000	19499999	1	1	0	2
13	19500000	115169877	1	1	0	2
14	1	16099999	2	1	1	1
14	16100000	19099999	2	1	1	2
14	19100000	107349539	2	1	1	3
15	1	15799999	2	1	1	1
15	15800000	20699999	2	1	1	2
15	20700000	102531391	2	1	1	3
16	100010	34599999	2	1	1	3
16	34600000	38599999	2	1	1	3
16	38600000	90354752	2	1	1	3
17	31001	22199999	1	1	0	3
17	22200000	25799999	1	1	0	3
17	25800000	81195209	1	1	0	3
18	27500	15399999	2	1	1	3
18	15400000	18999999	2	1	1	3
18	19000000	78077247	2	1	1	3
19	102500	260136	2	1	1	2
19	260137	24399999	2	1	1	3
19	24400000	28599999	2	1	1	3
19	28600000	59128982	2	1	1	3
20	60479	25599999	2	1	1	2
20	25600000	29467367	2	1	1	2
20	29467368	63025519	2	1	1	2
21	1	10899999	NA	NA	NA	NA
21	10900000	14299999	1	1	0	1
21	14300000	48129894	1	1	0	2
22	1	12199999	2	1	1	1
22	12200000	17899999	2	1	1	3
22	17900000	51304565	2	1	1	3
X	1	58099999	1	1	0	3
X	58100000	62999999	1	1	0	3
X	63000000	155270559	1	1	0	3
Y	1	11599999	1	1	0	1
Y	11600000	13399999	1	1	0	1
Y	13400000	59373565	1	1	0	1
