chromosome	start	end	total_cn	major_cn	minor_cn	star
1	10001	78441942	3	2	1	3
1	78441943	78455447	2	1	1	2
1	78455448	121499999	3	2	1	3
1	121500000	128899999	3	2	1	3
1	128900000	246236146	3	2	1	3
1	246236147	246323845	3	2	1	2
1	246323846	247247500	3	2	1	3
1	247247501	249250620	3	2	1	3
2	20016	90499999	4	2	2	2
2	90500000	96799999	4	2	2	2
2	96800000	186804642	4	2	2	2
2	186804643	186808865	3	2	1	2
2	186808866	191067293	4	2	2	2
2	191067294	191162698	5	3	2	3
2	191162699	211004761	4	2	2	2
2	211004762	211259317	5	3	2	2
2	211259318	240058129	4	2	2	2
2	240058130	240515749	3	2	1	2
2	240515750	242953088	4	2	2	2
3	100074	60597103	2	2	0	3
3	60597104	60675774	2	2	0	1
3	60675775	62267160	2	2	0	3
3	62267161	75594901	3	2	1	3
3	75594902	87899999	3	2	1	3
3	87900000	93899999	3	2	1	3
3	93900000	95719227	3	2	1	3
3	95719228	161882331	4	2	2	3
3	161882332	161884961	4	2	2	2
3	161884962	197867058	4	2	2	3
4	36586	48199999	3	2	1	3
4	48200000	52699999	3	2	1	3
4	52700000	56074440	3	2	1	3
4	56074441	56077383	3	2	1	3
4	56077384	147967323	3	2	1	3
4	147967324	191154275	3	2	1	3
5	22500	46099999	3	2	1	2
5	46100000	50699999	3	2	1	2
5	50700000	180689978	3	2	1	2
6	39681	203887	3	2	1	2
6	203888	58699999	3	2	1	3
6	58700000	63299999	3	2	1	3
6	63300000	114628499	3	2	1	3
6	114628500	114630500	3	2	1	3
6	114630501	170920635	3	2	1	3
7	56554	5112897	4	2	2	2
7	5112898	9277250	5	3	2	2
7	9277251	25196526	4	2	2	2
7	25196527	27442930	5	3	2	2
7	27442931	38247118	4	2	2	2
7	38247119	38399216	6	3	3	2
7	38399217	57999999	4	2	2	2
7	58000000	61699999	4	2	2	2
7	61700000	83587211	4	2	2	2
7	83587212	83660876	5	3	2	2
7	83660877	110678687	4	2	2	2
7	110678688	110701134	4	2	2	2
7	110701135	127682250	4	2	2	2
7	127682251	131901774	5	3	2	3
7	131901775	158821400	4	2	2	2
8	10001	161558	4	2	2	2
8	161559	2277499	4	2	2	2
8	2277500	2472499	5	3	2	2
8	2472500	43099999	4	2	2	2
8	43100000	48099999	4	2	2	2
8	48100000	146364021	4	2	2	2
9	10001	238817	5	3	2	2
9	238818	44730183	5	3	2	2
9	44730184	47299999	5	3	2	2
9	47300000	50699999	NA	NA	NA	NA
9	50700000	82679119	5	3	2	2
9	82679120	82680977	5	3	2	2
9	82680978	140273200	5	3	2	2
10	90127	2273296	4	2	2	2
10	2273297	2276471	3	2	1	2
10	2276472	3543429	3	2	1	2
10	3543430	21192203	4	2	2	2
10	21192204	37999999	4	2	2	2
10	38000000	42299999	4	2	2	2
10	42300000	44289886	4	2	2	2
10	44289887	77257360	4	2	2	2
10	77257361	77266289	3	2	1	2
10	77266290	77833984	3	2	1	2
10	77833985	77963037	1	1	0	2
10	77963038	83463021	3	2	1	2
10	83463022	83628918	3	2	1	2
10	83628919	120347181	4	2	2	2
10	120347182	135130834	4	2	2	2
10	135130835	135389924	3	2	1	2
11	199673	17105384	3	2	1	2
11	17105385	17108844	3	2	1	2
11	17108845	51599999	3	2	1	2
11	51600000	55699999	3	2	1	2
11	55700000	134452200	3	2	1	3
12	110107	204485	3	2	1	2
12	204486	33299999	3	2	1	3
12	33300000	38199999	3	2	1	3
12	38200000	73730179	3	2	1	3
12	73730180	73869358	4	3	1	3
12	73869359	132349400	3	2	1	3
12	132349401	133851894	3	2	1	3
13	1	16299999	5	3	2	1
13	16300000	19499999	5	3	2	2
13	19500000	30215910	5	3	2	2
13	30215911	63155139	5	3	2	2
13	63155140	63188476	5	3	2	2
13	63188477	114142800	5	3	2	2
13	114142801	115169877	5	3	2	2
14	1	16099999	3	2	1	1
14	16100000	19099999	3	2	1	2
14	19100000	41976036	3	2	1	3
14	41976037	41978560	3	2	1	3
14	41978561	106368400	3	2	1	3
15	1	15799999	3	2	1	1
15	15800000	20699999	3	2	1	2
15	20700000	100288800	3	2	1	3
15	100288801	102531391	3	2	1	3
16	83802	34599999	3	2	1	3
16	34600000	38599999	3	2	1	3
16	38600000	63817370	3	2	1	3
16	63817371	63821046	3	2	1	3
16	63821047	69989376	3	2	1	3
16	69989377	70226469	3	2	1	2
16	70226470	78380825	3	2	1	3
16	78380826	78615804	2	2	0	2
16	78615805	78618954	3	3	0	2
16	78618955	78667534	0	0	0	2
16	78667535	78840501	1	1	0	3
16	78840502	78865734	2	1	1	2
16	78865735	88827200	3	2	1	3
16	88827201	90120069	3	2	1	3
17	1869	22199999	3	2	1	3
17	22200000	25799999	3	2	1	3
17	25800000	37716148	3	2	1	3
17	37716149	37785394	49	48	1	1
17	37785395	37874827	49	48	1	1
17	37874828	37876699	47	45	2	1
17	37876700	37921946	47	45	2	1
17	37921947	37922082	47	45	2	1
17	37922083	38049074	47	45	2	1
17	38049075	38077941	47	45	2	1
17	38077942	38181470	47	45	2	1
17	38181471	38276589	46	44	2	1
17	38276590	38277606	46	44	2	1
17	38277607	38294265	46	44	2	1
17	38294266	38308748	47	45	2	1
17	38308749	38309294	47	45	2	1
17	38309295	38387177	47	45	2	1
17	38387178	38544554	45	43	2	1
17	38544555	38548551	46	44	2	1
17	38548552	38700785	46	44	2	1
17	38700786	39034152	46	44	2	1
17	39034153	39038938	46	44	2	1
17	39038939	39065985	46	44	2	1
17	39065986	39092657	46	44	2	1
17	39092658	39095120	46	44	2	1
17	39095121	39233835	47	45	2	1
17	39233836	39462474	49	48	1	1
17	39462475	75030247	3	2	1	3
17	75030248	75208075	4	3	1	3
17	75208076	78774600	3	2	1	3
17	78774601	81195209	3	2	1	3
18	27500	158221	2	1	1	2
18	158222	5116514	2	1	1	3
18	5116515	5140475	3	2	1	2
18	5140476	15399999	2	1	1	3
18	15400000	18999999	2	1	1	3
18	19000000	76117000	2	1	1	3
18	76117001	78077247	2	1	1	3
19	102500	271071	3	2	1	2
19	271072	8305778	3	2	1	3
19	8305779	8306560	3	2	1	3
19	8306561	24399999	3	2	1	3
19	24400000	28599999	3	2	1	3
19	28600000	43737500	3	2	1	3
19	43737501	59128982	3	2	1	3
20	24347	25599999	5	3	2	2
20	25600000	29399999	5	3	2	2
20	29400000	62432500	5	3	2	2
20	62432501	62909988	5	3	2	2
21	1	10899999	NA	NA	NA	NA
21	10900000	14299999	3	2	1	1
21	14300000	46937500	3	2	1	2
21	46937501	48129894	3	2	1	2
22	1	12199999	3	3	0	1
22	12200000	17899999	3	3	0	3
22	17900000	19258940	3	3	0	3
22	19258941	20333202	3	3	0	2
22	20333203	49687500	3	3	0	3
22	49687501	51304565	3	3	0	3
X	1	11113401	3	3	0	1
X	11113402	11409995	4	4	0	2
X	11409996	58099999	3	3	0	1
X	58100000	62999999	3	3	0	1
X	63000000	155270559	3	3	0	1
Y	1	11599999	0	0	0	1
Y	11600000	13399999	0	0	0	1
Y	13400000	59373565	NA	NA	NA	NA
