chromosome	start	end	total_cn	major_cn	minor_cn	star
1	840009	16288238	2	1	1	2
1	16288239	16289739	2	1	1	2
1	16289740	54868835	2	1	1	2
1	54868836	55494734	1	1	0	2
1	55494735	83989997	2	1	1	3
1	83989998	121499999	2	1	1	3
1	121500000	128899999	2	1	1	3
1	128900000	188235341	2	1	1	3
1	188235342	188243213	2	1	1	2
1	188243214	230556855	2	1	1	2
1	230556856	249250620	2	1	1	2
2	43899	90499999	2	1	1	2
2	90500000	96799999	2	1	1	2
2	96800000	143089865	2	1	1	2
2	143089866	156061301	2	1	1	2
2	156061302	156061558	2	1	1	2
2	156061559	156976547	2	1	1	2
2	156976548	157011575	2	2	0	2
2	157011576	157454172	2	1	1	2
2	157454173	157482923	1	1	0	1
2	157482924	157749202	2	1	1	2
2	157749203	157749293	2	1	1	2
2	157749294	159609780	2	1	1	3
2	159609781	159609870	2	1	1	2
2	159609871	161459969	2	1	1	2
2	161459970	169716474	2	1	1	3
2	169716475	169746460	2	1	1	2
2	169746461	169888987	2	1	1	2
2	169888988	170167499	2	1	1	3
2	170167500	179437421	2	1	1	2
2	179437422	242981974	2	1	1	2
3	100074	3035454	2	1	1	3
3	3035455	3040917	2	1	1	2
3	3040918	3264195	2	1	1	2
3	3264196	7820014	2	1	1	2
3	7820015	13606814	2	1	1	2
3	13606815	49321072	2	1	1	3
3	49321073	49343541	2	1	1	2
3	49343542	62548040	2	1	1	2
3	62548041	67504081	2	1	1	2
3	67504082	67927435	2	1	1	2
3	67927436	82284546	2	1	1	2
3	82284547	82391237	2	1	1	3
3	82391238	87899999	2	1	1	2
3	87900000	93899999	2	1	1	2
3	93900000	115229880	2	1	1	2
3	115229881	136282318	2	1	1	3
3	136282319	136432401	1	1	0	2
3	136432402	197792358	2	1	1	2
4	50084	48199999	2	1	1	2
4	48200000	52699999	2	1	1	2
4	52700000	54044650	2	1	1	2
4	54044651	54181001	2	1	1	2
4	54181002	78149439	2	1	1	2
4	78149440	78222063	4	2	2	2
4	78222064	79530801	2	1	1	2
4	79530802	79557140	2	1	1	1
4	79557141	190847500	2	1	1	2
5	1	30594955	2	1	1	2
5	30594956	45869980	2	1	1	2
5	45869981	50699999	2	1	1	2
5	50700000	79630393	2	1	1	3
5	79630394	79630634	2	1	1	3
5	79630635	96842254	2	1	1	2
5	96842255	109638344	2	1	1	2
5	109638345	109648747	2	1	1	2
5	109648748	110769753	2	1	1	2
5	110769754	142733005	2	1	1	3
5	142733006	163554830	2	1	1	3
5	163554831	163558532	2	1	1	2
5	163558533	180714439	2	1	1	2
6	231146	32377433	2	1	1	2
6	32377434	58699999	2	1	1	2
6	58700000	63299999	2	1	1	2
6	63300000	87378051	2	1	1	2
6	87378052	98952136	2	1	1	2
6	98952137	162554100	2	1	1	2
6	162554101	170909751	2	1	1	2
7	85261	36945697	2	1	1	2
7	36945698	37224251	1	1	0	2
7	37224252	57999999	2	1	1	2
7	58000000	61699999	2	1	1	2
7	61700000	84569973	2	1	1	2
7	84569974	93079711	2	1	1	3
7	93079712	93567865	2	1	1	2
7	93567866	118344635	2	1	1	3
7	118344636	118345464	2	1	1	2
7	118345465	159138662	2	1	1	2
8	161559	22880158	2	1	1	2
8	22880159	22883132	2	1	1	2
8	22883133	43099999	2	1	1	2
8	43100000	48099999	2	1	1	2
8	48100000	146364021	2	1	1	3
9	153761	1886130	1	1	0	2
9	1886131	10449982	1	1	0	2
9	10449983	22985681	1	1	0	2
9	22985682	22987268	4	2	2	2
9	22987269	22995635	1	1	0	2
9	22995636	22995739	5	4	1	1
9	22995740	23590002	5	4	1	2
9	23590003	24168775	5	4	1	2
9	24168776	24962750	5	4	1	2
9	24962751	25471736	5	4	1	2
9	25471737	25896802	4	3	1	2
9	25896803	25899204	5	4	1	2
9	25899205	26496809	5	4	1	2
9	26496810	26498737	4	3	1	2
9	26498738	26655472	3	2	1	2
9	26655473	26678656	2	1	1	2
9	26678657	27754122	2	1	1	2
9	27754123	28040942	5	3	2	2
9	28040943	28658248	2	1	1	2
9	28658249	28999605	3	2	1	2
9	28999606	29853988	2	1	1	2
9	29853989	30077622	3	2	1	2
9	30077623	30099191	4	3	1	2
9	30099192	30832896	2	1	1	1
9	30832897	32222987	3	2	1	2
9	32222988	32791703	3	2	1	2
9	32791704	33638075	2	1	1	2
9	33638076	33758673	3	2	1	2
9	33758674	33805949	1	1	0	2
9	33805950	33871940	3	2	1	1
9	33871941	34163321	4	3	1	1
9	34163322	35187872	2	1	1	2
9	35187873	35229858	3	2	1	2
9	35229859	35318641	2	1	1	1
9	35318642	35325302	2	1	1	1
9	35325303	36410090	2	1	1	2
9	36410091	39086581	2	1	1	2
9	39086582	39550940	2	1	1	2
9	39550941	47299999	2	1	1	2
9	47300000	50699999	2	1	1	2
9	50700000	94423125	2	1	1	2
9	94423126	94431480	2	1	1	2
9	94431481	108660006	2	1	1	2
9	108660007	109320847	2	1	1	2
9	109320848	109334000	2	1	1	2
9	109334001	141066800	2	1	1	2
10	130013	37999999	3	2	1	2
10	38000000	42521248	NA	NA	NA	NA
10	42521249	43497500	2	1	1	2
10	43497501	44056851	3	2	1	2
10	44056852	44520385	2	1	1	2
10	44520386	45101170	3	2	1	2
10	45101171	45239738	2	1	1	2
10	45239739	45486073	1	1	0	2
10	45486074	45563629	2	1	1	2
10	45563630	46952499	1	1	0	2
10	46952500	70613493	1	1	0	2
10	70613494	89537099	1	1	0	2
10	89537100	89688043	1	1	0	2
10	89688044	111219735	1	1	0	2
10	111219736	135534746	1	1	0	2
11	190010	220331	2	1	1	2
11	220332	48941511	2	1	1	3
11	48941512	51599999	2	1	1	2
11	51600000	55699999	2	1	1	2
11	55700000	91553476	2	1	1	2
11	91553477	135006515	2	1	1	2
12	110107	7615758	2	1	1	2
12	7615759	7628512	2	1	1	2
12	7628513	17952499	2	1	1	2
12	17952500	18060788	2	1	1	2
12	18060789	18078647	2	1	1	2
12	18078648	32563226	2	1	1	2
12	32563227	33299999	2	1	1	2
12	33300000	38199999	2	1	1	2
12	38200000	79546138	2	1	1	3
12	79546139	82680001	2	1	1	3
12	82680002	133851894	2	1	1	2
13	1	16299999	2	1	1	1
13	16300000	19499999	2	1	1	2
13	19500000	44164458	2	1	1	2
13	44164459	44168441	2	1	1	2
13	44168442	114950133	2	1	1	2
14	1	16099999	2	1	1	1
14	16100000	19099999	2	1	1	2
14	19100000	20453791	2	1	1	2
14	20453792	85370390	2	1	1	2
14	85370391	85376798	2	1	1	2
14	85376799	96764200	2	1	1	2
14	96764201	98662685	2	1	1	2
14	98662686	107349539	1	1	0	2
15	1	15799999	1	1	0	1
15	15800000	20699999	NA	NA	NA	NA
15	20700000	102402679	2	1	1	2
16	97109	33554799	2	1	1	2
16	33554800	34599999	2	1	1	2
16	34600000	38599999	2	1	1	2
16	38600000	90354752	2	1	1	2
17	12500	22199999	1	1	0	2
17	22200000	25799999	NA	NA	NA	NA
17	25800000	73705221	2	1	1	2
17	73705222	73800038	4	3	1	2
17	73800039	81195209	2	1	1	2
18	75729	14164711	2	1	1	2
18	14164712	15399999	2	1	1	2
18	15400000	18999999	2	1	1	2
18	19000000	49909930	2	1	1	3
18	49909931	63975033	2	1	1	3
18	63975034	64217399	2	1	1	2
18	64217400	78077247	2	1	1	2
19	102500	272500	1	1	0	2
19	272501	6632170	2	1	1	2
19	6632171	7826379	2	1	1	1
19	7826380	24399999	2	1	1	2
19	24400000	28599999	NA	NA	NA	NA
19	28600000	32951856	2	1	1	2
19	32951857	32960354	2	1	1	2
19	32960355	59128982	2	1	1	2
20	102973	6652556	2	1	1	2
20	6652557	15009053	2	1	1	2
20	15009054	15731160	1	1	0	2
20	15731161	15731748	1	1	0	2
20	15731749	15732471	1	1	0	1
20	15732472	15765840	2	1	1	2
20	15765841	25599999	2	1	1	2
20	25600000	29399999	2	1	1	2
20	29400000	30564434	2	1	1	3
20	30564435	63025519	2	1	1	2
21	1	10899999	NA	NA	NA	NA
21	10900000	15275490	2	2	0	2
21	15275491	48129894	2	1	1	2
22	1	12199999	1	1	0	1
22	12200000	17899999	NA	NA	NA	NA
22	17900000	51304565	2	1	1	2
X	1	58099999	1	1	0	1
X	58100000	62999999	NA	NA	NA	NA
X	63000000	155270559	2	2	0	1
Y	1	11599999	0	0	0	1
Y	11600000	13399999	0	0	0	1
Y	13400000	59373565	0	0	0	1
