chromosome	start	end	total_cn	major_cn	minor_cn	star
1	1	17072500	4	2	2	2
1	17072501	93287582	4	2	2	2
1	93287583	93303550	5	3	2	2
1	93303551	121466401	4	2	2	2
1	121466402	128899999	4	2	2	2
1	128900000	143178938	4	2	2	2
1	143178939	143236801	4	2	2	2
1	143236802	247249600	4	2	2	2
1	247249601	249250620	4	2	2	2
2	22500	90499999	4	2	2	2
2	90500000	96799999	4	2	2	2
2	96800000	109182571	4	2	2	2
2	109182572	109234966	6	4	2	2
2	109234967	174728316	4	2	2	2
2	174728317	174881840	5	3	2	2
2	174881841	242985493	4	2	2	2
3	61495	87899999	3	2	1	2
3	87900000	93899999	3	2	1	2
3	93900000	159516059	3	2	1	2
3	159516060	159518455	4	3	1	2
3	159518456	198022429	3	2	1	2
4	31303	48199999	4	2	2	2
4	48200000	52699999	4	2	2	2
4	52700000	68545089	4	2	2	2
4	68545090	68545469	3	2	1	1
4	68545470	69041710	4	2	2	1
4	69041711	69041723	4	2	2	2
4	69041724	190987500	4	2	2	2
5	11895	22499	8	6	2	1
5	22500	27732	8	6	2	1
5	27733	201043	8	6	2	2
5	201044	207590	8	6	2	2
5	207591	467125	8	6	2	2
5	467126	498251	8	6	2	1
5	498252	509013	9	7	2	1
5	509014	1152185	6	4	2	2
5	1152186	1155364	6	4	2	1
5	1155365	1205363	19	17	2	2
5	1205364	1264135	58	56	2	1
5	1264136	1516622	58	56	2	1
5	1516623	1529835	58	56	2	1
5	1529836	1532790	58	56	2	1
5	1532791	1606680	58	56	2	1
5	1606681	1610718	58	56	2	1
5	1610719	1621888	58	56	2	1
5	1621889	1622216	58	56	2	1
5	1622217	1634829	58	56	2	1
5	1634830	1635002	58	56	2	1
5	1635003	1686093	58	56	2	1
5	1686094	1688526	58	56	2	1
5	1688527	1696248	58	56	2	1
5	1696249	1727337	58	56	2	1
5	1727338	1765509	58	56	2	1
5	1765510	1765729	25	23	2	1
5	1765730	1765842	32	30	2	1
5	1765843	1930206	38	36	2	1
5	1930207	1930899	38	36	2	1
5	1930900	2022217	38	36	2	1
5	2022218	2050230	34	32	2	1
5	2050231	2070931	34	32	2	1
5	2070932	2162370	21	19	2	2
5	2162371	2219992	41	39	2	1
5	2219993	2281290	41	39	2	1
5	2281291	2460789	38	36	2	1
5	2460790	2462784	38	36	2	1
5	2462785	2463494	38	36	2	1
5	2463495	2474819	38	36	2	1
5	2474820	2481181	38	36	2	1
5	2481182	2481199	38	36	2	1
5	2481200	2516484	38	36	2	1
5	2516485	2540934	38	36	2	1
5	2540935	2543216	38	36	2	1
5	2543217	2551554	38	36	2	1
5	2551555	2557741	38	36	2	1
5	2557742	2562091	19	17	2	1
5	2562092	2710418	34	32	2	1
5	2710419	2788747	19	17	2	2
5	2788748	2802866	21	19	2	2
5	2802867	2901531	44	42	2	1
5	2901532	2923734	44	42	2	1
5	2923735	2923950	44	42	2	1
5	2923951	2924067	44	42	2	1
5	2924068	2951521	21	19	2	2
5	2951522	2975495	19	18	1	2
5	2975496	2998921	38	36	2	1
5	2998922	3193158	38	36	2	1
5	3193159	3193400	38	36	2	1
5	3193401	3215177	15	14	1	2
5	3215178	3216101	7	5	2	2
5	3216102	4228613	6	4	2	2
5	4228614	8673915	4	2	2	2
5	8673916	16663362	6	4	2	2
5	16663363	17976345	8	6	2	2
5	17976346	18740046	10	8	2	2
5	18740047	18745713	16	14	2	1
5	18745714	18860751	9	7	2	2
5	18860752	18860799	9	7	2	2
5	18860800	18864059	9	7	2	2
5	18864060	18872668	16	14	2	2
5	18872669	19168370	16	14	2	1
5	19168371	19387086	8	6	2	2
5	19387087	19391732	8	6	2	2
5	19391733	19655744	8	6	2	2
5	19655745	19699661	9	7	2	1
5	19699662	20098441	8	6	2	2
5	20098442	20251802	4	2	2	2
5	20251803	20862500	8	6	2	2
5	20862501	21708182	16	14	2	1
5	21708183	21708222	10	8	2	2
5	21708223	22158861	9	7	2	2
5	22158862	22159144	9	7	2	2
5	22159145	22180298	9	7	2	1
5	22180299	24422809	8	6	2	2
5	24422810	24566670	8	6	2	2
5	24566671	24681223	8	6	2	2
5	24681224	24709121	8	6	2	2
5	24709122	24722298	8	6	2	2
5	24722299	24754765	8	6	2	2
5	24754766	24779315	8	6	2	2
5	24779316	24866992	8	6	2	2
5	24866993	25023737	10	8	2	2
5	25023738	25230721	10	8	2	2
5	25230722	25419597	5	3	2	2
5	25419598	25462507	16	14	2	1
5	25462508	25694438	16	14	2	1
5	25694439	25695571	16	14	2	2
5	25695572	25967820	16	14	2	1
5	25967821	25970917	16	14	2	2
5	25970918	26185681	16	14	2	1
5	26185682	26198151	16	14	2	1
5	26198152	26549707	10	8	2	2
5	26549708	26803432	5	3	2	2
5	26803433	27017685	15	13	2	2
5	27017686	28439114	31	29	2	1
5	28439115	28696318	37	35	2	1
5	28696319	28701315	37	35	2	1
5	28701316	29165516	37	35	2	1
5	29165517	30623871	30	29	1	1
5	30623872	30635052	41	40	1	1
5	30635053	30666858	41	40	1	1
5	30666859	30799378	34	32	2	1
5	30799379	30830030	34	32	2	1
5	30830031	30910913	39	38	1	1
5	30910914	30960075	21	19	2	1
5	30960076	31284257	8	6	2	2
5	31284258	31845150	5	3	2	2
5	31845151	32123800	21	19	2	1
5	32123801	32514932	21	19	2	1
5	32514933	32889975	8	6	2	2
5	32889976	32894442	4	2	2	2
5	32894443	46099999	4	2	2	2
5	46100000	50699999	4	2	2	2
5	50700000	127345379	4	2	2	2
5	127345380	127363906	5	3	2	2
5	127363907	170610533	4	2	2	2
5	170610534	170612316	4	2	2	2
5	170612317	180715810	4	2	2	2
6	39681	205799	3	2	1	1
6	205800	25260400	3	2	1	2
6	25260401	26318533	2	2	0	2
6	26318534	26482179	3	2	1	2
6	26482180	27239907	4	2	2	2
6	27239908	27547782	3	2	1	3
6	27547783	27562187	3	2	1	2
6	27562188	27666784	3	2	1	2
6	27666785	27709027	4	2	2	2
6	27709028	27718359	3	2	1	2
6	27718360	27789476	3	2	1	2
6	27789477	28395402	2	2	0	2
6	28395403	28595255	3	2	1	2
6	28595256	28669797	2	1	1	1
6	28669798	28933639	2	2	0	2
6	28933640	33672628	3	2	1	2
6	33672629	58699999	4	2	2	2
6	58700000	63299999	4	2	2	2
6	63300000	170915316	4	2	2	2
7	40386	4504267	4	3	1	2
7	4504268	5884830	5	4	1	2
7	5884831	6220454	4	3	1	2
7	6220455	6277481	3	2	1	2
7	6277482	6914860	4	3	1	2
7	6914861	6958494	4	3	1	2
7	6958495	13398831	4	3	1	2
7	13398832	13414746	3	2	1	2
7	13414747	13791948	4	3	1	2
7	13791949	13805341	54	53	1	1
7	13805342	13858005	54	53	1	1
7	13858006	14404883	4	3	1	2
7	14404884	14411184	4	3	1	2
7	14411185	14428436	4	3	1	2
7	14428437	14478436	4	3	1	2
7	14478437	14573420	10	9	1	1
7	14573421	14601617	10	9	1	1
7	14601618	15156846	10	9	1	2
7	15156847	17932004	4	3	1	2
7	17932005	17964355	21	20	1	1
7	17964356	17969025	24	23	1	1
7	17969026	17975600	12	11	1	2
7	17975601	19227710	4	3	1	2
7	19227711	19236692	4	3	1	2
7	19236693	19255831	4	3	1	2
7	19255832	19315354	56	55	1	1
7	19315355	19325836	56	55	1	1
7	19325837	19404536	56	55	1	1
7	19404537	19623582	58	57	1	1
7	19623583	19675602	58	57	1	1
7	19675603	19858943	39	38	1	1
7	19858944	19865884	39	38	1	1
7	19865885	20389903	39	38	1	1
7	20389904	20416727	37	36	1	1
7	20416728	20476210	37	36	1	1
7	20476211	20484367	20	18	2	2
7	20484368	20617989	31	30	1	1
7	20617990	21244702	5	3	2	2
7	21244703	21245511	5	3	2	2
7	21245512	21820794	5	3	2	2
7	21820795	21827289	5	3	2	2
7	21827290	22540882	5	3	2	2
7	22540883	22942674	19	18	1	1
7	22942675	23984706	4	3	1	2
7	23984707	24200115	30	29	1	1
7	24200116	57999988	4	3	1	2
7	57999989	57999999	4	3	1	1
7	58000000	61699999	NA	NA	NA	NA
7	61700000	113664334	3	3	0	2
7	113664335	113666515	3	3	0	2
7	113666516	158821400	3	3	0	2
8	155757	2611223	2	2	0	2
8	2611224	2820243	4	2	2	2
8	2820244	2824103	2	2	0	2
8	2824104	2958787	4	2	2	2
8	2958788	3090561	2	2	0	2
8	3090562	3132643	4	2	2	2
8	3132644	3202265	2	2	0	2
8	3202266	3419396	4	2	2	2
8	3419397	4361134	2	2	0	2
8	4361135	4518297	4	2	2	2
8	4518298	7217499	2	2	0	2
8	7217500	8037400	2	2	0	2
8	8037401	30058260	2	2	0	2
8	30058261	30094761	4	4	0	2
8	30094762	39230024	2	2	0	2
8	39230025	43099999	2	2	0	2
8	43100000	48099999	2	2	0	2
8	48100000	57906879	2	2	0	2
8	57906880	57999779	2	2	0	1
8	57999780	59838284	2	2	0	2
8	59838285	62521242	10	8	2	2
8	62521243	62656833	12	10	2	2
8	62656834	63159136	10	8	2	2
8	63159137	70519651	2	2	0	2
8	70519652	89155198	4	2	2	2
8	89155199	89404048	6	4	2	1
8	89404049	95542491	4	2	2	2
8	95542492	96040329	6	4	2	2
8	96040330	96068026	4	2	2	2
8	96068027	96602813	6	4	2	2
8	96602814	112212880	4	2	2	2
8	112212881	113003143	20	18	2	2
8	113003144	115723728	8	6	2	2
8	115723729	115817326	10	6	4	2
8	115817327	126422636	8	6	2	2
8	126422637	126941841	6	4	2	2
8	126941842	129039174	4	2	2	2
8	129039175	129044115	6	4	2	2
8	129044116	129855999	6	4	2	2
8	129856000	132289241	4	2	2	2
8	132289242	132576362	6	4	2	2
8	132576363	134702617	4	2	2	2
8	134702618	146364021	2	2	0	2
9	62780	161401	6	5	1	1
9	161402	203682	6	4	2	2
9	203683	524315	6	4	2	2
9	524316	908366	8	6	2	2
9	908367	6886836	4	2	2	2
9	6886837	10447500	2	2	0	2
9	10447501	29188919	2	2	0	2
9	29188920	29725521	6	4	2	2
9	29725522	30244331	2	2	0	2
9	30244332	30245655	2	2	0	2
9	30245656	44436896	2	2	0	2
9	44436897	44853101	2	2	0	2
9	44853102	47167811	2	2	0	2
9	47167812	50699999	NA	NA	NA	NA
9	50700000	65769309	1	1	0	1
9	65769310	66589614	1	1	0	1
9	66589615	68513802	2	2	0	2
9	68513803	70488657	2	2	0	2
9	70488658	72522160	2	2	0	2
9	72522161	72524597	1	1	0	2
9	72524598	73064737	4	2	2	2
9	73064738	73079144	4	2	2	1
9	73079145	73773587	2	2	0	3
9	73773588	73794812	7	5	2	1
9	73794813	73869307	2	2	0	2
9	73869308	73876507	2	2	0	2
9	73876508	74358617	2	2	0	2
9	74358618	74384409	4	2	2	2
9	74384410	88958154	2	2	0	2
9	88958155	89718277	3	2	1	2
9	89718278	90035791	6	4	2	2
9	90035792	90036228	6	4	2	2
9	90036229	90246950	6	4	2	2
9	90246951	90313482	6	3	3	1
9	90313483	90389943	6	3	3	1
9	90389944	90412688	8	6	2	2
9	90412689	90414590	8	6	2	1
9	90414591	90417816	7	5	2	1
9	90417817	90466383	6	4	2	2
9	90466384	90858128	8	6	2	2
9	90858129	94757327	6	4	2	2
9	94757328	96626810	3	2	1	2
9	96626811	96657564	6	4	2	1
9	96657565	96724255	6	4	2	2
9	96724256	97294997	7	5	2	2
9	97294998	99142730	6	4	2	2
9	99142731	99145338	6	4	2	2
9	99145339	100006066	6	4	2	2
9	100006067	100457646	3	2	1	2
9	100457647	101217500	6	4	2	2
9	101217501	101262477	6	4	2	2
9	101262478	101868986	6	4	2	2
9	101868987	104714065	4	2	2	2
9	104714066	104714249	4	2	2	2
9	104714250	104833343	4	2	2	3
9	104833344	104985581	8	6	2	2
9	104985582	105059980	11	9	2	2
9	105059981	105062080	11	9	2	1
9	105062081	105336522	10	8	2	2
9	105336523	105343187	18	16	2	1
9	105343188	105360513	10	8	2	2
9	105360514	105360982	14	11	3	1
9	105360983	105484991	21	19	2	1
9	105484992	105625308	8	6	2	2
9	105625309	105664697	21	19	2	1
9	105664698	105733394	11	9	2	2
9	105733395	106163471	10	8	2	2
9	106163472	106366373	8	6	2	2
9	106366374	106983613	22	20	2	1
9	106983614	107019941	8	6	2	2
9	107019942	107353574	12	10	2	2
9	107353575	107354885	18	16	2	1
9	107354886	107506802	18	16	2	1
9	107506803	107880005	8	6	2	2
9	107880006	107957584	22	20	2	1
9	107957585	107962076	12	9	3	2
9	107962077	107972688	12	10	2	2
9	107972689	108223795	10	8	2	2
9	108223796	108545792	8	6	2	2
9	108545793	108548490	8	6	2	2
9	108548491	108556901	8	6	2	1
9	108556902	110372449	6	4	2	2
9	110372450	110849697	8	6	2	2
9	110849698	110886154	8	6	2	2
9	110886155	111576606	8	6	2	2
9	111576607	112045339	10	8	2	2
9	112045340	112623303	22	20	2	1
9	112623304	112693021	10	8	2	2
9	112693022	112933100	11	9	2	2
9	112933101	113274212	21	19	2	1
9	113274213	113841137	10	8	2	2
9	113841138	115556954	8	6	2	2
9	115556955	117366607	10	8	2	2
9	117366608	117368265	18	16	2	1
9	117368266	117871383	10	8	2	2
9	117871384	119867844	8	6	2	2
9	119867845	119875225	8	6	2	2
9	119875226	119915194	8	6	2	2
9	119915195	119965193	8	6	2	2
9	119965194	120132165	8	6	2	2
9	120132166	120192421	18	16	2	1
9	120192422	121391000	8	6	2	2
9	121391001	121402079	8	6	2	2
9	121402080	121495645	8	6	2	2
9	121495646	121646835	10	8	2	2
9	121646836	121750561	19	17	2	1
9	121750562	121785643	8	6	2	2
9	121785644	121796054	9	7	2	2
9	121796055	121798433	8	6	2	2
9	121798434	121840189	8	6	2	2
9	121840190	121848432	8	6	2	2
9	121848433	121918270	8	6	2	1
9	121918271	121930410	19	17	2	1
9	121930411	121963029	11	8	3	1
9	121963030	121972090	9	7	2	1
9	121972091	121997845	18	16	2	1
9	121997846	122081212	18	16	2	1
9	122081213	122087164	5	3	2	2
9	122087165	122323473	8	6	2	2
9	122323474	126805828	5	3	2	2
9	126805829	126886882	8	6	2	2
9	126886883	126893625	5	3	2	2
9	126893626	126934241	8	6	2	2
9	126934242	127058841	9	7	2	2
9	127058842	129250232	8	6	2	2
9	129250233	129250839	10	8	2	2
9	129250840	129297225	8	6	2	2
9	129297226	129304233	6	4	2	2
9	129304234	129319772	8	6	2	2
9	129319773	129772088	6	4	2	2
9	129772089	129968386	7	5	2	2
9	129968387	129976468	7	5	2	2
9	129976469	130047254	7	5	2	1
9	130047255	130390071	7	5	2	2
9	130390072	131260802	7	5	2	2
9	131260803	131547737	6	4	2	2
9	131547738	132641790	7	5	2	2
9	132641791	133004749	7	5	2	2
9	133004750	140273200	3	2	1	2
10	90127	25034922	3	2	1	2
10	25034923	25651866	4	3	1	2
10	25651867	26627580	3	2	1	2
10	26627581	27522541	4	3	1	2
10	27522542	27531643	4	3	1	2
10	27531644	28462666	3	2	1	2
10	28462667	28478249	3	2	1	2
10	28478250	28837610	3	2	1	2
10	28837611	37431648	4	3	1	2
10	37431649	37999999	3	2	1	2
10	38000000	42420642	NA	NA	NA	NA
10	42420643	42430697	3	2	1	2
10	42430698	72004298	3	2	1	2
10	72004299	72022749	3	2	1	2
10	72022750	72042654	3	2	1	2
10	72042655	98639081	3	2	1	2
10	98639082	135389924	3	2	1	2
11	20721	199152	4	2	2	2
11	199153	28698928	4	2	2	2
11	28698929	28717314	4	2	2	2
11	28717315	51599999	4	2	2	2
11	51600000	55699999	4	2	2	2
11	55700000	134452200	4	2	2	2
12	110107	33299999	4	2	2	2
12	33300000	38199999	4	2	2	2
12	38200000	54391377	4	2	2	2
12	54391378	54424324	5	3	2	2
12	54424325	56308001	4	2	2	2
12	56308002	61481164	8	6	2	2
12	61481165	61686110	5	3	2	2
12	61686111	62746919	12	10	2	2
12	62746920	62774454	52	50	2	1
12	62774455	63177578	22	20	2	1
12	63177579	63192958	26	24	2	1
12	63192959	64205864	22	20	2	2
12	64205865	64227518	28	26	2	1
12	64227519	64235300	28	26	2	1
12	64235301	64655052	28	26	2	1
12	64655053	64675644	14	12	2	1
12	64675645	64716581	29	27	2	1
12	64716582	64888087	29	27	2	1
12	64888088	64959086	25	23	2	1
12	64959087	65101280	33	31	2	1
12	65101281	65106950	33	31	2	1
12	65106951	65112486	33	31	2	1
12	65112487	65149650	13	11	2	2
12	65149651	66028057	26	24	2	1
12	66028058	66388016	23	21	2	1
12	66388017	66440730	29	27	2	1
12	66440731	67310251	13	11	2	2
12	67310252	67328973	13	11	2	2
12	67328974	67948155	13	11	2	2
12	67948156	67998385	20	18	2	2
12	67998386	68041226	20	18	2	1
12	68041227	68188354	30	28	2	1
12	68188355	68205089	36	34	2	1
12	68205090	68292824	25	23	2	1
12	68292825	68589332	42	40	2	1
12	68589333	68672428	30	28	2	1
12	68672429	68731475	30	28	2	1
12	68731476	68746206	44	42	2	1
12	68746207	68782779	100	98	2	1
12	68782780	68854979	100	98	2	1
12	68854980	68911323	49	47	2	2
12	68911324	68912928	49	47	2	2
12	68912929	68914528	49	48	1	1
12	68914529	68915914	49	48	1	1
12	68915915	68927390	115	113	2	1
12	68927391	68943849	115	113	2	1
12	68943850	68977775	115	113	2	1
12	68977776	68995974	115	113	2	1
12	68995975	69149877	115	113	2	1
12	69149878	69260300	115	113	2	1
12	69260301	69299180	115	113	2	1
12	69299181	69326227	115	113	2	1
12	69326228	69341396	115	113	2	1
12	69341397	69349179	171	169	2	1
12	69349180	69362938	171	169	2	1
12	69362939	69382849	171	169	2	1
12	69382850	69427456	171	169	2	1
12	69427457	69427676	171	169	2	1
12	69427677	69439122	171	169	2	1
12	69439123	69490863	171	169	2	1
12	69490864	69609066	131	129	2	1
12	69609067	69619887	116	115	1	1
12	69619888	69638356	116	115	1	1
12	69638357	69640842	100	98	2	1
12	69640843	69641511	49	48	1	1
12	69641512	69642652	162	160	2	1
12	69642653	69677767	162	160	2	1
12	69677768	69682192	162	160	2	1
12	69682193	69693763	162	160	2	1
12	69693764	69704809	162	160	2	1
12	69704810	69786288	162	160	2	1
12	69786289	69809137	162	160	2	1
12	69809138	69809994	162	160	2	1
12	69809995	69811955	162	160	2	1
12	69811956	69837769	162	160	2	1
12	69837770	69860089	162	160	2	1
12	69860090	69990693	199	197	2	1
12	69990694	69999853	199	197	2	1
12	69999854	70029410	60	57	3	1
12	70029411	70127202	90	88	2	1
12	70127203	70130105	90	88	2	1
12	70130106	70161564	90	88	2	1
12	70161565	70165545	90	88	2	1
12	70165546	70185226	90	88	2	1
12	70185227	70215729	90	88	2	1
12	70215730	70228814	90	88	2	1
12	70228815	70304137	106	104	2	1
12	70304138	70378224	106	104	2	1
12	70378225	70593071	2	2	0	2
12	70593072	70769430	11	9	2	2
12	70769431	71092596	21	19	2	1
12	71092597	71217943	28	26	2	1
12	71217944	71237701	21	19	2	1
12	71237702	71250067	21	19	2	1
12	71250068	71439627	4	2	2	2
12	71439628	71640012	25	23	2	1
12	71640013	71784346	31	29	2	1
12	71784347	72624216	7	5	2	2
12	72624217	72627011	7	5	2	2
12	72627012	72632599	7	5	2	2
12	72632600	72647111	4	2	2	2
12	72647112	72651503	7	5	2	1
12	72651504	75906003	4	2	2	2
12	75906004	77768765	2	2	0	2
12	77768766	78007486	4	2	2	2
12	78007487	78034878	5	3	2	2
12	78034879	78371674	4	2	2	2
12	78371675	78391147	2	2	0	2
12	78391148	78548622	4	2	2	2
12	78548623	81464830	2	2	0	2
12	81464831	82502490	4	2	2	2
12	82502491	124751933	2	2	0	2
12	124751934	124752404	2	2	0	1
12	124752405	125070543	4	2	2	2
12	125070544	128942891	2	2	0	2
12	128942892	129709937	3	2	1	2
12	129709938	132349400	2	2	0	2
12	132349401	133851894	2	2	0	2
13	1	16299999	2	2	0	1
13	16300000	19499999	2	2	0	2
13	19500000	114142800	2	2	0	2
13	114142801	115040005	2	2	0	2
14	1	16099999	3	2	1	1
14	16100000	19099999	3	2	1	2
14	19100000	20433515	3	2	1	2
14	20433516	106368400	3	2	1	2
15	1	15799999	2	1	1	1
15	15800000	20699999	NA	NA	NA	NA
15	20700000	22788426	3	2	1	2
15	22788427	22788687	3	2	1	2
15	22788688	22804658	3	2	1	2
15	22804659	22864014	3	2	1	2
15	22864015	22907610	3	2	1	2
15	22907611	22928542	2	2	0	2
15	22928543	23253539	2	2	0	2
15	23253540	24162311	3	2	1	2
15	24162312	24166324	3	2	1	2
15	24166325	24276861	3	2	1	2
15	24276862	24288118	3	2	1	2
15	24288119	34713002	2	2	0	2
15	34713003	52472196	2	2	0	2
15	52472197	100338800	3	2	1	2
15	100338801	102531391	3	2	1	2
16	84870	14478870	4	2	2	2
16	14478871	14850074	7	4	3	2
16	14850075	29851915	4	2	2	2
16	29851916	34599999	4	2	2	2
16	34600000	38599999	4	2	2	2
16	38600000	88827200	4	2	2	2
16	88827201	90354752	4	2	2	2
17	1880	16720095	3	2	1	2
17	16720096	18062330	5	3	2	2
17	18062331	18341002	3	2	1	2
17	18341003	22199999	5	3	2	2
17	22200000	25799999	NA	NA	NA	NA
17	25800000	26074972	6	4	2	2
17	26074973	28999968	5	3	2	2
17	28999969	29152575	3	2	1	2
17	29152576	29168915	4	2	2	1
17	29168916	40679997	5	3	2	2
17	40679998	40773215	6	4	2	2
17	40773216	41662996	7	5	2	2
17	41662997	78774600	6	4	2	2
17	78774601	81109939	6	4	2	2
18	27500	125370	2	1	1	2
18	125371	15293248	2	1	1	3
18	15293249	18999999	2	1	1	3
18	19000000	76117000	2	1	1	2
18	76117001	78077247	2	1	1	2
19	108847	14859948	2	2	0	2
19	14859949	15016421	6	4	2	2
19	15016422	15016445	7	5	2	2
19	15016446	15261142	2	2	0	3
19	15261143	16432770	5	3	2	2
19	16432771	16461590	2	2	0	2
19	16461591	16462268	2	2	0	2
19	16462269	19326374	2	2	0	2
19	19326375	19413755	7	5	2	1
19	19413756	19425898	8	5	3	1
19	19425899	19553909	7	4	3	1
19	19553910	19553938	9	6	3	1
19	19553939	19620511	17	14	3	1
19	19620512	19628605	17	14	3	1
19	19628606	19650129	17	14	3	1
19	19650130	19658552	17	14	3	1
19	19658553	19677666	17	14	3	1
19	19677667	19773914	11	9	2	2
19	19773915	20147242	8	6	2	2
19	20147243	20389830	11	9	2	2
19	20389831	20595201	25	24	1	1
19	20595202	20615621	14	12	2	1
19	20615622	20689062	22	20	2	1
19	20689063	20765908	22	20	2	2
19	20765909	20820451	22	20	2	2
19	20820452	20977393	22	20	2	2
19	20977394	21455399	22	20	2	1
19	21455400	21715995	22	20	2	2
19	21715996	21767608	21	18	3	1
19	21767609	21772351	21	18	3	1
19	21772352	21775408	21	18	3	1
19	21775409	21777663	34	32	2	1
19	21777664	22083023	34	32	2	1
19	22083024	23040730	25	23	2	1
19	23040731	23820106	33	31	2	1
19	23820107	24118101	23	22	1	1
19	24118102	24195517	45	43	2	1
19	24195518	24245516	45	43	2	1
19	24245517	24373638	11	9	2	2
19	24373639	24399999	11	9	2	2
19	24400000	28599999	NA	NA	NA	NA
19	28600000	30015828	6	4	2	2
19	30015829	30017707	7	5	2	2
19	30017708	30168123	8	6	2	1
19	30168124	31113243	8	6	2	2
19	31113244	32080048	8	6	2	1
19	32080049	32092253	8	6	2	2
19	32092254	32412499	9	7	2	2
19	32412500	32772627	10	8	2	2
19	32772628	32787901	40	38	2	1
19	32787902	32819628	40	38	2	1
19	32819629	32853096	27	24	3	1
19	32853097	32967929	46	44	2	1
19	32967930	33444440	46	44	2	1
19	33444441	33958733	36	34	2	1
19	33958734	34166097	36	34	2	1
19	34166098	34166114	17	15	2	1
19	34166115	34266886	8	6	2	2
19	34266887	34280427	13	11	2	2
19	34280428	34280521	13	11	2	2
19	34280522	35198891	13	11	2	2
19	35198892	35237706	47	45	2	1
19	35237707	35652247	47	45	2	1
19	35652248	35739992	47	45	2	1
19	35739993	36044501	47	45	2	1
19	36044502	36100835	26	24	2	1
19	36100836	36349211	26	24	2	1
19	36349212	36406904	13	10	3	1
19	36406905	36495646	43	41	2	1
19	36495647	36597842	43	41	2	1
19	36597843	36858677	22	20	2	1
19	36858678	36908378	22	20	2	1
19	36908379	37050105	29	27	2	1
19	37050106	38008176	5	4	1	1
19	38008177	38067503	5	3	2	1
19	38067504	39282842	5	3	2	2
19	39282843	39479305	5	3	2	2
19	39479306	40162901	6	4	2	2
19	40162902	40216124	13	11	2	2
19	40216125	40248227	6	4	2	2
19	40248228	40265181	2	2	0	2
19	40265182	40596818	5	3	2	2
19	40596819	43257500	2	2	0	2
19	43257501	43630001	2	2	0	2
19	43630002	43685827	2	2	0	2
19	43685828	43712500	9	7	2	1
19	43712501	43792306	8	6	2	1
19	43792307	44380438	11	9	2	2
19	44380439	44956166	6	4	2	2
19	44956167	44956182	6	4	2	2
19	44956183	45039681	8	6	2	1
19	45039682	45395024	8	6	2	2
19	45395025	52469494	2	2	0	2
19	52469495	52512855	2	2	0	1
19	52512856	53256732	2	2	0	2
19	53256733	55250003	5	3	2	2
19	55250004	55400655	8	6	2	1
19	55400656	56206372	9	7	2	2
19	56206373	56206431	8	6	2	2
19	56206432	56206473	9	7	2	1
19	56206474	57116539	5	3	2	2
19	57116540	57119122	6	4	2	2
19	57119123	57622057	6	4	2	2
19	57622058	58212050	5	3	2	2
19	58212051	58212107	9	7	2	2
19	58212108	58212165	16	14	2	1
19	58212166	58216994	16	14	2	1
20	32013	25599999	2	2	0	2
20	25600000	29465379	NA	NA	NA	NA
20	29465380	29621201	5	3	2	1
20	29621202	29645222	5	3	2	1
20	29645223	29992455	2	2	0	2
20	29992456	30042672	3	2	1	2
20	30042673	47552745	3	2	1	2
20	47552746	49549911	4	2	2	2
20	49549912	50349054	5	3	2	2
20	50349055	58927639	4	2	2	2
20	58927640	58979916	4	2	2	2
20	58979917	61486454	4	2	2	2
20	61486455	62066714	6	4	2	2
20	62066715	62321443	5	3	2	2
20	62321444	62432500	6	4	2	2
21	1	10899999	NA	NA	NA	NA
21	10900000	14641009	4	2	2	2
21	14641010	23404680	4	2	2	2
21	23404681	24254336	9	7	2	2
21	24254337	24274628	9	7	2	1
21	24274629	24284904	9	7	2	1
21	24284905	24343461	9	7	2	1
21	24343462	24357360	9	7	2	1
21	24357361	24384544	9	7	2	1
21	24384545	24438671	9	7	2	1
21	24438672	24557281	8	6	2	2
21	24557282	24688583	23	21	2	1
21	24688584	25145027	20	18	2	1
21	25145028	25505233	7	5	2	2
21	25505234	25816592	5	3	2	2
21	25816593	25829070	5	3	2	2
21	25829071	25964611	9	7	2	2
21	25964612	26002759	9	7	2	2
21	26002760	28212424	10	8	2	2
21	28212425	28244117	9	7	2	2
21	28244118	28489555	4	2	2	2
21	28489556	28554189	5	3	2	2
21	28554190	30079589	6	4	2	2
21	30079590	32551516	5	3	2	2
21	32551517	32557349	5	3	2	2
21	32557350	32566417	5	3	2	2
21	32566418	34933892	5	3	2	2
21	34933893	35173412	5	3	2	1
21	35173413	36838853	5	3	2	2
21	36838854	43282737	6	4	2	2
21	43282738	45692466	5	3	2	2
21	45692467	46944200	6	4	2	2
21	46944201	48129894	6	4	2	2
22	1	12199999	2	1	1	1
22	12200000	17899999	2	1	1	2
22	17900000	28818489	2	1	1	2
22	28818490	29065845	1	1	0	2
22	29065846	29065874	1	1	0	2
22	29065875	29157126	1	1	0	2
22	29157127	29264300	2	1	1	2
22	29264301	29305881	3	2	1	2
22	29305882	29482030	2	1	1	3
22	29482031	30878851	3	2	1	2
22	30878852	30960844	2	1	1	2
22	30960845	31025623	2	1	1	2
22	31025624	31555657	2	1	1	2
22	31555658	41002801	3	2	1	2
22	41002802	43307383	2	1	1	3
22	43307384	43437429	3	2	1	2
22	43437430	49691400	2	1	1	3
22	49691401	51304565	2	1	1	2
X	1	1621687	2	1	1	1
X	1621688	1639554	2	1	1	1
X	1639555	1654733	2	1	1	1
X	1654734	1956631	9	7	2	2
X	1956632	1961864	2	1	1	1
X	1961865	2211913	2	1	1	1
X	2211914	2213296	2	1	1	1
X	2213297	2324078	2	1	1	1
X	2324079	2327515	2	1	1	1
X	2327516	2414718	2	1	1	1
X	2414719	2477520	2	1	1	1
X	2477521	2516864	2	1	1	1
X	2516865	2535223	2	1	1	1
X	2535224	4761275	2	2	0	2
X	4761276	4777681	2	2	0	2
X	4777682	4833588	2	1	1	1
X	4833589	4892275	18	16	2	2
X	4892276	4910596	2	1	1	1
X	4910597	4910903	2	1	1	1
X	4910904	4942274	2	1	1	1
X	4942275	4947500	2	1	1	1
X	4947501	4999482	2	1	1	1
X	4999483	5019187	2	1	1	1
X	5019188	5031061	2	1	1	1
X	5031062	5058311	2	1	1	1
X	5058312	5062468	2	1	1	1
X	5062469	5063583	2	1	1	1
X	5063584	5267750	2	1	1	1
X	5267751	5423001	2	1	1	1
X	5423002	5469824	2	1	1	1
X	5469825	5505937	2	1	1	1
X	5505938	5533757	2	1	1	1
X	5533758	5616471	2	1	1	1
X	5616472	5631568	2	1	1	1
X	5631569	5631705	2	1	1	1
X	5631706	5635108	2	1	1	1
X	5635109	5636250	2	1	1	1
X	5636251	5725891	2	1	1	1
X	5725892	5803842	2	1	1	1
X	5803843	5831430	2	1	1	1
X	5831431	15815273	2	2	0	2
X	15815274	15826718	2	1	1	1
X	15826719	15912346	2	1	1	1
X	15912347	15912365	2	1	1	1
X	15912366	16103527	2	1	1	1
X	16103528	16108420	2	1	1	1
X	16108421	16123275	2	1	1	1
X	16123276	16141052	2	1	1	1
X	16141053	16166058	3	2	1	2
X	16166059	16204153	2	1	1	1
X	16204154	16297997	2	1	1	1
X	16297998	16463222	9	7	2	2
X	16463223	16518555	10	8	2	2
X	16518556	16523700	2	1	1	1
X	16523701	17221633	2	1	1	1
X	17221634	18249635	2	2	0	2
X	18249636	18296206	11	9	2	1
X	18296207	18346205	2	1	1	1
X	18346206	18357929	2	1	1	1
X	18357930	18436620	5	3	2	2
X	18436621	18442721	2	1	1	1
X	18442722	18696889	2	1	1	1
X	18696890	18713547	2	1	1	1
X	18713548	18763081	5	3	2	2
X	18763082	21334430	2	2	0	2
X	21334431	21480236	2	2	0	2
X	21480237	21487010	2	1	1	1
X	21487011	21564195	2	1	1	1
X	21564196	21606952	19	17	2	2
X	21606953	21607229	2	1	1	1
X	21607230	21701404	2	1	1	1
X	21701405	22322433	11	9	2	2
X	22322434	22480260	2	1	1	1
X	22480261	22502547	16	14	2	2
X	22502548	22648540	12	10	2	2
X	22648541	22718414	24	22	2	1
X	22718415	22732206	26	26	0	1
X	22732207	22753546	26	25	1	2
X	22753547	22800168	2	1	1	1
X	22800169	22989021	2	1	1	1
X	22989022	22989161	2	1	1	1
X	22989162	22992232	2	1	1	1
X	22992233	22998582	2	1	1	1
X	22998583	23031265	2	1	1	1
X	23031266	23054869	2	1	1	1
X	23054870	23110923	2	1	1	1
X	23110924	23148703	2	1	1	1
X	23148704	23223055	2	1	1	1
X	23223056	23345167	2	1	1	1
X	23345168	23376054	2	1	1	1
X	23376055	23395241	2	1	1	1
X	23395242	23411630	2	1	1	1
X	23411631	23413615	2	1	1	1
X	23413616	23461629	2	1	1	1
X	23461630	23463243	2	1	1	1
X	23463244	23463622	2	1	1	1
X	23463623	23551079	2	1	1	1
X	23551080	23573077	2	1	1	1
X	23573078	23631190	2	1	1	1
X	23631191	23708116	2	1	1	1
X	23708117	23856603	2	1	1	1
X	23856604	23863544	2	1	1	1
X	23863545	23963901	2	1	1	1
X	23963902	24050098	2	1	1	1
X	24050099	24193510	2	1	1	1
X	24193511	24194625	2	1	1	1
X	24194626	24201931	2	1	1	1
X	24201932	24244151	2	1	1	1
X	24244152	24275927	2	1	1	1
X	24275928	24279268	2	1	1	1
X	24279269	24281962	2	1	1	1
X	24281963	24319126	2	1	1	1
X	24319127	24333923	2	1	1	1
X	24333924	24445154	2	1	1	1
X	24445155	24476880	2	1	1	1
X	24476881	24542603	2	1	1	1
X	24542604	24543175	2	1	1	1
X	24543176	24549940	2	1	1	1
X	24549941	24581184	2	1	1	1
X	24581185	24702721	2	1	1	1
X	24702722	24783460	2	1	1	1
X	24783461	24855537	2	1	1	1
X	24855538	24873828	2	1	1	1
X	24873829	24877333	2	1	1	1
X	24877334	24904943	2	1	1	1
X	24904944	24935234	2	1	1	1
X	24935235	24958461	2	1	1	1
X	24958462	24960013	44	44	0	1
X	24960014	25494124	2	2	0	2
X	25494125	25996758	5	3	2	2
X	25996759	26010616	5	3	2	2
X	26010617	26057660	2	1	1	1
X	26057661	26375116	6	4	2	2
X	26375117	26685121	3	2	1	2
X	26685122	26759783	5	3	2	2
X	26759784	26794506	11	9	2	2
X	26794507	26802676	2	1	1	1
X	26802677	27576580	5	3	2	2
X	27576581	27912927	3	2	1	2
X	27912928	28003236	12	10	2	1
X	28003237	28095467	2	1	1	1
X	28095468	28106457	2	1	1	1
X	28106458	28361160	2	1	1	1
X	28361161	28365882	2	1	1	1
X	28365883	28389675	2	1	1	1
X	28389676	28498711	2	1	1	1
X	28498712	28508858	2	1	1	1
X	28508859	28547887	2	1	1	1
X	28547888	28591031	2	1	1	1
X	28591032	28699089	2	1	1	1
X	28699090	28702007	2	1	1	1
X	28702008	30245322	2	2	0	2
X	30245323	30247839	2	1	1	1
X	30247840	30264513	2	1	1	1
X	30264514	30774710	5	3	2	2
X	30774711	31162287	3	2	1	2
X	31162288	31334598	4	2	2	2
X	31334599	32222066	3	2	1	2
X	32222067	32280930	4	2	2	2
X	32280931	32350951	3	2	1	2
X	32350952	32427573	4	2	2	2
X	32427574	32467418	3	2	1	2
X	32467419	32839752	4	2	2	2
X	32839753	32845292	2	1	1	2
X	32845293	32908605	4	2	2	2
X	32908606	33393944	3	2	1	2
X	33393945	33422934	4	2	2	2
X	33422935	33467823	4	2	2	2
X	33467824	33637977	4	2	2	2
X	33637978	33651542	2	1	1	1
X	33651543	33651734	2	1	1	1
X	33651735	33653245	2	1	1	1
X	33653246	35066516	3	2	1	2
X	35066517	35082076	3	2	1	2
X	35082077	35467499	3	2	1	2
X	35467500	35469979	3	2	1	2
X	35469980	35712423	3	2	1	2
X	35712424	35802334	4	2	2	2
X	35802335	36004055	2	1	1	1
X	36004056	37036871	3	2	1	2
X	37036872	37235825	2	1	1	1
X	37235826	37286193	3	2	1	2
X	37286194	42666685	4	2	2	2
X	42666686	42849728	6	4	2	2
X	42849729	42994937	7	5	2	2
X	42994938	43109152	6	4	2	2
X	43109153	44487072	6	4	2	2
X	44487073	45500011	7	5	2	2
X	45500012	49170723	6	4	2	2
X	49170724	50433970	4	2	2	2
X	50433971	53099970	5	3	2	2
X	53099971	55398736	4	2	2	2
X	55398737	55855038	5	3	2	2
X	55855039	56447999	6	4	2	2
X	56448000	57035979	7	5	2	2
X	57035980	57041051	7	5	2	2
X	57041052	57722055	6	4	2	2
X	57722056	57949759	4	2	2	1
X	57949760	62999999	NA	NA	NA	NA
X	63000000	63026707	2	1	1	2
X	63026708	63053059	2	2	0	2
X	63053060	63058742	2	2	0	2
X	63058743	63066894	2	1	1	1
X	63066895	92212002	3	2	1	2
X	92212003	132282840	3	2	1	2
X	132282841	132297318	3	2	1	2
X	132297319	141881406	3	2	1	2
X	141881407	141883813	3	2	1	2
X	141883814	154913600	3	2	1	2
