chromosome	start	end	total_cn	major_cn	minor_cn	star
1	10001	6119964	2	1	1	2
1	6119965	20815443	1	1	0	2
1	20815444	47164030	2	1	1	2
1	47164031	57346624	2	1	1	2
1	57346625	63507283	2	1	1	2
1	63507284	63587194	1	1	0	2
1	63587195	65139600	2	1	1	2
1	65139601	66975343	2	1	1	2
1	66975344	66987576	2	1	1	2
1	66987577	69883718	2	1	1	2
1	69883719	71920105	2	1	1	2
1	71920106	72510997	2	1	1	2
1	72510998	80730018	2	1	1	2
1	80730019	80779972	2	1	1	2
1	80779973	81257791	2	1	1	2
1	81257792	82949950	2	1	1	2
1	82949951	83179902	2	1	1	2
1	83179903	89933788	2	1	1	2
1	89933789	90511936	1	1	0	2
1	90511937	94311941	2	1	1	2
1	94311942	95651782	1	1	0	2
1	95651783	96045428	2	1	1	2
1	96045429	96099864	0	0	0	2
1	96099865	98567728	2	1	1	2
1	98567729	98678002	0	0	0	2
1	98678003	100446462	2	1	1	2
1	100446463	100720843	1	1	0	2
1	100720844	102243318	2	1	1	2
1	102243319	104029899	2	1	1	2
1	104029900	104454485	2	1	1	2
1	104454486	104589990	1	1	0	2
1	104589991	107106301	2	1	1	2
1	107106302	121347938	2	1	1	2
1	121347939	128899999	2	1	1	2
1	128900000	152339997	2	1	1	2
1	152339998	170742377	2	1	1	2
1	170742378	170810377	2	1	1	2
1	170810378	176608735	2	1	1	2
1	176608736	176626735	0	0	0	2
1	176626736	177473705	2	1	1	2
1	177473706	177496705	0	0	0	2
1	177496706	179286624	2	1	1	2
1	179286625	189141694	2	1	1	2
1	189141695	189224717	0	0	0	2
1	189224718	190967022	2	1	1	2
1	190967023	191054022	0	0	0	2
1	191054023	192389980	2	1	1	2
1	192389981	194459998	2	1	1	2
1	194459999	195849964	2	1	1	2
1	195849965	195873883	0	0	0	2
1	195873884	196310383	2	1	1	2
1	196310384	197514279	2	1	1	2
1	197514280	197621115	0	0	0	2
1	197621116	205602229	2	1	1	2
1	205602230	205603083	2	1	1	2
1	205603084	247249600	2	1	1	2
1	247249601	249250620	2	1	1	2
2	55115	5307111	2	1	1	2
2	5307112	13239966	2	1	1	2
2	13239967	34562937	2	1	1	2
2	34562938	34629506	1	1	0	2
2	34629507	36107522	2	1	1	2
2	36107523	36107869	2	1	1	2
2	36107870	41655294	2	1	1	2
2	41655295	41680007	2	1	1	2
2	41680008	51097452	2	1	1	2
2	51097453	51155644	2	1	1	2
2	51155645	53133853	2	1	1	2
2	53133854	53174071	0	0	0	2
2	53174072	53378613	2	1	1	2
2	53378614	53439987	2	1	1	2
2	53439988	56611690	2	1	1	2
2	56611691	56650084	0	0	0	2
2	56650085	56910150	2	1	1	2
2	56910151	57550001	2	1	1	2
2	57550002	59990016	2	1	1	2
2	59990017	77170025	2	1	1	2
2	77170026	80853478	2	1	1	2
2	80853479	80879489	2	1	1	2
2	80879490	81611024	2	1	1	2
2	81611025	81694909	0	0	0	2
2	81694910	90499999	2	1	1	2
2	90500000	96799999	2	1	1	2
2	96800000	97831601	2	1	1	2
2	97831602	98178486	0	0	0	1
2	98178487	139900379	2	1	1	2
2	139900380	141008684	2	1	1	2
2	141008685	142539201	2	1	1	2
2	142539202	142861002	2	1	1	2
2	142861003	145474554	2	1	1	2
2	145474555	145610003	0	0	0	2
2	145610004	156229169	2	1	1	2
2	156229170	156430214	2	1	1	2
2	156430215	156704215	2	1	1	2
2	156704216	167834939	2	1	1	2
2	167834940	168447320	2	1	1	2
2	168447321	169810003	2	1	1	2
2	169810004	173890384	2	1	1	2
2	173890385	173893455	2	1	1	2
2	173893456	181914888	2	1	1	2
2	181914889	181943515	1	1	0	1
2	181943516	183350592	2	1	1	2
2	183350593	184809917	2	1	1	2
2	184809918	184849108	0	0	0	1
2	184849109	185096312	2	1	1	2
2	185096313	185125850	2	1	1	2
2	185125851	185151225	0	0	0	2
2	185151226	185249948	0	0	0	2
2	185249949	185410800	2	1	1	2
2	185410801	189524596	2	1	1	2
2	189524597	195866281	2	1	1	2
2	195866282	196040601	0	0	0	2
2	196040602	211519967	2	1	1	2
2	211519968	212124981	2	1	1	2
2	212124982	212161261	0	0	0	2
2	212161262	213169580	2	1	1	2
2	213169581	213201585	0	0	0	2
2	213201586	242978945	2	1	1	2
3	100074	6144601	2	1	1	2
3	6144602	6241533	2	1	1	2
3	6241534	18461362	2	1	1	2
3	18461363	18780010	2	1	1	2
3	18780011	18809116	0	0	0	2
3	18809117	19094981	2	1	1	2
3	19094982	19640044	2	1	1	2
3	19640045	21809294	2	1	1	2
3	21809295	21828143	0	0	0	2
3	21828144	26843211	2	1	1	2
3	26843212	26864914	0	0	0	2
3	26864915	26878476	2	1	1	2
3	26878477	26957761	2	1	1	2
3	26957762	29910003	2	1	1	2
3	29910004	30000074	0	0	0	2
3	30000075	30950551	2	1	1	2
3	30950552	34572926	2	1	1	2
3	34572927	34640036	0	0	0	2
3	34640037	35001035	2	1	1	2
3	35001036	35364940	2	1	1	2
3	35364941	35400006	0	0	0	2
3	35400007	35870847	2	1	1	2
3	35870848	35891815	0	0	0	2
3	35891816	70562911	2	1	1	2
3	70562912	70574497	2	1	1	2
3	70574498	70613325	2	1	1	2
3	70613326	71114594	1	1	0	2
3	71114595	71166336	2	1	1	2
3	71166337	71179379	1	1	0	2
3	71179380	71179428	1	1	0	2
3	71179429	71671214	1	1	0	2
3	71671215	71917147	2	1	1	2
3	71917148	71917190	2	1	1	2
3	71917191	72830930	1	1	0	2
3	72830931	72970207	2	1	1	2
3	72970208	72970915	2	1	1	2
3	72970916	72972440	1	1	0	1
3	72972441	74030126	1	1	0	2
3	74030127	74111026	2	1	1	2
3	74111027	74125263	3	2	1	2
3	74125264	75813328	2	1	1	2
3	75813329	76077177	2	1	1	2
3	76077178	76798990	2	1	1	2
3	76798991	76871493	1	1	0	2
3	76871494	77486166	2	1	1	2
3	77486167	77934489	1	1	0	2
3	77934490	77992663	2	1	1	1
3	77992664	78215587	1	1	0	2
3	78215588	78460693	2	1	1	2
3	78460694	78910038	2	1	1	2
3	78910039	78910063	2	1	1	2
3	78910064	82376002	2	1	1	2
3	82376003	82425008	2	1	1	2
3	82425009	83007002	2	1	1	2
3	83007003	83021349	0	0	0	1
3	83021350	83148960	0	0	0	2
3	83148961	87899999	2	1	1	2
3	87900000	93899999	2	1	1	2
3	93900000	93939829	2	1	1	2
3	93939830	103967788	2	1	1	2
3	103967789	103983780	2	1	1	2
3	103983781	104971940	2	1	1	2
3	104971941	105180065	2	1	1	2
3	105180066	105196934	0	0	0	2
3	105196935	105259985	2	1	1	2
3	105259986	105280054	0	0	0	2
3	105280055	110129991	2	1	1	2
3	110129992	115131277	2	1	1	2
3	115131278	115301628	2	1	1	2
3	115301629	115369962	2	1	1	2
3	115369963	117928976	2	1	1	2
3	117928977	131770010	2	1	1	2
3	131770011	131781141	0	0	0	1
3	131781142	151887024	2	1	1	2
3	151887025	151901692	2	1	1	2
3	151901693	161799621	2	1	1	2
3	161799622	162912855	2	1	1	2
3	162912856	162984099	2	1	1	2
3	162984100	164468325	2	1	1	2
3	164468326	167142859	2	1	1	2
3	167142860	168720019	2	1	1	2
3	168720020	174829156	2	1	1	2
3	174829157	174846096	0	0	0	1
3	174846097	195194510	2	1	1	2
3	195194511	195235694	2	1	1	2
3	195235695	198022429	2	1	1	2
4	9997	5391068	2	1	1	2
4	5391069	7961405	2	1	1	2
4	7961406	29316635	2	1	1	2
4	29316636	29339029	0	0	0	2
4	29339030	44951614	2	1	1	2
4	44951615	44981325	2	1	1	2
4	44981326	45022518	2	1	1	2
4	45022519	46139988	2	1	1	2
4	46139989	48199999	2	1	1	2
4	48200000	52699999	2	1	1	2
4	52700000	58676440	2	1	1	2
4	58676441	58765025	0	0	0	2
4	58765026	59966263	2	1	1	2
4	59966264	59989709	0	0	0	2
4	59989710	63644280	2	1	1	2
4	63644281	63783117	2	1	1	2
4	63783118	63791706	2	1	1	2
4	63791707	65975232	2	1	1	2
4	65975233	66004198	0	0	0	2
4	66004199	66294455	2	1	1	2
4	66294456	68268357	2	1	1	2
4	68268358	71058693	2	1	1	2
4	71058694	71135783	0	0	0	2
4	71135784	73304739	2	1	1	2
4	73304740	84922807	2	1	1	2
4	84922808	84943208	2	1	1	2
4	84943209	85018574	0	0	0	2
4	85018575	96401858	2	1	1	2
4	96401859	96442626	0	0	0	2
4	96442627	96940011	2	1	1	2
4	96940012	96970126	0	0	0	2
4	96970127	97975976	2	1	1	2
4	97975977	98364540	2	1	1	2
4	98364541	104999924	2	1	1	2
4	104999925	105483846	2	1	1	2
4	105483847	108467331	2	1	1	2
4	108467332	116428279	2	1	1	2
4	116428280	117580240	2	1	1	2
4	117580241	117610803	2	1	1	2
4	117610804	117886088	2	1	1	2
4	117886089	125517624	2	1	1	2
4	125517625	125543018	0	0	0	1
4	125543019	127356538	2	1	1	2
4	127356539	127422213	1	1	0	2
4	127422214	130763487	2	1	1	2
4	130763488	132562983	2	1	1	2
4	132562984	133140298	2	1	1	2
4	133140299	137648013	1	1	0	2
4	137648014	137648175	1	1	0	2
4	137648176	145186351	2	1	1	2
4	145186352	145215032	0	0	0	1
4	145215033	150535000	2	1	1	2
4	150535001	161990398	2	1	1	2
4	161990399	162008154	0	0	0	2
4	162008155	181350355	2	1	1	2
4	181350356	187030307	2	1	1	2
4	187030308	190799943	2	1	1	2
5	22500	3795849	2	1	1	2
5	3795850	13382979	2	1	1	2
5	13382980	25939185	2	1	1	2
5	25939186	26289995	2	1	1	2
5	26289996	26293323	2	1	1	2
5	26293324	37374600	2	1	1	2
5	37374601	38840084	1	1	0	2
5	38840085	40589980	2	1	1	2
5	40589981	43881739	2	1	1	2
5	43881740	43900330	0	0	0	2
5	43900331	44612464	2	1	1	2
5	44612465	45935453	2	1	1	2
5	45935454	46090023	0	0	0	1
5	46090024	46099999	2	1	1	2
5	46100000	50793201	2	1	1	2
5	50793202	50910004	2	1	1	2
5	50910005	51307211	2	1	1	2
5	51307212	51373981	2	1	1	2
5	51373982	51874821	2	1	1	2
5	51874822	51914693	2	1	1	2
5	51914694	63919991	2	1	1	2
5	63919992	85699996	2	1	1	2
5	85699997	88537988	2	1	1	2
5	88537989	89299987	2	1	1	2
5	89299988	90904635	2	1	1	2
5	90904636	98505194	2	1	1	2
5	98505195	98566801	0	0	0	2
5	98566802	98878869	2	1	1	2
5	98878870	98901164	2	1	1	2
5	98901165	99095044	2	1	1	2
5	99095045	99681602	2	1	1	2
5	99681603	100653400	2	1	1	2
5	100653401	105914428	2	1	1	2
5	105914429	105932057	2	1	1	2
5	105932058	109541002	2	1	1	2
5	109541003	113985335	2	1	1	2
5	113985336	116674993	2	1	1	2
5	116674994	117466328	2	1	1	2
5	117466329	117536710	2	1	1	1
5	117536711	119272040	2	1	1	2
5	119272041	119291216	2	1	1	2
5	119291217	125268376	2	1	1	2
5	125268377	125320008	0	0	0	2
5	125320009	135101480	2	1	1	2
5	135101481	135146322	0	0	0	2
5	135146323	137597576	2	1	1	2
5	137597577	144960044	2	1	1	2
5	144960045	147684357	2	1	1	2
5	147684358	154925163	2	1	1	2
5	154925164	160402238	2	1	1	2
5	160402239	160770359	1	1	0	2
5	160770360	160812924	1	1	0	2
5	160812925	160827041	0	0	0	1
5	160827042	165582253	2	1	1	2
5	165582254	165763253	1	1	0	2
5	165763254	180715810	2	1	1	2
6	39681	242500	2	1	1	2
6	242501	21775461	2	1	1	2
6	21775462	22040324	1	1	0	2
6	22040325	22215625	2	1	1	2
6	22215626	22785831	1	1	0	2
6	22785832	22800707	2	1	1	2
6	22800708	22800835	2	1	1	2
6	22800836	47849995	2	1	1	2
6	47849996	50070073	2	1	1	2
6	50070074	51441116	2	1	1	2
6	51441117	53993858	2	1	1	2
6	53993859	55524226	2	1	1	2
6	55524227	57976954	2	1	1	2
6	57976955	57999141	0	0	0	1
6	57999142	58699999	2	1	1	2
6	58700000	63299999	2	1	1	2
6	63300000	63540112	2	1	1	2
6	63540113	63599981	2	1	1	1
6	63599982	65051255	2	1	1	2
6	65051256	65081184	2	1	1	1
6	65081185	65190783	2	1	1	2
6	65190784	65242724	0	0	0	2
6	65242725	65909958	2	1	1	2
6	65909959	67131401	2	1	1	2
6	67131402	81508390	2	1	1	2
6	81508391	82200010	2	1	1	2
6	82200011	93109458	2	1	1	2
6	93109459	93831152	2	1	1	2
6	93831153	93857816	0	0	0	2
6	93857817	94190810	2	1	1	2
6	94190811	94818589	2	1	1	2
6	94818590	94841666	0	0	0	2
6	94841667	94955579	2	1	1	2
6	94955580	96140621	2	1	1	2
6	96140622	102039975	2	1	1	2
6	102039976	102101300	2	1	1	2
6	102101301	102476258	2	1	1	2
6	102476259	102491856	0	0	0	2
6	102491857	103628874	2	1	1	2
6	103628875	116109926	2	1	1	2
6	116109927	116134811	1	1	0	2
6	116134812	116193187	1	1	0	2
6	116193188	126762543	2	1	1	2
6	126762544	127493467	2	1	1	2
6	127493468	127547500	0	0	0	1
6	127547501	141303450	2	1	1	2
6	141303451	141332363	0	0	0	2
6	141332364	142439315	2	1	1	2
6	142439316	161264063	2	1	1	2
6	161264064	161283050	2	1	1	2
6	161283051	170907734	2	1	1	2
7	61033	8573801	2	1	1	2
7	8573802	8605776	0	0	0	2
7	8605777	9690303	2	1	1	2
7	9690304	11723201	2	1	1	2
7	11723202	11772611	0	0	0	2
7	11772612	13408515	2	1	1	2
7	13408516	19639987	2	1	1	2
7	19639988	31850007	2	1	1	2
7	31850008	50980658	2	1	1	2
7	50980659	51043888	2	1	1	2
7	51043889	57724997	2	1	1	2
7	57724998	57982500	1	1	0	2
7	57982501	57999999	2	2	0	1
7	58000000	61699999	NA	NA	NA	NA
7	61700000	61917200	1	1	0	1
7	61917201	62089890	0	0	0	2
7	62089891	62224432	0	0	0	2
7	62224433	62321156	0	0	0	2
7	62321157	62344338	0	0	0	2
7	62344339	62350007	2	2	0	1
7	62350008	62460063	0	0	0	2
7	62460064	84169994	2	1	1	2
7	84169995	84720714	2	1	1	2
7	84720715	85081432	2	1	1	2
7	85081433	86755084	2	1	1	2
7	86755085	88571801	2	1	1	2
7	88571802	88578471	2	1	1	2
7	88578472	89144273	2	1	1	2
7	89144274	89161065	0	0	0	2
7	89161066	89358045	2	1	1	2
7	89358046	89385767	2	1	1	2
7	89385768	96556012	2	1	1	2
7	96556013	107410597	2	1	1	2
7	107410598	114939936	2	1	1	2
7	114939937	115572755	2	1	1	2
7	115572756	118000031	2	1	1	2
7	118000032	118557043	2	1	1	2
7	118557044	118584588	0	0	0	2
7	118584589	136760029	2	1	1	2
7	136760030	144442919	2	1	1	2
7	144442920	158821400	2	1	1	2
8	10001	165404	2	1	1	1
8	165405	16137255	2	1	1	2
8	16137256	16475108	2	1	1	2
8	16475109	16508760	0	0	0	2
8	16508761	22383651	2	1	1	2
8	22383652	23102620	2	1	1	2
8	23102621	23106841	2	1	1	2
8	23106842	23337833	2	1	1	2
8	23337834	24597425	2	1	1	2
8	24597426	43099999	2	1	1	2
8	43100000	48099999	2	1	1	2
8	48100000	63299103	2	1	1	2
8	63299104	65155686	2	1	1	2
8	65155687	65279950	2	1	1	2
8	65279951	76100427	2	1	1	2
8	76100428	76120004	0	0	0	2
8	76120005	78454980	2	1	1	2
8	78454981	78615835	2	1	1	2
8	78615836	80015544	2	1	1	2
8	80015545	80198080	2	1	1	2
8	80198081	84804733	2	1	1	2
8	84804734	85259953	2	1	1	2
8	85259954	88541186	2	1	1	2
8	88541187	88556895	2	1	1	2
8	88556896	106549441	2	1	1	2
8	106549442	106549638	2	1	1	2
8	106549639	108584175	2	1	1	2
8	108584176	108607698	0	0	0	2
8	108607699	113869902	2	1	1	2
8	113869903	114263923	2	1	1	2
8	114263924	120350887	2	1	1	2
8	120350888	120742571	2	1	1	2
8	120742572	122027346	2	1	1	2
8	122027347	122059991	0	0	0	2
8	122059992	128021819	2	1	1	2
8	128021820	128060026	2	1	1	2
8	128060027	146364021	2	1	1	2
9	10001	3115152	2	1	1	2
9	3115153	3134333	0	0	0	2
9	3134334	8618852	2	1	1	2
9	8618853	9307206	2	1	1	2
9	9307207	9409228	2	1	1	2
9	9409229	10085248	2	1	1	2
9	10085249	10112098	2	1	1	2
9	10112099	20178235	2	1	1	2
9	20178236	22688404	2	1	1	2
9	22688405	22740020	2	1	1	2
9	22740021	23154610	2	1	1	2
9	23154611	24547232	2	1	1	2
9	24547233	26025377	2	1	1	2
9	26025378	26082916	0	0	0	2
9	26082917	26480009	2	1	1	2
9	26480010	28582269	2	1	1	2
9	28582270	28599503	0	0	0	2
9	28599504	29407534	2	1	1	2
9	29407535	29437091	0	0	0	2
9	29437092	31209939	2	1	1	2
9	31209940	47299999	2	1	1	2
9	47300000	50699999	2	1	1	2
9	50700000	66960402	2	1	1	2
9	66960403	75964980	2	1	1	2
9	75964981	76095384	0	0	0	2
9	76095385	77161630	2	1	1	2
9	77161631	83170742	2	1	1	2
9	83170743	83243805	0	0	0	2
9	83243806	90781798	2	1	1	2
9	90781799	90782455	2	1	1	2
9	90782456	140273200	2	1	1	2
9	140273201	141031037	2	1	1	2
10	10001	143252	2	1	1	2
10	143253	37999999	2	1	1	2
10	38000000	42435015	NA	NA	NA	NA
10	42435016	42523238	0	0	0	2
10	42523239	42838914	2	1	1	2
10	42838915	59264534	2	1	1	2
10	59264535	59311843	2	1	1	2
10	59311844	70013081	2	1	1	2
10	70013082	70013713	2	1	1	2
10	70013714	88487598	2	1	1	2
10	88487599	89639245	1	1	0	2
10	89639246	89639294	1	1	0	2
10	89639295	91544572	1	1	0	1
10	91544573	91998792	1	1	0	1
10	91998793	92004959	1	1	0	1
10	92004960	93850744	1	1	0	1
10	93850745	107779978	2	1	1	2
10	107779979	107885656	2	1	1	2
10	107885657	118145869	2	1	1	2
10	118145870	135389924	2	1	1	2
11	20721	197336	3	3	0	1
11	197337	21280530	2	1	1	2
11	21280531	21613512	2	1	1	2
11	21613513	25201786	2	1	1	2
11	25201787	25938072	2	1	1	2
11	25938073	29244686	2	1	1	2
11	29244687	29599360	2	1	1	2
11	29599361	37088197	2	1	1	2
11	37088198	45876342	2	1	1	2
11	45876343	45876376	2	1	1	2
11	45876377	48698586	2	1	1	2
11	48698587	48738427	0	0	0	2
11	48738428	48916800	2	1	1	1
11	48916801	50353646	2	1	1	2
11	50353647	50540221	0	0	0	2
11	50540222	50541811	0	0	0	2
11	50541812	50670718	0	0	0	2
11	50670719	50758855	0	0	0	2
11	50758856	50761191	0	0	0	1
11	50761192	51216077	0	0	0	2
11	51216078	51218741	0	0	0	2
11	51218742	51266105	0	0	0	2
11	51266106	51385815	0	0	0	2
11	51385816	51468152	2	1	1	2
11	51468153	51559080	2	1	1	2
11	51559081	51570276	0	0	0	2
11	51570277	55699999	NA	NA	NA	NA
11	55700000	80620926	2	1	1	2
11	80620927	80645884	0	0	0	2
11	80645885	80998935	2	1	1	2
11	80998936	81789096	2	1	1	2
11	81789097	81895784	0	0	0	2
11	81895785	82089996	2	1	1	2
11	82089997	84522259	2	1	1	2
11	84522260	91773504	2	1	1	2
11	91773505	91838762	0	0	0	2
11	91838763	103390002	2	1	1	2
11	103390003	106665970	2	1	1	2
11	106665971	134452200	2	1	1	2
12	110107	20530096	2	1	1	2
12	20530097	20560302	2	1	1	2
12	20560303	22889979	2	1	1	2
12	22889980	24230119	2	1	1	2
12	24230120	29118775	2	1	1	2
12	29118776	33299999	2	1	1	2
12	33300000	38233244	NA	NA	NA	NA
12	38233245	38237086	3	2	1	2
12	38237087	38317499	0	0	0	2
12	38317500	38424369	0	0	0	2
12	38424370	38435766	2	1	1	2
12	38435767	38975935	2	1	1	2
12	38975936	41746485	2	1	1	2
12	41746486	41764083	0	0	0	2
12	41764084	41871672	1	1	0	2
12	41871673	41887403	2	1	1	2
12	41887404	41887416	2	1	1	2
12	41887417	42103705	2	1	1	2
12	42103706	42235406	1	1	0	2
12	42235407	42347787	2	1	1	2
12	42347788	42347817	2	1	1	2
12	42347818	42387507	2	1	1	2
12	42387508	42689519	2	1	1	2
12	42689520	42689549	2	1	1	2
12	42689550	43207051	2	1	1	2
12	43207052	43402867	1	1	0	2
12	43402868	43433971	2	1	1	2
12	43433972	43504811	2	1	1	2
12	43504812	43504840	2	1	1	2
12	43504841	45366708	2	1	1	2
12	45366709	45387170	2	1	1	2
12	45387171	45780342	2	1	1	2
12	45780343	45816857	2	1	1	2
12	45816858	46152467	2	1	1	2
12	46152468	46821822	1	1	0	2
12	46821823	47555981	2	1	1	2
12	47555982	47570423	1	1	0	2
12	47570424	48097864	2	1	1	2
12	48097865	48798788	1	1	0	2
12	48798789	62199110	2	1	1	2
12	62199111	73091096	2	1	1	2
12	73091097	73666670	2	1	1	2
12	73666671	73689446	0	0	0	2
12	73689447	75029995	2	1	1	2
12	75029996	75545271	2	1	1	2
12	75545272	80992716	2	1	1	2
12	80992717	83790028	2	1	1	2
12	83790029	83939968	2	1	1	2
12	83939969	87939967	2	1	1	2
12	87939968	88305792	2	1	1	2
12	88305793	91401061	2	1	1	2
12	91401062	91429979	2	1	1	2
12	91429980	92326499	2	1	1	2
12	92326500	92341280	0	0	0	2
12	92341281	106253308	2	1	1	2
12	106253309	106413189	2	1	1	2
12	106413190	106520214	1	1	0	2
12	106520215	106774546	2	1	1	2
12	106774547	107239691	1	1	0	2
12	107239692	132349400	2	1	1	2
12	132349401	133851894	2	1	1	2
13	1	16299999	NA	NA	NA	NA
13	16300000	19499999	2	1	1	2
13	19500000	35784453	2	1	1	2
13	35784454	53928242	1	1	0	2
13	53928243	57816905	1	1	0	2
13	57816906	57871845	1	1	0	2
13	57871846	64205406	1	1	0	2
13	64205407	78708335	1	1	0	2
13	78708336	90461803	2	1	1	2
13	90461804	94551393	2	1	1	2
13	94551394	95436423	2	1	1	2
13	95436424	95461874	1	1	0	1
13	95461875	103385477	2	1	1	2
13	103385478	114142800	2	1	1	2
13	114142801	115169877	2	1	1	2
14	1	16099999	NA	NA	NA	NA
14	16100000	19099999	0	0	0	1
14	19100000	27404833	2	1	1	2
14	27404834	28507479	2	1	1	2
14	28507480	28547789	2	1	1	2
14	28547790	40470948	2	1	1	2
14	40470949	40543072	0	0	0	2
14	40543073	42143230	2	1	1	2
14	42143231	44376014	2	1	1	2
14	44376015	46445316	2	1	1	2
14	46445317	46588337	2	1	1	2
14	46588338	62793383	2	1	1	2
14	62793384	62807134	0	0	0	2
14	62807135	79399816	2	1	1	2
14	79399817	79639094	2	1	1	2
14	79639095	79639364	2	1	1	2
14	79639365	85773562	2	1	1	2
14	85773563	88502409	2	1	1	2
14	88502410	88599885	2	1	1	2
14	88599886	106368400	2	1	1	2
15	1	15799999	NA	NA	NA	NA
15	15800000	20699999	2	1	1	2
15	20700000	46582807	2	1	1	2
15	46582808	46673617	2	1	1	2
15	46673618	46781045	0	0	0	2
15	46781046	55075469	2	1	1	2
15	55075470	94779323	2	1	1	2
15	94779324	95044745	2	1	1	2
15	95044746	100757678	2	1	1	2
15	100757679	102531391	2	1	1	2
16	87376	32520029	2	1	1	2
16	32520030	34599999	2	1	1	2
16	34600000	38599999	2	1	1	2
16	38600000	46459931	2	1	1	2
16	46459932	61219996	2	1	1	2
16	61219997	61695846	2	1	1	2
16	61695847	61894040	2	1	1	2
16	61894041	64159996	2	1	1	2
16	64159997	64859281	2	1	1	2
16	64859282	88827200	2	1	1	2
16	88827201	90354752	2	1	1	2
17	12500	22199999	2	1	1	2
17	22200000	25799999	2	1	1	2
17	25800000	41585343	2	1	1	2
17	41585344	44229981	2	1	1	2
17	44229982	50569118	2	1	1	2
17	50569119	50743787	2	1	1	2
17	50743788	78774600	2	1	1	2
17	78774601	81195209	2	1	1	2
18	27500	80030	2	1	1	2
18	80031	14133318	2	1	1	2
18	14133319	15386180	2	1	1	2
18	15386181	18999999	2	1	1	2
18	19000000	26624333	2	1	1	2
18	26624334	26734401	0	0	0	2
18	26734402	27830570	2	1	1	2
18	27830571	38264111	2	1	1	2
18	38264112	38681651	2	1	1	2
18	38681652	38753001	0	0	0	2
18	38753002	40591273	2	1	1	2
18	40591274	58512601	2	1	1	2
18	58512602	62249977	2	1	1	2
18	62249978	63099991	2	1	1	2
18	63099992	64460020	2	1	1	2
18	64460021	76117000	2	1	1	2
18	76117001	78077247	2	1	1	2
19	102500	255095	2	1	1	2
19	255096	24399999	2	1	1	2
19	24400000	28599999	2	1	1	1
19	28600000	59128982	2	1	1	2
20	24347	2432692	2	1	1	2
20	2432693	2916109	1	1	0	2
20	2916110	25599999	2	1	1	2
20	25600000	29850047	2	1	1	2
20	29850048	62432500	2	1	1	2
21	1	9411193	NA	NA	NA	NA
21	9411194	10670000	NA	NA	NA	NA
21	10670001	10794201	NA	NA	NA	NA
21	10794202	10858602	1	1	0	1
21	10858603	15273059	NA	NA	NA	NA
21	15273060	15849999	2	1	1	2
21	15850000	19992519	2	1	1	2
21	19992520	25464650	2	1	1	2
21	25464651	25483122	0	0	0	2
21	25483123	26095059	2	1	1	2
21	26095060	26108714	2	1	1	2
21	26108715	30902307	2	1	1	2
21	30902308	30903243	2	1	1	2
21	30903244	39865201	2	1	1	2
21	39865202	42870061	1	1	0	2
21	42870062	46937500	2	1	1	2
21	46937501	48129894	2	1	1	2
22	1	12199999	NA	NA	NA	NA
22	12200000	17899999	2	1	1	2
22	17900000	26849802	2	1	1	2
22	26849803	27490990	1	1	0	2
22	27490991	27559996	2	1	1	2
22	27559997	29053422	1	1	0	2
22	29053423	29132121	2	1	1	2
22	29132122	29149917	2	2	0	1
22	29149918	29237515	2	1	1	2
22	29237516	29470990	1	1	0	2
22	29470991	49687500	2	1	1	2
22	49687501	51304565	2	1	1	2
X	1	2700026	1	1	0	1
X	2700027	58099999	1	1	0	3
X	58100000	62999999	NA	NA	NA	NA
X	63000000	155270559	1	1	0	3
Y	1	10041801	2	2	0	1
Y	10041802	11599999	2	2	0	1
Y	11600000	13885605	NA	NA	NA	NA
Y	13885606	59373565	2	2	0	1
