chromosome	start	end	total_cn	major_cn	minor_cn	star
1	10001	21675782	2	1	1	3
1	21675783	21910054	2	1	1	2
1	21910055	121499999	2	1	1	3
1	121500000	128899999	2	1	1	3
1	128900000	249250620	2	1	1	3
2	11320	90499999	2	1	1	3
2	90500000	96799999	2	1	1	3
2	96800000	161760018	2	1	1	3
2	161760019	173338940	2	1	1	3
2	173338941	242892500	2	1	1	3
3	62226	87899999	2	1	1	3
3	87900000	93899999	2	1	1	3
3	93900000	198022429	2	1	1	3
4	27500	48199999	2	1	1	3
4	48200000	52699999	2	1	1	2
4	52700000	191037500	2	1	1	3
5	11446	46099999	2	1	1	3
5	46100000	50699999	2	1	1	2
5	50700000	180689978	2	1	1	3
6	202331	58699999	2	1	1	3
6	58700000	63299999	2	1	1	3
6	63300000	170905977	2	1	1	3
7	40386	57999999	2	1	1	3
7	58000000	61699999	2	1	1	3
7	61700000	159138662	2	1	1	3
8	10001	162332	2	1	1	2
8	162333	43099999	2	1	1	2
8	43100000	48099999	2	1	1	2
8	48100000	70814218	2	1	1	3
8	70814219	146364021	2	1	1	3
9	10001	203682	2	1	1	2
9	203683	47299999	2	1	1	3
9	47300000	50699999	2	1	1	3
9	50700000	141095134	2	1	1	3
10	10001	130012	2	1	1	2
10	130013	37999999	2	1	1	3
10	38000000	42299999	2	1	1	3
10	42300000	135389924	2	1	1	3
11	20721	190009	2	1	1	2
11	190010	51599999	2	1	1	3
11	51600000	55699999	2	1	1	3
11	55700000	135006515	2	1	1	3
12	110107	28246245	2	1	1	3
12	28246246	33299999	2	1	1	2
12	33300000	38199999	2	1	1	2
12	38200000	133851894	2	1	1	3
13	1	16299999	2	1	1	1
13	16300000	19499999	2	1	1	3
13	19500000	115169877	2	1	1	3
14	1	16099999	2	1	1	1
14	16100000	19099999	2	1	1	2
14	19100000	20377500	2	1	1	2
14	20377501	107349539	2	1	1	3
15	1	15799999	2	1	1	1
15	15800000	20699999	2	1	1	2
15	20700000	56398432	2	1	1	3
15	56398433	64937064	2	1	1	2
15	64937065	102429049	2	1	1	3
16	90538	34599999	2	1	1	3
16	34600000	38599999	2	1	1	3
16	38600000	90354752	2	1	1	3
17	12500	22199999	2	1	1	3
17	22200000	25799999	2	1	1	3
17	25800000	81195209	2	1	1	3
18	22637	15399999	2	1	1	3
18	15400000	18999999	2	1	1	3
18	19000000	78077247	2	1	1	3
19	102500	249356	2	1	1	2
19	249357	24399999	2	1	1	3
19	24400000	28599999	2	1	1	2
19	28600000	59128982	2	1	1	3
20	17500	25599999	2	1	1	3
20	25600000	29399999	2	1	1	3
20	29400000	63025519	2	1	1	3
21	1	9411193	NA	NA	NA	NA
21	9411194	10899999	NA	NA	NA	NA
21	10900000	14299999	2	1	1	2
21	14300000	48129894	2	1	1	3
22	1	12199999	2	1	1	1
22	12200000	17899999	2	1	1	3
22	17900000	51304565	2	1	1	3
X	1	58099999	2	1	1	3
X	58100000	62999999	2	1	1	2
X	63000000	155270559	2	1	1	3
