chromosome	start	end	total_cn	major_cn	minor_cn	star
1	10001	840008	2	1	1	2
1	840009	16464942	2	1	1	2
1	16464943	16465143	2	1	1	2
1	16465144	121371599	2	1	1	2
1	121371600	128899999	2	1	1	2
1	128900000	247247500	2	1	1	2
1	247247501	249250620	2	1	1	2
2	25906	49354887	2	1	1	2
2	49354888	79395044	2	1	1	2
2	79395045	79395180	2	1	1	2
2	79395181	90499999	2	1	1	2
2	90500000	96799999	2	1	1	2
2	96800000	118322200	2	1	1	2
2	118322201	150670987	2	1	1	2
2	150670988	197163064	2	1	1	2
2	197163065	197163227	2	1	1	2
2	197163228	221918127	2	1	1	2
2	221918128	242985493	2	1	1	2
3	62226	2510062	2	1	1	2
3	2510063	2949988	1	1	0	2
3	2949989	4149996	1	1	0	2
3	4149997	4153023	1	1	0	2
3	4153024	4736197	1	1	0	2
3	4736198	4806346	1	1	0	2
3	4806347	5004982	1	1	0	2
3	5004983	5346661	1	1	0	2
3	5346662	5842516	2	1	1	2
3	5842517	5942233	1	1	0	2
3	5942234	9584399	2	1	1	2
3	9584400	9595578	2	1	1	1
3	9595579	10242575	2	1	1	2
3	10242576	14059041	1	1	0	2
3	14059042	14320008	2	1	1	2
3	14320009	60254879	1	1	0	2
3	60254880	60391381	1	1	0	2
3	60391382	60415116	0	0	0	2
3	60415117	60533412	1	1	0	2
3	60533413	80912333	1	1	0	2
3	80912334	80938143	2	1	1	2
3	80938144	81961759	1	1	0	2
3	81961760	81961821	1	1	0	2
3	81961822	83487054	1	1	0	2
3	83487055	83487658	1	1	0	2
3	83487659	83489320	2	1	1	1
3	83489321	83661709	2	1	1	2
3	83661710	85367219	1	1	0	2
3	85367220	85700430	2	1	1	2
3	85700431	85706228	2	1	1	2
3	85706229	85706533	2	1	1	1
3	85706534	85708920	2	1	1	1
3	85708921	87235203	2	1	1	2
3	87235204	87899999	1	1	0	2
3	87900000	93899999	NA	NA	NA	NA
3	93900000	155427468	3	2	1	2
3	155427469	157909979	3	2	1	2
3	157909980	161515686	3	2	1	2
3	161515687	164993772	2	2	0	2
3	164993773	164996972	2	2	0	1
3	164996973	166452829	2	2	0	2
3	166452830	166455510	4	2	2	2
3	166455511	167411851	2	2	0	2
3	167411852	168178889	4	2	2	2
3	168178890	168180248	4	2	2	2
3	168180249	173178196	6	4	2	2
3	173178197	173794943	4	2	2	2
3	173794944	174104889	5	3	2	2
3	174104890	176182731	3	2	1	2
3	176182732	176183030	3	2	1	2
3	176183031	176183077	3	2	1	2
3	176183078	176183094	3	2	1	2
3	176183095	176356834	3	2	1	2
3	176356835	177531544	5	3	2	2
3	177531545	177532343	5	3	2	2
3	177532344	177535002	4	2	2	1
3	177535003	177535081	4	2	2	1
3	177535082	177634861	4	2	2	2
3	177634862	178316742	5	3	2	2
3	178316743	178318235	5	3	2	2
3	178318236	178323068	5	3	2	2
3	178323069	178372616	6	4	2	1
3	178372617	178372755	5	3	2	2
3	178372756	179263229	4	2	2	2
3	179263230	179901379	3	2	1	2
3	179901380	179904031	3	2	1	2
3	179904032	180336526	3	2	1	2
3	180336527	180336988	3	2	1	2
3	180336989	180337050	5	3	2	1
3	180337051	180339557	5	3	2	1
3	180339558	180645474	5	3	2	2
3	180645475	180647768	5	3	2	2
3	180647769	180648684	4	2	2	1
3	180648685	181336856	4	2	2	2
3	181336857	181336917	4	2	2	2
3	181336918	181342677	3	2	1	2
3	181342678	181350997	3	2	1	2
3	181350998	181351283	3	2	1	2
3	181351284	181370052	3	2	1	2
3	181370053	181431630	4	2	2	2
3	181431631	181632823	5	3	2	2
3	181632824	181635021	5	3	2	2
3	181635022	186614582	5	3	2	2
3	186614583	186614641	5	3	2	2
3	186614642	186641829	5	3	2	2
3	186641830	186711513	6	4	2	2
3	186711514	186860848	7	5	2	2
3	186860849	188271748	5	3	2	2
3	188271749	189127728	3	2	1	2
3	189127729	189299006	4	2	2	2
3	189299007	189616089	6	4	2	2
3	189616090	189821376	8	6	2	2
3	189821377	189821492	8	6	2	2
3	189821493	189897487	6	4	2	2
3	189897488	190564335	5	3	2	2
3	190564336	190626849	7	5	2	2
3	190626850	190678737	5	3	2	2
3	190678738	191312208	6	4	2	2
3	191312209	191317317	6	4	2	2
3	191317318	191317645	5	3	2	1
3	191317646	191317672	5	3	2	1
3	191317673	191319056	5	3	2	1
3	191319057	191547099	5	3	2	2
3	191547100	191561072	5	3	2	2
3	191561073	191561784	5	3	2	1
3	191561785	191561937	5	3	2	1
3	191561938	191562007	5	3	2	2
3	191562008	192105963	5	3	2	2
3	192105964	192125767	6	4	2	1
3	192125768	192125942	6	4	2	1
3	192125943	192338379	6	4	2	2
3	192338380	192423712	6	4	2	2
3	192423713	192429578	3	2	1	1
3	192429579	192429600	3	2	1	1
3	192429601	192429613	3	2	1	1
3	192429614	192430659	3	2	1	2
3	192430660	194881950	3	2	1	2
3	194881951	194887689	3	2	1	2
3	194887690	194887971	3	2	1	1
3	194887972	194895661	3	2	1	1
3	194895662	197792892	3	2	1	2
4	44436	7796538	2	1	1	2
4	7796539	7831486	2	1	1	2
4	7831487	7834141	2	1	1	2
4	7834142	34452036	2	1	1	2
4	34452037	48199999	2	1	1	2
4	48200000	52699999	2	1	1	2
4	52700000	63870036	2	1	1	2
4	63870037	75789477	2	1	1	2
4	75789478	75789623	2	1	1	2
4	75789624	91097707	2	1	1	2
4	91097708	91394871	2	1	1	2
4	91394872	91820453	2	1	1	2
4	91820454	91968502	2	1	1	2
4	91968503	133020328	2	1	1	2
4	133020329	139483653	2	1	1	2
4	139483654	190067062	2	1	1	2
4	190067063	190850984	2	1	1	2
4	190850985	190886347	2	1	1	2
4	190886348	190889360	2	1	1	2
5	22500	9420786	2	1	1	2
5	9420787	9533166	2	1	1	2
5	9533167	20318907	2	1	1	2
5	20318908	46099999	2	1	1	2
5	46100000	50699999	2	1	1	2
5	50700000	116936571	2	1	1	2
5	116936572	116937397	2	1	1	1
5	116937398	180685900	2	1	1	2
6	39681	220025	1	1	0	2
6	220026	10472040	1	1	0	2
6	10472041	10901499	5	4	1	2
6	10901500	10912793	3	2	1	2
6	10912794	26753513	3	2	1	2
6	26753514	43972751	3	2	1	2
6	43972752	46200834	2	1	1	2
6	46200835	53062179	3	2	1	2
6	53062180	54027898	4	3	1	2
6	54027899	54030941	3	2	1	2
6	54030942	58699999	2	1	1	2
6	58700000	63299999	2	1	1	2
6	63300000	66401546	2	1	1	2
6	66401547	162840751	2	1	1	2
6	162840752	162853698	2	1	1	2
6	162853699	170898626	2	1	1	2
7	40386	18548795	2	1	1	2
7	18548796	18636373	2	1	1	2
7	18636374	27861806	2	1	1	2
7	27861807	27927865	1	1	0	2
7	27927866	38513395	2	1	1	2
7	38513396	57568645	2	1	1	2
7	57568646	61699999	2	1	1	2
7	61700000	107410597	2	1	1	2
7	107410598	107410726	2	1	1	2
7	107410727	145298403	2	1	1	2
7	145298404	158821400	2	2	0	2
8	10001	156330	1	1	0	2
8	156331	12007711	1	1	0	2
8	12007712	33773652	1	1	0	2
8	33773653	33778267	5	4	1	1
8	33778268	33791126	5	4	1	2
8	33791127	33839880	5	4	1	2
8	33839881	33859149	5	4	1	2
8	33859150	33865954	5	4	1	1
8	33865955	33985892	6	5	1	1
8	33985893	33986388	6	5	1	1
8	33986389	34012074	6	5	1	2
8	34012075	34020246	6	5	1	2
8	34020247	34028381	6	5	1	1
8	34028382	34031830	5	5	0	1
8	34031831	34056532	8	7	1	1
8	34056533	34273047	8	7	1	2
8	34273048	34282893	3	2	1	2
8	34282894	34284630	8	7	1	1
8	34284631	34304708	8	7	1	1
8	34304709	34304901	8	7	1	1
8	34304902	34391490	8	7	1	2
8	34391491	34415275	7	7	0	2
8	34415276	34514474	8	7	1	1
8	34514475	34559332	8	7	1	2
8	34559333	34560332	8	7	1	2
8	34560333	34563780	NA	NA	NA	NA
8	34563781	34618051	8	7	1	1
8	34618052	34618381	10	9	1	1
8	34618382	34738485	8	7	1	1
8	34738486	34744261	7	6	1	1
8	34744262	34744622	7	6	1	1
8	34744623	34745147	7	6	1	1
8	34745148	34745198	7	6	1	1
8	34745199	34809659	7	6	1	1
8	34809660	34811312	7	6	1	1
8	34811313	34901416	7	6	1	2
8	34901417	35252564	7	6	1	2
8	35252565	35260280	7	6	1	1
8	35260281	35293137	7	6	1	2
8	35293138	35307098	6	5	1	2
8	35307099	35340011	5	5	0	2
8	35340012	35434263	6	5	1	1
8	35434264	35435040	6	5	1	1
8	35435041	36404847	6	5	1	2
8	36404848	36944065	8	7	1	2
8	36944066	37620215	1	1	0	2
8	37620216	38303274	8	7	1	2
8	38303275	38304917	9	8	1	1
8	38304918	40019015	8	8	0	2
8	40019016	40019538	9	8	1	1
8	40019539	40020575	5	4	1	1
8	40020576	40021526	8	8	0	1
8	40021527	40045237	7	6	1	1
8	40045238	40045510	7	6	1	1
8	40045511	40502691	8	7	1	2
8	40502692	40828733	14	13	1	2
8	40828734	40866868	11	10	1	1
8	40866869	41069202	11	10	1	1
8	41069203	42051766	11	10	1	2
8	42051767	42236950	8	8	0	2
8	42236951	42306934	1	1	0	1
8	42306935	42308540	1	1	0	1
8	42308541	42309772	1	1	0	2
8	42309773	42309916	1	1	0	2
8	42309917	43099999	1	1	0	2
8	43100000	48099999	NA	NA	NA	NA
8	48100000	51048117	2	1	1	2
8	51048118	51050999	3	2	1	1
8	51051000	53101221	2	1	1	2
8	53101222	54271875	2	1	1	2
8	54271876	55645683	2	1	1	2
8	55645684	55981793	2	1	1	2
8	55981794	58695177	2	1	1	2
8	58695178	59121301	2	1	1	2
8	59121302	59273343	2	1	1	2
8	59273344	59274332	2	1	1	2
8	59274333	63264111	2	1	1	2
8	63264112	63427166	3	2	1	2
8	63427167	63817781	2	1	1	1
8	63817782	72976871	2	1	1	2
8	72976872	73171586	2	1	1	2
8	73171587	73172467	2	1	1	2
8	73172468	73180181	2	1	1	2
8	73180182	100778159	2	1	1	2
8	100778160	108312456	3	2	1	2
8	108312457	108312467	3	2	1	1
8	108312468	110265424	3	2	1	2
8	110265425	128073432	3	2	1	2
8	128073433	128081156	3	2	1	2
8	128081157	129041842	3	2	1	2
8	129041843	129045306	2	1	1	2
8	129045307	129046721	2	1	1	2
8	129046722	129051652	3	2	1	1
8	129051653	133255805	2	1	1	2
8	133255806	146364021	2	1	1	2
9	47500	217268	1	1	0	2
9	217269	16027350	1	1	0	2
9	16027351	20854245	3	2	1	2
9	20854246	26857286	1	1	0	2
9	26857287	26859941	1	1	0	2
9	26859942	27216715	3	2	1	2
9	27216716	27554941	2	1	1	2
9	27554942	30606752	3	2	1	2
9	30606753	31114690	1	1	0	2
9	31114691	36637694	3	2	1	2
9	36637695	38051440	3	2	1	2
9	38051441	47299999	2	1	1	2
9	47300000	50699999	2	1	1	2
9	50700000	140273200	2	1	1	2
10	95074	36062489	2	1	1	2
10	36062490	37999999	2	1	1	2
10	38000000	42930081	2	1	1	2
10	42930082	74652769	2	1	1	2
10	74652770	74655100	2	1	1	1
10	74655101	74917274	2	1	1	2
10	74917275	81363918	2	1	1	2
10	81363919	81440051	1	1	0	2
10	81440052	81441466	1	1	0	2
10	81441467	81442522	2	1	1	2
10	81442523	82600713	2	1	1	2
10	82600714	87754274	2	1	1	2
10	87754275	90334749	2	1	1	2
10	90334750	94822332	2	1	1	2
10	94822333	99216128	2	1	1	2
10	99216129	99216386	2	1	1	2
10	99216387	110112596	2	1	1	2
10	110112597	110822962	2	1	1	2
10	110822963	116556316	2	1	1	2
10	116556317	116557082	2	1	1	1
10	116557083	135395937	1	1	0	2
11	196944	49316403	1	1	0	2
11	49316404	50781216	1	1	0	2
11	50781217	51593038	2	1	1	2
11	51593039	55699999	2	1	1	2
11	55700000	58779917	2	1	1	2
11	58779918	82599259	2	1	1	2
11	82599260	83077142	2	1	1	2
11	83077143	89147820	2	1	1	2
11	89147821	91257552	2	1	1	2
11	91257553	92931468	2	1	1	2
11	92931469	94112961	2	1	1	2
11	94112962	100651752	2	1	1	2
11	100651753	100656736	2	1	1	2
11	100656737	110830361	2	1	1	2
11	110830362	111359686	2	1	1	2
11	111359687	114842324	2	1	1	2
11	114842325	116404190	2	1	1	2
11	116404191	134452200	2	1	1	2
12	110107	33299999	2	1	1	2
12	33300000	38199999	2	1	1	2
12	38200000	56260123	2	1	1	2
12	56260124	56260922	2	1	1	2
12	56260923	58265132	4	3	1	2
12	58265133	58266151	4	3	1	2
12	58266152	61182050	3	2	1	2
12	61182051	61249159	3	2	1	2
12	61249160	61591073	3	2	1	2
12	61591074	61915453	3	2	1	2
12	61915454	61915850	3	2	1	1
12	61915851	61916724	3	2	1	2
12	61916725	63815013	3	2	1	2
12	63815014	63864860	3	2	1	2
12	63864861	64146198	2	1	1	2
12	64146199	66374954	3	2	1	2
12	66374955	66376794	1	1	0	1
12	66376795	67074299	1	1	0	2
12	67074300	88838459	1	1	0	2
12	88838460	88843109	1	1	0	2
12	88843110	129189980	1	1	0	2
12	129189981	129499964	1	1	0	2
12	129499965	132349400	1	1	0	2
12	132349401	133851894	1	1	0	2
13	1	16299999	2	1	1	1
13	16300000	19499999	NA	NA	NA	NA
13	19500000	114299724	2	1	1	2
13	114299725	114437709	2	1	1	2
14	1	16099999	2	1	1	1
14	16100000	19099999	2	1	1	1
14	19100000	106368400	2	1	1	2
15	1	15799999	2	1	1	1
15	15800000	20699999	NA	NA	NA	NA
15	20700000	20846192	3	2	1	1
15	20846193	21907499	3	2	1	1
15	21907500	57189604	2	1	1	2
15	57189605	57249777	2	1	1	2
15	57249778	100357040	2	1	1	2
15	100357041	102425699	2	1	1	2
16	85629	34599999	2	1	1	2
16	34600000	38599999	2	1	1	2
16	38600000	46447499	2	1	1	2
16	46447500	78569060	2	1	1	2
16	78569061	78591619	2	1	1	2
16	78591620	88827200	2	1	1	2
16	88827201	90354752	2	1	1	2
17	1880	14754301	1	1	0	2
17	14754302	14755069	1	1	0	1
17	14755070	14784235	7	6	1	2
17	14784236	15062672	6	5	1	2
17	15062673	15073485	5	4	1	2
17	15073486	15708205	4	3	1	2
17	15708206	15794111	6	4	2	2
17	15794112	16695727	8	7	1	2
17	16695728	16697274	7	6	1	2
17	16697275	19774659	1	1	0	2
17	19774660	20561467	2	1	1	2
17	20561468	20627598	2	1	1	1
17	20627599	21203659	2	1	1	2
17	21203660	21253631	3	2	1	1
17	21253632	21539973	3	2	1	2
17	21539974	25799999	NA	NA	NA	NA
17	25800000	44237871	2	1	1	2
17	44237872	45320657	2	1	1	2
17	45320658	78774600	2	1	1	2
17	78774601	81195209	2	1	1	2
18	27500	99636	3	2	1	2
18	99637	5692094	3	2	1	2
18	5692095	12829085	3	2	1	2
18	12829086	13799296	1	1	0	2
18	13799297	15399999	1	1	0	2
18	15400000	19258655	NA	NA	NA	NA
18	19258656	19331605	4	3	1	2
18	19331606	19904162	4	3	1	2
18	19904163	19918535	1	1	0	1
18	19918536	19951852	1	1	0	1
18	19951853	20802507	1	1	0	2
18	20802508	76149962	1	1	0	2
18	76149963	78077247	1	1	0	2
19	102500	226775	1	1	0	2
19	226776	13944252	1	1	0	2
19	13944253	13944399	1	1	0	2
19	13944400	24399999	1	1	0	2
19	24400000	28599999	NA	NA	NA	NA
19	28600000	43285649	2	1	1	2
19	43285650	43449419	2	1	1	2
19	43449420	44915333	2	1	1	2
19	44915334	44961876	2	1	1	2
19	44961877	45612264	2	1	1	2
19	45612265	59128982	2	1	1	2
20	17500	25599999	2	1	1	2
20	25600000	29465789	2	1	1	2
20	29465790	62432500	2	1	1	2
21	1	10899999	NA	NA	NA	NA
21	10900000	14299999	1	1	0	1
21	14300000	21333205	2	1	1	2
21	21333206	21334791	2	1	1	2
21	21334792	46919989	2	1	1	2
21	46919990	48129894	2	1	1	2
22	1	12199999	2	1	1	1
22	12200000	17899999	2	1	1	2
22	17900000	29065281	2	1	1	2
22	29065282	29065610	2	1	1	2
22	29065611	29065709	2	1	1	2
22	29065710	29065768	2	1	1	2
22	29065769	35795546	2	1	1	2
22	35795547	35894401	2	1	1	2
22	35894402	49687500	2	1	1	2
22	49687501	51304565	2	1	1	2
X	1	25114061	2	1	1	2
X	25114062	30893199	2	1	1	2
X	30893200	31482121	1	1	0	2
X	31482122	31485178	1	1	0	2
X	31485179	31971555	4	3	1	2
X	31971556	32004028	4	3	1	2
X	32004029	33411415	4	3	1	2
X	33411416	33411605	4	3	1	2
X	33411606	33414429	10	10	0	1
X	33414430	33421341	10	10	0	1
X	33421342	33427072	10	10	0	1
X	33427073	33429869	10	10	0	1
X	33429870	33431133	12	12	0	1
X	33431134	33433334	12	12	0	1
X	33433335	33439489	12	12	0	1
X	33439490	33452131	12	12	0	1
X	33452132	33452386	12	12	0	1
X	33452387	33456618	12	12	0	1
X	33456619	33472849	11	11	0	1
X	33472850	33475270	7	7	0	1
X	33475271	54557563	2	1	1	2
X	54557564	54558881	2	1	1	2
X	54558882	55175924	3	3	0	1
X	55175925	55182707	3	3	0	1
X	55182708	55575696	3	3	0	1
X	55575697	55579160	3	3	0	1
X	55579161	56597145	2	2	0	1
X	56597146	58099999	3	2	1	2
X	58100000	62999999	3	2	1	2
X	63000000	122183944	3	2	1	2
X	122183945	122185850	2	2	0	1
X	122185851	154913600	2	1	1	2
