chromosome	start	end	total_cn	major_cn	minor_cn	star
1	10001	18599326	1	1	0	2
1	18599327	18613034	2	1	1	2
1	18613035	121499999	2	1	1	2
1	121500000	128899999	2	1	1	2
1	128900000	143644938	2	1	1	2
1	143644939	237992176	3	2	1	2
1	237992177	247247500	3	2	1	2
1	247247501	248819539	3	2	1	2
2	11320	90499999	2	1	1	2
2	90500000	96799999	2	1	1	2
2	96800000	219410035	2	1	1	2
2	219410036	242951000	1	1	0	2
3	67500	87899999	2	1	1	2
3	87900000	93899999	2	1	1	2
3	93900000	197794027	2	1	1	2
4	27500	6882766	2	1	1	2
4	6882767	6883148	2	1	1	2
4	6883149	48199999	2	1	1	2
4	48200000	52699999	2	1	1	2
4	52700000	190987500	2	1	1	2
5	22500	46099999	2	1	1	3
5	46100000	50699999	NA	NA	NA	NA
5	50700000	180712500	1	1	0	2
6	39681	242500	3	2	1	1
6	242501	382201	3	2	1	2
6	382202	28840020	4	2	2	3
6	28840021	53800426	3	2	1	3
6	53800427	53861925	4	3	1	3
6	53861926	53878019	3	2	1	2
6	53878020	55292629	4	3	1	2
6	55292630	55499987	3	2	1	2
6	55499988	56211972	4	3	1	2
6	56211973	56369782	3	2	1	2
6	56369783	57309958	4	3	1	2
6	57309959	58138690	2	1	1	2
6	58138691	58699999	4	3	1	2
6	58700000	63299999	NA	NA	NA	NA
6	63300000	170897500	2	1	1	3
7	40386	57999999	4	3	1	2
7	58000000	61699999	4	3	1	2
7	61700000	61973908	4	3	1	2
7	61973909	97241866	2	1	1	3
7	97241867	149685330	5	4	1	2
7	149685331	149695525	5	4	1	2
7	149695526	149715397	5	4	1	2
7	149715398	157171001	5	4	1	2
7	157171002	158452718	5	4	1	2
7	158452719	158549360	4	3	1	2
7	158549361	158817500	5	4	1	2
8	172500	43099999	2	1	1	3
8	43100000	48099999	2	1	1	3
8	48100000	54282322	2	1	1	3
8	54282323	54282571	3	2	1	1
8	54282572	54288758	4	3	1	2
8	54288759	82041860	3	2	1	2
8	82041861	82121991	4	3	1	2
8	82121992	82159379	5	4	1	1
8	82159380	82159394	5	4	1	1
8	82159395	82228463	5	4	1	1
8	82228464	146364021	4	3	1	2
9	52645	47299999	2	1	1	2
9	47300000	50699999	2	1	1	2
9	50700000	66849971	2	1	1	2
9	66849972	140267500	2	1	1	2
10	102500	37999999	2	1	1	3
10	38000000	42299999	2	1	1	2
10	42300000	93154345	2	1	1	2
10	93154346	93154375	2	1	1	2
10	93154376	93156468	2	1	1	2
10	93156469	93160727	2	1	1	2
10	93160728	93160884	2	1	1	2
10	93160885	135389924	2	1	1	2
11	20721	187499	2	1	1	2
11	187500	29284849	2	1	1	2
11	29284850	29289705	1	1	0	1
11	29289706	51599999	2	1	1	2
11	51600000	55699999	2	1	1	2
11	55700000	108311452	2	1	1	2
11	108311453	108396355	1	1	0	3
11	108396356	134442500	2	1	1	2
12	110107	189092	2	1	1	2
12	189093	33299999	2	1	1	2
12	33300000	38199999	2	1	1	2
12	38200000	132342500	2	1	1	2
12	132342501	133851894	2	1	1	2
13	1	16299999	2	1	1	1
13	16300000	19499999	2	1	1	2
13	19500000	115046940	2	1	1	3
14	1	16099999	2	1	1	1
14	16100000	19099999	2	1	1	2
14	19100000	20388731	2	1	1	2
14	20388732	25995162	2	1	1	2
14	25995163	25995861	2	1	1	2
14	25995862	106362500	2	1	1	2
15	1	15799999	2	1	1	1
15	15800000	20699999	2	1	1	2
15	20700000	100332500	2	1	1	3
15	100332501	102531391	2	1	1	2
16	100038	34599999	2	1	1	3
16	34600000	38599999	2	1	1	2
16	38600000	46415802	2	1	1	2
16	46415803	88822500	2	1	1	2
16	88822501	90151516	2	1	1	2
17	12500	22199999	2	1	1	2
17	22200000	25799999	2	1	1	2
17	25800000	78772500	2	1	1	2
17	78772501	81195209	2	1	1	2
18	27500	15399999	4	3	1	2
18	15400000	18999999	NA	NA	NA	NA
18	19000000	76117000	2	1	1	3
18	76117001	78077247	2	1	1	2
19	260137	969991	1	1	0	2
19	969992	2529777	1	1	0	2
19	2529778	2531080	3	2	1	2
19	2531081	2534249	1	1	0	2
19	2534250	2534461	2	2	0	1
19	2534462	2541692	2	2	0	1
19	2541693	2542075	1	1	0	2
19	2542076	2542823	1	1	0	2
19	2542824	2547493	2	2	0	2
19	2547494	2552095	3	2	1	2
19	2552096	2552246	1	1	0	2
19	2552247	2552874	1	1	0	2
19	2552875	2561879	2	1	1	2
19	2561880	2586275	1	1	0	2
19	2586276	2589368	2	2	0	1
19	2589369	2590820	2	2	0	1
19	2590821	2591053	1	1	0	2
19	2591054	2592394	1	1	0	2
19	2592395	2598436	2	2	0	2
19	2598437	2598825	1	1	0	2
19	2598826	2599650	1	1	0	2
19	2599651	2603745	1	1	0	2
19	2603746	2605002	1	1	0	2
19	2605003	2608085	1	1	0	2
19	2608086	2608327	1	1	0	2
19	2608328	2611177	2	2	0	1
19	2611178	2614900	1	1	0	2
19	2614901	2617701	1	1	0	2
19	2617702	2622047	2	2	0	2
19	2622048	2676522	2	2	0	2
19	2676523	2676777	2	2	0	1
19	2676778	2677395	2	2	0	1
19	2677396	2677451	3	2	1	1
19	2677452	2678185	3	2	1	1
19	2678186	2678652	3	2	1	1
19	2678653	2678938	3	2	1	1
19	2678939	2679705	3	2	1	1
19	2679706	2680573	3	2	1	1
19	2680574	2682208	2	2	0	1
19	2682209	2683592	2	2	0	1
19	2683593	2710034	2	2	0	1
19	2710035	2712073	2	2	0	1
19	2712074	2720424	2	2	0	1
19	2720425	2724420	5	3	2	1
19	2724421	2729053	5	3	2	1
19	2729054	2729844	3	2	1	1
19	2729845	2730052	3	2	1	1
19	2730053	2733126	3	2	1	2
19	2733127	2736433	2	1	1	1
19	2736434	2736453	3	2	1	1
19	2736454	2758127	3	2	1	1
19	2758128	2758327	2	2	0	1
19	2758328	2784476	2	2	0	1
19	2784477	2784740	2	2	0	1
19	2784741	2785051	2	2	0	1
19	2785052	2797344	3	2	1	1
19	2797345	2797487	3	2	1	1
19	2797488	2802338	5	3	2	1
19	2802339	2807607	2	2	0	1
19	2807608	2815803	3	2	1	2
19	2815804	2815901	3	2	1	2
19	2815902	2900376	4	3	1	2
19	2900377	2901725	4	3	1	2
19	2901726	2910737	2	1	1	1
19	2910738	2912617	2	1	1	1
19	2912618	2912779	3	2	1	2
19	2912780	3035481	3	2	1	2
19	3035482	3035817	3	2	1	2
19	3035818	3036531	3	2	1	2
19	3036532	3041507	3	2	1	2
19	3041508	3047406	3	2	1	2
19	3047407	3077404	3	2	1	2
19	3077405	3077629	3	2	1	2
19	3077630	3078969	2	1	1	2
19	3078970	3079223	3	2	1	2
19	3079224	3093339	3	2	1	2
19	3093340	3100074	3	2	1	2
19	3100075	3100208	3	2	1	2
19	3100209	3103273	4	3	1	1
19	3103274	3160849	4	3	1	2
19	3160850	3267082	1	1	0	2
19	3267083	3276511	1	1	0	1
19	3276512	3286392	3	2	1	2
19	3286393	3290145	3	2	1	2
19	3290146	3296044	3	2	1	2
19	3296045	3297334	3	2	1	2
19	3297335	3319707	5	4	1	2
19	3319708	3319833	3	2	1	2
19	3319834	3320256	3	2	1	2
19	3320257	3327985	3	2	1	2
19	3327986	3344501	2	2	0	2
19	3344502	3345288	3	2	1	2
19	3345289	3347484	2	2	0	2
19	3347485	3351874	3	2	1	2
19	3351875	3355136	2	1	1	2
19	3355137	3355297	2	1	1	2
19	3355298	3358793	2	1	1	2
19	3358794	3361743	2	1	1	2
19	3361744	3362024	3	2	1	2
19	3362025	3381411	2	1	1	2
19	3381412	3381431	2	1	1	2
19	3381432	3383259	1	1	0	2
19	3383260	3384713	1	1	0	2
19	3384714	3384881	1	1	0	2
19	3384882	3395722	1	1	0	2
19	3395723	3396285	1	1	0	1
19	3396286	3397446	1	1	0	1
19	3397447	3397968	2	1	1	1
19	3397969	3400139	3	2	1	2
19	3400140	3401376	1	1	0	2
19	3401377	3402957	1	1	0	2
19	3402958	3403649	1	1	0	2
19	3403650	3403760	1	1	0	2
19	3403761	3426958	1	1	0	2
19	3426959	3435388	3	2	1	2
19	3435389	3436675	3	2	1	2
19	3436676	3440191	3	2	1	2
19	3440192	3443558	1	1	0	2
19	3443559	3445264	1	1	0	1
19	3445265	3450125	1	1	0	2
19	3450126	3450933	3	2	1	2
19	3450934	3454318	4	3	1	2
19	3454319	3454524	3	2	1	2
19	3454525	3457060	3	2	1	2
19	3457061	3458316	3	2	1	2
19	3458317	3459828	1	1	0	2
19	3459829	3461797	3	2	1	2
19	3461798	3462231	3	2	1	2
19	3462232	3464749	3	2	1	2
19	3464750	3465158	3	2	1	2
19	3465159	3466055	3	2	1	2
19	3466056	3466910	3	2	1	2
19	3466911	3469706	3	2	1	2
19	3469707	3471018	3	2	1	2
19	3471019	3471431	3	2	1	2
19	3471432	3471461	3	2	1	2
19	3471462	3474732	3	2	1	2
19	3474733	3476298	3	2	1	2
19	3476299	3477685	1	1	0	2
19	3477686	3477782	1	1	0	2
19	3477783	3480417	1	1	0	2
19	3480418	3481677	3	2	1	1
19	3481678	3491618	3	2	1	1
19	3491619	3491661	3	2	1	2
19	3491662	3494660	3	2	1	2
19	3494661	3496695	3	2	1	2
19	3496696	3514798	3	2	1	2
19	3514799	3518224	3	2	1	2
19	3518225	3521035	3	2	1	2
19	3521036	3529552	3	2	1	2
19	3529553	3536587	3	2	1	2
19	3536588	3542558	3	2	1	2
19	3542559	3542783	3	2	1	2
19	3542784	3548602	3	2	1	1
19	3548603	3552193	3	2	1	2
19	3552194	3552407	3	2	1	2
19	3552408	3552449	3	2	1	2
19	3552450	3552909	3	2	1	2
19	3552910	3553525	3	2	1	2
19	3553526	3553539	3	2	1	2
19	3553540	3553926	3	2	1	2
19	3553927	3554879	1	1	0	2
19	3554880	3555664	1	1	0	2
19	3555665	3556932	3	2	1	2
19	3556933	3559117	2	2	0	2
19	3559118	3559414	3	2	1	2
19	3559415	3561016	3	2	1	2
19	3561017	3563130	3	2	1	2
19	3563131	3563148	3	2	1	2
19	3563149	3565092	3	2	1	2
19	3565093	3567347	3	2	1	2
19	3567348	3567645	3	2	1	2
19	3567646	3568825	3	2	1	2
19	3568826	3571198	1	1	0	2
19	3571199	3572562	1	1	0	2
19	3572563	3572910	1	1	0	2
19	3572911	3573861	1	1	0	2
19	3573862	3574700	1	1	0	2
19	3574701	3576965	1	1	0	2
19	3576966	3577125	1	1	0	2
19	3577126	3581230	1	1	0	2
19	3581231	3588690	3	2	1	2
19	3588691	3590588	3	2	1	2
19	3590589	3591403	1	1	0	2
19	3591404	3591841	1	1	0	2
19	3591842	3592487	1	1	0	2
19	3592488	3592505	1	1	0	2
19	3592506	3592853	1	1	0	2
19	3592854	3593279	1	1	0	2
19	3593280	3595750	1	1	0	2
19	3595751	3596882	1	1	0	2
19	3596883	3597200	1	1	0	2
19	3597201	3597412	1	1	0	2
19	3597413	3597519	1	1	0	2
19	3597520	3608418	1	1	0	2
19	3608419	3625668	1	1	0	2
19	3625669	3625893	1	1	0	2
19	3625894	3626351	1	1	0	2
19	3626352	3626993	1	1	0	2
19	3626994	3627743	1	1	0	2
19	3627744	3629546	1	1	0	2
19	3629547	3629641	3	2	1	2
19	3629642	3638340	3	2	1	2
19	3638341	3672541	3	2	1	2
19	3672542	3672632	2	1	1	1
19	3672633	3676256	2	1	1	1
19	3676257	3676387	1	1	0	2
19	3676388	3677912	1	1	0	1
19	3677913	3688360	2	2	0	1
19	3688361	3688803	1	1	0	2
19	3688804	3688862	1	1	0	2
19	3688863	3763042	1	1	0	2
19	3763043	3763448	1	1	0	2
19	3763449	3768950	3	2	1	1
19	3768951	3784320	2	1	1	1
19	3784321	3784433	2	1	1	2
19	3784434	3808456	2	1	1	2
19	3808457	3821348	3	2	1	2
19	3821349	3830153	1	1	0	1
19	3830154	3832469	2	1	1	1
19	3832470	3833018	2	1	1	2
19	3833019	3837158	2	1	1	2
19	3837159	3844063	2	1	1	2
19	3844064	3852739	1	1	0	1
19	3852740	3914473	2	1	1	2
19	3914474	5469093	2	1	1	2
19	5469094	5477612	2	1	1	1
19	5477613	5487141	4	3	1	2
19	5487142	5557277	1	1	0	2
19	5557278	5568236	4	3	1	2
19	5568237	5581537	4	3	1	2
19	5581538	5581596	4	3	1	2
19	5581597	5589506	3	2	1	2
19	5589507	5589558	3	2	1	1
19	5589559	5594682	4	4	0	1
19	5594683	5621547	1	1	0	2
19	5621548	5622174	1	1	0	2
19	5622175	5622703	1	1	0	1
19	5622704	5624297	3	2	1	1
19	5624298	5625393	3	2	1	1
19	5625394	5626613	4	4	0	1
19	5626614	5646074	5	4	1	1
19	5646075	5646302	5	4	1	1
19	5646303	5652252	3	2	1	1
19	5652253	7495426	3	2	1	2
19	7495427	7506578	2	1	1	2
19	7506579	7533390	6	4	2	1
19	7533391	7533615	3	2	1	2
19	7533616	7570119	3	2	1	1
19	7570120	7598721	2	2	0	1
19	7598722	7599228	3	2	1	1
19	7599229	7646896	3	2	1	2
19	7646897	7695067	4	3	1	1
19	7695068	7695313	3	2	1	1
19	7695314	9037590	3	2	1	2
19	9037591	10186470	1	1	0	2
19	10186471	10459905	2	1	1	2
19	10459906	11783029	1	1	0	2
19	11783030	11802025	2	1	1	2
19	11802026	11880736	1	1	0	2
19	11880737	11884146	2	1	1	1
19	11884147	11901359	1	1	0	2
19	11901360	11901460	1	1	0	2
19	11901461	11901880	1	1	0	2
19	11901881	11924479	1	1	0	2
19	11924480	11927423	1	1	0	2
19	11927424	11933804	1	1	0	2
19	11933805	11934985	1	1	0	2
19	11934986	11935505	1	1	0	2
19	11935506	12033324	1	1	0	2
19	12033325	12077925	4	3	1	1
19	12077926	12105514	4	3	1	1
19	12105515	12127567	4	3	1	1
19	12127568	12127597	3	2	1	1
19	12127598	12132742	3	2	1	1
19	12132743	12132849	3	2	1	1
19	12132850	12164412	5	4	1	2
19	12164413	12164597	3	2	1	2
19	12164598	12170885	3	2	1	2
19	12170886	12172536	3	2	1	2
19	12172537	12190760	3	2	1	1
19	12190761	12190810	3	2	1	2
19	12190811	12201765	3	2	1	2
19	12201766	12204277	1	1	0	2
19	12204278	12205157	1	1	0	2
19	12205158	12251600	1	1	0	2
19	12251601	12285986	1	1	0	2
19	12285987	12445127	1	1	0	2
19	12445128	12456708	1	1	0	2
19	12456709	12457806	1	1	0	2
19	12457807	12475715	1	1	0	2
19	12475716	12475931	1	1	0	2
19	12475932	12505079	2	2	0	2
19	12505080	12506819	1	1	0	2
19	12506820	12517534	3	2	1	2
19	12517535	12566842	1	1	0	2
19	12566843	12566947	1	1	0	1
19	12566948	12568578	2	1	1	1
19	12568579	12586323	2	1	1	1
19	12586324	12613448	1	1	0	2
19	12613449	12630948	1	1	0	2
19	12630949	12631104	1	1	0	1
19	12631105	12637358	1	1	0	2
19	12637359	12637472	1	1	0	2
19	12637473	12640144	1	1	0	2
19	12640145	12644114	1	1	0	1
19	12644115	12661034	4	3	1	2
19	12661035	12668964	2	2	0	2
19	12668965	12717167	3	2	1	2
19	12717168	12768648	2	2	0	2
19	12768649	12776080	2	2	0	1
19	12776081	12776166	2	2	0	1
19	12776167	12780438	3	2	1	1
19	12780439	12781024	3	2	1	1
19	12781025	12781230	1	1	0	1
19	12781231	12801961	2	2	0	1
19	12801962	12804665	2	2	0	1
19	12804666	12805734	2	2	0	1
19	12805735	12806304	4	3	1	1
19	12806305	12830702	1	1	0	1
19	12830703	12831773	4	3	1	1
19	12831774	12876344	5	4	1	1
19	12876345	12876510	5	4	1	1
19	12876511	12878411	6	5	1	1
19	12878412	12891973	6	5	1	1
19	12891974	12892137	1	1	0	1
19	12892138	12894243	1	1	0	1
19	12894244	12894872	4	3	1	1
19	12894873	12900349	3	2	1	1
19	12900350	12904246	1	1	0	1
19	12904247	12906606	1	1	0	2
19	12906607	13014770	1	1	0	1
19	13014771	13044314	4	3	1	1
19	13044315	13044329	4	3	1	2
19	13044330	13058554	4	2	2	1
19	13058555	13067827	2	2	0	2
19	13067828	13079444	4	3	1	2
19	13079445	13093193	4	3	1	1
19	13093194	13093253	3	2	1	1
19	13093254	13112755	3	2	1	1
19	13112756	13141638	1	1	0	1
19	13141639	13156885	2	1	1	1
19	13156886	13156956	2	1	1	1
19	13156957	13165669	3	2	1	1
19	13165670	13165740	3	2	1	2
19	13165741	13227293	6	4	2	1
19	13227294	13228199	5	4	1	1
19	13228200	13229030	2	1	1	1
19	13229031	13230300	2	1	1	1
19	13230301	13243357	2	2	0	1
19	13243358	13245319	2	2	0	1
19	13245320	13271583	2	2	0	1
19	13271584	13335138	2	1	1	2
19	13335139	13335493	3	2	1	2
19	13335494	13337137	4	3	1	1
19	13337138	13355284	2	2	0	2
19	13355285	13388735	2	2	0	1
19	13388736	13403285	1	1	0	1
19	13403286	13408044	1	1	0	1
19	13408045	13416723	2	1	1	1
19	13416724	13416773	2	1	1	1
19	13416774	13424456	4	3	1	1
19	13424457	13433967	3	2	1	1
19	13433968	13451621	3	2	1	1
19	13451622	13452820	3	2	1	1
19	13452821	13453078	3	2	1	1
19	13453079	13456231	3	2	1	1
19	13456232	13456410	2	1	1	1
19	13456411	13459479	2	1	1	1
19	13459480	13459563	2	1	1	1
19	13459564	13462588	3	2	1	2
19	13462589	13466290	4	2	2	2
19	13466291	13482110	4	2	2	2
19	13482111	13484476	3	2	1	1
19	13484477	13487674	4	3	1	1
19	13487675	13489272	4	3	1	1
19	13489273	13489629	4	3	1	1
19	13489630	13500967	4	3	1	1
19	13500968	13501227	4	3	1	1
19	13501228	13501661	4	3	1	1
19	13501662	13503664	4	3	1	1
19	13503665	13505283	4	3	1	1
19	13505284	13509657	4	3	1	1
19	13509658	13540067	5	3	2	2
19	13540068	13573500	4	2	2	2
19	13573501	13573634	5	4	1	1
19	13573635	13587605	2	1	1	1
19	13587606	13596449	2	1	1	1
19	13596450	13612068	2	1	1	2
19	13612069	13623039	3	2	1	2
19	13623040	13628206	1	1	0	1
19	13628207	13632879	2	2	0	2
19	13632880	13640216	2	2	0	1
19	13640217	13641871	2	2	0	2
19	13641872	13663853	2	2	0	1
19	13663854	13677287	2	2	0	1
19	13677288	13677322	2	2	0	1
19	13677323	13679907	4	3	1	1
19	13679908	13681444	4	3	1	1
19	13681445	13682261	4	3	1	1
19	13682262	13682447	4	3	1	1
19	13682448	13684287	4	3	1	1
19	13684288	13695176	4	3	1	1
19	13695177	13700951	4	3	1	1
19	13700952	13701067	4	3	1	1
19	13701068	13711383	3	2	1	1
19	13711384	13711654	3	2	1	1
19	13711655	13712831	3	2	1	1
19	13712832	13712856	3	2	1	1
19	13712857	13722338	2	2	0	1
19	13722339	13724029	2	2	0	1
19	13724030	13778735	3	2	1	1
19	13778736	13782341	3	2	1	1
19	13782342	13794602	2	2	0	1
19	13794603	13842271	2	2	0	2
19	13842272	13844197	2	2	0	1
19	13844198	13878932	3	3	0	2
19	13878933	13879073	2	2	0	2
19	13879074	13883962	3	2	1	1
19	13883963	13886334	2	2	0	2
19	13886335	13890927	2	2	0	2
19	13890928	13892425	2	2	0	2
19	13892426	13892793	2	2	0	1
19	13892794	13893242	2	2	0	1
19	13893243	13904391	3	3	0	1
19	13904392	13905384	3	3	0	1
19	13905385	13907702	3	3	0	1
19	13907703	13908051	3	3	0	1
19	13908052	13908763	2	2	0	1
19	13908764	13909295	2	2	0	1
19	13909296	13916295	2	2	0	1
19	13916296	13920938	2	2	0	1
19	13920939	13922634	2	2	0	1
19	13922635	13931977	2	2	0	1
19	13931978	13968716	2	2	0	2
19	13968717	13969005	3	2	1	1
19	13969006	13992715	3	2	1	2
19	13992716	14017241	5	4	1	2
19	14017242	14017492	5	4	1	1
19	14017493	14019203	3	2	1	1
19	14019204	14031357	1	1	0	2
19	14031358	14036444	1	1	0	1
19	14036445	14116511	1	1	0	2
19	14116512	14118065	1	1	0	2
19	14118066	14121519	3	2	1	1
19	14121520	14121532	1	1	0	2
19	14121533	14133541	1	1	0	2
19	14133542	14134133	1	1	0	2
19	14134134	14134237	1	1	0	2
19	14134238	14134613	1	1	0	1
19	14134614	14142465	1	1	0	1
19	14142466	14142564	1	1	0	2
19	14142565	14144115	1	1	0	2
19	14144116	14144373	1	1	0	2
19	14144374	14149735	1	1	0	1
19	14149736	14153089	1	1	0	1
19	14153090	14158473	1	1	0	2
19	14158474	14158794	1	1	0	2
19	14158795	14177105	1	1	0	2
19	14177106	14185355	1	1	0	2
19	14185356	14185662	1	1	0	2
19	14185663	14188046	1	1	0	2
19	14188047	14204516	2	2	0	2
19	14204517	14215367	2	2	0	2
19	14215368	14223530	3	2	1	1
19	14223531	14223798	3	2	1	1
19	14223799	14227179	3	2	1	1
19	14227180	14236733	2	2	0	2
19	14236734	14299809	2	2	0	2
19	14299810	14300140	2	2	0	2
19	14300141	14305115	2	2	0	2
19	14305116	14317331	1	1	0	1
19	14317332	14317871	2	2	0	2
19	14317872	14328116	2	2	0	2
19	14328117	14328469	2	2	0	2
19	14328470	14330435	2	2	0	2
19	14330436	14460485	1	1	0	2
19	14460486	14465647	2	2	0	2
19	14465648	14465690	2	2	0	2
19	14465691	14490061	3	2	1	2
19	14490062	14517121	2	2	0	3
19	14517122	14523662	2	2	0	2
19	14523663	14524462	2	2	0	2
19	14524463	14527143	1	1	0	1
19	14527144	14533043	2	2	0	1
19	14533044	14534462	2	2	0	1
19	14534463	14539710	2	2	0	1
19	14539711	14562160	1	1	0	2
19	14562161	14606474	2	1	1	2
19	14606475	14607199	2	1	1	1
19	14607200	14607725	2	1	1	1
19	14607726	14640175	2	2	0	2
19	14640176	14641541	3	3	0	2
19	14641542	14642161	2	2	0	2
19	14642162	14642741	2	2	0	2
19	14642742	14645183	3	2	1	1
19	14645184	14645403	3	2	1	1
19	14645404	14645435	2	2	0	2
19	14645436	14645882	2	2	0	2
19	14645883	14656697	2	2	0	2
19	14656698	14661351	5	3	2	2
19	14661352	14666279	2	2	0	2
19	14666280	14667370	2	2	0	2
19	14667371	14667824	2	2	0	2
19	14667825	14671633	2	2	0	2
19	14671634	14673294	2	2	0	2
19	14673295	14676312	2	2	0	2
19	14676313	14680865	2	2	0	2
19	14680866	14682211	2	2	0	2
19	14682212	14749510	1	1	0	2
19	14749511	14863068	3	2	1	2
19	14863069	14926313	3	2	1	2
19	14926314	14948562	2	2	0	2
19	14948563	14949229	3	2	1	2
19	14949230	14966993	3	2	1	2
19	14966994	14967260	3	2	1	2
19	14967261	14971792	3	2	1	1
19	14971793	14971867	1	1	0	1
19	14971868	14972007	1	1	0	1
19	14972008	14977732	1	1	0	1
19	14977733	14980792	1	1	0	1
19	14980793	15009721	2	2	0	2
19	15009722	15012219	2	2	0	2
19	15012220	15082961	1	1	0	2
19	15082962	15091434	2	2	0	1
19	15091435	15133028	1	1	0	2
19	15133029	17327598	3	2	1	2
19	17327599	17331165	3	2	1	2
19	17331166	18956786	3	2	1	1
19	18956787	18957634	6	5	1	2
19	18957635	19231925	5	4	1	2
19	19231926	19236225	6	5	1	2
19	19236226	19445395	5	4	1	2
19	19445396	19446756	6	5	1	2
19	19446757	19617074	6	5	1	2
19	19617075	20607094	4	3	1	2
19	20607095	20616010	5	3	2	1
19	20616011	24399999	1	1	0	2
19	24400000	28599999	1	1	0	1
19	28600000	59128982	1	1	0	2
20	31450	25599999	3	2	1	2
20	25600000	29399999	3	2	1	2
20	29400000	62432500	3	2	1	2
21	1	9834191	NA	NA	NA	NA
21	9834192	10205458	NA	NA	NA	NA
21	10205459	14827707	NA	NA	NA	NA
21	14827708	46937500	2	1	1	2
21	46937501	48129894	1	1	0	2
22	1	12199999	3	2	1	1
22	12200000	17899999	3	2	1	2
22	17900000	51173137	3	2	1	2
22	51173138	51173181	3	2	1	2
X	1	58099999	1	1	0	3
X	58100000	62999999	1	1	0	2
X	63000000	128533714	1	1	0	3
X	128533715	128537162	1	1	0	3
X	128537163	128538448	1	1	0	3
X	128538449	128824509	1	1	0	3
X	128824510	142323941	1	1	0	3
X	142323942	142401202	1	1	0	3
X	142401203	142533846	1	1	0	3
X	142533847	155270559	1	1	0	3
Y	1	11599999	NA	NA	NA	NA
Y	11600000	13399999	NA	NA	NA	NA
Y	13400000	59373565	NA	NA	NA	NA
