chromosome	start	end	total_cn	major_cn	minor_cn	star
1	1	790008	3	3	0	2
1	790009	72762209	3	3	0	3
1	72762210	98290756	3	3	0	3
1	98290757	98573823	3	3	0	2
1	98573824	121499999	3	3	0	3
1	121500000	128899999	3	3	0	1
1	128900000	142676001	3	3	0	1
1	142676002	240706454	3	2	1	2
1	240706455	240716944	3	2	1	1
1	240716945	247247500	3	2	1	2
1	247247501	249250620	3	2	1	3
2	20016	90499999	2	1	1	3
2	90500000	96799999	2	1	1	3
2	96800000	242951000	2	1	1	3
3	100074	3863111	2	1	1	3
3	3863112	3901722	3	2	1	2
3	3901723	50165948	2	1	1	3
3	50165949	50526237	2	1	1	1
3	50526238	60218232	2	1	1	3
3	60218233	60443534	1	1	0	3
3	60443535	87899999	2	1	1	3
3	87900000	93899999	2	1	1	3
3	93900000	197783751	2	1	1	3
4	27500	48199999	2	1	1	3
4	48200000	52699999	NA	NA	NA	NA
4	52700000	116350064	3	2	1	3
4	116350065	116381839	1	1	0	2
4	116381840	191154275	3	2	1	3
5	20399	850202	2	1	1	3
5	850203	24791120	2	1	1	3
5	24791121	24798692	2	1	1	1
5	24798693	46099999	2	1	1	3
5	46100000	50699999	2	1	1	3
5	50700000	180689978	2	1	1	3
6	39681	201975	3	2	1	1
6	201976	13191436	3	2	1	2
6	13191437	18080091	3	2	1	2
6	18080092	18082751	3	2	1	2
6	18082752	20971299	3	2	1	2
6	20971300	21169255	1	1	0	3
6	21169256	34899068	3	2	1	2
6	34899069	34901187	3	2	1	2
6	34901188	58699999	3	2	1	2
6	58700000	63299999	3	2	1	2
6	63300000	123277999	3	2	1	3
6	123278000	123286614	3	2	1	1
6	123286615	125400738	3	2	1	3
6	125400739	125410543	3	2	1	3
6	125410544	170921585	3	2	1	3
7	33963	57999999	3	2	1	2
7	58000000	61699999	3	2	1	2
7	61700000	110393329	3	2	1	2
7	110393330	110395012	3	2	1	2
7	110395013	110619637	3	2	1	2
7	110619638	110749760	2	2	0	3
7	110749761	158821400	3	2	1	2
8	159179	43099999	1	1	0	3
8	43100000	48099999	NA	NA	NA	NA
8	48100000	137679944	5	4	1	2
8	137679945	137860008	5	4	1	2
8	137860009	146364021	5	4	1	2
9	47500	211471	3	3	0	2
9	211472	21969411	3	3	0	2
9	21969412	22012179	3	3	0	1
9	22012180	22347543	3	3	0	3
9	22347544	43823883	3	2	1	3
9	43823884	47299999	3	2	1	2
9	47300000	50699999	3	2	1	2
9	50700000	68302499	3	2	1	2
9	68302500	69842625	3	2	1	2
9	69842626	139752247	3	3	0	3
9	139752248	139759897	3	3	0	2
9	139759898	139760659	3	3	0	1
9	139760660	139765889	3	3	0	1
9	139765890	140273200	3	3	0	2
9	140273201	141068960	3	3	0	2
10	94426	37999999	2	1	1	3
10	38000000	42299999	2	1	1	3
10	42300000	126393087	2	1	1	3
10	126393088	126398085	2	1	1	3
10	126398086	135389304	2	1	1	3
11	20721	196943	2	1	1	2
11	196944	51599999	2	1	1	3
11	51600000	55699999	2	1	1	3
11	55700000	57502483	2	1	1	3
11	57502484	57515907	2	1	1	2
11	57515908	57527977	3	2	1	2
11	57527978	57580970	3	2	1	2
11	57580971	65265241	3	2	1	3
11	65265242	69020007	4	2	2	2
11	69020008	69289982	14	12	2	2
11	69289983	69427559	14	12	2	2
11	69427560	69429284	17	14	3	1
11	69429285	69535398	22	20	2	2
11	69535399	70305944	19	17	2	1
11	70305945	70306817	19	17	2	1
11	70306818	134452200	2	2	0	3
12	110107	24297146	2	1	1	3
12	24297147	24442598	1	1	0	2
12	24442599	33299999	2	1	1	3
12	33300000	38199999	2	1	1	3
12	38200000	39579568	2	1	1	3
12	39579569	66722892	2	2	0	3
12	66722893	66812929	2	2	0	2
12	66812930	132349400	2	2	0	3
12	132349401	133851894	2	2	0	3
13	1	16299999	2	1	1	1
13	16300000	19499999	2	1	1	2
13	19500000	105615522	2	1	1	3
13	105615523	114142800	2	1	1	3
13	114142801	115169877	2	1	1	3
14	1	16099999	3	2	1	1
14	16100000	19099999	3	2	1	2
14	19100000	32567083	3	2	1	3
14	32567084	32578410	3	2	1	3
14	32578411	106368400	3	2	1	3
15	1	15799999	2	1	1	1
15	15800000	20699999	2	1	1	3
15	20700000	100338800	2	1	1	3
15	100338801	102531391	2	1	1	3
16	100010	32502707	3	2	1	3
16	32502708	33833364	3	2	1	2
16	33833365	38599999	NA	NA	NA	NA
16	38600000	46435964	2	1	1	2
16	46435965	88827200	2	1	1	3
16	88827201	90354752	2	1	1	2
17	7157	7589303	2	1	1	3
17	7589304	7590626	2	1	1	3
17	7590627	21724995	2	1	1	3
17	21724996	21727263	2	1	1	3
17	21727264	25799999	2	1	1	3
17	25800000	60894662	2	1	1	3
17	60894663	60895631	2	1	1	3
17	60895632	78774600	2	1	1	3
17	78774601	81195209	2	1	1	2
18	27500	15399999	2	1	1	3
18	15400000	18999999	2	1	1	3
18	19000000	76117000	2	1	1	3
18	76117001	78077247	2	1	1	3
19	102500	260136	2	1	1	2
19	260137	24399999	2	1	1	3
19	24400000	28599999	2	1	1	2
19	28600000	59128982	2	1	1	3
20	78713	25599999	2	1	1	3
20	25600000	29399999	2	1	1	3
20	29400000	32312517	2	1	1	3
20	32312518	32358791	2	1	1	2
20	32358792	62432500	2	1	1	3
21	1	9417499	NA	NA	NA	NA
21	9417500	9847538	NA	NA	NA	NA
21	9847539	10899999	NA	NA	NA	NA
21	10900000	14299999	2	2	0	2
21	14300000	46937500	2	2	0	3
21	46937501	48129894	2	2	0	2
22	1	12199999	3	2	1	1
22	12200000	17899999	3	2	1	3
22	17900000	49687500	3	2	1	3
22	49687501	51304565	3	2	1	2
X	1	56104987	2	1	1	2
X	56104988	58099999	3	2	1	2
X	58100000	62999999	3	2	1	2
X	63000000	103452486	3	2	1	2
X	103452487	103452664	3	2	1	2
X	103452665	103490060	4	2	2	2
X	103490061	103651501	5	3	2	3
X	103651502	154913600	4	2	2	2
