chromosome	start	end	total_cn	major_cn	minor_cn	star
1	1	577801	2	1	1	2
1	577802	30179555	2	1	1	3
1	30179556	30181338	3	2	1	2
1	30181339	31383401	4	3	1	2
1	31383402	56849439	4	3	1	3
1	56849440	61835569	3	2	1	3
1	61835570	61835692	3	2	1	2
1	61835693	73194577	3	2	1	3
1	73194578	118545067	2	1	1	3
1	118545068	121384938	3	2	1	3
1	121384939	128899999	3	2	1	2
1	128900000	142680800	3	2	1	2
1	142680801	144908598	3	2	1	2
1	144908599	148907742	4	3	1	2
1	148907743	176694809	4	3	1	2
1	176694810	180619975	4	3	1	2
1	180619976	191511884	4	3	1	2
1	191511885	191511909	4	3	1	2
1	191511910	195367999	4	3	1	2
1	195368000	195449320	3	2	1	3
1	195449321	226327896	4	3	1	2
1	226327897	247249600	3	3	0	2
1	247249601	249250620	3	3	0	2
2	20016	63272716	3	2	1	3
2	63272717	63272728	3	2	1	2
2	63272729	90499999	3	2	1	3
2	90500000	96799999	3	2	1	2
2	96800000	101918345	3	2	1	3
2	101918346	101918562	3	2	1	2
2	101918563	101918609	3	2	1	2
2	101918610	116664832	3	2	1	3
2	116664833	116669409	2	2	0	1
2	116669410	127223466	3	2	1	3
2	127223467	127223651	3	2	1	2
2	127223652	203180116	3	2	1	3
2	203180117	203298747	3	2	1	2
2	203298748	210488201	3	2	1	3
2	210488202	242985695	3	2	1	3
3	62309	3952934	3	2	1	3
3	3952935	4015521	2	1	1	2
3	4015522	50709940	3	2	1	3
3	50709941	53398085	3	2	1	2
3	53398086	53398328	3	2	1	2
3	53398329	60666778	3	2	1	3
3	60666779	61029053	2	2	0	3
3	61029054	61112214	3	2	1	3
3	61112215	61210805	2	1	1	3
3	61210806	87899999	3	2	1	3
3	87900000	93899999	3	2	1	2
3	93900000	104634300	3	2	1	3
3	104634301	104634672	3	2	1	2
3	104634673	116556552	3	2	1	3
3	116556553	119371807	3	2	1	3
3	119371808	151786476	3	2	1	3
3	151786477	151786676	3	2	1	2
3	151786677	174775518	3	2	1	2
3	174775519	174956705	2	1	1	3
3	174956706	197847500	3	2	1	2
4	49856	29516407	2	1	1	2
4	29516408	29517778	1	1	0	2
4	29517779	32169841	2	1	1	2
4	32169842	32171878	2	1	1	2
4	32171879	48199999	2	1	1	2
4	48200000	52699999	NA	NA	NA	NA
4	52700000	55161962	6	5	1	2
4	55161963	56889989	6	5	1	2
4	56889990	59888481	4	3	1	2
4	59888482	78570348	2	1	1	2
4	78570349	78570637	2	1	1	2
4	78570638	91791646	2	1	1	2
4	91791647	91882099	1	1	0	3
4	91882100	116810930	2	1	1	2
4	116810931	191154275	2	1	1	2
5	22500	22796655	3	3	0	2
5	22796656	22796928	3	3	0	2
5	22796929	41792842	3	3	0	2
5	41792843	41792897	3	3	0	2
5	41792898	46099999	3	3	0	2
5	46100000	50699999	3	3	0	2
5	50700000	68906802	3	3	0	3
5	68906803	103440637	3	3	0	3
5	103440638	103969947	2	2	0	2
5	103969948	103976531	2	2	0	2
5	103976532	109742984	3	3	0	2
5	109742985	132712512	3	3	0	2
5	132712513	132712712	3	3	0	2
5	132712713	144503264	3	3	0	2
5	144503265	144503275	3	3	0	2
5	144503276	150204145	3	3	0	2
5	150204146	180689978	3	3	0	2
6	201976	249579	5	4	1	1
6	249580	383201	5	4	1	1
6	383202	24804514	7	5	2	2
6	24804515	24804595	7	5	2	2
6	24804596	28224890	7	5	2	2
6	28224891	28351516	8	6	2	2
6	28351517	28358194	7	5	2	2
6	28358195	28388240	7	5	2	2
6	28388241	35112432	5	3	2	2
6	35112433	35112884	5	3	2	2
6	35112885	35114847	5	3	2	2
6	35114848	35114983	5	3	2	2
6	35114984	35115173	5	3	2	2
6	35115174	35115231	5	3	2	2
6	35115232	35115439	5	3	2	2
6	35115440	35115687	5	3	2	2
6	35115688	35115715	5	3	2	2
6	35115716	45325928	5	3	2	2
6	45325929	45325940	5	3	2	2
6	45325941	45326089	5	3	2	2
6	45326090	58699999	5	3	2	2
6	58700000	63299999	5	3	2	2
6	63300000	72954637	5	3	2	3
6	72954638	85754232	3	2	1	3
6	85754233	85754638	3	2	1	2
6	85754639	86806273	3	2	1	3
6	86806274	86883703	2	1	1	2
6	86883704	156345916	3	2	1	3
6	156345917	161788284	3	2	1	3
6	161788285	161800029	3	2	1	2
6	161800030	170915975	3	2	1	3
7	40962	11635444	6	3	3	2
7	11635445	11845958	5	3	2	2
7	11845959	34199315	6	3	3	2
7	34199316	34362580	4	3	1	2
7	34362581	38288912	6	3	3	2
7	38288913	38343401	10	5	5	2
7	38343402	56827500	6	3	3	2
7	56827501	57999999	5	3	2	2
7	58000000	61866800	NA	NA	NA	NA
7	61866801	62694961	4	3	1	2
7	62694962	62971456	3	2	1	2
7	62971457	67351523	3	2	1	3
7	67351524	67627203	4	2	2	3
7	67627204	86635973	3	2	1	3
7	86635974	90418060	4	2	2	3
7	90418061	95317262	4	2	2	3
7	95317263	117162319	3	2	1	3
7	117162320	117223037	5	4	1	2
7	117223038	125391466	3	2	1	3
7	125391467	125397990	3	2	1	3
7	125397991	130589141	3	2	1	3
7	130589142	130589307	3	2	1	2
7	130589308	158821400	3	2	1	3
8	10001	161928	1	1	0	2
8	161929	8747836	1	1	0	2
8	8747837	8750083	1	1	0	2
8	8750084	12244859	1	1	0	2
8	12244860	12497499	1	1	0	2
8	12497500	35171878	1	1	0	2
8	35171879	39967821	1	1	0	2
8	39967822	40554078	5	4	1	2
8	40554079	40810406	4	3	1	2
8	40810407	43099999	3	2	1	3
8	43100000	48099999	3	2	1	2
8	48100000	49241065	3	2	1	3
8	49241066	49241104	3	2	1	2
8	49241105	75279684	3	2	1	2
8	75279685	75940052	4	2	2	2
8	75940053	90360090	3	2	1	2
8	90360091	90391657	2	1	1	2
8	90391658	90459993	1	1	0	2
8	90459994	90492513	2	1	1	2
8	90492514	93193696	3	2	1	2
8	93193697	93194634	3	2	1	2
8	93194635	119974120	3	2	1	2
8	119974121	120328394	5	4	1	2
8	120328395	126845506	3	2	1	2
8	126845507	133954763	4	2	2	2
8	133954764	134010430	3	2	1	2
8	134010431	146364021	4	2	2	2
9	68684	206511	2	1	1	2
9	206512	215328	2	1	1	2
9	215329	2782540	4	3	1	3
9	2782541	3344843	3	2	1	2
9	3344844	22504762	4	3	1	2
9	22504763	23063781	3	2	1	3
9	23063782	26861851	4	3	1	3
9	26861852	26977057	4	3	1	2
9	26977058	26978037	4	3	1	2
9	26978038	27003839	4	3	1	2
9	27003840	43421929	3	2	1	3
9	43421930	47299999	3	2	1	2
9	47300000	50699999	3	2	1	2
9	50700000	66271076	3	2	1	2
9	66271077	78817605	3	2	1	3
9	78817606	78819823	1	1	0	1
9	78819824	94206527	3	2	1	3
9	94206528	99365074	4	2	2	3
9	99365075	99365443	4	2	2	2
9	99365444	99365700	4	2	2	2
9	99365701	99366350	4	2	2	2
9	99366351	102889941	4	2	2	3
9	102889942	102890096	4	2	2	2
9	102890097	124665506	4	2	2	3
9	124665507	140273200	3	2	1	3
10	102138	16691902	3	2	1	2
10	16691903	19155793	3	2	1	2
10	19155794	19308066	2	1	1	3
10	19308067	37999999	3	2	1	2
10	38000000	42403323	3	2	1	2
10	42403324	47914860	3	2	1	2
10	47914861	50766791	3	2	1	2
10	50766792	51189854	2	1	1	3
10	51189855	51585752	3	2	1	2
10	51585753	64520282	2	1	1	3
10	64520283	64520397	2	1	1	2
10	64520398	74638778	2	1	1	3
10	74638779	93060168	3	2	1	3
10	93060169	93469556	4	3	1	3
10	93469557	93471430	4	3	1	2
10	93471431	93471596	4	3	1	2
10	93471597	93473567	3	2	1	1
10	93473568	93473627	3	2	1	1
10	93473628	93474322	2	1	1	2
10	93474323	93474614	2	1	1	2
10	93474615	93475100	2	1	1	2
10	93475101	135414452	2	1	1	3
11	20721	199812	2	2	0	2
11	199813	7605826	2	2	0	3
11	7605827	7609025	6	4	2	2
11	7609026	9075806	6	4	2	3
11	9075807	9369507	8	6	2	2
11	9369508	10175390	6	4	2	2
11	10175391	10181718	8	6	2	1
11	10181719	10183786	6	4	2	2
11	10183787	10185560	8	6	2	1
11	10185561	12773747	6	4	2	3
11	12773748	12851322	8	6	2	3
11	12851323	12886093	6	4	2	2
11	12886094	13917806	8	6	2	3
11	13917807	13924846	6	4	2	2
11	13924847	13929789	8	6	2	2
11	13929790	13949099	6	4	2	2
11	13949100	13949351	6	4	2	2
11	13949352	13950582	7	5	2	1
11	13950583	14751440	8	6	2	3
11	14751441	14789562	6	4	2	2
11	14789563	14790035	6	4	2	2
11	14790036	14966580	6	4	2	3
11	14966581	25624264	8	6	2	3
11	25624265	25673819	4	2	2	3
11	25673820	29636900	8	6	2	2
11	29636901	29637124	8	6	2	2
11	29637125	33123245	8	6	2	2
11	33123246	33123450	8	6	2	2
11	33123451	36286026	8	6	2	3
11	36286027	36307718	4	2	2	3
11	36307719	36634296	8	6	2	3
11	36634297	36667837	4	2	2	2
11	36667838	37504859	8	6	2	3
11	37504860	37506899	4	2	2	1
11	37506900	43938100	8	6	2	2
11	43938101	44245911	4	2	2	3
11	44245912	44367396	8	6	2	2
11	44367397	44368535	4	2	2	2
11	44368536	44368825	4	2	2	2
11	44368826	44381860	3	2	1	1
11	44381861	46068863	8	6	2	2
11	46068864	46069341	8	6	2	2
11	46069342	46225967	8	6	2	2
11	46225968	46544402	4	2	2	3
11	46544403	46544644	4	2	2	1
11	46544645	46544705	4	2	2	1
11	46544706	46757533	8	6	2	2
11	46757534	46757553	4	2	2	1
11	46757554	46762894	4	2	2	1
11	46762895	46812586	8	6	2	2
11	46812587	47180776	4	2	2	3
11	47180777	47212437	6	5	1	1
11	47212438	47214270	4	2	2	2
11	47214271	47630018	4	2	2	2
11	47630019	47732837	7	5	2	1
11	47732838	48505822	4	2	2	3
11	48505823	48508004	8	6	2	1
11	48508005	48557956	8	6	2	2
11	48557957	48558003	8	6	2	2
11	48558004	48609159	4	2	2	2
11	48609160	48613963	8	6	2	2
11	48613964	49052572	4	2	2	2
11	49052573	49138025	8	6	2	2
11	49138026	49138621	9	7	2	2
11	49138622	49175735	8	6	2	2
11	49175736	49213479	4	2	2	2
11	49213480	49222262	7	5	2	1
11	49222263	50043251	4	2	2	3
11	50043252	50043985	7	5	2	1
11	50043986	50044016	4	2	2	2
11	50044017	50052855	4	2	2	2
11	50052856	50134211	5	3	2	2
11	50134212	50155771	8	6	2	2
11	50155772	50378236	4	2	2	3
11	50378237	50426904	8	6	2	2
11	50426905	50773481	4	2	2	3
11	50773482	51593038	3	2	1	3
11	51593039	55699999	3	2	1	3
11	55700000	60638234	3	2	1	3
11	60638235	60642533	4	2	2	2
11	60642534	60643502	3	2	1	1
11	60643503	60693127	4	2	2	2
11	60693128	65302629	3	2	1	3
11	65302630	65968775	2	1	1	3
11	65968776	65972256	3	2	1	1
11	65972257	65974782	4	3	1	2
11	65974783	77807173	3	2	1	2
11	77807174	77857172	3	2	1	2
11	77857173	78117285	5	4	1	2
11	78117286	80033093	6	5	1	2
11	80033094	81732123	5	4	1	2
11	81732124	87710119	5	4	1	2
11	87710120	134452200	4	3	1	2
12	110107	33299999	3	2	1	3
12	33300000	38199999	3	2	1	2
12	38200000	66451368	3	2	1	3
12	66451369	77864235	3	2	1	3
12	77864236	78680024	4	3	1	2
12	78680025	78680068	4	3	1	2
12	78680069	78688581	3	2	1	2
12	78688582	78688951	3	2	1	2
12	78688952	78835474	3	2	1	3
12	78835475	78844631	2	1	1	1
12	78844632	78844681	3	2	1	2
12	78844682	79191400	3	2	1	3
12	79191401	79191451	2	2	0	1
12	79191452	104341579	2	2	0	2
12	104341580	104341750	2	2	0	2
12	104341751	132349400	2	2	0	2
12	132349401	133851894	2	2	0	2
13	1	16299999	5	3	2	1
13	16300000	19499999	5	3	2	2
13	19500000	27382281	5	3	2	2
13	27382282	27388890	6	3	3	2
13	27388891	47515175	5	3	2	2
13	47515176	55933176	5	3	2	2
13	55933177	56514285	7	5	2	2
13	56514286	56960503	7	5	2	2
13	56960504	56960557	3	2	1	1
13	56960558	57042488	3	2	1	2
13	57042489	57042577	3	2	1	2
13	57042578	57404704	3	2	1	2
13	57404705	62086256	4	2	2	2
13	62086257	62086292	2	1	1	2
13	62086293	68409259	4	2	2	2
13	68409260	68669400	3	2	1	2
13	68669401	78104848	4	2	2	2
13	78104849	78131152	5	3	2	2
13	78131153	78131214	4	2	2	2
13	78131215	78736898	4	2	2	2
13	78736899	84679139	3	2	1	2
13	84679140	84790331	2	2	0	2
13	84790332	86100431	3	2	1	2
13	86100432	86229289	2	2	0	3
13	86229290	92392380	3	2	1	2
13	92392381	92735012	2	1	1	1
13	92735013	114169316	3	2	1	2
13	114169317	115016733	3	2	1	2
14	1	16099999	3	2	1	1
14	16100000	19099999	NA	NA	NA	NA
14	19100000	22390697	3	2	1	3
14	22390698	22529995	4	3	1	2
14	22529996	22946185	5	3	2	2
14	22946186	22951524	5	3	2	1
14	22951525	23913332	3	2	1	3
14	23913333	45431009	3	2	1	3
14	45431010	45507171	2	1	1	2
14	45507172	51804237	3	2	1	3
14	51804238	51804276	3	2	1	2
14	51804277	106400939	3	2	1	3
15	1	15799999	1	1	0	1
15	15800000	20699999	1	1	0	2
15	20700000	29726508	1	1	0	2
15	29726509	30353661	2	1	1	3
15	30353662	39567734	1	1	0	3
15	39567735	41577289	2	1	1	3
15	41577290	42952004	1	1	0	3
15	42952005	43706014	2	1	1	3
15	43706015	45218574	3	2	1	3
15	45218575	52541714	4	3	1	3
15	52541715	53548161	3	2	1	3
15	53548162	53747771	4	3	1	2
15	53747772	53748186	3	2	1	2
15	53748187	53848041	4	3	1	2
15	53848042	72563535	3	2	1	3
15	72563536	72563759	3	2	1	2
15	72563760	74744951	3	2	1	3
15	74744952	74976479	2	1	1	3
15	74976480	74976721	2	1	1	2
15	74976722	98296904	2	1	1	3
15	98296905	99138628	3	2	1	3
15	99138629	99196835	2	1	1	3
15	99196836	99300584	3	2	1	3
15	99300585	99682099	2	1	1	3
15	99682100	99685368	3	2	1	2
15	99685369	99725766	3	2	1	3
15	99725767	99881370	2	1	1	3
15	99881371	100648812	1	1	0	3
15	100648813	101257994	3	2	1	2
15	101257995	102425699	2	1	1	2
16	100010	34599999	3	2	1	3
16	34600000	38599999	3	2	1	3
16	38600000	58646621	3	2	1	3
16	58646622	58646788	3	2	1	2
16	58646789	88827200	3	2	1	3
16	88827201	90354752	3	2	1	2
17	12500	7116452	3	2	1	3
17	7116453	7118331	3	2	1	2
17	7118332	7142508	3	2	1	2
17	7142509	8098460	1	1	0	3
17	8098461	20509717	3	2	1	3
17	20509718	21852822	7	5	2	3
17	21852823	25799999	NA	NA	NA	NA
17	25800000	27042701	4	2	2	2
17	27042702	36388811	3	2	1	3
17	36388812	52228091	3	2	1	3
17	52228092	52228141	3	2	1	2
17	52228142	78774600	3	2	1	3
17	78774601	81195209	3	2	1	2
18	49032	14157290	2	2	0	2
18	14157291	15399999	2	2	0	2
18	15400000	18999999	2	2	0	2
18	19000000	76117000	2	2	0	2
18	76117001	78077247	2	2	0	2
19	102500	259771	5	3	2	2
19	259772	24399999	5	3	2	3
19	24400000	28599999	NA	NA	NA	NA
19	28600000	33515001	4	3	1	2
19	33515002	48832533	3	2	1	2
19	48832534	48838089	4	3	1	2
19	48838090	48903787	5	4	1	2
19	48903788	58140052	4	3	1	2
20	34964	14771322	3	2	1	2
20	14771323	14858624	2	2	0	2
20	14858625	14887586	1	1	0	2
20	14887587	15086516	2	2	0	2
20	15086517	15185572	1	1	0	2
20	15185573	15237086	2	2	0	2
20	15237087	23413039	3	2	1	2
20	23413040	23413419	3	2	1	2
20	23413420	23413661	3	2	1	2
20	23413662	25599999	3	2	1	2
20	25600000	29453602	NA	NA	NA	NA
20	29453603	30578961	4	2	2	2
20	30578962	30584449	7	6	1	1
20	30584450	33834386	8	7	1	2
20	33834387	43162929	7	5	2	2
20	43162930	43203047	6	4	2	1
20	43203048	47537878	7	5	2	2
20	47537879	56770516	7	5	2	2
20	56770517	56770750	7	5	2	1
20	56770751	60581837	7	5	2	2
20	60581838	60623591	6	4	2	2
20	60623592	61942266	4	2	2	2
20	61942267	62432500	8	7	1	1
21	1	10899999	NA	NA	NA	NA
21	10900000	14444020	4	3	1	1
21	14444021	17754862	3	2	1	2
21	17754863	18321487	4	3	1	3
21	18321488	18327691	3	2	1	2
21	18327692	18329069	4	3	1	2
21	18329070	18329581	4	3	1	2
21	18329582	18355764	4	3	1	2
21	18355765	34585293	3	2	1	3
21	34585294	34587861	3	2	1	2
21	34587862	34592781	4	3	1	2
21	34592782	34810021	4	3	1	3
21	34810022	34951072	5	4	1	2
21	34951073	35140208	4	3	1	2
21	35140209	35327288	4	3	1	2
21	35327289	35951426	5	4	1	2
21	35951427	36079620	4	3	1	3
21	36079621	36257467	3	2	1	3
21	36257468	37382701	4	3	1	3
21	37382702	46944200	3	2	1	3
21	46944201	48129894	3	2	1	2
22	1	12199999	2	2	0	1
22	12200000	17899999	2	2	0	3
22	17900000	23222485	2	2	0	3
22	23222486	49691400	2	2	0	3
22	49691401	51304565	2	2	0	2
X	1	2700026	1	1	0	3
X	2700027	7255610	1	1	0	2
X	7255611	7679956	1	1	0	2
X	7679957	44695066	1	1	0	2
X	44695067	57020282	1	1	0	2
X	57020283	58099999	1	1	0	2
X	58100000	62999999	1	1	0	2
X	63000000	64170237	1	1	0	2
X	64170238	64170382	1	1	0	2
X	64170383	64313300	1	1	0	2
X	64313301	64333000	1	1	0	2
X	64333001	64333156	1	1	0	2
X	64333157	66154976	1	1	0	2
X	66154977	79369859	1	1	0	2
X	79369860	155270559	1	1	0	2
Y	1	5365859	NA	NA	NA	NA
Y	5365860	10083802	NA	NA	NA	NA
Y	10083803	11599999	NA	NA	NA	NA
Y	11600000	13510034	NA	NA	NA	NA
Y	13510035	17193196	NA	NA	NA	NA
Y	17193197	17193962	NA	NA	NA	NA
Y	17193963	17224521	NA	NA	NA	NA
Y	17224522	18098788	NA	NA	NA	NA
Y	18098789	59373565	NA	NA	NA	NA
