chromosome	start	end	total_cn	major_cn	minor_cn	star
1	1	16806180	2	2	0	3
1	16806181	16806378	2	2	0	2
1	16806379	16809471	2	2	0	2
1	16809472	16822873	2	2	0	2
1	16822874	18209515	2	2	0	2
1	18209516	18236474	2	2	0	2
1	18236475	20930449	2	2	0	3
1	20930450	20937664	4	4	0	1
1	20937665	28632337	2	2	0	3
1	28632338	28672081	4	4	0	2
1	28672082	34390922	2	2	0	3
1	34390923	34412237	4	4	0	2
1	34412238	44492173	2	2	0	3
1	44492174	44493472	2	2	0	2
1	44493473	45230038	2	2	0	3
1	45230039	47339409	3	3	0	2
1	47339410	47351207	5	5	0	1
1	47351208	48533474	3	3	0	2
1	48533475	48555879	3	3	0	1
1	48555880	67182326	3	3	0	2
1	67182327	67185945	3	3	0	2
1	67185946	72460017	3	3	0	2
1	72460018	73461536	4	4	0	3
1	73461537	73475136	4	4	0	2
1	73475137	74836346	4	4	0	3
1	74836347	76188771	3	3	0	2
1	76188772	79792611	2	2	0	3
1	79792612	79796684	6	6	0	1
1	79796685	80146085	2	2	0	2
1	80146086	80150266	5	5	0	1
1	80150267	85978745	2	2	0	3
1	85978746	86167188	2	2	0	2
1	86167189	94026240	3	3	0	3
1	94026241	94074969	7	4	3	1
1	94074970	94079991	7	4	3	1
1	94079992	94084556	7	4	3	1
1	94084557	94097066	16	12	4	1
1	94097067	94313216	8	6	2	1
1	94313217	94455343	8	6	2	1
1	94455344	94461698	14	10	4	1
1	94461699	94461733	1	1	0	1
1	94461734	94462089	1	1	0	1
1	94462090	94462280	13	10	3	1
1	94462281	94463298	8	7	1	1
1	94463299	94499951	8	6	2	1
1	94499952	94526889	3	3	0	2
1	94526890	94533335	8	6	2	1
1	94533336	94551010	3	3	0	3
1	94551011	94552174	3	3	0	2
1	94552175	94616435	3	3	0	3
1	94616436	94619642	3	3	0	2
1	94619643	106504006	3	3	0	3
1	106504007	106522833	2	2	0	2
1	106522834	108054266	3	3	0	3
1	108054267	108123014	5	5	0	2
1	108123015	108170708	3	3	0	2
1	108170709	108185787	4	4	0	2
1	108185788	112802033	3	3	0	3
1	112802034	114764391	4	4	0	2
1	114764392	114768036	5	5	0	1
1	114768037	116916565	4	4	0	2
1	116916566	116921798	4	4	0	2
1	116921799	116997389	3	3	0	2
1	116997390	117025387	7	4	3	1
1	117025388	117027735	6	4	2	1
1	117027736	117054073	4	4	0	1
1	117054074	117054220	1	1	0	1
1	117054221	117054238	9	5	4	1
1	117054239	117135086	8	4	4	2
1	117135087	117356914	8	5	3	1
1	117356915	117497646	10	7	3	2
1	117497647	118023359	9	5	4	1
1	118023360	119320794	8	5	3	1
1	119320795	119335041	17	14	3	2
1	119335042	119356171	17	14	3	2
1	119356172	119461723	17	14	3	2
1	119461724	119588319	8	5	3	1
1	119588320	119591991	12	8	4	1
1	119591992	119725317	25	21	4	2
1	119725318	119727261	12	8	4	2
1	119727262	119775170	25	21	4	2
1	119775171	119775383	25	21	4	2
1	119775384	119775692	25	21	4	2
1	119775693	119777676	25	21	4	2
1	119777677	120077006	8	6	2	1
1	120077007	120077055	18	13	5	1
1	120077056	120137010	15	10	5	1
1	120137011	120146741	8	5	3	1
1	120146742	120148611	5	5	0	2
1	120148612	120401676	5	5	0	2
1	120401677	120413809	11	6	5	1
1	120413810	120413884	10	5	5	1
1	120413885	120437116	9	5	4	1
1	120437117	120440087	10	5	5	1
1	120440088	120452655	7	4	3	1
1	120452656	120518836	8	4	4	2
1	120518837	120538977	6	4	2	1
1	120538978	120545532	6	4	2	1
1	120545533	121182285	7	5	2	1
1	121182286	121392602	7	5	2	2
1	121392603	128899999	NA	NA	NA	NA
1	128900000	144909201	1	1	0	1
1	144909202	145039439	1	1	0	1
1	145039440	145055217	1	1	0	1
1	145055218	145055818	1	1	0	1
1	145055819	145056862	6	5	1	1
1	145056863	145781160	5	4	1	1
1	145781161	147326740	5	3	2	2
1	147326741	147339716	5	3	2	2
1	147339717	148022499	7	4	3	1
1	148022500	149509742	5	4	1	1
1	149509743	149864317	7	4	3	1
1	149864318	150881056	7	4	3	1
1	150881057	151205637	8	6	2	1
1	151205638	151214831	17	12	5	1
1	151214832	151806622	8	6	2	1
1	151806623	157910594	7	4	3	2
1	157910595	157912639	7	4	3	1
1	157912640	161018927	7	4	3	2
1	161018928	161036051	7	4	3	2
1	161036052	167538451	7	4	3	2
1	167538452	167539473	7	4	3	1
1	167539474	167801762	6	3	3	2
1	167801763	168156854	5	3	2	2
1	168156855	168165151	5	3	2	2
1	168165152	171082056	5	3	2	2
1	171082057	171282015	7	4	3	2
1	171282016	171285886	7	4	3	1
1	171285887	172088288	5	3	2	2
1	172088289	172915293	5	3	2	2
1	172915294	172916271	5	3	2	1
1	172916272	178432954	5	3	2	2
1	178432955	178460535	7	4	3	1
1	178460536	184457220	5	3	2	2
1	184457221	184467568	7	5	2	1
1	184467569	184613191	5	3	2	2
1	184613192	184625147	8	6	2	1
1	184625148	184799819	5	3	2	2
1	184799820	186924479	7	4	3	1
1	186924480	186924651	8	5	3	1
1	186924652	187098341	8	5	3	1
1	187098342	187115764	8	6	2	1
1	187115765	190200686	5	3	2	2
1	190200687	190204518	5	3	2	2
1	190204519	192476483	7	4	3	1
1	192476484	192484977	8	5	3	1
1	192484978	196132986	7	4	3	1
1	196132987	201749939	5	5	0	2
1	201749940	202766898	6	6	0	2
1	202766899	202786280	8	8	0	2
1	202786281	206819663	6	6	0	2
1	206819664	208679852	3	3	0	2
1	208679853	208680234	3	3	0	2
1	208680235	210442015	2	2	0	3
1	210442016	212541721	3	2	1	2
1	212541722	212561605	5	4	1	2
1	212561606	216881936	3	2	1	2
1	216881937	217195356	5	4	1	2
1	217195357	224398063	7	4	3	2
1	224398064	224415076	7	4	3	1
1	224415077	226070280	8	5	3	2
1	226070281	226085739	8	5	3	1
1	226085740	229917745	8	5	3	2
1	229917746	229930804	8	5	3	2
1	229930805	231057736	8	5	3	2
1	231057737	231063509	9	5	4	1
1	231063510	232224333	8	5	3	2
1	232224334	232228429	8	5	3	1
1	232228430	234548459	8	5	3	2
1	234548460	234557232	9	6	3	2
1	234557233	234653982	8	5	3	2
1	234653983	234679852	9	6	3	2
1	234679853	235785644	8	5	3	2
1	235785645	235938419	8	5	3	2
1	235938420	236269329	8	5	3	2
1	236269330	236288995	8	6	2	1
1	236288996	241796445	8	5	3	2
1	241796446	242069130	7	4	3	2
1	242069131	242076697	8	5	3	1
1	242076698	243278395	7	4	3	2
1	243278396	243281115	7	4	3	2
1	243281116	244749242	6	4	2	2
1	244749243	244761524	8	5	3	1
1	244761525	247140764	8	5	3	1
1	247140765	247157798	7	4	3	1
1	247157799	247249600	7	4	3	1
1	247249601	249250620	7	4	3	2
2	22500	1372067	3	2	1	2
2	1372068	1435598	1	1	0	2
2	1435599	9145949	3	2	1	2
2	9145950	9419516	5	3	2	2
2	9419517	18348975	3	2	1	2
2	18348976	18354016	4	2	2	2
2	18354017	28895284	3	2	1	2
2	28895285	28921913	3	2	1	2
2	28921914	30188058	3	2	1	2
2	30188059	30190146	3	2	1	2
2	30190147	32498759	3	2	1	2
2	32498760	32511470	6	5	1	2
2	32511471	34245299	4	3	1	1
2	34245300	35264133	1	1	0	3
2	35264134	35267192	1	1	0	2
2	35267193	36630963	1	1	0	3
2	36630964	38009031	2	2	0	3
2	38009032	38988148	4	2	2	2
2	38988149	39028820	7	4	3	2
2	39028821	40551464	4	2	2	2
2	40551465	40800774	5	3	2	2
2	40800775	40909934	5	3	2	2
2	40909935	41040011	5	3	2	2
2	41040012	42116181	3	2	1	2
2	42116182	42122350	5	3	2	1
2	42122351	55582756	3	2	1	2
2	55582757	55584203	5	3	2	1
2	55584204	55639570	4	3	1	1
2	55639571	55652593	5	3	2	2
2	55652594	57848716	3	2	1	2
2	57848717	57852264	3	2	1	2
2	57852265	58641432	3	2	1	2
2	58641433	58647242	3	2	1	2
2	58647243	60908561	3	2	1	2
2	60908562	60910027	3	2	1	2
2	60910028	62352222	3	2	1	2
2	62352223	62359714	5	3	2	2
2	62359715	66879550	3	2	1	2
2	66879551	66884451	5	3	2	2
2	66884452	68218002	3	2	1	2
2	68218003	69741959	3	2	1	2
2	69741960	69747362	5	3	2	2
2	69747363	70331042	4	3	1	2
2	70331043	70348293	3	2	1	2
2	70348294	72718037	3	2	1	2
2	72718038	73659032	3	2	1	2
2	73659033	73672483	3	2	1	1
2	73672484	73672520	3	2	1	2
2	73672521	75465936	3	2	1	2
2	75465937	75480420	3	2	1	2
2	75480421	78621177	3	2	1	3
2	78621178	78623912	1	1	0	1
2	78623913	80719959	3	2	1	3
2	80719960	83878720	4	2	2	2
2	83878721	83883731	4	2	2	2
2	83883732	86103994	4	2	2	2
2	86103995	86112456	5	3	2	1
2	86112457	87942499	4	2	2	2
2	87942500	87957562	4	2	2	2
2	87957563	90499999	4	2	2	2
2	90500000	96799999	4	2	2	2
2	96800000	108246822	4	2	2	3
2	108246823	108915821	5	3	2	2
2	108915822	108917863	3	2	1	2
2	108917864	116666934	3	2	1	2
2	116666935	116669116	3	2	1	2
2	116669117	123440043	3	2	1	2
2	123440044	123447076	3	2	1	2
2	123447077	127253913	3	2	1	2
2	127253914	127260141	3	2	1	2
2	127260142	133358171	3	2	1	2
2	133358172	133370491	4	4	0	1
2	133370492	144692310	3	2	1	2
2	144692311	144703413	3	2	1	2
2	144703414	152641931	3	2	1	2
2	152641932	152651926	5	3	2	2
2	152651927	156594054	3	2	1	2
2	156594055	156595984	3	2	1	2
2	156595985	157309443	3	2	1	2
2	157309444	157327926	3	2	1	2
2	157327927	157455100	3	2	1	2
2	157455101	157466613	4	3	1	2
2	157466614	159438011	3	2	1	2
2	159438012	159449576	4	2	2	2
2	159449577	161513637	3	2	1	2
2	161513638	161515316	3	2	1	2
2	161515317	164778423	3	2	1	2
2	164778424	164787360	3	2	1	2
2	164787361	182277751	3	2	1	2
2	182277752	184253264	5	4	1	2
2	184253265	184262311	4	3	1	2
2	184262312	203668122	5	4	1	2
2	203668123	203682514	7	4	3	1
2	203682515	203688424	10	8	2	1
2	203688425	203699566	8	7	1	2
2	203699567	205909734	5	4	1	2
2	205909735	205917845	4	3	1	2
2	205917846	207639489	5	4	1	2
2	207639490	207645428	5	4	1	2
2	207645429	211242909	5	4	1	2
2	211242910	211801402	3	2	1	2
2	211801403	217422196	4	2	2	1
2	217422197	225062629	2	2	0	2
2	225062630	225068835	2	2	0	2
2	225068836	228488625	2	2	0	2
2	228488626	228498388	2	2	0	2
2	228498389	231547467	2	2	0	2
2	231547468	232440894	4	4	0	2
2	232440895	232792632	2	2	0	2
2	232792633	232801140	2	2	0	2
2	232801141	242982358	2	2	0	2
3	75842	3385897	7	4	3	2
3	3385898	3964348	5	3	2	2
3	3964349	3967807	5	3	2	2
3	3967808	4314958	5	3	2	2
3	4314959	4439241	7	5	2	2
3	4439242	5518223	5	3	2	2
3	5518224	5550674	7	5	2	3
3	5550675	5967538	5	3	2	2
3	5967539	7050644	5	3	2	2
3	7050645	7052332	5	3	2	2
3	7052333	9546466	5	3	2	2
3	9546467	9553014	5	3	2	2
3	9553015	9850189	5	3	2	2
3	9850190	26082098	3	3	0	2
3	26082099	26086983	3	3	0	2
3	26086984	27204218	3	3	0	2
3	27204219	27208152	4	4	0	1
3	27208153	27210926	4	4	0	1
3	27210927	46563497	2	2	0	2
3	46563498	46575901	2	2	0	2
3	46575902	64343048	2	2	0	2
3	64343049	64655802	1	1	0	2
3	64655803	67353949	2	2	0	2
3	67353950	67368964	2	2	0	2
3	67368965	72458388	2	2	0	2
3	72458389	78337704	4	2	2	3
3	78337705	78349786	5	3	2	1
3	78349787	79358716	4	2	2	3
3	79358717	79363002	4	2	2	2
3	79363003	80431281	4	2	2	3
3	80431282	80439626	5	3	2	2
3	80439627	84096574	4	2	2	3
3	84096575	84100313	4	2	2	2
3	84100314	84821006	4	2	2	2
3	84821007	84826817	5	3	2	1
3	84826818	87679070	4	2	2	3
3	87679071	87682614	4	2	2	2
3	87682615	87899999	4	2	2	3
3	87900000	93899999	4	2	2	3
3	93900000	95621032	4	2	2	3
3	95621033	95625428	7	5	2	1
3	95625429	105089098	4	2	2	2
3	105089099	114025871	2	2	0	3
3	114025872	114065919	4	4	0	2
3	114065920	128100052	2	2	0	3
3	128100053	128859315	4	4	0	2
3	128859316	128865923	8	8	0	1
3	128865924	133078981	4	4	0	2
3	133078982	133081363	4	4	0	2
3	133081364	137888804	4	4	0	2
3	137888805	137909727	4	4	0	2
3	137909728	145601248	4	4	0	3
3	145601249	145873501	6	6	0	2
3	145873502	145883519	9	9	0	1
3	145883520	146422931	6	6	0	2
3	146422932	150250554	4	4	0	3
3	150250555	154169464	8	6	2	2
3	154169465	156203607	6	4	2	3
3	156203608	156684291	5	3	2	1
3	156684292	156834693	7	4	3	1
3	156834694	156847516	8	6	2	1
3	156847517	156920328	8	4	4	2
3	156920329	157294911	5	3	2	2
3	157294912	160885601	4	4	0	2
3	160885602	163641766	3	3	0	2
3	163641767	164122032	3	3	0	1
3	164122033	164511527	3	3	0	2
3	164511528	164513970	3	3	0	2
3	164513971	165147855	3	3	0	3
3	165147856	165380137	5	5	0	2
3	165380138	170840226	5	5	0	3
3	170840227	170857410	5	5	0	2
3	170857411	173261905	5	5	0	3
3	173261906	173270180	8	8	0	1
3	173270181	174779005	5	5	0	3
3	174779006	175386596	7	7	0	2
3	175386597	175568862	4	4	0	3
3	175568863	179567031	7	7	0	2
3	179567032	187554700	5	5	0	3
3	187554701	187564116	8	8	0	1
3	187564117	188596737	5	5	0	3
3	188596738	188623848	5	5	0	2
3	188623849	192161743	5	5	0	3
3	192161744	192167864	5	5	0	2
3	192167865	193044672	5	5	0	3
3	193044673	193054187	6	6	0	1
3	193054188	193328932	5	5	0	3
3	193328933	193332232	7	7	0	1
3	193332233	195329962	5	5	0	3
3	195329963	195604190	1	1	0	1
3	195604191	195888604	6	6	0	2
3	195888605	197877682	4	4	0	3
4	10183	36585	2	2	0	1
4	36586	1691007	4	4	0	2
4	1691008	1698421	4	4	0	2
4	1698422	1713349	4	4	0	2
4	1713350	1731710	4	4	0	2
4	1731711	7052895	4	4	0	2
4	7052896	7060685	4	4	0	2
4	7060686	7747805	4	4	0	2
4	7747806	7758967	5	5	0	2
4	7758968	10125819	4	4	0	2
4	10125820	10161001	6	6	0	2
4	10161002	10764204	6	6	0	2
4	10764205	10771414	7	7	0	2
4	10771415	10789305	5	5	0	2
4	10789306	11854499	4	4	0	2
4	11854500	11867942	5	5	0	2
4	11867943	17495739	4	4	0	2
4	17495740	17517868	4	4	0	2
4	17517869	18513472	4	4	0	2
4	18513473	18523287	3	3	0	2
4	18523288	22395418	4	4	0	2
4	22395419	25312579	2	2	0	2
4	25312580	25319290	3	3	0	2
4	25319291	29349642	2	2	0	2
4	29349643	29350112	2	2	0	2
4	29350113	40878001	2	2	0	2
4	40878002	40888082	4	4	0	2
4	40888083	41206545	2	2	0	2
4	41206546	41207118	2	2	0	2
4	41207119	41207830	2	2	0	2
4	41207831	41212652	2	2	0	2
4	41212653	41268008	2	2	0	2
4	41268009	41311726	1	1	0	3
4	41311727	41416137	2	2	0	2
4	41416138	41418065	2	2	0	2
4	41418066	48199999	2	2	0	2
4	48200000	52699999	NA	NA	NA	NA
4	52700000	57930621	4	2	2	2
4	57930622	57942412	6	4	2	2
4	57942413	59047116	4	2	2	2
4	59047117	60107891	3	2	1	2
4	60107892	60954841	3	2	1	2
4	60954842	60958902	4	3	1	2
4	60958903	62391596	3	2	1	2
4	62391597	62403073	4	2	2	2
4	62403074	65666618	3	2	1	2
4	65666619	66990132	2	1	1	2
4	66990133	66990146	3	2	1	2
4	66990147	66990406	3	2	1	2
4	66990407	66992467	3	2	1	2
4	66992468	67181570	2	1	1	2
4	67181571	67191445	2	1	1	2
4	67191446	67625762	2	1	1	2
4	67625763	67629717	2	1	1	2
4	67629718	68437696	2	1	1	2
4	68437697	70091465	2	1	1	3
4	70091466	70132808	3	2	1	2
4	70132809	74509951	2	1	1	2
4	74509952	75300988	5	4	1	2
4	75300989	75631379	8	7	1	1
4	75631380	77025358	5	4	1	2
4	77025359	77663350	4	3	1	2
4	77663351	77673609	4	3	1	2
4	77673610	79293563	4	3	1	2
4	79293564	79305439	5	3	2	2
4	79305440	79322971	5	3	2	1
4	79322972	80120186	5	3	2	2
4	80120187	80122689	5	3	2	2
4	80122690	81135066	5	3	2	3
4	81135067	82396156	3	2	1	2
4	82396157	82397377	3	2	1	2
4	82397378	84294684	3	2	1	2
4	84294685	84300648	3	2	1	2
4	84300649	86952476	3	2	1	2
4	86952477	86960329	3	2	1	2
4	86960330	88785232	3	2	1	2
4	88785233	95435050	2	1	1	2
4	95435051	95481058	2	1	1	2
4	95481059	119982160	2	1	1	2
4	119982161	123261411	3	2	1	2
4	123261412	124855156	1	1	0	2
4	124855157	124940802	2	2	0	2
4	124940803	128830102	2	2	0	2
4	128830103	128837809	3	3	0	2
4	128837810	134817207	2	2	0	2
4	134817208	134821849	2	2	0	2
4	134821850	146690945	2	2	0	2
4	146690946	146701850	3	3	0	2
4	146701851	150772001	2	2	0	2
4	150772002	151515570	2	2	0	2
4	151515571	151550980	2	2	0	1
4	151550981	158996487	2	2	0	2
4	158996488	159063458	2	2	0	2
4	159063459	173983146	2	2	0	2
4	173983147	173987398	2	2	0	2
4	173987399	182036042	2	2	0	2
4	182036043	182039641	0	0	0	2
4	182039642	182083112	0	0	0	2
4	182083113	182400488	2	2	0	3
4	182400489	182438816	0	0	0	2
4	182438817	190749943	2	2	0	2
5	22500	758591	3	3	0	2
5	758592	849165	3	3	0	1
5	849166	10378115	4	4	0	2
5	10378116	10850486	3	3	0	2
5	10850487	13921361	4	4	0	2
5	13921362	14110957	5	4	1	2
5	14110958	14126505	6	4	2	2
5	14126506	16712940	5	4	1	2
5	16712941	16725612	9	8	1	2
5	16725613	21223777	5	4	1	2
5	21223778	21236586	10	9	1	1
5	21236587	22975534	5	4	1	2
5	22975535	22975881	5	4	1	2
5	22975882	24272416	5	4	1	2
5	24272417	24272467	5	4	1	2
5	24272468	24439317	5	4	1	2
5	24439318	24442041	5	4	1	1
5	24442042	24915749	5	4	1	2
5	24915750	24916787	5	4	1	2
5	24916788	31951177	5	4	1	2
5	31951178	32089698	4	3	1	2
5	32089699	33862260	5	4	1	2
5	33862261	33863583	5	4	1	1
5	33863584	35355685	5	4	1	2
5	35355686	35364718	3	2	1	2
5	35364719	35364741	3	2	1	2
5	35364742	45071569	3	2	1	3
5	45071570	45084024	3	2	1	2
5	45084025	46099999	3	2	1	3
5	46100000	50699999	3	2	1	3
5	50700000	53469399	3	2	1	3
5	53469400	65286317	2	2	0	3
5	65286318	65296750	6	6	0	1
5	65296751	66231984	2	2	0	3
5	66231985	66368792	4	4	0	3
5	66368793	72802688	2	2	0	2
5	72802689	72810405	4	4	0	1
5	72810406	75379136	2	2	0	2
5	75379137	75380201	2	2	0	2
5	75380202	83144237	2	2	0	2
5	83144238	83149488	2	2	0	2
5	83149489	83757951	2	2	0	2
5	83757952	83767959	2	2	0	2
5	83767960	87968762	2	2	0	2
5	87968763	90773702	2	2	0	2
5	90773703	90784468	2	2	0	2
5	90784469	93085548	2	2	0	2
5	93085549	93163540	1	1	0	2
5	93163541	110029740	2	2	0	2
5	110029741	110040288	3	3	0	1
5	110040289	112644113	2	2	0	2
5	112644114	112647233	2	2	0	2
5	112647234	115503357	2	2	0	2
5	115503358	115516448	4	4	0	2
5	115516449	117981130	2	2	0	2
5	117981131	117998568	2	2	0	2
5	117998569	124692114	2	2	0	2
5	124692115	124698868	4	4	0	1
5	124698869	126087913	2	2	0	2
5	126087914	126088705	2	2	0	2
5	126088706	135127312	2	2	0	2
5	135127313	135135623	2	2	0	2
5	135135624	138984461	2	2	0	2
5	138984462	138991553	2	2	0	2
5	138991554	148743216	2	2	0	2
5	148743217	148756048	2	2	0	2
5	148756049	152912563	2	2	0	2
5	152912564	152913531	2	2	0	2
5	152913532	154136203	2	2	0	2
5	154136204	154144517	2	2	0	2
5	154144518	154544440	2	2	0	2
5	154544441	154548683	2	2	0	2
5	154548684	166422626	2	2	0	2
5	166422627	166425550	3	3	0	2
5	166425551	179034931	2	2	0	2
5	179034932	179080494	2	2	0	2
5	179080495	180715810	2	2	0	2
6	242501	1316108	4	2	2	2
6	1316109	1318050	4	2	2	2
6	1318051	6025767	5	3	2	2
6	6025768	8386498	3	3	0	1
6	8386499	8393372	5	5	0	1
6	8393373	20809475	2	2	0	2
6	20809476	20823938	5	5	0	2
6	20823939	26811489	2	2	0	2
6	26811490	32491181	2	2	0	3
6	32491182	32606601	2	2	0	2
6	32606602	41866296	2	2	0	3
6	41866297	41875824	4	4	0	1
6	41875825	42876733	2	2	0	3
6	42876734	44340496	4	2	2	2
6	44340497	44389576	6	4	2	2
6	44389577	44706285	4	2	2	3
6	44706286	44716509	6	4	2	2
6	44716510	44929896	4	2	2	2
6	44929897	44969699	4	2	2	2
6	44969700	51771424	4	2	2	3
6	51771425	51797970	5	3	2	3
6	51797971	51920377	5	3	2	2
6	51920378	52929976	4	2	2	3
6	52929977	53198502	6	4	2	2
6	53198503	58699999	4	2	2	3
6	58700000	63299999	4	2	2	2
6	63300000	76415177	4	2	2	3
6	76415178	76433660	6	4	2	1
6	76433661	83862622	4	2	2	3
6	83862623	83873200	4	2	2	2
6	83873201	84567263	4	2	2	3
6	84567264	84799066	6	4	2	2
6	84799067	103264832	4	2	2	2
6	103264833	103265244	4	2	2	2
6	103265245	116323550	4	2	2	2
6	116323551	116897773	5	3	2	2
6	116897774	121982958	4	2	2	2
6	121982959	121989641	4	2	2	2
6	121989642	132202316	4	2	2	2
6	132202317	132210376	4	2	2	2
6	132210377	133480821	4	2	2	2
6	133480822	133488860	5	3	2	2
6	133488861	138595037	4	2	2	2
6	138595038	138597762	4	2	2	2
6	138597763	139210586	4	2	2	2
6	139210587	139226475	5	3	2	1
6	139226476	147715341	4	2	2	2
6	147715342	147721129	4	2	2	2
6	147721130	148437219	4	2	2	2
6	148437220	148437654	4	2	2	2
6	148437655	149544964	4	2	2	2
6	149544965	149560264	4	2	2	2
6	149560265	153367097	4	2	2	2
6	153367098	153367280	4	2	2	2
6	153367281	160401382	4	2	2	2
6	160401383	169296312	2	2	0	2
6	169296313	169298061	2	2	0	2
6	169298062	170899800	2	2	0	2
7	40386	1396545	4	2	2	2
7	1396546	1435062	1	1	0	1
7	1435063	1970572	4	2	2	2
7	1970573	1976216	4	2	2	2
7	1976217	4246452	5	3	2	2
7	4246453	4746602	7	4	3	2
7	4746603	7085262	5	3	2	2
7	7085263	7101220	6	4	2	1
7	7101221	7914967	5	3	2	1
7	7914968	7925924	7	5	2	2
7	7925925	10089001	4	2	2	2
7	10089002	13519984	5	3	2	2
7	13519985	16277091	4	2	2	2
7	16277092	16278233	3	2	1	2
7	16278234	21948318	4	2	2	2
7	21948319	21958271	4	2	2	2
7	21958272	25585012	4	2	2	2
7	25585013	25591661	4	2	2	2
7	25591662	25669233	4	2	2	2
7	25669234	25672720	4	2	2	2
7	25672721	26207433	4	2	2	2
7	26207434	26223253	4	2	2	2
7	26223254	29690332	4	2	2	2
7	29690333	29703059	4	2	2	2
7	29703060	38427375	4	2	2	2
7	38427376	38430016	4	2	2	2
7	38430017	44934750	4	2	2	2
7	44934751	44974095	6	4	2	2
7	44974096	46294599	4	2	2	2
7	46294600	46300127	5	3	2	2
7	46300128	54323904	4	2	2	2
7	54323905	54330373	6	4	2	1
7	54330374	54950932	5	3	2	2
7	54950933	54951069	5	3	2	2
7	54951070	57999999	5	3	2	2
7	58000000	61699999	NA	NA	NA	NA
7	61700000	63932663	4	2	2	2
7	63932664	67977018	4	2	2	2
7	67977019	67977034	4	2	2	2
7	67977035	72351802	4	2	2	3
7	72351803	76118402	3	2	1	3
7	76118403	94170448	2	2	0	3
7	94170449	94180685	4	4	0	2
7	94180686	97278622	2	2	0	3
7	97278623	97294612	4	4	0	2
7	97294613	109453402	2	2	0	3
7	109453403	118794293	2	2	0	3
7	118794294	118794414	2	2	0	2
7	118794415	129417037	2	2	0	3
7	129417038	133564810	3	2	1	3
7	133564811	133958174	2	1	1	3
7	133958175	134723581	3	2	1	3
7	134723582	134726459	5	4	1	1
7	134726460	138060813	3	2	1	3
7	138060814	138068374	1	1	0	2
7	138068375	138775703	3	2	1	3
7	138775704	138812731	5	4	1	3
7	138812732	142838234	3	2	1	3
7	142838235	142881741	4	2	2	2
7	142881742	144024629	3	2	1	3
7	144024630	151114018	2	2	0	3
7	151114019	151119516	4	4	0	1
7	151119517	157050064	2	2	0	3
7	157050065	157076631	4	4	0	2
7	157076632	157726488	2	2	0	3
7	157726489	157734358	2	2	0	2
7	157734359	158821400	2	2	0	3
8	10001	156503	1	1	0	2
8	156504	1680712	1	1	0	2
8	1680713	1680819	1	1	0	2
8	1680820	9417500	1	1	0	2
8	9417501	9821404	0	0	0	2
8	9821405	9821572	0	0	0	2
8	9821573	9821584	0	0	0	1
8	9821585	11265509	2	2	0	2
8	11265510	11267786	2	2	0	2
8	11267787	12090401	2	2	0	2
8	12090402	12361602	2	2	0	2
8	12361603	12492065	4	4	0	2
8	12492066	21047143	4	4	0	2
8	21047144	31826574	2	2	0	2
8	31826575	31827373	2	2	0	2
8	31827374	36403610	2	2	0	2
8	36403611	36408512	2	2	0	2
8	36408513	37225101	2	2	0	3
8	37225102	37235038	4	4	0	2
8	37235039	37323651	2	2	0	2
8	37323652	40696593	3	3	0	3
8	40696594	43099999	3	3	0	3
8	43100000	48099999	3	3	0	2
8	48100000	48619111	3	3	0	3
8	48619112	48758257	5	5	0	2
8	48758258	48856301	5	5	0	2
8	48856302	50982458	3	3	0	3
8	50982459	50985750	6	6	0	1
8	50985751	55877877	3	3	0	3
8	55877878	55880061	2	2	0	2
8	55880062	60488239	3	3	0	3
8	60488240	60499767	5	5	0	1
8	60499768	67610971	3	3	0	3
8	67610972	67631485	4	2	2	1
8	67631486	68040014	3	3	0	2
8	68040015	68049087	3	3	0	2
8	68049088	68510490	3	3	0	2
8	68510491	68918413	3	3	0	2
8	68918414	68925568	4	4	0	1
8	68925569	73033059	3	3	0	2
8	73033060	73033519	3	3	0	2
8	73033520	73772720	4	4	0	2
8	73772721	73775096	6	6	0	1
8	73775097	74057123	4	4	0	2
8	74057124	76610478	2	2	0	3
8	76610479	76610833	2	2	0	2
8	76610834	82875819	2	2	0	3
8	82875820	82881261	2	2	0	2
8	82881262	83136887	2	2	0	3
8	83136888	85345214	3	3	0	2
8	85345215	85347573	3	3	0	2
8	85347574	86135417	3	3	0	3
8	86135418	95883469	3	3	0	3
8	95883470	95883798	3	3	0	2
8	95883799	99973126	4	4	0	2
8	99973127	99973379	4	4	0	2
8	99973380	99973460	4	4	0	2
8	99973461	102284318	4	4	0	2
8	102284319	102293616	6	6	0	1
8	102293617	102301936	3	3	0	2
8	102301937	102302066	5	5	0	1
8	102302067	102378141	5	5	0	2
8	102378142	102497000	6	6	0	2
8	102497001	102526460	4	4	0	2
8	102526461	102854375	2	2	0	2
8	102854376	104192408	4	4	0	2
8	104192409	104194564	5	5	0	1
8	104194565	107577079	4	4	0	2
8	107577080	107579239	4	4	0	2
8	107579240	113223794	4	4	0	2
8	113223795	113223840	4	4	0	2
8	113223841	113224652	4	4	0	2
8	113224653	113527005	4	4	0	2
8	113527006	113533176	7	7	0	1
8	113533177	119013514	4	4	0	2
8	119013515	119023593	5	5	0	1
8	119023594	121639659	4	4	0	2
8	121639660	121639756	4	4	0	2
8	121639757	122404636	5	5	0	2
8	122404637	122410504	5	5	0	2
8	122410505	124520795	5	5	0	2
8	124520796	124948200	7	7	0	2
8	124948201	125254365	5	5	0	2
8	125254366	125263877	7	7	0	1
8	125263878	125386477	5	5	0	2
8	125386478	125386784	4	4	0	2
8	125386785	126050240	4	4	0	2
8	126050241	126050606	4	4	0	2
8	126050607	127496566	5	5	0	2
8	127496567	127499547	5	5	0	2
8	127499548	129572308	5	5	0	2
8	129572309	129577724	5	5	0	2
8	129577725	132129357	5	5	0	2
8	132129358	132132120	7	7	0	1
8	132132121	137016643	7	7	0	1
8	137016644	137020896	7	7	0	1
8	137020897	138731870	6	6	0	1
8	138731871	138737120	7	7	0	1
8	138737121	139767776	6	6	0	2
8	139767777	139771981	7	7	0	1
8	139771982	139871865	6	6	0	2
8	139871866	139872098	6	6	0	2
8	139872099	141617609	7	7	0	1
8	141617610	141651502	11	11	0	2
8	141651503	143764777	7	7	0	2
8	143764778	144700202	6	6	0	2
8	144700203	146364021	2	2	0	1
9	57539	4015714	2	2	0	2
9	4015715	4030658	5	5	0	1
9	4030659	5751825	2	2	0	2
9	5751826	5983214	4	4	0	2
9	5983215	6009714	4	4	0	2
9	6009715	14954948	4	4	0	2
9	14954949	16962464	2	2	0	2
9	16962465	16968103	3	3	0	2
9	16968104	17212078	2	2	0	2
9	17212079	17235726	2	2	0	2
9	17235727	23202370	2	2	0	2
9	23202371	23216919	3	2	1	2
9	23216920	27818996	2	2	0	2
9	27818997	27823194	2	2	0	2
9	27823195	31097924	2	2	0	2
9	31097925	31136031	4	4	0	2
9	31136032	34640197	2	2	0	2
9	34640198	34643901	2	2	0	1
9	34643902	43876747	2	2	0	2
9	43876748	47299999	1	1	0	1
9	47300000	50699999	NA	NA	NA	NA
9	50700000	66494187	5	3	2	1
9	66494188	70884201	4	3	1	1
9	70884202	75630545	2	2	0	3
9	75630546	75630748	2	2	0	2
9	75630749	80023214	2	2	0	3
9	80023215	80036754	4	4	0	1
9	80036755	96811117	2	2	0	3
9	96811118	97534731	4	4	0	3
9	97534732	106957890	2	2	0	3
9	106957891	106972868	4	4	0	2
9	106972869	114021043	2	2	0	3
9	114021044	114029099	2	2	0	2
9	114029100	116357083	2	2	0	3
9	116357084	116360660	3	3	0	1
9	116360661	117853893	2	2	0	3
9	117853894	117860363	4	4	0	1
9	117860364	121693655	2	2	0	3
9	121693656	121710782	4	4	0	3
9	121710783	124260881	2	2	0	3
9	124260882	125100222	4	2	2	3
9	125100223	128455316	5	3	2	2
9	128455317	128460869	3	3	0	1
9	128460870	129256439	5	3	2	2
9	129256440	129853304	7	4	3	2
9	129853305	130447914	5	3	2	2
9	130447915	130454156	5	3	2	2
9	130454157	131017401	5	3	2	2
9	131017402	131021442	5	3	2	2
9	131021443	132684284	5	3	2	2
9	132684285	132701491	7	4	3	2
9	132701492	134724605	5	3	2	2
9	134724606	134884127	5	3	2	2
9	134884128	140273200	5	3	2	3
10	94541	3654587	7	5	2	2
10	3654588	3659470	6	4	2	2
10	3659471	4601331	7	5	2	2
10	4601332	4610125	8	6	2	2
10	4610126	6969665	7	5	2	2
10	6969666	6972011	7	5	2	2
10	6972012	7304683	7	5	2	2
10	7304684	7312465	7	4	3	2
10	7312466	7946777	7	5	2	2
10	7946778	8030701	8	7	1	1
10	8030702	8627027	7	5	2	2
10	8627028	8634958	7	5	2	2
10	8634959	11671177	7	5	2	2
10	11671178	11791773	11	9	2	2
10	11791774	12376977	8	7	1	1
10	12376978	12395358	13	9	4	1
10	12395359	13648083	8	7	1	1
10	13648084	13648131	6	4	2	2
10	13648132	14487050	7	5	2	2
10	14487051	14489602	4	2	2	2
10	14489603	14881677	7	5	2	2
10	14881678	14888612	7	5	2	2
10	14888613	16366864	6	4	2	2
10	16366865	16375262	7	5	2	2
10	16375263	18381928	7	5	2	2
10	18381929	18406724	8	7	1	1
10	18406725	18829277	6	4	2	2
10	18829278	21145764	5	3	2	2
10	21145765	21147691	5	3	2	2
10	21147692	21408156	5	3	2	2
10	21408157	21414354	8	6	2	1
10	21414355	21706349	5	3	2	2
10	21706350	27323079	5	3	2	2
10	27323080	27735755	4	2	2	3
10	27735756	27761578	4	2	2	2
10	27761579	30426607	4	2	2	3
10	30426608	30444334	4	2	2	2
10	30444335	31639260	4	2	2	3
10	31639261	31645947	4	2	2	2
10	31645948	37999999	4	2	2	3
10	38000000	42299999	4	2	2	2
10	42300000	44656666	4	2	2	3
10	44656667	44684026	6	4	2	1
10	44684027	52100878	4	2	2	3
10	52100879	52139737	4	2	2	2
10	52139738	57209743	4	2	2	3
10	57209744	57212613	4	2	2	2
10	57212614	57769991	4	2	2	3
10	57769992	57774902	4	3	1	1
10	57774903	59634788	4	2	2	3
10	59634789	59649332	4	2	2	2
10	59649333	60721879	4	2	2	3
10	60721880	60725685	5	4	1	1
10	60725686	61806606	4	2	2	3
10	61806607	61822489	5	3	2	2
10	61822490	61842596	5	3	2	2
10	61842597	62376033	5	3	2	2
10	62376034	62387906	5	3	2	2
10	62387907	63566897	5	3	2	2
10	63566898	63604781	7	4	3	2
10	63604782	65453847	5	3	2	2
10	65453848	65481797	6	4	2	2
10	65481798	65514543	5	3	2	2
10	65514544	67751810	4	2	2	2
10	67751811	70102855	2	2	0	2
10	70102856	70107234	4	4	0	2
10	70107235	74165278	2	2	0	2
10	74165279	74166305	2	2	0	2
10	74166306	81028770	2	2	0	2
10	81028771	81724820	4	4	0	2
10	81724821	81770632	2	2	0	2
10	81770633	81782075	3	3	0	2
10	81782076	91589350	2	2	0	2
10	91589351	91592899	3	3	0	2
10	91592900	96515935	2	2	0	2
10	96515936	96519222	4	4	0	2
10	96519223	98231142	2	2	0	2
10	98231143	98295621	4	4	0	2
10	98295622	98725145	2	2	0	2
10	98725146	98726433	2	2	0	2
10	98726434	99602768	2	2	0	2
10	99602769	99610502	2	2	0	2
10	99610503	99886442	2	2	0	2
10	99886443	99895802	2	2	0	2
10	99895803	110636010	2	2	0	2
10	110636011	110646816	2	2	0	2
10	110646817	111023188	2	2	0	2
10	111023189	111051475	4	4	0	3
10	111051476	111357631	2	2	0	2
10	111357632	111365886	3	3	0	2
10	111365887	120701000	2	2	0	3
10	120701001	120713123	4	4	0	2
10	120713124	127844603	2	2	0	3
10	127844604	127855675	4	4	0	2
10	127855676	135389924	2	2	0	3
11	20721	198725	2	2	0	2
11	198726	6076616	2	2	0	3
11	6076617	6088153	2	2	0	2
11	6088154	23586784	2	2	0	3
11	23586785	23588416	1	1	0	1
11	23588417	24726156	2	2	0	3
11	24726157	24729456	2	2	0	2
11	24729457	25673949	2	2	0	3
11	25673950	25690439	1	1	0	2
11	25690440	27921144	2	2	0	3
11	27921145	27931416	4	4	0	1
11	27931417	29518025	2	2	0	2
11	29518026	29523634	3	3	0	1
11	29523635	31178930	2	2	0	3
11	31178931	31187131	2	2	0	2
11	31187132	39249808	2	2	0	2
11	39249809	39259850	3	3	0	2
11	39259851	40159463	2	2	0	2
11	40159464	40166587	2	2	0	2
11	40166588	42054070	2	2	0	3
11	42054071	42054702	2	2	0	2
11	42054703	43184459	2	2	0	3
11	43184460	43185826	2	2	0	2
11	43185827	47767813	2	2	0	3
11	47767814	51599999	3	2	1	3
11	51600000	55699999	3	2	1	3
11	55700000	64104049	3	2	1	3
11	64104050	64121657	5	4	1	1
11	64121658	64184343	3	2	1	3
11	64184344	64196758	6	5	1	1
11	64196759	65200735	3	2	1	3
11	65200736	67088121	4	2	2	2
11	67088122	68813569	5	3	2	2
11	68813570	70095572	8	6	2	2
11	70095573	70095611	8	6	2	1
11	70095612	71753588	5	3	2	2
11	71753589	72722453	8	6	2	2
11	72722454	72722632	5	5	0	1
11	72722633	72723901	5	5	0	1
11	72723902	73823727	6	6	0	2
11	73823728	74386409	5	5	0	2
11	74386410	74391174	11	11	0	1
11	74391175	74430970	5	5	0	2
11	74430971	74439975	11	11	0	1
11	74439976	75127159	5	5	0	2
11	75127160	75164505	6	6	0	2
11	75164506	77824658	5	5	0	2
11	77824659	77840274	6	6	0	2
11	77840275	82350968	4	4	0	3
11	82350969	82361109	4	4	0	2
11	82361110	84328687	4	4	0	3
11	84328688	84336496	4	4	0	2
11	84336497	87975847	4	4	0	3
11	87975848	88197835	3	3	0	3
11	88197836	88200651	5	5	0	1
11	88200652	101601305	3	3	0	3
11	101601306	101614696	3	3	0	2
11	101614697	103791353	3	3	0	2
11	103791354	114975661	3	3	0	2
11	114975662	114999553	1	1	0	3
11	114999554	120651654	3	3	0	2
11	120651655	120655401	3	3	0	2
11	120655402	121214547	3	3	0	2
11	121214548	121214704	3	3	0	2
11	121214705	121214771	3	3	0	2
11	121214772	130692878	3	3	0	2
11	130692879	130706402	6	6	0	2
11	130706403	134452200	3	3	0	3
12	110107	1649673	5	3	2	2
12	1649674	1655478	7	5	2	1
12	1655479	7142844	5	3	2	2
12	7142845	7149102	5	3	2	2
12	7149103	9514446	5	3	2	2
12	9514447	9556034	5	3	2	2
12	9556035	9631628	3	3	0	2
12	9631629	12306682	3	3	0	2
12	12306683	16816414	5	3	2	2
12	16816415	16833834	5	3	2	2
12	16833835	17044383	5	3	2	3
12	17044384	17045954	7	7	0	1
12	17045955	17980062	5	3	2	2
12	17980063	19154298	5	3	2	2
12	19154299	19618846	4	2	2	3
12	19618847	19622081	6	4	2	1
12	19622082	25458351	4	2	2	2
12	25458352	26334527	6	4	2	2
12	26334528	33299999	4	2	2	2
12	33300000	38199999	4	2	2	2
12	38200000	40384370	4	2	2	2
12	40384371	40518005	2	2	0	2
12	40518006	45738191	4	2	2	2
12	45738192	45740940	4	2	2	2
12	45740941	45741528	4	2	2	2
12	45741529	49238966	4	2	2	2
12	49238967	49240513	4	2	2	2
12	49240514	50340681	4	2	2	2
12	50340682	50372920	5	3	2	2
12	50372921	54118931	4	2	2	2
12	54118932	54175133	6	4	2	1
12	54175134	75803528	4	2	2	2
12	75803529	75827486	5	3	2	1
12	75827487	87815907	3	2	1	2
12	87815908	87820085	3	2	1	2
12	87820086	95031812	3	2	1	2
12	95031813	95114740	5	3	2	2
12	95114741	99874865	3	2	1	2
12	99874866	99887211	4	3	1	2
12	99887212	107365934	3	2	1	2
12	107365935	107373429	4	2	2	2
12	107373430	109366247	4	2	2	2
12	109366248	110171369	4	2	2	2
12	110171370	110171564	4	2	2	2
12	110171565	112709561	4	2	2	2
12	112709562	112839665	5	3	2	2
12	112839666	115744336	4	2	2	2
12	115744337	115764595	5	3	2	2
12	115764596	116094969	3	2	1	2
12	116094970	116103666	5	4	1	2
12	116103667	118742980	4	2	2	2
12	118742981	118747552	3	2	1	2
12	118747553	119539964	3	2	1	2
12	119539965	119546326	4	2	2	2
12	119546327	121996070	4	2	2	2
12	121996071	122003713	2	2	0	2
12	122003714	123238024	4	2	2	2
12	123238025	123265891	4	2	2	2
12	123265892	132349400	3	2	1	2
12	132349401	133851894	3	2	1	2
13	1	16299999	2	2	0	1
13	16300000	19499999	2	2	0	2
13	19500000	25976444	2	2	0	2
13	25976445	25987469	4	4	0	2
13	25987470	31176418	2	2	0	2
13	31176419	31177373	2	2	0	2
13	31177374	44904158	2	2	0	2
13	44904159	49269402	4	2	2	2
13	49269403	49269658	4	2	2	2
13	49269659	50661260	4	2	2	2
13	50661261	50704963	6	4	2	2
13	50704964	50839539	4	2	2	3
13	50839540	51238425	2	2	0	3
13	51238426	51242242	2	2	0	2
13	51242243	56938451	2	2	0	3
13	56938452	56951204	4	4	0	2
13	56951205	58132873	2	2	0	3
13	58132874	58587478	4	4	0	3
13	58587479	59274278	4	4	0	3
13	59274279	59280161	4	4	0	2
13	59280162	62191120	4	4	0	3
13	62191121	62193409	4	4	0	2
13	62193410	73319755	4	4	0	3
13	73319756	73327941	4	4	0	2
13	73327942	73537884	4	4	0	3
13	73537885	73540626	4	4	0	2
13	73540627	78339837	4	4	0	3
13	78339838	78347504	4	4	0	2
13	78347505	79770625	4	4	0	3
13	79770626	79780897	6	6	0	1
13	79780898	83489944	4	4	0	3
13	83489945	85018935	5	4	1	2
13	85018936	97954640	4	4	0	2
13	97954641	97964724	5	5	0	2
13	97964725	101418008	4	4	0	2
13	101418009	101450690	4	4	0	2
13	101450691	104905386	4	4	0	2
13	104905387	104905630	4	4	0	2
13	104905631	114092800	4	4	0	2
13	114092801	115169877	4	4	0	2
14	1	16099999	2	2	0	1
14	16100000	19099999	NA	NA	NA	NA
14	19100000	20183201	2	2	0	2
14	20183202	20377500	1	1	0	1
14	20377501	20509982	2	2	0	2
14	20509983	21484637	3	2	1	3
14	21484638	21485729	3	2	1	2
14	21485730	28384264	3	2	1	3
14	28384265	28450084	4	2	2	2
14	28450085	30192461	3	2	1	3
14	30192462	30218715	5	4	1	2
14	30218716	30787841	3	2	1	3
14	30787842	30788861	3	2	1	2
14	30788862	32356947	3	2	1	3
14	32356948	32373661	3	2	1	2
14	32373662	36658781	3	2	1	2
14	36658782	36666555	4	3	1	2
14	36666556	38504368	3	2	1	2
14	38504369	49420650	2	2	0	2
14	49420651	49429548	2	2	0	2
14	49429549	55764909	2	2	0	2
14	55764910	55772294	2	2	0	2
14	55772295	59064242	2	2	0	2
14	59064243	59073688	2	2	0	2
14	59073689	62257944	2	2	0	2
14	62257945	62262513	4	4	0	2
14	62262514	62330151	2	2	0	3
14	62330152	62749104	1	1	0	3
14	62749105	67709642	2	2	0	2
14	67709643	67712974	4	4	0	2
14	67712975	68594028	2	2	0	2
14	68594029	68612405	2	2	0	2
14	68612406	73992268	2	2	0	3
14	73992269	77054156	2	2	0	3
14	77054157	77060783	2	2	0	2
14	77060784	78891710	2	2	0	3
14	78891711	78902173	3	3	0	1
14	78902174	90154787	2	2	0	3
14	90154788	92122339	4	4	0	2
14	92122340	92132108	8	8	0	1
14	92132109	94181261	4	4	0	2
14	94181262	94184754	4	4	0	2
14	94184755	101881470	4	4	0	2
14	101881471	101893733	2	2	0	2
14	101893734	106368400	4	4	0	2
15	1	15799999	2	2	0	1
15	15800000	20699999	2	2	0	2
15	20700000	34531554	2	2	0	3
15	34531555	34538556	2	2	0	2
15	34538557	44656755	2	2	0	3
15	44656756	44667353	2	2	0	2
15	44667354	45591800	2	2	0	3
15	45591801	45617293	3	3	0	2
15	45617294	45671019	5	5	0	1
15	45671020	45934133	3	3	0	3
15	45934134	45962244	6	6	0	3
15	45962245	57514310	3	3	0	3
15	57514311	57542735	6	6	0	3
15	57542736	57553169	3	3	0	2
15	57553170	57562092	6	6	0	2
15	57562093	60040185	3	3	0	3
15	60040186	60097935	6	6	0	2
15	60097936	60863890	3	3	0	3
15	60863891	60922018	0	0	0	2
15	60922019	78633640	3	3	0	3
15	78633641	78646822	3	3	0	2
15	78646823	100822516	3	3	0	3
15	100822517	100822861	3	3	0	2
15	100822862	102431166	3	3	0	2
16	84170	872202	4	2	2	3
16	872203	880457	6	4	2	2
16	880458	4242458	4	2	2	2
16	4242459	4249648	4	2	2	2
16	4249649	10641773	4	2	2	2
16	10641774	11146737	6	4	2	3
16	11146738	11558087	4	2	2	2
16	11558088	11565584	5	3	2	2
16	11565585	11945083	4	2	2	2
16	11945084	11956930	5	3	2	2
16	11956931	19358643	4	2	2	2
16	19358644	19572124	6	4	2	2
16	19572125	28232514	4	2	2	2
16	28232515	28241019	6	4	2	2
16	28241020	31611302	4	2	2	3
16	31611303	31612549	4	2	2	2
16	31612550	34599999	4	2	2	3
16	34600000	38599999	4	2	2	3
16	38600000	46499517	4	2	2	2
16	46499518	47135098	6	4	2	2
16	47135099	47820370	4	2	2	2
16	47820371	47825510	4	2	2	2
16	47825511	50959485	4	2	2	2
16	50959486	50967534	5	3	2	2
16	50967535	56280509	4	2	2	2
16	56280510	56290018	5	3	2	2
16	56290019	65636230	4	2	2	2
16	65636231	65637533	4	2	2	2
16	65637534	66461516	4	2	2	2
16	66461517	66463098	4	2	2	2
16	66463099	66487517	4	2	2	2
16	66487518	66496875	4	2	2	2
16	66496876	69799943	4	2	2	2
16	69799944	69801459	4	2	2	2
16	69801460	70207815	4	2	2	2
16	70207816	71256470	2	2	0	2
16	71256471	71259557	4	4	0	2
16	71259558	88127895	2	2	0	2
16	88127896	88133628	2	2	0	2
16	88133629	88827200	2	2	0	2
16	88827201	90354752	2	2	0	2
17	12500	7164317	2	2	0	3
17	7164318	7182825	4	4	0	2
17	7182826	8727843	2	2	0	3
17	8727844	8733650	2	2	0	2
17	8733651	14129902	2	2	0	3
17	14129903	14132459	2	2	0	2
17	14132460	21725656	2	2	0	3
17	21725657	21729447	1	1	0	1
17	21729448	25799999	NA	NA	NA	NA
17	25800000	30659498	4	2	2	2
17	30659499	30675901	4	2	2	2
17	30675902	31874560	4	2	2	2
17	31874561	32222994	6	4	2	2
17	32222995	32641734	6	4	2	2
17	32641735	32855019	4	2	2	3
17	32855020	32855395	4	2	2	1
17	32855396	34170284	4	2	2	2
17	34170285	34289598	2	2	0	2
17	34289599	35062504	6	4	2	2
17	35062505	35123130	8	6	2	2
17	35123131	35136868	8	6	2	1
17	35136869	35140769	8	5	3	1
17	35140770	35240920	6	4	2	3
17	35240921	35243204	8	6	2	1
17	35243205	35245414	6	4	2	2
17	35245415	35246237	7	5	2	1
17	35246238	35248064	7	5	2	1
17	35248065	35248888	10	8	2	1
17	35248889	35261052	5	3	2	1
17	35261053	35683274	8	6	2	1
17	35683275	35686305	14	11	3	1
17	35686306	35764691	8	7	1	1
17	35764692	35768144	8	7	1	1
17	35768145	35858376	8	7	1	1
17	35858377	35865047	13	11	2	2
17	35865048	36100024	4	2	2	2
17	36100025	36110521	8	6	2	1
17	36110522	37240882	2	2	0	3
17	37240883	37627235	3	3	0	3
17	37627236	37764202	8	6	2	1
17	37764203	37768104	13	10	3	1
17	37768105	37805040	7	4	3	1
17	37805041	37809614	7	4	3	1
17	37809615	37818929	3	3	0	1
17	37818930	37821311	3	3	0	1
17	37821312	37999590	7	4	3	1
17	37999591	38005931	7	4	3	1
17	38005932	38033159	3	3	0	1
17	38033160	38034816	3	3	0	1
17	38034817	38259554	8	7	1	1
17	38259555	41271697	3	3	0	3
17	41271698	41308732	3	3	0	2
17	41308733	46915033	3	3	0	3
17	46915034	47264644	4	4	0	2
17	47264645	47456013	3	3	0	3
17	47456014	47474977	6	6	0	1
17	47474978	47739984	3	3	0	2
17	47739985	48427475	7	4	3	2
17	48427476	50314795	5	3	2	2
17	50314796	50320390	5	3	2	2
17	50320391	53331685	5	3	2	2
17	53331686	53374610	4	2	2	2
17	53374611	57774398	4	2	2	3
17	57774399	57969144	6	4	2	2
17	57969145	57986979	7	4	3	1
17	57986980	58058359	6	4	2	2
17	58058360	60750995	4	2	2	2
17	60750996	61609043	5	3	2	2
17	61609044	61616044	3	2	1	1
17	61616045	61634757	5	3	2	2
17	61634758	61637972	5	3	2	2
17	61637973	64066523	5	3	2	2
17	64066524	64071111	5	3	2	2
17	64071112	64093757	5	3	2	2
17	64093758	64139056	3	3	0	2
17	64139057	73057446	5	3	2	2
17	73057447	73069388	5	3	2	2
17	73069389	75838969	5	3	2	2
17	75838970	75843545	6	3	3	2
17	75843546	79820779	5	3	2	2
17	79820780	79821813	5	3	2	2
17	79821814	80039402	5	3	2	2
17	80039403	80041420	5	3	2	2
17	80041421	80048258	6	4	2	1
17	80048259	81195209	5	3	2	2
18	27500	132648	3	2	1	2
18	132649	5037798	3	2	1	2
18	5037799	5048147	4	2	2	2
18	5048148	6373019	3	2	1	2
18	6373020	6382395	5	3	2	2
18	6382396	8018105	3	2	1	2
18	8018106	8026121	4	2	2	2
18	8026122	13022864	4	2	2	2
18	13022865	13026779	4	2	2	2
18	13026780	13337093	4	2	2	2
18	13337094	13352166	6	4	2	1
18	13352167	15399999	4	2	2	2
18	15400000	18999999	4	2	2	2
18	19000000	20797952	4	2	2	3
18	20797953	22777925	3	2	1	3
18	22777926	22778353	3	2	1	2
18	22778354	22785637	3	2	1	2
18	22785638	23054760	4	3	1	3
18	23054761	23061491	6	3	3	2
18	23061492	25015166	4	3	1	3
18	25015167	25077840	5	3	2	2
18	25077841	26297999	4	3	1	3
18	26298000	26304451	7	6	1	1
18	26304452	28104763	4	3	1	3
18	28104764	28104967	7	5	2	1
18	28104968	29845577	4	3	1	3
18	29845578	29858748	5	4	1	1
18	29858749	31770741	4	3	1	3
18	31770742	31775087	4	3	1	2
18	31775088	34030839	4	3	1	3
18	34030840	34047638	5	3	2	1
18	34047639	41098445	4	3	1	3
18	41098446	41106328	4	3	1	2
18	41106329	42248146	4	3	1	3
18	42248147	42271418	5	4	1	2
18	42271419	44657468	4	3	1	3
18	44657469	44662277	4	3	1	2
18	44662278	48733627	4	3	1	3
18	48733628	48736669	5	4	1	1
18	48736670	50319240	4	3	1	3
18	50319241	50320301	4	3	1	2
18	50320302	50321238	4	3	1	2
18	50321239	50522043	3	3	0	3
18	50522044	57669904	4	3	1	3
18	57669905	58173222	3	2	1	3
18	58173223	58173253	3	2	1	2
18	58173254	66829145	3	2	1	3
18	66829146	66911356	4	2	2	3
18	66911357	67939218	3	2	1	2
18	67939219	67941400	1	1	0	1
18	67941401	72207319	3	2	1	3
18	72207320	73728135	3	2	1	3
18	73728136	73740052	5	4	1	2
18	73740053	74360559	3	2	1	3
18	74360560	76117000	4	2	2	3
18	76117001	78077247	4	2	2	2
19	102500	269416	2	2	0	2
19	269417	812998	2	2	0	3
19	812999	840733	4	4	0	2
19	840734	2389871	2	2	0	3
19	2389872	2541886	5	3	2	2
19	2541887	2829634	8	6	2	2
19	2829635	2847613	11	9	2	1
19	2847614	3332910	8	6	2	2
19	3332911	3334204	9	7	2	2
19	3334205	3334244	10	7	3	1
19	3334245	3523857	8	7	1	1
19	3523858	3524189	13	11	2	2
19	3524190	3529700	8	6	2	1
19	3529701	3541116	8	6	2	2
19	3541117	3545110	8	6	2	1
19	3545111	3546014	8	6	2	1
19	3546015	3546390	1	1	0	1
19	3546391	3546467	12	10	2	1
19	3546468	3741839	8	7	1	1
19	3741840	4361948	8	6	2	2
19	4361949	4365423	7	4	3	1
19	4365424	4399801	9	7	2	1
19	4399802	4435562	8	7	1	1
19	4435563	4467308	9	7	2	2
19	4467309	4469443	9	7	2	2
19	4469444	4497925	9	7	2	2
19	4497926	4700468	5	3	2	2
19	4700469	5577097	6	4	2	2
19	5577098	5589259	6	4	2	2
19	5589260	5607871	6	4	2	2
19	5607872	5638565	6	4	2	2
19	5638566	5641087	6	4	2	2
19	5641088	5657209	6	4	2	2
19	5657210	5657870	6	4	2	2
19	5657871	5690025	4	2	2	1
19	5690026	5690502	1	1	0	1
19	5690503	5691519	6	4	2	2
19	5691520	5691737	6	4	2	2
19	5691738	5712778	5	3	2	1
19	5712779	5714783	5	3	2	1
19	5714784	5728551	5	3	2	1
19	5728552	5729536	5	3	2	1
19	5729537	5745363	5	3	2	2
19	5745364	5746245	6	4	2	2
19	5746246	5816144	6	4	2	3
19	5816145	7169707	2	2	0	3
19	7169708	7640014	5	3	2	3
19	7640015	7758351	5	3	2	2
19	7758352	7761142	5	3	2	2
19	7761143	7966356	5	3	2	2
19	7966357	7966852	6	4	2	1
19	7966853	7971119	6	4	2	1
19	7971120	7972816	6	4	2	1
19	7972817	7984577	4	2	2	1
19	7984578	7984593	6	4	2	1
19	7984594	10473681	6	4	2	3
19	10473682	11234044	9	7	2	2
19	11234045	11264169	5	3	2	2
19	11264170	11552298	5	3	2	2
19	11552299	12600403	6	4	2	2
19	12600404	12623669	8	6	2	2
19	12623670	12981368	6	4	2	2
19	12981369	13040451	8	6	2	2
19	13040452	13334195	6	4	2	2
19	13334196	13336977	6	4	2	2
19	13336978	13884163	6	4	2	2
19	13884164	14073763	8	6	2	2
19	14073764	15357499	6	4	2	2
19	15357500	15876011	6	4	2	2
19	15876012	15876035	6	4	2	2
19	15876036	17312429	4	2	2	2
19	17312430	17347593	6	4	2	2
19	17347594	19538667	4	2	2	2
19	19538668	19549073	4	2	2	2
19	19549074	22873998	4	2	2	2
19	22873999	22881582	4	2	2	2
19	22881583	22889981	4	2	2	2
19	22889982	22892211	4	2	2	2
19	22892212	24399999	4	2	2	2
19	24400000	28599999	4	2	2	2
19	28600000	38405392	4	2	2	2
19	38405393	38409907	4	2	2	2
19	38409908	38437277	8	4	4	2
19	38437278	38451918	6	4	2	2
19	38451919	38622329	4	2	2	2
19	38622330	38626428	5	3	2	2
19	38626429	38766755	4	2	2	2
19	38766756	38772361	4	2	2	2
19	38772362	39681943	4	2	2	2
19	39681944	40123468	6	4	2	2
19	40123469	47579901	4	2	2	2
19	47579902	47583890	5	3	2	2
19	47583891	59128982	4	2	2	2
20	32074	4240496	2	2	0	2
20	4240497	4440840	5	3	2	2
20	4440841	4451712	5	3	2	1
20	4451713	6781601	5	3	2	2
20	6781602	9092744	6	4	2	2
20	9092745	9227627	5	3	2	2
20	9227628	9719591	7	5	2	2
20	9719592	9730395	8	5	3	2
20	9730396	9774060	7	5	2	1
20	9774061	10406867	5	3	2	2
20	10406868	11005320	4	2	2	2
20	11005321	11011733	4	2	2	2
20	11011734	11461050	4	2	2	2
20	11461051	12855026	5	3	2	2
20	12855027	13186095	6	4	2	2
20	13186096	13190232	5	3	2	2
20	13190233	22140295	4	2	2	2
20	22140296	22147204	6	4	2	2
20	22147205	25599999	4	2	2	2
20	25600000	29804187	4	2	2	2
20	29804188	29804381	4	2	2	2
20	29804382	33308013	4	2	2	2
20	33308014	33314503	6	4	2	2
20	33314504	34817696	4	2	2	2
20	34817697	34826938	4	2	2	2
20	34826939	38319840	4	2	2	2
20	38319841	38322054	4	2	2	2
20	38322055	38323190	4	2	2	2
20	38323191	44870504	4	2	2	2
20	44870505	44886232	6	4	2	2
20	44886233	46983866	4	2	2	2
20	46983867	46987747	4	2	2	2
20	46987748	48316629	4	2	2	2
20	48316630	48326086	6	4	2	2
20	48326087	49545046	4	2	2	2
20	49545047	52068392	6	4	2	2
20	52068393	52087477	8	6	2	2
20	52087478	53726629	6	4	2	2
20	53726630	53731687	6	4	2	2
20	53731688	55226649	6	4	2	2
20	55226650	55230921	6	4	2	2
20	55230922	61882067	6	4	2	2
20	61882068	61894941	6	4	2	2
20	61894942	62435800	6	4	2	2
21	1	10899999	NA	NA	NA	NA
21	10900000	14372001	1	1	0	1
21	14372002	19425500	3	3	0	2
21	19425501	19432769	1	1	0	2
21	19432770	33082002	3	3	0	3
21	33082003	36235980	4	4	0	3
21	36235981	36236051	4	4	0	2
21	36236052	36470139	2	2	0	2
21	36470140	36487190	3	3	0	2
21	36487191	36524083	2	2	0	2
21	36524084	37211152	1	1	0	3
21	37211153	37215444	1	1	0	2
21	37215445	38623517	1	1	0	3
21	38623518	42651278	3	3	0	3
21	42651279	42674721	6	6	0	1
21	42674722	44473597	3	3	0	3
21	44473598	44485369	3	3	0	2
21	44485370	46739785	3	3	0	3
21	46739786	46747384	1	1	0	1
21	46747385	46795665	3	3	0	2
21	46795666	46955267	1	1	0	2
21	46955268	46958660	2	2	0	1
21	46958661	47519105	1	1	0	2
21	47519106	47521245	1	1	0	2
21	47521246	47522981	1	1	0	2
21	47522982	47528043	1	1	0	2
21	47528044	47595134	1	1	0	2
21	47595135	47641702	1	1	0	1
21	47641703	47662594	1	1	0	1
21	47662595	47716294	1	1	0	1
21	47716295	47988453	1	1	0	2
21	47988454	48018019	4	3	1	1
21	48018020	48049930	1	1	0	2
22	1	12199999	6	4	2	1
22	12200000	17899999	NA	NA	NA	NA
22	17900000	18014280	6	4	2	2
22	18014281	19171240	4	2	2	3
22	19171241	22601105	2	2	0	3
22	22601106	24274061	2	2	0	3
22	24274062	24400245	2	2	0	2
22	24400246	27748363	2	2	0	3
22	27748364	29065579	4	2	2	3
22	29065580	29065593	4	2	2	2
22	29065594	29065881	4	2	2	2
22	29065882	29065966	4	2	2	2
22	29065967	29066156	4	2	2	2
22	29066157	29183108	4	2	2	3
22	29183109	29189584	6	4	2	1
22	29189585	29640275	4	2	2	3
22	29640276	30666939	4	2	2	3
22	30666940	30678819	7	4	3	1
22	30678820	30986838	4	2	2	3
22	30986839	31007495	5	3	2	1
22	31007496	32013572	4	2	2	3
22	32013573	32021922	5	3	2	1
22	32021923	34460771	4	2	2	3
22	34460772	34465236	4	2	2	2
22	34465237	35378803	4	2	2	3
22	35378804	35385086	6	4	2	1
22	35385087	38366956	4	2	2	3
22	38366957	38368001	4	2	2	2
22	38368002	42911307	4	2	2	3
22	42911308	42934016	4	2	2	2
22	42934017	44316986	4	2	2	3
22	44316987	46377612	5	3	2	3
22	46377613	46381126	5	3	2	2
22	46381127	47066134	5	3	2	2
22	47066135	47068967	7	4	3	1
22	47068968	47810338	5	3	2	3
22	47810339	47818199	7	5	2	2
22	47818200	49893868	5	3	2	3
22	49893869	49901279	8	4	4	1
22	49901280	51304565	5	3	2	2
X	1	6784176	3	2	1	2
X	6784177	6793196	4	3	1	2
X	6793197	7451580	3	2	1	2
X	7451581	7453287	3	2	1	2
X	7453288	10289044	3	2	1	2
X	10289045	10294478	3	2	1	2
X	10294479	16189637	3	2	1	2
X	16189638	21009856	3	2	1	2
X	21009857	21356113	4	2	2	2
X	21356114	21361240	4	2	2	2
X	21361241	24878346	4	2	2	2
X	24878347	26593354	4	2	2	2
X	26593355	26593542	4	2	2	2
X	26593543	44117769	4	2	2	2
X	44117770	44127253	4	2	2	2
X	44127254	44798660	4	2	2	2
X	44798661	44802000	4	2	2	2
X	44802001	46948614	4	2	2	2
X	46948615	46954126	5	3	2	1
X	46954127	55701987	4	2	2	2
X	55701988	55707320	4	2	2	2
X	55707321	58099999	4	2	2	2
X	58100000	62999999	4	2	2	2
X	63000000	66072842	4	2	2	2
X	66072843	66075165	4	2	2	1
X	66075166	66910436	6	4	2	1
X	66910437	67056002	6	4	2	1
X	67056003	86418639	3	2	1	2
X	86418640	86426666	2	1	1	2
X	86426667	90140198	3	2	1	2
X	90140199	96674592	3	2	1	2
X	96674593	96677189	3	2	1	2
X	96677190	118502255	3	2	1	2
X	118502256	118507832	6	4	2	1
X	118507833	118507881	6	4	2	1
X	118507882	118943833	6	4	2	2
X	118943834	118949443	7	5	2	2
X	118949444	121053002	6	4	2	2
X	121053003	133660880	5	3	2	2
X	133660881	133660903	5	3	2	2
X	133660904	135884461	5	3	2	2
X	135884462	137403256	6	4	2	2
X	137403257	137403710	2	1	1	2
X	137403711	139130323	6	4	2	2
X	139130324	139135653	2	1	1	2
X	139135654	141502094	6	4	2	2
X	141502095	152050511	7	5	2	2
X	152050512	154913600	5	3	2	2
