chromosome	start	end	total_cn	major_cn	minor_cn	star
1	1	232499	1	1	0	2
1	232500	970053	1	1	0	3
1	970054	3046140	2	1	1	2
1	3046141	4830036	1	1	0	3
1	4830037	6293106	2	1	1	3
1	6293107	6368309	2	1	1	2
1	6368310	6651231	2	1	1	2
1	6651232	6656705	2	1	1	1
1	6656706	6985424	3	2	1	3
1	6985425	7965356	2	1	1	3
1	7965357	8437063	3	2	1	3
1	8437064	12002032	2	1	1	3
1	12002033	12421034	2	1	1	3
1	12421035	12759728	1	1	0	3
1	12759729	12789976	2	1	1	2
1	12789977	19809299	2	1	1	2
1	19809300	20197059	3	2	1	2
1	20197060	20197221	3	2	1	2
1	20197222	20200602	3	2	1	2
1	20200603	20207837	3	2	1	2
1	20207838	21129927	3	2	1	3
1	21129928	31904949	2	1	1	3
1	31904950	32142168	6	5	1	2
1	32142169	32156445	6	5	1	1
1	32156446	32868111	3	2	1	2
1	32868112	33526817	3	2	1	2
1	33526818	37926278	2	1	1	2
1	37926279	37950600	2	1	1	2
1	37950601	38444614	2	1	1	2
1	38444615	46594535	2	1	1	3
1	46594536	46596463	1	1	0	1
1	46596464	47021595	2	1	1	2
1	47021596	47297788	3	2	1	2
1	47297789	47313928	2	1	1	2
1	47313929	47322946	2	1	1	2
1	47322947	72048007	2	1	1	3
1	72048008	72116444	3	2	1	2
1	72116445	103093521	2	1	1	3
1	103093522	103261124	2	1	1	1
1	103261125	114130039	2	1	1	3
1	114130040	114131297	2	1	1	2
1	114131298	114173721	3	2	1	2
1	114173722	114401365	3	2	1	2
1	114401366	119980024	2	1	1	3
1	119980025	120717500	3	2	1	2
1	120717501	128899999	NA	NA	NA	NA
1	128900000	142540601	1	1	0	2
1	142540602	142677500	1	1	0	2
1	142677501	143750802	3	2	1	1
1	143750803	146543195	4	3	1	2
1	146543196	147079198	2	1	1	2
1	147079199	147408679	4	3	1	2
1	147408680	147761597	4	3	1	2
1	147761598	147764377	4	3	1	2
1	147764378	149203202	3	2	1	2
1	149203203	149659000	2	2	0	1
1	149659001	149747500	4	3	1	1
1	149747501	150035291	8	7	1	2
1	150035292	150069363	7	4	3	1
1	150069364	150084826	15	14	1	1
1	150084827	150334530	3	2	1	2
1	150334531	150341775	12	11	1	1
1	150341776	150353117	8	7	1	1
1	150353118	150355163	13	12	1	1
1	150355164	150369715	8	7	1	1
1	150369716	150422399	8	8	0	1
1	150422400	150440191	13	12	1	1
1	150440192	150483273	12	11	1	2
1	150483274	150808197	11	10	1	2
1	150808198	150875116	7	4	3	1
1	150875117	150966338	7	4	3	1
1	150966339	150969328	7	4	3	1
1	150969329	150976756	7	4	3	1
1	150976757	151022059	7	4	3	1
1	151022060	151187656	10	5	5	1
1	151187657	151187819	2	1	1	1
1	151187820	151600013	2	1	1	2
1	151600014	151789196	3	2	1	2
1	151789197	151797151	3	2	1	2
1	151797152	151878246	3	2	1	2
1	151878247	151909120	4	3	1	2
1	151909121	151915067	2	1	1	1
1	151915068	152141154	2	1	1	2
1	152141155	154886588	4	3	1	2
1	154886589	154939550	3	2	1	2
1	154939551	154947552	1	1	0	1
1	154947553	155005768	4	2	2	1
1	155005769	155902940	3	2	1	2
1	155902941	156135632	4	2	2	2
1	156135633	159876557	3	2	1	2
1	159876558	160029035	4	3	1	2
1	160029036	161874988	3	2	1	2
1	161874989	162554890	3	2	1	2
1	162554891	162560127	3	2	1	2
1	162560128	162579206	3	2	1	2
1	162579207	162592322	3	2	1	2
1	162592323	162808944	3	2	1	2
1	162808945	163558451	2	1	1	2
1	163558452	164192955	3	2	1	2
1	164192956	164240604	5	4	1	2
1	164240605	164241455	1	1	0	1
1	164241456	164242562	2	1	1	2
1	164242563	165091703	3	2	1	2
1	165091704	165106684	3	2	1	1
1	165106685	165144862	4	3	1	2
1	165144863	165155334	3	2	1	2
1	165155335	165155535	3	2	1	2
1	165155536	165166047	3	2	1	2
1	165166048	165171188	4	3	1	2
1	165171189	165210667	3	2	1	2
1	165210668	165216169	3	2	1	2
1	165216170	168696481	3	2	1	2
1	168696482	168971432	5	4	1	2
1	168971433	172349994	3	2	1	2
1	172349995	172350077	3	2	1	2
1	172350078	172861685	5	4	1	2
1	172861686	173018617	5	4	1	1
1	173018618	175258200	5	4	1	2
1	175258201	177459886	3	2	1	2
1	177459887	177460055	3	2	1	2
1	177460056	179478934	5	4	1	2
1	179478935	179540644	5	4	1	2
1	179540645	186150717	5	4	1	2
1	186150718	186150943	5	4	1	2
1	186150944	186151360	1	1	0	1
1	186151361	186163646	1	1	0	2
1	186163647	186164697	1	1	0	2
1	186164698	186171422	2	1	1	1
1	186171423	186197862	1	1	0	3
1	186197863	186204628	4	3	1	1
1	186204629	186216765	1	1	0	2
1	186216766	186218021	1	1	0	2
1	186218022	186225915	1	1	0	2
1	186225916	187308646	1	1	0	3
1	187308647	190784350	5	4	1	2
1	190784351	190784589	5	4	1	2
1	190784590	190792996	5	4	1	2
1	190792997	191468766	6	4	2	2
1	191468767	196313525	5	4	1	2
1	196313526	196320567	3	2	1	2
1	196320568	197285961	3	2	1	3
1	197285962	198491162	5	4	1	2
1	198491163	198527559	1	1	0	2
1	198527560	198529072	1	1	0	2
1	198529073	198538345	1	1	0	2
1	198538346	198538976	1	1	0	2
1	198538977	202237984	1	1	0	3
1	202237985	202260978	5	4	1	2
1	202260979	202261763	4	3	1	2
1	202261764	202265914	4	3	1	2
1	202265915	212236095	5	4	1	2
1	212236096	212257058	1	1	0	2
1	212257059	212258196	9	6	3	1
1	212258197	212263869	1	1	0	2
1	212263870	212266283	1	1	0	3
1	212266284	212271440	1	1	0	3
1	212271441	212272245	1	1	0	2
1	212272246	220169998	1	1	0	3
1	220169999	225464091	2	1	1	2
1	225464092	227177114	2	1	1	2
1	227177115	228441391	2	1	1	2
1	228441392	228446252	2	1	1	2
1	228446253	228939823	2	1	1	2
1	228939824	230939534	2	1	1	2
1	230939535	231028058	3	2	1	2
1	231028059	232240445	2	1	1	2
1	232240446	236220375	1	1	0	3
1	236220376	247249600	2	1	1	2
1	247249601	249250620	2	1	1	3
2	20016	26459898	2	1	1	3
2	26459899	26920037	3	2	1	3
2	26920038	50536123	2	1	1	3
2	50536124	50642276	1	1	0	2
2	50642277	69882918	2	1	1	3
2	69882919	70088639	3	2	1	2
2	70088640	84943587	2	1	1	3
2	84943588	84952449	3	2	1	2
2	84952450	85860943	3	2	1	2
2	85860944	90499999	2	1	1	3
2	90500000	96799999	2	1	1	3
2	96800000	132981517	2	1	1	3
2	132981518	132998631	2	1	1	2
2	132998632	136594551	2	1	1	3
2	136594552	137238007	2	1	1	2
2	137238008	145039177	2	1	1	3
2	145039178	145039401	2	1	1	3
2	145039402	204290100	2	1	1	3
2	204290101	204411689	3	2	1	3
2	204411690	219001352	2	1	1	3
2	219001353	219071417	2	1	1	1
2	219071418	230874504	2	1	1	3
2	230874505	230972097	2	1	1	2
2	230972098	230983950	2	1	1	2
2	230983951	231140886	2	1	1	2
2	231140887	232436709	2	1	1	2
2	232436710	232700712	3	2	1	3
2	232700713	233430895	2	1	1	2
2	233430896	233537707	3	2	1	2
2	233537708	242986605	2	1	1	3
3	60596	29682226	3	2	1	3
3	29682227	30132632	1	1	0	2
3	30132633	30158895	3	2	1	2
3	30158896	30267162	3	2	1	2
3	30267163	30276656	3	2	1	2
3	30276657	31041624	2	1	1	3
3	31041625	31581066	3	2	1	3
3	31581067	31822861	1	1	0	3
3	31822862	34101443	2	1	1	2
3	34101444	34931590	1	1	0	3
3	34931591	38912547	3	2	1	3
3	38912548	39424268	2	1	1	3
3	39424269	47413464	1	1	0	3
3	47413465	47551558	2	2	0	3
3	47551559	53332792	1	1	0	3
3	53332793	53368346	1	1	0	3
3	53368347	57084272	1	1	0	3
3	57084273	57290548	1	1	0	2
3	57290549	75815730	1	1	0	3
3	75815731	75817202	2	1	1	2
3	75817203	80170016	2	1	1	3
3	80170017	81358708	3	2	1	3
3	81358709	86158396	2	1	1	3
3	86158397	87899999	3	2	1	3
3	87900000	93899999	3	2	1	3
3	93900000	108194086	3	2	1	3
3	108194087	113151823	4	2	2	2
3	113151824	113153076	5	3	2	2
3	113153077	119041821	4	2	2	3
3	119041822	119835067	2	2	0	2
3	119835068	119953123	3	3	0	3
3	119953124	121420174	2	2	0	3
3	121420175	121420377	2	2	0	2
3	121420378	122544675	2	2	0	3
3	122544676	123380910	3	3	0	2
3	123380911	132552415	2	2	0	3
3	132552416	135017901	3	2	1	3
3	135017902	139225956	2	2	0	3
3	139225957	140769044	4	2	2	3
3	140769045	150126675	3	2	1	3
3	150126676	150935195	4	2	2	3
3	150935196	151361516	2	2	0	3
3	151361517	157080516	3	2	1	3
3	157080517	158292846	2	2	0	3
3	158292847	158387617	3	3	0	3
3	158387618	159448163	2	2	0	3
3	159448164	172213821	3	2	1	3
3	172213822	172342817	4	2	2	2
3	172342818	186062372	3	2	1	3
3	186062373	186152330	3	2	1	3
3	186152331	197137528	3	2	1	3
3	197137529	197248547	3	2	1	1
4	27500	6676169	2	1	1	3
4	6676170	6765424	3	2	1	2
4	6765425	8272331	2	1	1	3
4	8272332	10237023	1	1	0	3
4	10237024	12364513	1	1	0	3
4	12364514	39560157	2	1	1	3
4	39560158	39806482	3	2	1	2
4	39806483	48199999	2	1	1	3
4	48200000	52699999	2	1	1	2
4	52700000	56159427	2	1	1	3
4	56159428	56261072	3	2	1	2
4	56261073	128459944	2	1	1	3
4	128459945	139827001	2	1	1	2
4	139827002	143458944	2	1	1	3
4	143458945	143696464	2	1	1	1
4	143696465	181954571	2	1	1	3
4	181954572	181981204	1	1	0	2
4	181981205	185214468	2	1	1	3
4	185214469	185591571	3	2	1	2
4	185591572	191154275	2	1	1	3
5	14676	1318566	2	1	1	2
5	1318567	1410972	4	3	1	2
5	1410973	5174217	3	2	1	2
5	5174218	5225019	2	1	1	2
5	5225020	15168571	3	2	1	2
5	15168572	15529924	4	3	1	2
5	15529925	29307704	3	2	1	2
5	29307705	29314289	4	3	1	2
5	29314290	37284541	3	2	1	2
5	37284542	37444753	4	3	1	2
5	37444754	46099999	3	2	1	2
5	46100000	50699999	NA	NA	NA	NA
5	50700000	50704840	2	2	0	2
5	50704841	50706229	2	2	0	2
5	50706230	50713799	2	2	0	2
5	50713800	50714098	2	2	0	2
5	50714099	51415778	2	2	0	3
5	51415779	51416243	2	2	0	2
5	51416244	51416339	2	2	0	2
5	51416340	51419538	2	2	0	2
5	51419539	51420158	2	2	0	2
5	51420159	51421078	2	2	0	2
5	51421079	51423671	2	2	0	2
5	51423672	51425235	2	2	0	2
5	51425236	51427598	2	2	0	2
5	51427599	55514957	2	2	0	3
5	55514958	56044914	3	3	0	2
5	56044915	61833314	2	2	0	3
5	61833315	68899002	1	1	0	3
5	68899003	75801958	2	1	1	3
5	75801959	86260122	1	1	0	3
5	86260123	86621747	2	2	0	3
5	86621748	102706341	1	1	0	3
5	102706342	108423458	2	1	1	3
5	108423459	108423487	1	1	0	2
5	108423488	108659860	1	1	0	3
5	108659861	110370833	2	1	1	3
5	110370834	111919235	3	2	1	3
5	111919236	114285931	2	1	1	3
5	114285932	114941908	3	2	1	3
5	114941909	115217087	2	1	1	2
5	115217088	115240799	2	1	1	2
5	115240800	118357835	1	1	0	3
5	118357836	118368584	1	1	0	2
5	118368585	118368636	1	1	0	1
5	118368637	118424059	2	1	1	2
5	118424060	124239595	2	1	1	3
5	124239596	124931564	2	1	1	2
5	124931565	133861046	2	1	1	3
5	133861047	133861271	2	1	1	3
5	133861272	150344983	2	1	1	3
5	150344984	150609981	3	2	1	3
5	150609982	157570146	2	1	1	3
5	157570147	163726546	3	2	1	3
5	163726547	178982675	2	1	1	3
5	178982676	179413523	2	1	1	2
5	179413524	180688380	2	1	1	3
6	39681	203877	3	2	1	1
6	203878	10229955	3	2	1	3
6	10229956	10515419	4	2	2	3
6	10515420	31063967	3	2	1	2
6	31063968	31076318	4	3	1	2
6	31076319	32171473	3	2	1	2
6	32171474	32172582	3	2	1	2
6	32172583	32484985	3	2	1	2
6	32484986	33270191	3	2	1	2
6	33270192	33304157	4	2	2	2
6	33304158	33790641	3	2	1	2
6	33790642	37760067	2	1	1	2
6	37760068	37866443	2	1	1	2
6	37866444	58699999	2	1	1	3
6	58700000	63299999	2	1	1	3
6	63300000	66071188	2	1	1	3
6	66071189	67669961	3	2	1	3
6	67669962	67870002	2	1	1	3
6	67870003	76562882	3	2	1	3
6	76562883	76584799	3	2	1	2
6	76584800	76589354	2	1	1	1
6	76589355	77049979	1	1	0	3
6	77049980	77263239	5	4	1	2
6	77263240	77394279	5	4	1	2
6	77394280	77397454	5	4	1	2
6	77397455	77405240	1	1	0	2
6	77405241	103738115	1	1	0	3
6	103738116	106909193	1	1	0	3
6	106909194	107380562	9	9	0	2
6	107380563	107380928	8	8	0	1
6	107380929	119192681	5	5	0	2
6	119192682	119338334	5	5	0	2
6	119338335	119732471	5	5	0	2
6	119732472	120665586	6	6	0	2
6	120665587	120721186	5	5	0	2
6	120721187	120839790	6	6	0	3
6	120839791	130792001	5	5	0	2
6	130792002	130793489	6	6	0	2
6	130793490	131659274	7	7	0	2
6	131659275	131660900	4	4	0	1
6	131660901	134899219	3	3	0	3
6	134899220	135274143	4	4	0	2
6	135274144	135376367	5	5	0	2
6	135376368	135377153	4	4	0	2
6	135377154	135719413	5	5	0	2
6	135719414	135720327	4	4	0	2
6	135720328	135825011	5	5	0	2
6	135825012	135825122	5	5	0	2
6	135825123	136618846	5	5	0	2
6	136618847	136619237	5	5	0	2
6	136619238	136660735	5	5	0	2
6	136660736	136661081	5	5	0	2
6	136661082	137601711	5	5	0	2
6	137601712	138064631	4	4	0	3
6	138064632	138615645	3	3	0	3
6	138615646	138616224	3	3	0	3
6	138616225	138642131	3	3	0	2
6	138642132	138998790	2	2	0	3
6	138998791	139615849	3	3	0	2
6	139615850	139616345	3	2	1	1
6	139616346	140172073	3	3	0	3
6	140172074	140619047	4	4	0	3
6	140619048	140619884	1	1	0	1
6	140619885	140620067	1	1	0	1
6	140620068	140620078	4	4	0	2
6	140620079	140629604	4	4	0	2
6	140629605	140657355	3	3	0	3
6	140657356	141097344	4	4	0	3
6	141097345	141098255	4	4	0	2
6	141098256	141357482	4	4	0	2
6	141357483	141394448	5	5	0	2
6	141394449	141396743	5	5	0	2
6	141396744	141764103	5	5	0	2
6	141764104	141899641	6	6	0	2
6	141899642	141900885	6	6	0	2
6	141900886	142453987	0	0	0	2
6	142453988	151310299	1	1	0	3
6	151310300	151392662	2	2	0	3
6	151392663	170864573	1	1	0	3
7	40386	2040244	3	2	1	2
7	2040245	2261441	3	2	1	2
7	2261442	16844407	3	2	1	2
7	16844408	17041064	4	3	1	3
7	17041065	17121405	3	2	1	2
7	17121406	17121974	3	2	1	2
7	17121975	17133567	3	2	1	2
7	17133568	17137077	5	3	2	2
7	17137078	18907427	3	2	1	2
7	18907428	21763116	3	2	1	2
7	21763117	21767565	3	2	1	2
7	21767566	21894683	4	3	1	2
7	21894684	22145916	3	2	1	2
7	22145917	22330574	4	2	2	2
7	22330575	22506431	4	2	2	2
7	22506432	22756850	3	2	1	2
7	22756851	22896979	3	2	1	2
7	22896980	31471164	3	2	1	2
7	31471165	33364718	4	2	2	2
7	33364719	53372786	3	2	1	2
7	53372787	53553023	3	2	1	2
7	53553024	57999999	3	2	1	2
7	58000000	62683217	3	2	1	2
7	62683218	63823961	3	2	1	2
7	63823962	65372772	3	2	1	2
7	65372773	72131061	3	2	1	3
7	72131062	72259450	3	2	1	2
7	72259451	77123597	3	2	1	3
7	77123598	77303898	3	2	1	2
7	77303899	80533439	3	2	1	2
7	80533440	80751719	4	2	2	3
7	80751720	93349324	3	2	1	3
7	93349325	93355871	3	2	1	3
7	93355872	102826499	3	2	1	3
7	102826500	103030982	3	2	1	2
7	103030983	112245877	3	2	1	3
7	112245878	112471493	4	2	2	3
7	112471494	114744852	3	2	1	3
7	114744853	114792967	4	3	1	3
7	114792968	123121251	3	2	1	2
7	123121252	123869970	3	2	1	3
7	123869971	123953772	3	2	1	2
7	123953773	127734297	3	2	1	3
7	127734298	128032690	4	3	1	3
7	128032691	142493602	3	2	1	2
7	142493603	144372934	3	2	1	2
7	144372935	144372946	3	2	1	2
7	144372947	145031449	3	2	1	2
7	145031450	145048757	3	2	1	2
7	145048758	145050594	2	2	0	1
7	145050595	145074811	2	1	1	2
7	145074812	152530054	3	2	1	2
7	152530055	152533782	3	2	1	2
7	152533783	154987817	3	2	1	2
7	154987818	155349853	4	3	1	2
7	155349854	156022808	4	3	1	2
7	156022809	157161842	3	2	1	3
7	157161843	157386484	4	3	1	2
7	157386485	157394754	3	2	1	2
7	157394755	158821400	3	2	1	2
8	187743	7277487	1	1	0	2
8	7277488	11908201	1	1	0	2
8	11908202	12493025	1	1	0	2
8	12493026	26752156	1	1	0	2
8	26752157	26941810	1	1	0	2
8	26941811	27014743	2	2	0	2
8	27014744	29183788	1	1	0	2
8	29183789	34423582	1	1	0	2
8	34423583	38606876	2	1	1	3
8	38606877	38987466	3	2	1	2
8	38987467	43099999	2	1	1	3
8	43100000	48099999	2	1	1	2
8	48100000	65610230	2	1	1	3
8	65610231	65680827	2	1	1	2
8	65680828	81795949	2	1	1	3
8	81795950	81815325	3	2	1	2
8	81815326	93765687	2	1	1	2
8	93765688	93928368	2	1	1	2
8	93928369	96038421	2	1	1	2
8	96038422	96158359	4	3	1	2
8	96158360	100854869	2	1	1	2
8	100854870	100991253	2	1	1	1
8	100991254	146364021	2	1	1	2
9	47500	203936	1	1	0	2
9	203937	18016896	1	1	0	2
9	18016897	18125937	2	2	0	2
9	18125938	18128474	1	1	0	2
9	18128475	44180652	1	1	0	2
9	44180653	47299999	1	1	0	2
9	47300000	50699999	1	1	0	2
9	50700000	66527500	1	1	0	2
9	66527501	68146499	1	1	0	2
9	68146500	69797500	1	1	0	2
9	69797501	71455579	2	1	1	3
9	71455580	81420055	2	1	1	3
9	81420056	84614665	1	1	0	3
9	84614666	85075841	2	1	1	3
9	85075842	89368189	2	1	1	3
9	89368190	89483735	1	1	0	3
9	89483736	90185957	2	1	1	3
9	90185958	91950447	1	1	0	3
9	91950448	99443912	2	1	1	3
9	99443913	99564838	2	1	1	3
9	99564839	108927172	1	1	0	3
9	108927173	109074673	2	1	1	2
9	109074674	109599142	1	1	0	3
9	109599143	109939241	2	1	1	3
9	109939242	109941010	2	2	0	1
9	109941011	114606773	2	1	1	3
9	114606774	115000229	2	1	1	3
9	115000230	115071998	3	2	1	2
9	115071999	115221825	3	2	1	3
9	115221826	115228202	2	1	1	2
9	115228203	116090825	2	1	1	3
9	116090826	117877209	1	1	0	3
9	117877210	118712051	2	1	1	3
9	118712052	119553776	1	1	0	3
9	119553777	121346194	2	1	1	3
9	121346195	126074582	1	1	0	2
9	126074583	126656920	2	1	1	3
9	126656921	130020044	2	1	1	3
9	130020045	135094778	2	1	1	3
9	135094779	135411048	3	2	1	3
9	135411049	136341543	2	1	1	3
9	136341544	136543013	2	1	1	2
9	136543014	141089208	2	1	1	3
10	95096	5787237	3	2	1	2
10	5787238	6243210	4	3	1	2
10	6243211	8270696	3	2	1	2
10	8270697	8482832	1	1	0	3
10	8482833	32157894	2	1	1	3
10	32157895	32158618	2	1	1	1
10	32158619	34300015	3	2	1	3
10	34300016	37851877	2	1	1	2
10	37851878	42299999	NA	NA	NA	NA
10	42300000	54066164	3	2	1	3
10	54066165	54116205	3	2	1	1
10	54116206	59535703	3	2	1	3
10	59535704	59675369	4	2	2	2
10	59675370	60037024	3	2	1	3
10	60037025	60070255	4	3	1	3
10	60070256	60174836	3	2	1	3
10	60174837	63775778	2	1	1	3
10	63775779	65126611	3	2	1	3
10	65126612	73776017	2	1	1	3
10	73776018	73871157	3	2	1	2
10	73871158	76428527	2	1	1	3
10	76428528	76670971	3	2	1	2
10	76670972	81823523	2	1	1	3
10	81823524	82120912	2	1	1	2
10	82120913	82379013	2	1	1	2
10	82379014	86913359	2	1	1	3
10	86913360	86978850	3	2	1	1
10	86978851	89427239	2	1	1	2
10	89427240	89428993	2	1	1	1
10	89428994	89444698	3	2	1	2
10	89444699	104394577	2	1	1	3
10	104394578	104396121	1	1	0	1
10	104396122	104396565	3	2	1	2
10	104396566	104396608	3	2	1	2
10	104396609	104396816	3	2	1	2
10	104396817	104396833	3	2	1	2
10	104396834	104731482	3	2	1	3
10	104731483	104731988	3	2	1	2
10	104731989	104732509	3	2	1	1
10	104732510	108208363	2	1	1	3
10	108208364	108210753	2	1	1	3
10	108210754	129284761	2	1	1	3
10	129284762	135389924	3	2	1	2
11	199813	10446164	1	1	0	3
11	10446165	10547186	8	8	0	1
11	10547187	10699393	31	30	1	2
11	10699394	10706429	29	28	1	2
11	10706430	10706966	33	32	1	1
11	10706967	10718731	32	31	1	1
11	10718732	10726011	8	8	0	1
11	10726012	10736992	8	8	0	1
11	10736993	10738306	8	8	0	1
11	10738307	10822438	8	8	0	1
11	10822439	10823622	15	14	1	1
11	10823623	10908580	7	4	3	1
11	10908581	10910006	11	10	1	1
11	10910007	10931497	8	8	0	1
11	10931498	10931545	6	5	1	1
11	10931546	10933753	6	5	1	2
11	10933754	10933780	6	5	1	2
11	10933781	11622184	6	5	1	2
11	11622185	11824401	7	6	1	2
11	11824402	11883703	7	6	1	2
11	11883704	12098647	8	7	1	2
11	12098648	12100204	8	7	1	1
11	12100205	12411237	4	3	1	2
11	12411238	12671661	3	2	1	3
11	12671662	23631041	1	1	0	3
11	23631042	23651478	4	3	1	2
11	23651479	23951644	1	1	0	3
11	23951645	23979428	3	2	1	1
11	23979429	24146388	3	2	1	3
11	24146389	24148415	3	2	1	2
11	24148416	24844215	4	3	1	2
11	24844216	24969520	5	4	1	2
11	24969521	25612967	5	4	1	2
11	25612968	25862206	5	4	1	2
11	25862207	25867330	7	6	1	2
11	25867331	25980440	7	6	1	2
11	25980441	47469987	1	1	0	3
11	47469988	48660283	4	3	1	2
11	48660284	48787203	1	1	0	2
11	48787204	48985706	8	7	1	1
11	48985707	49372050	8	7	1	1
11	49372051	49539340	8	7	1	1
11	49539341	50370388	1	1	0	3
11	50370389	50375021	8	8	0	1
11	50375022	50469295	11	10	1	2
11	50469296	50480606	10	9	1	2
11	50480607	50483955	8	8	0	1
11	50483956	50597621	10	9	1	2
11	50597622	50601564	8	7	1	1
11	50601565	50650954	8	7	1	1
11	50650955	50782292	3	2	1	2
11	50782293	51480130	2	1	1	3
11	51480131	51532500	3	2	1	2
11	51532501	55699999	NA	NA	NA	NA
11	55700000	55854230	3	2	1	2
11	55854231	57876983	2	1	1	2
11	57876984	57877058	2	1	1	2
11	57877059	64547002	2	1	1	2
11	64547003	66940352	1	1	0	2
11	66940353	66963245	1	1	0	2
11	66963246	67005889	1	1	0	1
11	67005890	67060461	1	1	0	1
11	67060462	67114489	1	1	0	1
11	67114490	67129391	1	1	0	1
11	67129392	67207582	1	1	0	1
11	67207583	67443030	1	1	0	1
11	67443031	67523393	9	8	1	1
11	67523394	68091002	8	7	1	1
11	68091003	68175017	7	6	1	2
11	68175018	69110024	7	6	1	2
11	69110025	69426836	8	7	1	2
11	69426837	70658610	7	6	1	2
11	70658611	71520523	1	1	0	3
11	71520524	72176099	1	1	0	3
11	72176100	72693364	2	1	1	2
11	72693365	72693841	2	1	1	2
11	72693842	72694150	1	1	0	2
11	72694151	74172942	1	1	0	2
11	74172943	74250489	4	3	1	2
11	74250490	74250734	4	3	1	2
11	74250735	74453551	4	3	1	2
11	74453552	75510241	3	2	1	3
11	75510242	75524200	3	2	1	2
11	75524201	75524432	3	2	1	1
11	75524433	75731871	2	1	1	2
11	75731872	77298415	3	2	1	3
11	77298416	77331831	6	5	1	2
11	77331832	78415010	5	4	1	2
11	78415011	78431244	5	4	1	2
11	78431245	78494681	9	8	1	1
11	78494682	78625201	8	7	1	1
11	78625202	78914463	8	7	1	1
11	78914464	79730066	3	2	1	3
11	79730067	79996728	5	4	1	2
11	79996729	80081622	3	2	1	2
11	80081623	83968432	1	1	0	3
11	83968433	84495413	4	3	1	2
11	84495414	84509717	3	2	1	2
11	84509718	84536147	4	3	1	2
11	84536148	84541969	3	2	1	2
11	84541970	84666052	4	3	1	2
11	84666053	87151265	5	4	1	2
11	87151266	87659029	4	3	1	2
11	87659030	87745861	5	4	1	1
11	87745862	87757821	4	3	1	2
11	87757822	87783614	4	3	1	2
11	87783615	87898008	4	3	1	2
11	87898009	87935952	4	3	1	2
11	87935953	88626191	3	2	1	2
11	88626192	88691546	4	3	1	2
11	88691547	88691831	4	3	1	2
11	88691832	89453775	4	3	1	2
11	89453776	89473821	4	3	1	2
11	89473822	89518400	1	1	0	1
11	89518401	97797817	1	1	0	3
11	97797818	98108744	2	1	1	3
11	98108745	100499622	1	1	0	3
11	100499623	100513736	1	1	0	1
11	100513737	100514647	14	13	1	1
11	100514648	100951921	8	8	0	1
11	100951922	100954638	13	12	1	1
11	100954639	100960402	7	4	3	1
11	100960403	100994316	1	1	0	1
11	100994317	100994364	1	1	0	1
11	100994365	101046435	1	1	0	1
11	101046436	101211716	4	3	1	2
11	101211717	110236037	1	1	0	3
11	110236038	110366221	2	2	0	2
11	110366222	134452200	1	1	0	3
12	22500	188284	2	1	1	2
12	188285	8758560	2	1	1	3
12	8758561	11535001	2	1	1	2
12	11535002	11697554	2	1	1	2
12	11697555	33299999	2	1	1	2
12	33300000	38199999	2	1	1	2
12	38200000	40471707	2	1	1	2
12	40471708	40715085	2	1	1	2
12	40715086	46542436	2	1	1	3
12	46542437	46682737	2	1	1	2
12	46682738	101012819	2	1	1	3
12	101012820	101580093	3	2	1	3
12	101580094	132349400	2	1	1	3
12	132349401	133851894	2	1	1	3
13	1	16299999	2	2	0	1
13	16300000	19499999	2	2	0	2
13	19500000	22066252	2	2	0	3
13	22066253	23090581	0	0	0	2
13	23090582	23109173	0	0	0	2
13	23109174	24188054	0	0	0	2
13	24188055	49600370	2	2	0	3
13	49600371	49602158	2	2	0	2
13	49602159	73453032	2	2	0	3
13	73453033	73924577	2	2	0	2
13	73924578	84075449	2	2	0	3
13	84075450	84734549	2	2	0	2
13	84734550	114142800	2	2	0	2
13	114142801	115169877	2	2	0	2
14	1	16099999	2	1	1	1
14	16100000	19099999	2	1	1	2
14	19100000	20783370	2	1	1	2
14	20783371	21096814	2	1	1	2
14	21096815	21365167	2	1	1	2
14	21365168	21836145	3	2	1	3
14	21836146	35641200	2	1	1	3
14	35641201	35890385	3	2	1	2
14	35890386	54738215	2	1	1	3
14	54738216	54950484	2	1	1	2
14	54950485	68013632	2	1	1	3
14	68013633	68145069	3	2	1	3
14	68145070	70540779	2	1	1	3
14	70540780	70634945	3	2	1	1
14	70634946	71840052	2	1	1	3
14	71840053	97426770	1	1	0	2
14	97426771	97857179	3	2	1	2
14	97857180	97971456	5	4	1	2
14	97971457	98022500	4	3	1	2
14	98022501	98094491	3	2	1	2
14	98094492	99053736	3	2	1	2
14	99053737	99131573	4	3	1	2
14	99131574	100029740	3	2	1	2
14	100029741	100068764	3	2	1	2
14	100068765	100101668	3	2	1	2
14	100101669	100118764	4	3	1	2
14	100118765	100176703	4	3	1	2
14	100176704	100261252	5	4	1	2
14	100261253	100262894	6	4	2	2
14	100262895	100591922	3	2	1	2
14	100591923	100677303	4	3	1	2
14	100677304	105936935	3	2	1	2
14	105936936	105959572	4	3	1	2
14	105959573	106936755	5	3	2	2
15	1	15799999	2	1	1	1
15	15800000	20699999	2	1	1	2
15	20700000	23111503	2	1	1	2
15	23111504	35173070	2	1	1	3
15	35173071	35449803	3	2	1	2
15	35449804	50682497	2	1	1	3
15	50682498	50685881	2	1	1	3
15	50685882	83225296	2	1	1	3
15	83225297	83434731	2	1	1	2
15	83434732	97537970	2	1	1	3
15	97537971	97540402	2	1	1	3
15	97540403	97555125	2	1	1	2
15	97555126	98638736	1	1	0	3
15	98638737	100338800	2	1	1	3
15	100338801	102531391	2	1	1	3
16	84870	1069986	3	2	1	2
16	1069987	1358836	3	2	1	2
16	1358837	1360993	3	2	1	2
16	1360994	1439935	3	2	1	2
16	1439936	4330041	2	1	1	3
16	4330042	4330649	2	1	1	2
16	4330650	4341605	2	1	1	2
16	4341606	4436051	3	2	1	2
16	4436052	17779174	2	1	1	3
16	17779175	18055978	3	2	1	2
16	18055979	22155372	2	1	1	3
16	22155373	22285688	3	2	1	3
16	22285689	30787315	2	1	1	3
16	30787316	30930512	1	1	0	1
16	30930513	30932585	5	4	1	1
16	30932586	31227907	5	4	1	2
16	31227908	31549395	3	2	1	3
16	31549396	31562048	3	2	1	2
16	31562049	31568530	4	3	1	2
16	31568531	34599999	2	1	1	2
16	34600000	38599999	2	1	1	2
16	38600000	46829498	2	1	1	2
16	46829499	46831250	2	1	1	2
16	46831251	47942850	2	1	1	2
16	47942851	48080515	2	1	1	2
16	48080516	48309782	2	1	1	2
16	48309783	48767156	2	1	1	2
16	48767157	58522335	2	1	1	2
16	58522336	60180570	3	2	1	2
16	60180571	68913936	2	1	1	2
16	68913937	68999154	3	2	1	2
16	68999155	71693966	2	1	1	2
16	71693967	71931188	3	2	1	2
16	71931189	71947555	1	1	0	2
16	71947556	72512709	1	1	0	3
16	72512710	89406961	2	1	1	2
16	89406962	89802429	1	1	0	2
17	20080	2286219	1	1	0	3
17	2286220	2315360	2	2	0	1
17	2315361	4326173	1	1	0	3
17	4326174	10412128	1	1	0	3
17	10412129	10948459	2	2	0	3
17	10948460	22199999	1	1	0	3
17	22200000	25799999	NA	NA	NA	NA
17	25800000	26809016	4	3	1	2
17	26809017	27546651	1	1	0	3
17	27546652	27832018	3	2	1	2
17	27832019	28036403	2	1	1	2
17	28036404	29748979	1	1	0	3
17	29748980	29749144	1	1	0	3
17	29749145	31834005	1	1	0	3
17	31834006	31835189	1	1	0	3
17	31835190	34175824	1	1	0	3
17	34175825	34184307	1	1	0	2
17	34184308	34185348	1	1	0	1
17	34185349	34193720	1	1	0	1
17	34193721	34204547	11	10	1	1
17	34204548	34237013	11	10	1	1
17	34237014	34276876	11	10	1	1
17	34276877	34312251	8	8	0	1
17	34312252	34313292	12	11	1	1
17	34313293	34323135	8	8	0	1
17	34323136	34323771	2	2	0	1
17	34323772	34336005	8	8	0	1
17	34336006	34449581	1	1	0	2
17	34449582	35162970	2	1	1	2
17	35162971	35539892	1	1	0	2
17	35539893	36364999	1	1	0	3
17	36365000	37778377	4	3	1	2
17	37778378	37781027	4	3	1	2
17	37781028	37782357	1	1	0	1
17	37782358	37782605	34	33	1	1
17	37782606	37867333	33	32	1	1
17	37867334	37986590	33	32	1	1
17	37986591	37988848	32	31	1	1
17	37988849	37994802	7	4	3	1
17	37994803	38005825	7	4	3	1
17	38005826	38053440	32	31	1	1
17	38053441	38224541	8	8	0	1
17	38224542	38239480	7	4	3	1
17	38239481	38255386	30	30	0	1
17	38255387	45608507	1	1	0	3
17	45608508	45735099	8	7	1	1
17	45735100	45738789	5	4	1	2
17	45738790	45764555	7	6	1	2
17	45764556	45829479	4	3	1	2
17	45829480	46110487	4	3	1	2
17	46110488	46111794	4	3	1	2
17	46111795	46155057	7	6	1	1
17	46155058	46157933	4	3	1	1
17	46157934	46433621	4	3	1	2
17	46433622	46435825	1	1	0	1
17	46435826	46436657	3	2	1	1
17	46436658	48597251	3	2	1	2
17	48597252	48937287	4	3	1	2
17	48937288	48952188	6	5	1	1
17	48952189	49058099	6	4	2	2
17	49058100	49245345	5	3	2	2
17	49245346	49255004	6	3	3	1
17	49255005	49309732	9	5	4	2
17	49309733	49436244	7	5	2	2
17	49436245	49973758	6	5	1	2
17	49973759	50284184	5	4	1	2
17	50284185	50420534	3	2	1	2
17	50420535	50427648	5	4	1	2
17	50427649	50560595	3	2	1	2
17	50560596	50561133	1	1	0	1
17	50561134	50729977	2	1	1	2
17	50729978	57550968	3	2	1	2
17	57550969	57917251	4	3	1	2
17	57917252	57917420	4	3	1	2
17	57917421	57921244	4	3	1	2
17	57921245	58121690	5	4	1	3
17	58121691	66832008	3	2	1	3
17	66832009	77718002	2	1	1	3
17	77718003	77784971	2	1	1	2
17	77784972	78774600	2	1	1	2
17	78774601	81195209	2	1	1	3
18	49405	5641555	2	2	0	2
18	5641556	7440360	3	2	1	2
18	7440361	9362512	2	2	0	2
18	9362513	10602939	2	2	0	2
18	10602940	15399999	2	2	0	2
18	15400000	18999999	NA	NA	NA	NA
18	19000000	19962589	1	1	0	3
18	19962590	30816528	2	1	1	2
18	30816529	30821700	1	1	0	1
18	30821701	54855044	2	1	1	2
18	54855045	55096057	2	1	1	2
18	55096058	55906649	3	2	1	2
18	55906650	57369418	2	1	1	2
18	57369419	76117000	2	1	1	2
18	76117001	78077247	2	1	1	2
19	102500	247264	1	1	0	2
19	247265	3533366	1	1	0	3
19	3533367	3648994	2	2	0	2
19	3648995	5048947	1	1	0	3
19	5048948	5060560	3	2	1	2
19	5060561	5078681	4	3	1	2
19	5078682	7753974	1	1	0	3
19	7753975	7783470	3	2	1	2
19	7783471	8542513	1	1	0	3
19	8542514	8773976	3	2	1	2
19	8773977	10391100	2	1	1	3
19	10391101	13187345	3	2	1	2
19	13187346	13207845	3	2	1	2
19	13207846	13398689	3	2	1	3
19	13398690	13450157	4	3	1	2
19	13450158	13516403	4	3	1	2
19	13516404	13516584	4	3	1	2
19	13516585	13517524	4	3	1	2
19	13517525	13519443	3	2	1	2
19	13519444	13526515	3	2	1	2
19	13526516	15414740	3	2	1	3
19	15414741	15623251	3	2	1	2
19	15623252	16136203	4	3	1	2
19	16136204	16176015	4	3	1	2
19	16176016	16176817	4	3	1	2
19	16176818	16176910	3	2	1	2
19	16176911	16178283	3	2	1	2
19	16178284	16184266	3	2	1	2
19	16184267	16551876	3	2	1	2
19	16551877	19282157	4	3	1	2
19	19282158	19459174	3	2	1	1
19	19459175	21765246	2	1	1	2
19	21765247	21900449	3	2	1	2
19	21900450	24399999	2	1	1	2
19	24400000	28599999	NA	NA	NA	NA
19	28600000	29674951	0	0	0	2
19	29674952	29682278	1	1	0	2
19	29682279	37234649	1	1	0	3
19	37234650	37260281	0	0	0	1
19	37260282	41812339	1	1	0	3
19	41812340	42659857	1	1	0	2
19	42659858	43327500	1	1	0	2
19	43327501	48188332	1	1	0	3
19	48188333	59128982	2	1	1	3
20	17500	6838725	3	3	0	2
20	6838726	6914388	3	3	0	2
20	6914389	12916517	3	3	0	2
20	12916518	13138751	3	3	0	2
20	13138752	14162714	3	3	0	2
20	14162715	14686375	2	2	0	2
20	14686376	25056307	3	3	0	2
20	25056308	25392589	3	3	0	2
20	25392590	29399999	3	3	0	2
20	29400000	37217042	3	3	0	3
20	37217043	37219523	3	3	0	2
20	37219524	37220758	4	4	0	1
20	37220759	38638188	4	4	0	2
20	38638189	52956402	3	3	0	3
20	52956403	55140628	3	3	0	2
20	55140629	55229626	4	4	0	2
20	55229627	62432500	3	3	0	3
21	1	10899999	NA	NA	NA	NA
21	10900000	14299999	1	1	0	2
21	14300000	17533126	1	1	0	2
21	17533127	17533761	1	1	0	2
21	17533762	33868021	1	1	0	2
21	33868022	36026194	2	2	0	3
21	36026195	36386453	2	2	0	2
21	36386454	37112716	2	2	0	2
21	37112717	46937500	1	1	0	3
21	46937501	48129894	1	1	0	3
22	1	12199999	2	1	1	1
22	12200000	17899999	2	1	1	3
22	17900000	22811986	2	1	1	3
22	22811987	22830344	7	6	1	2
22	22830345	22877500	12	11	1	2
22	22877501	22934167	12	11	1	2
22	22934168	22999277	7	6	1	1
22	22999278	23323599	3	2	1	2
22	23323600	23429391	7	4	3	1
22	23429392	23528930	10	5	5	1
22	23528931	23685747	7	6	1	2
22	23685748	24139568	3	2	1	3
22	24139569	24194416	5	4	1	3
22	24194417	24381888	7	6	1	2
22	24381889	24508713	5	4	1	3
22	24508714	24848556	4	3	1	2
22	24848557	25012488	5	4	1	2
22	25012489	25132404	17	16	1	2
22	25132405	25175583	8	8	0	1
22	25175584	25336854	8	8	0	1
22	25336855	29073072	1	1	0	3
22	29073073	38002836	2	1	1	2
22	38002837	38003752	2	1	1	2
22	38003753	46221229	2	1	1	2
22	46221230	46528023	3	2	1	2
22	46528024	49691400	2	1	1	2
22	49691401	51304565	2	1	1	3
X	1	46318715	1	1	0	2
X	46318716	46320759	1	1	0	2
X	46320760	48485275	1	1	0	2
X	48485276	48504596	1	1	0	1
X	48504597	48508921	1	1	0	2
X	48508922	48513734	1	1	0	1
X	48513735	48515560	1	1	0	1
X	48515561	48523300	2	2	0	1
X	48523301	55036513	2	2	0	2
X	55036514	55267220	3	3	0	2
X	55267221	56860006	2	2	0	2
X	56860007	58099999	3	2	1	2
X	58100000	62999999	NA	NA	NA	NA
X	63000000	66568787	2	2	0	2
X	66568788	66572990	2	2	0	2
X	66572991	66577205	2	1	1	2
X	66577206	66579493	2	1	1	2
X	66579494	66816549	3	2	1	2
X	66816550	66819516	2	1	1	2
X	66819517	66826818	2	1	1	2
X	66826819	66832076	2	1	1	2
X	66832077	68058201	2	2	0	2
X	68058202	68231481	1	1	0	2
X	68231482	69894003	2	1	1	2
X	69894004	80579395	1	1	0	2
X	80579396	83051340	2	1	1	2
X	83051341	83121979	2	1	1	2
X	83121980	83397009	1	1	0	2
X	83397010	84029265	2	1	1	2
X	84029266	112769601	1	1	0	2
X	112769602	124215703	2	2	0	2
X	124215704	124220333	2	2	0	2
X	124220334	129056259	2	2	0	2
X	129056260	129599669	2	2	0	2
X	129599670	152943779	2	2	0	2
X	152943780	153232025	3	3	0	2
X	153232026	154913600	2	2	0	2
