chromosome	start	end	total_cn	major_cn	minor_cn	star
1	802133	5231582	1	1	0	2
1	5231583	30389201	1	1	0	2
1	30389202	31400013	2	1	1	2
1	31400014	32019949	3	2	1	2
1	32019950	37789973	1	1	0	2
1	37789974	39336310	3	2	1	2
1	39336311	40354818	2	1	1	2
1	40354819	47952499	3	2	1	2
1	47952500	53796506	2	2	0	2
1	53796507	56931855	1	1	0	2
1	56931856	57203441	1	1	0	2
1	57203442	57377171	1	1	0	2
1	57377172	58218728	1	1	0	2
1	58218729	67223520	1	1	0	2
1	67223521	75050039	2	2	0	2
1	75050040	78783471	2	2	0	2
1	78783472	80249993	2	2	0	2
1	80249994	80342449	2	2	0	2
1	80342450	80651388	2	2	0	2
1	80651389	82479933	2	2	0	2
1	82479934	83096902	2	2	0	2
1	83096903	83989997	2	2	0	1
1	83989998	87436901	2	2	0	2
1	87436902	88979998	1	1	0	2
1	88979999	98684553	1	1	0	2
1	98684554	99869828	1	1	0	2
1	99869829	100160004	1	1	0	2
1	100160005	103264137	1	1	0	2
1	103264138	106685301	1	1	0	2
1	106685302	107081301	1	1	0	2
1	107081302	107530301	1	1	0	2
1	107530302	118810019	1	1	0	2
1	118810020	120345914	1	1	0	2
1	120345915	121499999	2	1	1	2
1	121500000	128899999	2	1	1	2
1	128900000	143178938	2	1	1	2
1	143178939	147779894	2	1	1	2
1	147779895	163050005	2	1	1	2
1	163050006	169036439	2	1	1	2
1	169036440	175460061	2	1	1	1
1	175460062	177315661	2	1	1	2
1	177315662	177469705	2	1	1	2
1	177469706	188550000	2	1	1	2
1	188550001	192675705	2	1	1	2
1	192675706	193682062	1	1	0	2
1	193682063	196272897	2	1	1	2
1	196272898	197948434	2	1	1	2
1	197948435	198359970	2	1	1	2
1	198359971	208477273	2	1	1	2
1	208477274	208609998	2	1	1	1
1	208609999	208676273	2	1	1	2
1	208676274	208789981	2	1	1	1
1	208789982	215420747	2	1	1	2
1	215420748	216059942	2	1	1	2
1	216059943	219966592	2	1	1	2
1	219966593	220031131	2	1	1	1
1	220031132	224083655	2	1	1	2
1	224083656	249250620	2	1	1	2
2	26844	4469984	2	1	1	2
2	4469985	4594088	2	1	1	2
2	4594089	14749079	2	1	1	2
2	14749080	19630000	2	1	1	2
2	19630001	22798485	2	1	1	2
2	22798486	29847957	2	1	1	2
2	29847958	29919953	2	1	1	2
2	29919954	41292516	2	1	1	2
2	41292517	41462771	2	1	1	2
2	41462772	41636613	2	1	1	2
2	41636614	41711466	2	1	1	2
2	41711467	41889157	2	1	1	2
2	41889158	41951361	2	1	1	2
2	41951362	42060005	2	1	1	1
2	42060006	49500115	2	1	1	2
2	49500116	49567945	2	1	1	2
2	49567946	50972884	2	1	1	2
2	50972885	51295728	2	1	1	1
2	51295729	53119297	2	1	1	2
2	53119298	53219986	2	1	1	1
2	53219987	56436522	2	1	1	2
2	56436523	57146731	2	1	1	2
2	57146732	57242888	4	2	2	2
2	57242889	58356413	2	1	1	2
2	58356414	58934223	2	1	1	2
2	58934224	59123660	2	1	1	2
2	59123661	66301710	2	1	1	2
2	66301711	66849869	2	1	1	2
2	66849870	67073367	2	1	1	2
2	67073368	70847597	2	1	1	2
2	70847598	77179872	2	1	1	2
2	77179873	79843397	2	1	1	2
2	79843398	81021084	2	1	1	2
2	81021085	81180092	2	1	1	2
2	81180093	81899897	2	1	1	2
2	81899898	84729890	2	1	1	2
2	84729891	86607000	2	1	1	2
2	86607001	87095380	2	1	1	2
2	87095381	90239997	2	1	1	2
2	90239998	96799999	2	1	1	2
2	96800000	107939977	2	1	1	2
2	107939978	111716977	2	1	1	2
2	111716978	111984371	2	1	1	2
2	111984372	113517500	2	1	1	2
2	113517501	115356988	2	1	1	2
2	115356989	117662993	2	1	1	2
2	117662994	117800650	2	1	1	2
2	117800651	123510060	2	1	1	2
2	123510061	124475045	2	1	1	1
2	124475046	124522980	2	1	1	2
2	124522981	125602500	2	1	1	2
2	125602501	138876795	1	1	0	2
2	138876796	139830576	1	1	0	2
2	139830577	140002688	2	2	0	2
2	140002689	140270726	1	1	0	2
2	140270727	140936821	1	1	0	2
2	140936822	141723062	1	1	0	2
2	141723063	141780771	1	1	0	2
2	141780772	142829998	1	1	0	2
2	142829999	146529988	1	1	0	2
2	146529989	146783835	1	1	0	2
2	146783836	146880030	1	1	0	2
2	146880031	147041681	1	1	0	2
2	147041682	147259858	1	1	0	2
2	147259859	147379849	1	1	0	2
2	147379850	150511212	1	1	0	2
2	150511213	150739974	3	2	1	2
2	150739975	151560002	1	1	0	2
2	151560003	155179748	1	1	0	2
2	155179749	155849960	1	1	0	2
2	155849961	156959989	1	1	0	2
2	156959990	159016514	1	1	0	2
2	159016515	161479957	1	1	0	2
2	161479958	163350405	1	1	0	2
2	163350406	163795956	1	1	0	2
2	163795957	163850019	1	1	0	2
2	163850020	163920092	1	1	0	2
2	163920093	164009976	1	1	0	2
2	164009977	167529827	1	1	0	2
2	167529828	167585957	2	2	0	2
2	167585958	170909987	1	1	0	2
2	170909988	177973219	1	1	0	2
2	177973220	179395503	1	1	0	2
2	179395504	179669966	2	2	0	1
2	179669967	185095008	2	2	0	2
2	185095009	187422744	1	1	0	2
2	187422745	187525674	1	1	0	2
2	187525675	187984952	2	2	0	2
2	187984953	188179739	2	2	0	2
2	188179740	192919981	2	2	0	2
2	192919982	193555573	2	2	0	2
2	193555574	194380761	1	1	0	2
2	194380762	195810002	1	1	0	2
2	195810003	198749687	1	1	0	2
2	198749688	221521706	2	2	0	2
2	221521707	226279987	4	2	2	2
2	226279988	226453361	1	1	0	2
2	226453362	226847905	2	2	0	2
2	226847906	227380003	1	1	0	2
2	227380004	227489960	4	3	1	2
2	227489961	242986605	1	1	0	2
3	100019	996742	2	1	1	2
3	996743	4329889	2	1	1	2
3	4329890	5847582	2	1	1	2
3	5847583	6389435	2	1	1	2
3	6389436	6501775	1	1	0	1
3	6501776	17099999	2	1	1	2
3	17100000	17450034	2	1	1	2
3	17450035	18599960	2	1	1	2
3	18599961	18877668	2	1	1	1
3	18877669	19313589	2	1	1	1
3	19313590	19459882	2	1	1	2
3	19459883	21904937	2	1	1	2
3	21904938	22083451	2	1	1	2
3	22083452	22200006	2	1	1	2
3	22200007	22239938	2	1	1	2
3	22239939	22371358	2	1	1	2
3	22371359	23665008	2	1	1	2
3	23665009	30281548	2	1	1	2
3	30281549	31556049	2	1	1	2
3	31556050	34309233	2	1	1	2
3	34309234	35653913	2	1	1	2
3	35653914	35698319	2	1	1	1
3	35698320	46112499	2	1	1	2
3	46112500	46368689	2	2	0	1
3	46368690	58252499	1	1	0	1
3	58252500	59240017	2	1	1	1
3	59240018	59409524	2	1	1	1
3	59409525	59492186	4	3	1	2
3	59492187	60590000	3	2	1	2
3	60590001	61400006	2	1	1	1
3	61400007	62640018	2	1	1	1
3	62640019	63320000	3	2	1	2
3	63320001	64810008	3	2	1	2
3	64810009	64990012	3	2	1	2
3	64990013	65091404	1	1	0	1
3	65091405	68219981	3	2	1	2
3	68219982	70219973	3	2	1	2
3	70219974	70539998	3	2	1	2
3	70539999	71330948	3	2	1	2
3	71330949	74125730	1	1	0	2
3	74125731	74196658	2	1	1	2
3	74196659	75377276	2	1	1	2
3	75377277	75569370	1	1	0	2
3	75569371	77922499	2	1	1	2
3	77922500	78506940	1	1	0	2
3	78506941	79582466	2	1	1	2
3	79582467	79788660	2	1	1	1
3	79788661	83030045	2	1	1	2
3	83030046	84410095	2	1	1	2
3	84410096	84488160	2	1	1	2
3	84488161	85310017	2	1	1	2
3	85310018	87899999	2	1	1	2
3	87900000	94608129	NA	NA	NA	NA
3	94608130	97349989	1	1	0	2
3	97349990	97939995	1	1	0	2
3	97939996	98804923	1	1	0	2
3	98804924	98854995	1	1	0	2
3	98854996	99386130	1	1	0	2
3	99386131	99490013	1	1	0	2
3	99490014	100980013	1	1	0	2
3	100980014	102009997	1	1	0	2
3	102009998	103620181	1	1	0	2
3	103620182	104075177	1	1	0	2
3	104075178	104909994	1	1	0	2
3	104909995	105040857	4	3	1	2
3	105040858	111620008	1	1	0	2
3	111620009	114069976	1	1	0	2
3	114069977	115837499	1	1	0	2
3	115837500	117389933	1	1	0	1
3	117389934	130164042	1	1	0	2
3	130164043	131290000	1	1	0	2
3	131290001	131429943	1	1	0	2
3	131429944	131520087	1	1	0	2
3	131520088	139454806	1	1	0	2
3	139454807	143302724	1	1	0	2
3	143302725	145716916	1	1	0	2
3	145716917	154899992	1	1	0	2
3	154899993	156036850	1	1	0	2
3	156036851	158830991	4	2	2	2
3	158830992	160320907	1	1	0	2
3	160320908	160377455	2	2	0	1
3	160377456	161229949	4	2	2	2
3	161229950	162080053	1	1	0	1
3	162080054	165859716	1	1	0	2
3	165859717	165927929	5	4	1	2
3	165927930	166009984	1	1	0	1
3	166009985	166960027	1	1	0	2
3	166960028	167276468	1	1	0	2
3	167276469	167299485	1	1	0	2
3	167299486	167636685	1	1	0	2
3	167636686	167729609	5	4	1	2
3	167729610	168079983	1	1	0	2
3	168079984	173276094	1	1	0	2
3	173276095	174078488	1	1	0	2
3	174078489	176375602	1	1	0	2
3	176375603	176538203	1	1	0	2
3	176538204	177641024	1	1	0	2
3	177641025	193045131	1	1	0	2
3	193045132	193069939	1	1	0	2
3	193069940	198022429	1	1	0	2
4	64009	9057756	2	1	1	2
4	9057757	11353598	2	1	1	2
4	11353599	12427801	2	1	1	2
4	12427802	13911289	2	1	1	2
4	13911290	13989985	2	1	1	2
4	13989986	18855193	2	1	1	2
4	18855194	19820022	2	1	1	2
4	19820023	23680105	2	1	1	2
4	23680106	23731943	2	1	1	1
4	23731944	27982649	2	1	1	2
4	27982650	31249921	2	1	1	2
4	31249922	35599948	2	1	1	2
4	35599949	35889992	2	1	1	2
4	35889993	36099970	2	1	1	2
4	36099971	37209927	2	1	1	2
4	37209928	37239983	2	1	1	2
4	37239984	43015372	2	1	1	2
4	43015373	43170284	2	1	1	2
4	43170285	44948666	2	1	1	2
4	44948667	45084149	2	1	1	2
4	45084150	46190016	2	1	1	2
4	46190017	47153793	2	1	1	2
4	47153794	48199999	2	1	1	2
4	48200000	52699999	2	1	1	2
4	52700000	55979983	2	1	1	2
4	55979984	57076318	2	1	1	2
4	57076319	58195538	2	1	1	1
4	58195539	59970040	1	1	0	2
4	59970041	63679562	1	1	0	2
4	63679563	64511028	1	1	0	2
4	64511029	65823022	1	1	0	2
4	65823023	68709910	1	1	0	2
4	68709911	69641000	1	1	0	2
4	69641001	69949338	2	2	0	2
4	69949339	70105958	1	1	0	2
4	70105959	70243877	1	1	0	2
4	70243878	71069719	1	1	0	2
4	71069720	72010126	1	1	0	2
4	72010127	72054188	1	1	0	2
4	72054189	72451147	1	1	0	2
4	72451148	73663425	1	1	0	2
4	73663426	73740042	1	1	0	2
4	73740043	75363263	1	1	0	2
4	75363264	78170016	1	1	0	2
4	78170017	84969949	1	1	0	2
4	84969950	97590014	1	1	0	2
4	97590015	100073794	1	1	0	2
4	100073795	101469061	2	1	1	1
4	101469062	101489221	2	1	1	1
4	101489222	102982054	2	1	1	2
4	102982055	103519364	2	1	1	2
4	103519365	104890028	2	1	1	2
4	104890029	105580030	2	1	1	2
4	105580031	109147753	1	1	0	2
4	109147754	111581617	2	1	1	2
4	111581618	111755641	2	1	1	2
4	111755642	112442069	2	1	1	1
4	112442070	114767499	2	1	1	2
4	114767500	114921049	3	2	1	2
4	114921050	115698701	3	2	1	2
4	115698702	115920678	3	2	1	2
4	115920679	115996657	3	2	1	1
4	115996658	116267348	3	2	1	2
4	116267349	116300184	3	2	1	2
4	116300185	116647500	3	2	1	2
4	116647501	116900023	2	1	1	2
4	116900024	117157500	2	1	1	2
4	117157501	117814043	1	1	0	2
4	117814044	118045349	1	1	0	2
4	118045350	118157776	1	1	0	2
4	118157777	123674622	1	1	0	2
4	123674623	124107640	2	1	1	2
4	124107641	124720009	1	1	0	2
4	124720010	125779972	1	1	0	2
4	125779973	127552499	1	1	0	2
4	127552500	136650102	1	1	0	2
4	136650103	136719999	1	1	0	2
4	136720000	137920067	1	1	0	2
4	137920068	144083532	1	1	0	2
4	144083533	150210006	1	1	0	2
4	150210007	156333808	1	1	0	2
4	156333809	156443522	1	1	0	2
4	156443523	167289990	1	1	0	2
4	167289991	171252588	1	1	0	2
4	171252589	171695237	1	1	0	2
4	171695238	190749943	1	1	0	2
5	63011	799604	5	4	1	2
5	799605	1926500	5	4	1	2
5	1926501	15833995	4	3	1	1
5	15833996	26660066	5	4	1	2
5	26660067	46099999	4	3	1	2
5	46100000	50699999	NA	NA	NA	NA
5	50700000	52590033	1	1	0	2
5	52590034	52687201	1	1	0	2
5	52687202	62920987	1	1	0	2
5	62920988	63424997	1	1	0	2
5	63424998	71539982	1	1	0	2
5	71539983	75940003	1	1	0	2
5	75940004	76340021	4	3	1	2
5	76340022	81979982	1	1	0	2
5	81979983	85719193	1	1	0	2
5	85719194	89592630	1	1	0	2
5	89592631	90332500	3	2	1	2
5	90332501	91395141	1	1	0	2
5	91395142	91453825	6	5	1	1
5	91453826	92357499	6	5	1	2
5	92357500	92529986	2	1	1	2
5	92529987	98611848	1	1	0	2
5	98611849	102727020	1	1	0	2
5	102727021	102897326	1	1	0	2
5	102897327	106079973	1	1	0	2
5	106079974	106129268	1	1	0	2
5	106129269	106249899	2	1	1	2
5	106249900	111290043	1	1	0	2
5	111290044	117137273	1	1	0	2
5	117137274	117899996	1	1	0	2
5	117899997	119464120	1	1	0	2
5	119464121	120961438	1	1	0	2
5	120961439	121110017	1	1	0	2
5	121110018	123479893	1	1	0	2
5	123479894	124603483	1	1	0	2
5	124603484	125223135	1	1	0	2
5	125223136	127800979	1	1	0	2
5	127800980	129099040	2	2	0	2
5	129099041	129212311	2	2	0	1
5	129212312	142159983	2	2	0	2
5	142159984	144175334	2	2	0	2
5	144175335	147461462	2	2	0	2
5	147461463	147512976	2	2	0	2
5	147512977	152047811	2	2	0	2
5	152047812	152252480	2	2	0	2
5	152252481	152539866	2	2	0	2
5	152539867	154739992	2	2	0	2
5	154739993	155170024	2	2	0	2
5	155170025	156037071	2	2	0	2
5	156037072	156129904	2	2	0	2
5	156129905	161230057	2	2	0	2
5	161230058	161265550	2	2	0	2
5	161265551	163729948	2	2	0	2
5	163729949	163830032	2	2	0	2
5	163830033	166895267	2	2	0	2
5	166895268	178832503	2	2	0	2
5	178832504	179038987	4	2	2	1
5	179038988	180711440	2	2	0	1
6	212500	13060026	1	1	0	2
6	13060027	18730000	1	1	0	2
6	18730001	47336382	1	1	0	2
6	47336383	47369959	1	1	0	2
6	47369960	48440003	1	1	0	2
6	48440004	48625634	1	1	0	2
6	48625635	51297411	1	1	0	2
6	51297412	54469980	1	1	0	2
6	54469981	55230121	1	1	0	2
6	55230122	55544229	1	1	0	2
6	55544230	58047301	1	1	0	2
6	58047302	58699999	1	1	0	2
6	58700000	63299999	1	1	0	1
6	63300000	63660083	1	1	0	1
6	63660084	65528075	1	1	0	2
6	65528076	67513797	1	1	0	2
6	67513798	67619961	1	1	0	1
6	67619962	67729941	1	1	0	2
6	67729942	67970005	1	1	0	2
6	67970006	69737006	1	1	0	2
6	69737007	72359953	1	1	0	2
6	72359954	74174360	1	1	0	2
6	74174361	74819986	2	1	1	2
6	74819987	75049646	2	1	1	2
6	75049647	78216087	1	1	0	2
6	78216088	78325412	2	2	0	2
6	78325413	82483238	1	1	0	2
6	82483239	85049995	1	1	0	2
6	85049996	85290050	1	1	0	2
6	85290051	91394201	1	1	0	2
6	91394202	99131511	1	1	0	2
6	99131512	100640248	1	1	0	2
6	100640249	100871922	1	1	0	2
6	100871923	105131153	1	1	0	2
6	105131154	110075006	1	1	0	2
6	110075007	119830027	1	1	0	2
6	119830028	124415546	1	1	0	2
6	124415547	125359920	1	1	0	2
6	125359921	133367450	1	1	0	2
6	133367451	142835046	1	1	0	2
6	142835047	150733855	1	1	0	2
6	150733856	166400490	1	1	0	2
6	166400491	167379423	0	0	0	2
6	167379424	170915126	1	1	0	2
7	52809	6900787	3	2	1	2
7	6900788	8815997	3	2	1	2
7	8815998	9620077	2	1	1	1
7	9620078	11256265	2	1	1	1
7	11256266	11304350	2	1	1	1
7	11304351	11685277	2	1	1	1
7	11685278	11812801	2	1	1	2
7	11812802	12369992	3	2	1	2
7	12369993	12528783	2	1	1	2
7	12528784	14990061	2	1	1	2
7	14990062	15090051	2	1	1	1
7	15090052	20610029	1	1	0	2
7	20610030	20661139	2	1	1	2
7	20661140	21590736	2	1	1	2
7	21590737	31869994	1	1	0	2
7	31869995	40489960	1	1	0	2
7	40489961	48181985	1	1	0	2
7	48181986	49074268	2	1	1	2
7	49074269	49297291	2	1	1	1
7	49297292	49702500	2	1	1	2
7	49702501	50295209	2	1	1	2
7	50295210	54270069	2	1	1	2
7	54270070	57982499	2	1	1	2
7	57982500	61699999	2	1	1	2
7	61700000	78830024	2	1	1	2
7	78830025	84102255	2	1	1	2
7	84102256	84702757	2	1	1	2
7	84702758	86156852	2	1	1	2
7	86156853	87173666	2	1	1	2
7	87173667	89704995	2	1	1	2
7	89704996	90320773	2	1	1	2
7	90320774	92779979	2	1	1	2
7	92779980	92850072	2	1	1	2
7	92850073	93359948	2	1	1	2
7	93359949	93830019	2	1	1	2
7	93830020	96229999	2	1	1	2
7	96230000	110360022	2	1	1	2
7	110360023	114428062	2	1	1	1
7	114428063	115192327	2	1	1	2
7	115192328	115302699	3	2	1	2
7	115302700	117539998	2	1	1	2
7	117539999	124154976	2	1	1	2
7	124154977	129190192	2	1	1	2
7	129190193	130582131	1	1	0	2
7	130582132	135977243	1	1	0	2
7	135977244	136720047	2	1	1	2
7	136720048	150870555	2	1	1	2
7	150870556	159138662	1	1	0	1
8	162268	4871543	1	1	0	2
8	4871544	5564818	1	1	0	2
8	5564819	5601836	1	1	0	2
8	5601837	5688740	1	1	0	2
8	5688741	5729988	1	1	0	2
8	5729989	8071616	1	1	0	2
8	8071617	12634804	1	1	0	2
8	12634805	13820017	1	1	0	2
8	13820018	14400009	1	1	0	2
8	14400010	14551385	1	1	0	2
8	14551386	15858728	1	1	0	2
8	15858729	16120011	1	1	0	2
8	16120012	16355881	1	1	0	1
8	16355882	23932867	1	1	0	2
8	23932868	24089693	3	2	1	2
8	24089694	24250001	1	1	0	2
8	24250002	24609884	1	1	0	2
8	24609885	43099999	1	1	0	2
8	43100000	48099999	NA	NA	NA	NA
8	48100000	58150000	1	1	0	2
8	58150001	62850009	1	1	0	2
8	62850010	63022770	2	2	0	2
8	63022771	64291807	1	1	0	2
8	64291808	77815021	1	1	0	2
8	77815022	84457499	1	1	0	2
8	84457500	85370014	2	2	0	2
8	85370015	85874998	2	2	0	2
8	85874999	89945009	2	2	0	2
8	89945010	91391639	2	2	0	2
8	91391640	94159911	2	2	0	2
8	94159912	100317499	2	2	0	2
8	100317500	102352499	2	1	1	2
8	102352500	102802533	2	2	0	2
8	102802534	102872500	2	1	1	1
8	102872501	103138665	1	1	0	2
8	103138666	106716057	2	1	1	1
8	106716058	107514060	2	1	1	1
8	107514061	108020061	2	1	1	1
8	108020062	108255021	2	1	1	1
8	108255022	108476545	2	1	1	2
8	108476546	109569978	2	1	1	1
8	109569979	109667628	2	1	1	1
8	109667629	109910557	2	1	1	1
8	109910558	110410678	2	1	1	1
8	110410679	110548447	2	1	1	1
8	110548448	119253457	2	1	1	1
8	119253458	119400157	4	2	2	2
8	119400158	120294817	2	1	1	2
8	120294818	120350887	2	1	1	2
8	120350888	122003236	2	1	1	1
8	122003237	122120021	2	1	1	2
8	122120022	123063401	2	1	1	2
8	123063402	123354246	4	2	2	2
8	123354247	123506500	2	1	1	1
8	123506501	128070899	2	1	1	1
8	128070900	128100924	2	1	1	1
8	128100925	128184175	2	1	1	1
8	128184176	129125460	2	1	1	1
8	129125461	129661823	2	1	1	2
8	129661824	129993563	2	1	1	1
8	129993564	130414325	2	1	1	2
8	130414326	130492908	2	1	1	2
8	130492909	132714375	2	1	1	2
8	132714376	132885104	2	1	1	2
8	132885105	134980004	2	1	1	2
8	134980005	135342778	2	1	1	1
8	135342779	135399986	2	1	1	2
8	135399987	136205473	2	1	1	2
8	136205474	136378893	2	1	1	2
8	136378894	137322943	2	1	1	2
8	137322944	137425863	3	2	1	2
8	137425864	140165886	3	2	1	2
8	140165887	146364021	2	1	1	2
9	1	1719810	0	0	0	2
9	1719811	3060113	1	1	0	2
9	3060114	9327679	1	1	0	2
9	9327680	10079844	1	1	0	2
9	10079845	10380006	1	1	0	2
9	10380007	10390003	1	1	0	2
9	10390004	11343488	1	1	0	2
9	11343489	11623207	1	1	0	1
9	11623208	11781448	2	1	1	2
9	11781449	16024385	1	1	0	2
9	16024386	17740018	1	1	0	1
9	17740019	19655435	1	1	0	2
9	19655436	19768999	1	1	0	2
9	19769000	19982728	1	1	0	2
9	19982729	20058238	1	1	0	2
9	20058239	21643816	1	1	0	2
9	21643817	22304682	0	0	0	2
9	22304683	23130234	1	1	0	2
9	23130235	23639954	1	1	0	2
9	23639955	23769992	1	1	0	2
9	23769993	24019976	1	1	0	2
9	24019977	25991104	1	1	0	2
9	25991105	28157403	1	1	0	2
9	28157404	30849985	1	1	0	2
9	30849986	30890004	3	2	1	2
9	30890005	33021999	1	1	0	2
9	33022000	36832500	1	1	0	2
9	36832501	47299999	1	1	0	2
9	47300000	50699999	NA	NA	NA	NA
9	50700000	71064809	2	1	1	2
9	71064810	73303072	2	1	1	2
9	73303073	73777319	2	1	1	2
9	73777320	76492502	2	1	1	2
9	76492503	78309993	2	1	1	1
9	78309994	83284690	2	1	1	2
9	83284691	87791290	2	1	1	2
9	87791291	103984328	2	1	1	2
9	103984329	104618487	2	1	1	2
9	104618488	104792027	2	1	1	2
9	104792028	104880122	2	1	1	2
9	104880123	106800015	2	1	1	1
9	106800016	108439423	2	1	1	2
9	108439424	109649962	2	1	1	2
9	109649963	110974432	2	1	1	2
9	110974433	111120859	2	1	1	1
9	111120860	111207480	2	1	1	2
9	111207481	112538099	2	1	1	2
9	112538100	113562648	2	1	1	1
9	113562649	117979984	2	1	1	2
9	117979985	118159998	2	1	1	2
9	118159999	118318448	4	2	2	2
9	118318449	118980021	2	1	1	1
9	118980022	119775482	2	1	1	2
9	119775483	121419899	2	1	1	1
9	121419900	122244755	2	1	1	2
9	122244756	122309977	2	1	1	1
9	122309978	122660005	2	1	1	2
9	122660006	124359756	2	1	1	2
9	124359757	141213430	2	1	1	2
10	102500	5223887	2	1	1	2
10	5223888	10527845	2	1	1	2
10	10527846	19022965	2	1	1	2
10	19022966	19880094	2	1	1	2
10	19880095	24293428	2	1	1	2
10	24293429	24760603	2	1	1	2
10	24760604	33394656	1	1	0	2
10	33394657	37999999	1	1	0	2
10	38000000	42434322	1	1	0	2
10	42434323	42655064	1	1	0	1
10	42655065	52055244	1	1	0	2
10	52055245	53349969	1	1	0	2
10	53349970	54836875	1	1	0	2
10	54836876	57801150	1	1	0	2
10	57801151	62300045	1	1	0	2
10	62300046	67119994	1	1	0	2
10	67119995	78958090	1	1	0	2
10	78958091	79100062	1	1	0	2
10	79100063	89899946	1	1	0	2
10	89899947	90249970	1	1	0	2
10	90249971	91881607	1	1	0	2
10	91881608	92300054	1	1	0	1
10	92300055	109120084	1	1	0	2
10	109120085	109530291	1	1	0	2
10	109530292	110368059	1	1	0	2
10	110368060	110594144	2	2	0	2
10	110594145	110666369	2	2	0	2
10	110666370	110773811	2	2	0	2
10	110773812	112950014	1	1	0	2
10	112950015	120272270	1	1	0	2
10	120272271	135534746	1	1	0	2
11	202397	7884997	2	1	1	2
11	7884998	7969995	2	1	1	2
11	7969996	14946787	2	1	1	2
11	14946788	15775112	2	1	1	2
11	15775113	21050022	2	1	1	2
11	21050023	21629731	2	1	1	1
11	21629732	22221635	2	1	1	2
11	22221636	22470757	2	1	1	2
11	22470758	24461628	2	1	1	2
11	24461629	27856290	2	1	1	2
11	27856291	28106355	2	1	1	2
11	28106356	29679965	2	1	1	2
11	29679966	30360104	2	1	1	2
11	30360105	30780024	2	1	1	2
11	30780025	37049994	2	1	1	2
11	37049995	40060012	2	1	1	2
11	40060013	43280052	2	1	1	2
11	43280053	48940831	2	1	1	2
11	48940832	50213322	2	1	1	2
11	50213323	50377887	2	1	1	2
11	50377888	51558320	2	1	1	2
11	51558321	55699999	2	1	1	2
11	55700000	55839964	2	1	1	2
11	55839965	79989954	2	1	1	2
11	79989955	80919958	2	1	1	2
11	80919959	82089996	2	1	1	2
11	82089997	83512221	2	1	1	2
11	83512222	84519448	2	1	1	2
11	84519449	84632574	2	1	1	2
11	84632575	88460172	2	1	1	2
11	88460173	89187702	2	1	1	2
11	89187703	90879959	2	1	1	2
11	90879960	90940052	2	1	1	2
11	90940053	91828320	2	1	1	2
11	91828321	91972030	2	1	1	2
11	91972031	92329957	2	1	1	1
11	92329958	93390001	2	1	1	2
11	93390002	93810766	2	1	1	1
11	93810767	95301266	2	1	1	2
11	95301267	97790001	2	1	1	2
11	97790002	122010088	2	1	1	2
11	122010089	126820017	2	1	1	2
11	126820018	126900000	1	1	0	1
11	126900001	127869906	2	1	1	2
11	127869907	134152347	2	1	1	2
12	110107	11972500	4	3	1	2
12	11972501	13816010	4	3	1	2
12	13816011	13890752	4	3	1	1
12	13890753	15138940	4	3	1	2
12	15138941	15160021	4	3	1	2
12	15160022	16854519	4	3	1	2
12	16854520	18239977	4	3	1	2
12	18239978	18358460	4	3	1	2
12	18358461	21179989	4	3	1	2
12	21179990	21242299	7	5	2	2
12	21242300	23646622	4	3	1	2
12	23646623	28250026	4	3	1	2
12	28250027	29029982	4	3	1	2
12	29029983	29171721	4	3	1	2
12	29171722	30010186	4	3	1	2
12	30010187	33299999	4	3	1	2
12	33300000	38940048	NA	NA	NA	NA
12	38940049	40992233	1	1	0	2
12	40992234	41629977	1	1	0	2
12	41629978	51733289	1	1	0	2
12	51733290	58847091	2	1	1	2
12	58847092	59742111	2	1	1	2
12	59742112	59960845	4	2	2	2
12	59960846	60410044	2	1	1	2
12	60410045	61196806	2	1	1	2
12	61196807	61720076	2	1	1	2
12	61720077	61768600	2	1	1	1
12	61768601	62140946	2	1	1	1
12	62140947	62247301	2	1	1	1
12	62247302	66961019	2	1	1	2
12	66961020	67295655	2	1	1	2
12	67295656	67905469	2	1	1	2
12	67905470	71568822	2	1	1	2
12	71568823	73092322	2	1	1	2
12	73092323	75939948	2	1	1	2
12	75939949	76058314	2	1	1	1
12	76058315	77752057	2	1	1	2
12	77752058	77789182	2	1	1	2
12	77789183	77868060	2	1	1	2
12	77868061	79590065	2	1	1	2
12	79590066	79775358	2	1	1	2
12	79775359	81953627	2	1	1	2
12	81953628	82097188	2	1	1	2
12	82097189	83730028	2	1	1	2
12	83730029	83960010	4	2	2	2
12	83960011	84387499	2	1	1	2
12	84387500	84909994	1	1	0	2
12	84909995	88336346	1	1	0	2
12	88336347	90038977	1	1	0	2
12	90038978	90859942	1	1	0	2
12	90859943	91281657	1	1	0	2
12	91281658	97722446	1	1	0	2
12	97722447	97740013	1	1	0	2
12	97740014	103786928	1	1	0	2
12	103786929	106176999	1	1	0	2
12	106177000	106399522	2	2	0	2
12	106399523	114540027	1	1	0	2
12	114540028	114710460	2	2	0	2
12	114710461	133851894	1	1	0	2
13	1	16299999	NA	NA	NA	NA
13	16300000	19499999	1	1	0	2
13	19500000	35230735	2	1	1	2
13	35230736	47580001	2	1	1	2
13	47580002	54459956	2	1	1	2
13	54459957	54839988	2	1	1	2
13	54839989	61488567	2	1	1	2
13	61488568	62686322	1	1	0	2
13	62686323	66975305	1	1	0	2
13	66975306	68290038	2	1	1	2
13	68290039	70360020	2	1	1	2
13	70360021	75736157	2	1	1	2
13	75736158	77189331	2	1	1	2
13	77189332	77701892	2	1	1	2
13	77701893	78781239	2	1	1	2
13	78781240	78868312	2	1	1	2
13	78868313	79359423	2	1	1	2
13	79359424	80643642	2	1	1	2
13	80643643	84735957	2	1	1	2
13	84735958	86552499	2	1	1	2
13	86552500	88891359	1	1	0	2
13	88891360	94101293	1	1	0	2
13	94101294	102099979	1	1	0	2
13	102099980	102152193	1	1	0	2
13	102152194	103849985	1	1	0	2
13	103849986	104120008	1	1	0	2
13	104120009	105840795	1	1	0	2
13	105840796	115169877	1	1	0	2
14	1	16099999	NA	NA	NA	NA
14	16100000	19099999	6	5	1	1
14	19100000	19646670	4	3	1	1
14	19646671	20262500	3	3	0	1
14	20262501	20377940	3	3	0	1
14	20377941	20525133	9	6	3	1
14	20525134	20715468	2	2	0	2
14	20715469	21350068	3	3	0	2
14	21350069	21847499	1	1	0	2
14	21847500	22359271	2	2	0	2
14	22359272	22451046	2	2	0	1
14	22451047	23692499	24	24	0	1
14	23692500	23988810	6	6	0	1
14	23988811	26810048	1	1	0	2
14	26810049	28178474	1	1	0	2
14	28178475	33149209	1	1	0	2
14	33149210	33859966	1	1	0	2
14	33859967	33960008	1	1	0	1
14	33960009	34483613	1	1	0	2
14	34483614	39055004	1	1	0	2
14	39055005	39147268	1	1	0	2
14	39147269	40385689	1	1	0	2
14	40385690	41526232	1	1	0	2
14	41526233	43421459	1	1	0	2
14	43421460	44013511	1	1	0	2
14	44013512	44654165	1	1	0	2
14	44654166	46413617	1	1	0	2
14	46413618	46589265	1	1	0	1
14	46589266	48814985	1	1	0	2
14	48814986	54438122	1	1	0	2
14	54438123	56521665	1	1	0	2
14	56521666	56810258	1	1	0	2
14	56810259	56882646	1	1	0	1
14	56882647	62809968	1	1	0	2
14	62809969	71010033	1	1	0	2
14	71010034	78765614	1	1	0	2
14	78765615	78836111	2	2	0	2
14	78836112	80049967	1	1	0	2
14	80049968	80101781	1	1	0	2
14	80101782	80658261	1	1	0	2
14	80658262	83893762	1	1	0	2
14	83893763	85450280	1	1	0	2
14	85450281	85548131	1	1	0	2
14	85548132	86279990	1	1	0	2
14	86279991	86555086	1	1	0	2
14	86555087	87073109	1	1	0	2
14	87073110	87357558	1	1	0	2
14	87357559	107349539	1	1	0	2
15	1	15799999	NA	NA	NA	NA
15	15800000	20699999	2	1	1	2
15	20700000	22514706	2	1	1	2
15	22514707	24842828	1	1	0	2
15	24842829	30457187	1	1	0	2
15	30457188	34712032	1	1	0	2
15	34712033	34886990	1	1	0	2
15	34886991	37824969	1	1	0	2
15	37824970	46398781	1	1	0	2
15	46398782	54542509	1	1	0	2
15	54542510	62565939	1	1	0	2
15	62565940	64099998	2	1	1	2
15	64099999	67665566	2	1	1	2
15	67665567	72156737	2	1	1	2
15	72156738	87286123	2	1	1	2
15	87286124	88220044	2	1	1	2
15	88220045	95180173	2	1	1	2
15	95180174	100332500	2	1	1	2
15	100332501	101186038	2	1	1	2
15	101186039	102349919	2	1	1	2
16	146497	7766656	2	1	1	2
16	7766657	10281134	2	1	1	2
16	10281135	16870936	2	1	1	2
16	16870937	18844785	2	1	1	2
16	18844786	26219056	2	1	1	2
16	26219057	26289924	2	1	1	1
16	26289925	26629972	2	1	1	2
16	26629973	29440199	2	1	1	2
16	29440200	32599898	2	1	1	2
16	32599899	34599999	2	1	1	1
16	34600000	38599999	2	1	1	2
16	38600000	46467499	2	1	1	2
16	46467500	52128895	1	1	0	2
16	52128896	55482759	1	1	0	2
16	55482760	61620071	1	1	0	2
16	61620072	62316643	1	1	0	2
16	62316644	62599913	1	1	0	2
16	62599914	64119872	1	1	0	2
16	64119873	64150079	1	1	0	2
16	64150080	76260488	1	1	0	2
16	76260489	82150014	1	1	0	2
16	82150015	83219714	1	1	0	2
16	83219715	90354752	1	1	0	2
17	47609	15452654	1	1	0	2
17	15452655	22199999	2	1	1	2
17	22200000	25799999	2	1	1	2
17	25800000	31540016	2	1	1	2
17	31540017	31887577	2	1	1	2
17	31887578	31922725	2	1	1	1
17	31922726	49969979	2	1	1	2
17	49969980	52674381	2	1	1	2
17	52674382	54125417	2	1	1	2
17	54125418	54579979	2	1	1	2
17	54579980	81195209	2	1	1	2
18	32977	86836	3	2	1	1
18	86837	1650716	3	2	1	2
18	1650717	1917423	3	2	1	2
18	1917424	2653243	3	2	1	2
18	2653244	5158580	2	1	1	2
18	5158581	8339001	2	1	1	2
18	8339002	14886123	2	1	1	2
18	14886124	18999999	2	1	1	2
18	19000000	22298463	2	1	1	2
18	22298464	22399001	2	1	1	2
18	22399002	23230028	2	1	1	2
18	23230029	25860017	2	1	1	2
18	25860018	26092499	2	1	1	2
18	26092500	26570051	1	1	0	2
18	26570052	31217449	1	1	0	2
18	31217450	36109258	1	1	0	2
18	36109259	36444956	2	2	0	2
18	36444957	36799982	1	1	0	2
18	36799983	38679883	1	1	0	2
18	38679884	40774432	1	1	0	2
18	40774433	42730023	1	1	0	2
18	42730024	43080000	1	1	0	2
18	43080001	49899978	1	1	0	2
18	49899979	59009962	1	1	0	2
18	59009963	59099996	1	1	0	2
18	59099997	61510009	1	1	0	2
18	61510010	65967500	1	1	0	2
18	65967501	66002500	1	1	0	2
18	66002501	66909985	1	1	0	2
18	66909986	71420121	1	1	0	2
18	71420122	78077247	1	1	0	2
19	102500	255405	1	1	0	1
19	255406	17739976	1	1	0	2
19	17739977	22119993	2	1	1	2
19	22119994	24130128	2	1	1	2
19	24130129	24399999	2	1	1	2
19	24400000	28599999	2	1	1	2
19	28600000	43282550	2	1	1	2
19	43282551	43553371	2	1	1	2
19	43553372	43800005	4	3	1	1
19	43800006	46864653	4	2	2	2
19	46864654	59128982	1	1	0	2
20	105911	6442315	2	1	1	2
20	6442316	6991572	2	1	1	2
20	6991573	9070542	2	1	1	2
20	9070543	12194940	2	1	1	2
20	12194941	14660042	2	1	1	2
20	14660043	16119979	2	1	1	2
20	16119980	17529956	2	1	1	2
20	17529957	25599999	2	1	1	2
20	25600000	29653586	2	1	1	2
20	29653587	38859995	2	1	1	2
20	38859996	40529942	2	1	1	2
20	40529943	41139988	2	1	1	2
20	41139989	50999984	2	1	1	2
20	50999985	54169518	2	1	1	2
20	54169519	63025519	2	1	1	2
21	1	9411193	NA	NA	NA	NA
21	9411194	10899999	NA	NA	NA	NA
21	10900000	15228293	2	1	1	2
21	15228294	15920014	1	1	0	2
21	15920015	16049992	1	1	0	2
21	16049993	18089955	1	1	0	2
21	18089956	18350070	1	1	0	2
21	18350071	18550023	1	1	0	2
21	18550024	18604910	1	1	0	2
21	18604911	19534228	1	1	0	2
21	19534229	36985411	1	1	0	2
21	36985412	48129894	1	1	0	2
22	1	12199999	NA	NA	NA	NA
22	12200000	17899999	2	2	0	2
22	17900000	30542584	1	1	0	2
22	30542585	34806104	2	2	0	2
22	34806105	51304565	1	1	0	2
X	1	53632499	2	1	1	2
X	53632500	58099999	2	1	1	2
X	58100000	62999999	2	1	1	1
X	63000000	154929638	2	1	1	2
