chromosome	start	end	total_cn	major_cn	minor_cn	star
1	1	790326	2	1	1	2
1	790327	8040379	2	1	1	2
1	8040380	8351191	3	2	1	2
1	8351192	65347081	2	1	1	2
1	65347082	118018444	2	1	1	2
1	118018445	121499999	2	1	1	2
1	121500000	128899999	2	1	1	2
1	128900000	143995889	2	1	1	2
1	143995890	181071310	2	1	1	2
1	181071311	181090188	2	1	1	2
1	181090189	241863549	2	1	1	2
1	241863550	241883300	2	1	1	2
1	241883301	247249600	2	1	1	2
1	247249601	249250620	2	1	1	2
2	20016	32721922	2	1	1	2
2	32721923	32981947	2	1	1	2
2	32981948	90499999	2	1	1	2
2	90500000	96799999	2	1	1	3
2	96800000	242991535	2	1	1	3
3	100074	87899999	2	1	1	2
3	87900000	93899999	2	1	1	2
3	93900000	113961884	2	1	1	2
3	113961885	113984008	2	1	1	1
3	113984009	145080212	2	1	1	2
3	145080213	151724518	2	1	1	2
3	151724519	184601693	2	1	1	2
3	184601694	185277798	2	1	1	2
3	185277799	186374710	2	1	1	2
3	186374711	193600586	2	1	1	2
3	193600587	198022429	3	2	1	2
4	27500	23928307	2	1	1	2
4	23928308	23942402	2	1	1	3
4	23942403	48199999	2	1	1	2
4	48200000	52699999	2	1	1	3
4	52700000	56491272	2	1	1	2
4	56491273	56491618	2	1	1	2
4	56491619	82833289	2	1	1	2
4	82833290	82834216	2	1	1	2
4	82834217	127799831	2	1	1	2
4	127799832	128082006	2	1	1	2
4	128082007	190774549	2	1	1	2
5	22500	45882202	2	1	1	2
5	45882203	50699999	2	1	1	2
5	50700000	59424734	2	1	1	2
5	59424735	59443005	2	1	1	2
5	59443006	109413760	2	1	1	2
5	109413761	109468446	2	1	1	2
5	109468447	126983942	2	1	1	2
5	126983943	127165391	2	1	1	2
5	127165392	127379052	3	3	0	1
5	127379053	127400722	3	3	0	1
5	127400723	127411025	3	3	0	1
5	127411026	127446766	3	2	1	2
5	127446767	127506539	3	2	1	2
5	127506540	127646995	2	1	1	2
5	127646996	180715810	2	1	1	2
6	39681	203887	3	2	1	1
6	203888	58699999	2	1	1	2
6	58700000	63299999	2	1	1	2
6	63300000	98726345	2	1	1	2
6	98726346	98727101	2	1	1	2
6	98727102	148901512	2	1	1	2
6	148901513	148919721	2	1	1	2
6	148919722	158144718	2	1	1	2
6	158144719	158413884	3	2	1	2
6	158413885	170935493	2	1	1	2
7	40386	57999999	2	1	1	2
7	58000000	61699999	NA	NA	NA	NA
7	61700000	73653934	3	2	1	2
7	73653935	73723737	2	1	1	2
7	73723738	115858445	2	1	1	2
7	115858446	116322796	3	2	1	2
7	116322797	119917401	2	1	1	2
7	119917402	129557501	2	1	1	2
7	129557502	129681988	2	1	1	2
7	129681989	132930760	2	1	1	2
7	132930761	133103990	2	1	1	3
7	133103991	158821400	2	1	1	2
8	1	164049	2	1	1	2
8	164050	43099999	2	1	1	2
8	43100000	48099999	2	1	1	2
8	48100000	50179041	2	1	1	2
8	50179042	50210198	2	1	1	1
8	50210199	64191920	2	1	1	2
8	64191921	64227121	3	2	1	2
8	64227122	81428676	2	1	1	2
8	81428677	81428813	3	2	1	2
8	81428814	85113627	3	2	1	2
8	85113628	101212173	3	2	1	2
8	101212174	101910326	5	4	1	1
8	101910327	101910661	5	4	1	1
8	101910662	101916758	3	2	1	2
8	101916759	113624943	3	2	1	2
8	113624944	113647882	2	1	1	1
8	113647883	124509132	3	2	1	2
8	124509133	124846070	3	2	1	2
8	124846071	146364021	3	2	1	2
9	1	245165	2	1	1	2
9	245166	1687271	2	1	1	2
9	1687272	1688878	2	1	1	2
9	1688879	25042678	2	1	1	2
9	25042679	25046607	2	1	1	3
9	25046608	44768202	2	1	1	2
9	44768203	47299999	2	1	1	3
9	47300000	50699999	NA	NA	NA	NA
9	50700000	66799971	2	1	1	2
9	66799972	132987711	2	1	1	2
9	132987712	133606032	3	2	1	2
9	133606033	140273200	2	1	1	2
9	140273201	141019790	2	1	1	1
10	107129	37999999	2	1	1	2
10	38000000	42299999	2	1	1	2
10	42300000	70779769	2	1	1	2
10	70779770	71200422	3	2	1	2
10	71200423	74252608	2	1	1	2
10	74252609	74254059	2	1	1	1
10	74254060	74258617	3	2	1	2
10	74258618	74272285	3	2	1	2
10	74272286	74279102	3	2	1	2
10	74279103	74548700	3	2	1	2
10	74548701	76623098	3	2	1	2
10	76623099	76933673	3	2	1	2
10	76933674	77164878	2	1	1	2
10	77164879	77363153	2	1	1	2
10	77363154	95231826	2	1	1	2
10	95231827	95232127	2	1	1	2
10	95232128	95293100	3	2	1	2
10	95293101	95438786	3	2	1	2
10	95438787	114076508	2	1	1	2
10	114076509	114207457	2	1	1	1
10	114207458	123663464	2	1	1	2
10	123663465	123896676	3	2	1	2
10	123896677	135389304	2	1	1	2
11	20721	198725	2	1	1	2
11	198726	48924000	2	1	1	2
11	48924001	51365339	2	1	1	2
11	51365340	55699999	2	1	1	2
11	55700000	60774764	2	1	1	2
11	60774765	61196227	2	1	1	2
11	61196228	95941525	2	1	1	2
11	95941526	95948979	2	1	1	2
11	95948980	132010481	2	1	1	2
11	132010482	132015615	2	1	1	3
11	132015616	134452200	2	1	1	2
12	110107	33299999	2	1	1	2
12	33300000	38199999	2	1	1	2
12	38200000	95668768	2	1	1	3
12	95668769	95906415	3	2	1	2
12	95906416	132349400	2	1	1	2
12	132349401	133851894	2	1	1	1
13	1	16299999	2	1	1	1
13	16300000	19499999	2	1	1	2
13	19500000	68384831	2	1	1	2
13	68384832	68394409	2	1	1	2
13	68394410	114142800	2	1	1	2
13	114142801	115169877	2	1	1	2
14	1	16099999	3	2	1	1
14	16100000	19099999	NA	NA	NA	NA
14	19100000	20425050	2	1	1	2
14	20425051	27215987	3	2	1	2
14	27215988	27245850	2	1	1	2
14	27245851	27278885	3	2	1	2
14	27278886	27280961	3	2	1	2
14	27280962	27428801	2	1	1	2
14	27428802	27432195	2	1	1	2
14	27432196	44814083	2	1	1	2
14	44814084	44851290	2	1	1	2
14	44851291	103457015	2	1	1	2
14	103457016	103889167	3	2	1	2
14	103889168	106368400	2	1	1	2
15	1	15799999	2	1	1	1
15	15800000	20699999	2	1	1	2
15	20700000	100338800	2	1	1	3
15	100338801	102531391	2	1	1	3
16	84170	34599999	2	1	1	2
16	34600000	38599999	2	1	1	3
16	38600000	46450802	2	1	1	2
16	46450803	52328234	2	1	1	2
16	52328235	52671614	2	1	1	2
16	52671615	72575775	2	1	1	2
16	72575776	72579089	2	1	1	2
16	72579090	78646706	2	1	1	2
16	78646707	78718075	2	1	1	2
16	78718076	88827200	2	1	1	2
16	88827201	90354752	2	1	1	2
17	1869	925303	2	2	0	1
17	925304	22199999	2	1	1	2
17	22200000	25799999	2	1	1	2
17	25800000	37725969	2	1	1	2
17	37725970	37820361	4	3	1	1
17	37820362	37886359	4	3	1	2
17	37886360	48837449	2	1	1	2
17	48837450	63290897	2	1	1	2
17	63290898	63474676	3	2	1	2
17	63474677	78774600	2	1	1	2
17	78774601	81195209	2	1	1	2
18	27500	14119956	2	1	1	3
18	14119957	15399999	2	1	1	3
18	15400000	18999999	2	1	1	2
18	19000000	76117000	2	1	1	2
18	76117001	78077247	2	1	1	2
19	102500	289398	2	1	1	2
19	289399	4560948	2	1	1	2
19	4560949	24399999	2	1	1	2
19	24400000	28599999	2	1	1	2
19	28600000	30180264	2	1	1	2
19	30180265	30494076	2	1	1	2
19	30494077	59128982	2	1	1	2
20	37654	25599999	2	1	1	2
20	25600000	29437757	NA	NA	NA	NA
20	29437758	44370247	3	2	1	2
20	44370248	44639395	3	2	1	2
20	44639396	62435800	2	1	1	2
21	1	9417499	NA	NA	NA	NA
21	9417500	10899999	NA	NA	NA	NA
21	10900000	15223743	2	1	1	2
21	15223744	46944200	2	1	1	2
21	46944201	48129894	2	1	1	2
22	1	12199999	2	1	1	1
22	12200000	17899999	2	1	1	2
22	17900000	49691400	2	1	1	2
22	49691401	51304565	2	1	1	2
X	1	11732058	1	1	0	3
X	11732059	53777534	1	1	0	3
X	53777535	53778040	1	1	0	3
X	53778041	58099999	1	1	0	3
X	58100000	62999999	1	1	0	2
X	63000000	155270559	1	1	0	3
Y	1	11599999	1	1	0	1
Y	11600000	13399999	1	1	0	1
Y	13400000	59373565	1	1	0	1
