chromosome	start	end	total_cn	major_cn	minor_cn	star
1	1	49935758	2	1	1	2
1	49935759	66457087	2	1	1	3
1	66457088	69898309	2	1	1	3
1	69898310	69950991	2	1	1	2
1	69950992	71980600	2	1	1	3
1	71980601	72540601	2	1	1	2
1	72540602	73329589	2	1	1	2
1	73329590	74130014	2	1	1	3
1	74130015	74380031	2	1	1	2
1	74380032	74470034	2	1	1	2
1	74470035	77100005	2	1	1	3
1	77100006	79177495	2	1	1	3
1	79177496	79650658	2	1	1	2
1	79650659	80761353	2	1	1	3
1	80761354	80799656	2	1	1	2
1	80799657	81214358	2	1	1	3
1	81214359	82919001	2	1	1	3
1	82919002	82949950	2	1	1	3
1	82949951	83208380	2	1	1	2
1	83208381	83310114	2	1	1	2
1	83310115	98489962	2	1	1	3
1	98489963	98654002	2	1	1	3
1	98654003	102208028	2	1	1	3
1	102208029	102305980	2	1	1	2
1	102305981	107105320	2	1	1	3
1	107105321	118041355	2	1	1	3
1	118041356	118114794	2	1	1	2
1	118114795	121350601	2	1	1	3
1	121350602	128899999	2	1	1	3
1	128900000	152339997	2	1	1	3
1	152339998	156920295	2	1	1	2
1	156920296	158347976	1	1	0	2
1	158347977	158513321	1	1	0	2
1	158513322	158579477	1	1	0	2
1	158579478	159066584	2	1	1	3
1	159066585	159070702	2	1	1	3
1	159070703	162005068	2	1	1	3
1	162005069	162005110	2	1	1	3
1	162005111	166479948	2	1	1	3
1	166479949	166538907	2	1	1	3
1	166538908	176607366	2	1	1	3
1	176607367	176628364	0	0	0	1
1	176628365	177474010	2	1	1	3
1	177474011	189143601	2	1	1	3
1	189143602	189279872	2	1	1	2
1	189279873	190962564	2	1	1	3
1	190962565	191056818	2	1	1	2
1	191056819	192169202	2	1	1	3
1	192169203	192366494	2	1	1	3
1	192366495	193618055	2	1	1	3
1	193618056	194420017	2	1	1	3
1	194420018	194459998	0	0	0	2
1	194459999	195852494	2	1	1	2
1	195852495	196281774	2	1	1	2
1	196281775	197488543	2	1	1	2
1	197488544	197610143	2	1	1	2
1	197610144	198698401	2	1	1	3
1	198698402	198721202	2	1	1	1
1	198721203	246663071	2	1	1	2
1	246663072	246665906	2	1	1	2
1	246665907	246665959	2	1	1	2
1	246665960	246896329	2	1	1	2
1	246896330	246896379	2	1	1	2
1	246896380	247249600	2	1	1	2
1	247249601	249250620	2	1	1	3
2	20016	40989026	2	1	1	3
2	40989027	41653832	2	1	1	2
2	41653833	41669363	2	1	1	3
2	41669364	51886812	2	1	1	3
2	51886813	51999559	2	1	1	2
2	51999560	53130755	2	1	1	3
2	53130756	53176085	2	1	1	2
2	53176086	53419205	2	1	1	2
2	53419206	53439987	0	0	0	2
2	53439988	56645597	2	1	1	3
2	56645598	56935001	2	1	1	2
2	56935002	57044987	2	1	1	2
2	57044988	67247000	2	1	1	3
2	67247001	67423361	2	1	1	2
2	67423362	77179575	2	1	1	3
2	77179576	78641310	2	1	1	3
2	78641311	80832608	2	1	1	3
2	80832609	80882122	2	1	1	2
2	80882123	81661024	2	1	1	3
2	81661025	89877402	2	1	1	3
2	89877403	90499999	2	1	1	3
2	90500000	96799999	2	1	1	2
2	96800000	97837655	2	1	1	2
2	97837656	117789995	2	1	1	3
2	117789996	123900520	2	1	1	3
2	123900521	124032201	2	1	1	3
2	124032202	124090038	2	1	1	1
2	124090039	124309988	2	1	1	2
2	124309989	125991257	2	1	1	3
2	125991258	126054084	2	1	1	2
2	126054085	138290555	2	1	1	3
2	138290556	138309401	0	0	0	2
2	138309402	138639234	2	1	1	2
2	138639235	140987303	2	1	1	3
2	140987304	142576234	2	1	1	3
2	142576235	142787222	2	1	1	2
2	142787223	142850098	2	1	1	2
2	142850099	145471160	2	1	1	3
2	145471161	146306926	2	1	1	2
2	146306927	155832213	2	1	1	3
2	155832214	156243310	2	1	1	3
2	156243311	156399103	2	1	1	2
2	156399104	156650901	2	1	1	3
2	156650902	156745877	2	1	1	2
2	156745878	162458457	2	1	1	3
2	162458458	163822114	2	1	1	3
2	163822115	167757001	2	1	1	3
2	167757002	167910005	2	1	1	2
2	167910006	169800673	2	1	1	3
2	169800674	171797703	2	1	1	3
2	171797704	171806249	2	1	1	2
2	171806250	173688388	2	1	1	2
2	173688389	173688806	2	1	1	2
2	173688807	173861938	2	1	1	3
2	173861939	173861987	2	1	1	2
2	173861988	181912513	2	1	1	3
2	181912514	184839820	2	1	1	3
2	184839821	185122065	2	1	1	3
2	185122066	185249948	2	1	1	2
2	185249949	185340018	2	1	1	2
2	185340019	185416001	2	1	1	2
2	185416002	186394232	2	1	1	3
2	186394233	186683470	2	1	1	2
2	186683471	188259438	2	1	1	3
2	188259439	193214906	2	1	1	3
2	193214907	195856140	2	1	1	3
2	195856141	195898538	2	1	1	2
2	195898539	199490016	2	1	1	3
2	199490017	211808200	2	1	1	3
2	211808201	211880638	2	1	1	2
2	211880639	213140692	2	1	1	3
2	213140693	213200013	4	3	1	2
2	213200014	242951000	2	1	1	3
3	100074	674380	2	1	1	3
3	674381	1355601	2	1	1	3
3	1355602	1410018	2	1	1	2
3	1410019	1535471	2	1	1	3
3	1535472	6151202	2	1	1	3
3	6151203	6229990	2	1	1	2
3	6229991	18780999	2	1	1	3
3	18781000	21828143	2	1	1	2
3	21828144	21867905	2	1	1	2
3	21867906	22769965	2	1	1	2
3	22769966	26874992	2	1	1	2
3	26874993	29926448	2	1	1	2
3	29926449	29996526	2	1	1	2
3	29996527	34522800	2	1	1	2
3	34522801	34631802	2	1	1	2
3	34631803	35361001	2	1	1	3
3	35361002	35400006	0	0	0	2
3	35400007	35679957	2	1	1	3
3	35679958	35749961	2	1	1	2
3	35749962	49143425	2	1	1	3
3	49143426	49146281	2	1	1	2
3	49146282	63446961	2	1	1	3
3	63446962	71779076	2	1	1	3
3	71779077	76033589	2	1	1	3
3	76033590	76841889	2	1	1	3
3	76841890	77563430	2	1	1	3
3	77563431	78509863	2	1	1	2
3	78509864	79144024	2	1	1	3
3	79144025	82373601	2	1	1	3
3	82373602	82425008	2	1	1	2
3	82425009	82969323	2	1	1	3
3	82969324	83184525	2	1	1	2
3	83184526	84740993	2	1	1	3
3	84740994	86033574	2	1	1	3
3	86033575	86354918	2	1	1	3
3	86354919	87899999	2	1	1	3
3	87900000	93899999	2	1	1	2
3	93900000	98943000	2	1	1	3
3	98943001	104004871	2	1	1	3
3	104004872	104232665	2	1	1	3
3	104232666	105280054	2	1	1	2
3	105280055	110152801	2	1	1	3
3	110152802	114734121	2	1	1	3
3	114734122	116783660	2	1	1	2
3	116783661	116888775	2	1	1	2
3	116888776	143968262	2	1	1	3
3	143968263	157899934	2	1	1	3
3	157899935	157947178	2	1	1	2
3	157947179	161763158	2	1	1	3
3	161763159	161955002	2	1	1	2
3	161955003	162925737	2	1	1	3
3	162925738	163001602	2	1	1	2
3	163001603	164440055	2	1	1	3
3	164440056	164464265	2	1	1	3
3	164464266	164823095	2	1	1	2
3	164823096	165858801	2	1	1	3
3	165858802	165963223	2	1	1	2
3	165963224	166829965	2	1	1	3
3	166829966	174826961	2	1	1	3
3	174826962	174846697	0	0	0	2
3	174846698	175727801	2	1	1	3
3	175727802	198022429	2	1	1	3
4	9997	60645	2	1	1	2
4	60646	15957040	2	1	1	3
4	15957041	17818241	2	1	1	3
4	17818242	17925655	2	1	1	3
4	17925656	19121540	2	1	1	3
4	19121541	19206542	2	1	1	2
4	19206543	23009922	2	1	1	3
4	23009923	23328028	2	1	1	3
4	23328029	28970706	2	1	1	3
4	28970707	29043921	2	1	1	2
4	29043922	29290018	2	1	1	2
4	29290019	29566401	2	1	1	2
4	29566402	34481401	2	1	1	3
4	34481402	46101160	2	1	1	3
4	46101161	46560089	2	1	1	2
4	46560090	48199999	2	1	1	3
4	48200000	52699999	2	1	1	2
4	52700000	58713738	2	1	1	3
4	58713739	58845496	2	1	1	2
4	58845497	59762856	2	1	1	3
4	59762857	60022427	2	1	1	2
4	60022428	63602418	2	1	1	3
4	63602419	63740152	2	1	1	2
4	63740153	63837085	2	1	1	2
4	63837086	64199841	2	1	1	3
4	64199842	65949601	2	1	1	3
4	65949602	66304979	2	1	1	2
4	66304980	66840034	2	1	1	3
4	66840035	67324992	2	1	1	3
4	67324993	67349862	2	1	1	3
4	67349863	69818638	2	1	1	3
4	69818639	71075402	2	1	1	3
4	71075403	72643759	2	1	1	3
4	72643760	72662419	1	1	0	1
4	72662420	73300074	2	1	1	3
4	73300075	73340737	0	0	0	2
4	73340738	80785131	2	1	1	3
4	80785132	80931382	2	1	1	2
4	80931383	84946907	2	1	1	3
4	84946908	85010622	2	1	1	2
4	85010623	90855658	2	1	1	3
4	90855659	91894495	2	1	1	3
4	91894496	93542201	2	1	1	3
4	93542202	96398802	2	1	1	3
4	96398803	96459169	2	1	1	2
4	96459170	96940011	2	1	1	2
4	96940012	97019989	2	1	1	2
4	97019990	97223657	2	1	1	3
4	97223658	97928544	2	1	1	3
4	97928545	102842600	2	1	1	3
4	102842601	104999924	2	1	1	3
4	104999925	105261402	2	1	1	2
4	105261403	105420053	2	1	1	3
4	105420054	105487222	2	1	1	2
4	105487223	111430486	2	1	1	3
4	111430487	111914801	2	1	1	2
4	111914802	115209020	2	1	1	2
4	115209021	116428279	2	1	1	2
4	116428280	118818422	2	1	1	2
4	118818423	125191486	2	1	1	2
4	125191487	130769202	2	1	1	2
4	130769203	133408200	2	1	1	2
4	133408201	140636661	2	1	1	2
4	140636662	141251005	2	1	1	2
4	141251006	142072757	2	1	1	2
4	142072758	142082641	2	1	1	2
4	142082642	158590004	2	1	1	3
4	158590005	160740000	2	1	1	3
4	160740001	161977911	2	1	1	3
4	161977912	162037071	2	1	1	2
4	162037072	171639634	2	1	1	3
4	171639635	191154275	2	1	1	3
5	22500	26293323	2	1	1	3
5	26293324	43719586	2	1	1	3
5	43719587	44345834	2	1	1	2
5	44345835	44561466	2	1	1	2
5	44561467	44629172	2	1	1	2
5	44629173	45360746	2	1	1	3
5	45360747	45888600	2	1	1	2
5	45888601	45940601	2	1	1	1
5	45940602	46017744	0	0	0	2
5	46017745	46099994	0	0	0	2
5	46099995	50699999	NA	NA	NA	NA
5	50700000	50812277	2	1	1	2
5	50812278	50841425	0	0	0	2
5	50841426	51298601	2	1	1	3
5	51298602	51359477	2	1	1	2
5	51359478	51515570	2	1	1	2
5	51515571	51858854	2	1	1	2
5	51858855	51897937	2	1	1	2
5	51897938	57258163	2	1	1	3
5	57258164	57374267	2	1	1	2
5	57374268	63405772	2	1	1	3
5	63405773	63599992	2	1	1	3
5	63599993	63670550	2	1	1	2
5	63670551	68490645	2	1	1	3
5	68490646	84733240	2	1	1	3
5	84733241	85646201	2	1	1	3
5	85646202	85699996	2	1	1	2
5	85699997	85977401	2	1	1	3
5	85977402	86025020	2	1	1	2
5	86025021	86981058	2	1	1	3
5	86981059	88540650	2	1	1	3
5	88540651	88694820	2	1	1	2
5	88694821	89017088	2	1	1	2
5	89017089	89052477	0	0	0	2
5	89052478	89199936	2	1	1	2
5	89199937	89299987	2	1	1	2
5	89299988	90938802	2	1	1	3
5	90938803	91840152	2	1	1	3
5	91840153	91941915	2	1	1	3
5	91941916	93658801	2	1	1	3
5	93658802	98492788	2	1	1	3
5	98492789	98591850	0	0	0	2
5	98591851	99402039	2	1	1	3
5	99402040	99679221	2	1	1	2
5	99679222	100715358	2	1	1	3
5	100715359	100864797	0	0	0	2
5	100864798	102249971	2	1	1	3
5	102249972	104328801	2	1	1	3
5	104328802	104355161	2	1	1	1
5	104355162	109449986	2	1	1	3
5	109449987	110665916	2	1	1	3
5	110665917	110719252	2	1	1	2
5	110719253	110889644	2	1	1	3
5	110889645	110916500	0	0	0	2
5	110916501	113905121	2	1	1	3
5	113905122	113984202	2	1	1	2
5	113984203	116692253	2	1	1	3
5	116692254	117471509	2	1	1	2
5	117471510	117491807	0	0	0	2
5	117491808	119272662	2	1	1	3
5	119272663	120907317	2	1	1	3
5	120907318	121110294	2	1	1	2
5	121110295	123249998	2	1	1	3
5	123249999	124823001	2	1	1	3
5	124823002	124899932	2	1	1	2
5	124899933	125302795	2	1	1	2
5	125302796	137274452	2	1	1	3
5	137274453	138431754	1	1	0	2
5	138431755	138444076	2	1	1	2
5	138444077	138444096	2	1	1	2
5	138444097	144095013	2	1	1	3
5	144095014	144360190	2	1	1	2
5	144360191	147455792	2	1	1	3
5	147455793	147689013	2	1	1	3
5	147689014	148079204	2	1	1	2
5	148079205	148100063	2	1	1	2
5	148100064	152316249	2	1	1	3
5	152316250	154804124	2	1	1	3
5	154804125	154876968	2	1	1	2
5	154876969	160596995	2	1	1	3
5	160596996	160616622	2	1	1	3
5	160616623	166616541	2	1	1	3
5	166616542	172324351	2	1	1	3
5	172324352	172344850	2	1	1	2
5	172344851	172435329	2	1	1	3
5	172435330	173139888	1	1	0	2
5	173139889	180689978	2	1	1	3
6	39681	205799	2	1	1	2
6	205800	48869773	2	1	1	3
6	48869774	49925635	2	1	1	3
6	49925636	50070298	2	1	1	2
6	50070299	58019981	2	1	1	3
6	58019982	58699999	2	1	1	3
6	58700000	63299999	2	1	1	2
6	63300000	63538201	2	1	1	3
6	63538202	63611773	2	1	1	2
6	63611774	64685426	2	1	1	3
6	64685427	65189010	2	1	1	3
6	65189011	67142468	2	1	1	3
6	67142469	67189994	2	1	1	2
6	67189995	68980738	2	1	1	3
6	68980739	69067532	2	1	1	2
6	69067533	69429048	2	1	1	2
6	69429049	70033002	2	1	1	3
6	70033003	72359953	2	1	1	3
6	72359954	72389988	2	1	1	2
6	72389989	77312926	2	1	1	3
6	77312927	78132237	2	1	1	3
6	78132238	81269738	2	1	1	3
6	81269739	81509108	2	1	1	2
6	81509109	82406565	2	1	1	2
6	82406566	82689969	2	1	1	2
6	82689970	82749910	2	1	1	2
6	82749911	92900026	2	1	1	3
6	92900027	93829795	2	1	1	3
6	93829796	94837596	2	1	1	2
6	94837597	95136277	2	1	1	3
6	95136278	95350701	2	1	1	2
6	95350702	96100069	2	1	1	3
6	96100070	96418884	2	1	1	2
6	96418885	96487372	2	1	1	2
6	96487373	96983813	2	1	1	3
6	96983814	98708373	2	1	1	3
6	98708374	98889937	2	1	1	2
6	98889938	102065135	2	1	1	3
6	102065136	102495045	2	1	1	2
6	102495046	102986595	2	1	1	3
6	102986596	103143541	2	1	1	2
6	103143542	103890003	2	1	1	3
6	103890004	104100006	2	1	1	2
6	104100007	113140047	2	1	1	3
6	113140048	114630014	2	1	1	3
6	114630015	115958864	2	1	1	3
6	115958865	126787002	2	1	1	3
6	126787003	127480291	2	1	1	2
6	127480292	127511522	0	0	0	2
6	127511523	141305861	2	1	1	3
6	141305862	141330013	2	1	1	2
6	141330014	170907734	2	1	1	2
7	40386	1233603	2	1	1	3
7	1233604	1233619	2	1	1	3
7	1233620	8573564	2	1	1	3
7	8573565	8642026	0	0	0	2
7	8642027	9688284	2	1	1	2
7	9688285	9830320	2	1	1	2
7	9830321	11739000	2	1	1	3
7	11739001	11841800	2	1	1	2
7	11841801	14013177	2	1	1	3
7	14013178	14013360	2	1	1	3
7	14013361	18330079	2	1	1	3
7	18330080	18391093	2	1	1	2
7	18391094	29459254	2	1	1	3
7	29459255	57949987	2	1	1	3
7	57949988	62083830	NA	NA	NA	NA
7	62083831	62137689	0	0	0	2
7	62137690	62209732	0	0	0	2
7	62209733	62225147	0	0	0	2
7	62225148	62412499	0	0	0	2
7	62412500	84179461	2	1	1	3
7	84179462	85119909	2	1	1	2
7	85119910	85169978	2	1	1	3
7	85169979	85657798	2	1	1	3
7	85657799	86784989	2	1	1	2
7	86784990	88613356	2	1	1	3
7	88613357	89137247	2	1	1	3
7	89137248	108670049	2	1	1	3
7	108670050	113480049	2	1	1	3
7	113480050	115612755	2	1	1	3
7	115612756	118579913	2	1	1	3
7	118579914	125608605	2	1	1	3
7	125608606	126024850	2	1	1	3
7	126024851	126109211	2	1	1	2
7	126109212	158821400	2	1	1	3
8	10001	162395	1	1	0	2
8	162396	16476110	1	1	0	2
8	16476111	24005839	1	1	0	2
8	24005840	30647497	1	1	0	2
8	30647498	43099999	2	1	1	3
8	43100000	48099999	2	1	1	2
8	48100000	60679995	2	1	1	3
8	60679996	65170701	2	1	1	3
8	65170702	65253330	2	1	1	1
8	65253331	78453856	2	1	1	3
8	78453857	78589719	2	1	1	2
8	78589720	79172730	2	1	1	2
8	79172731	80003975	2	1	1	2
8	80003976	84340036	2	1	1	3
8	84340037	88406964	2	1	1	3
8	88406965	90069036	2	1	1	3
8	90069037	92165357	2	1	1	3
8	92165358	106242771	2	1	1	3
8	106242772	106291114	2	1	1	2
8	106291115	108587162	2	1	1	3
8	108587163	108610017	0	0	0	2
8	108610018	111715395	2	1	1	3
8	111715396	113871959	2	1	1	3
8	113871960	116721467	2	1	1	3
8	116721468	122059991	2	1	1	3
8	122059992	128044523	2	1	1	3
8	128044524	128069763	0	0	0	2
8	128069764	146364021	2	1	1	3
9	10001	153760	2	1	1	1
9	153761	1371895	2	1	1	3
9	1371896	3210233	2	1	1	3
9	3210234	3229044	2	1	1	3
9	3229045	9211818	2	1	1	3
9	9211819	9609976	2	1	1	2
9	9609977	10034207	2	1	1	3
9	10034208	10085274	2	1	1	2
9	10085275	10329393	2	1	1	2
9	10329394	10648431	2	1	1	2
9	10648432	10734197	2	1	1	2
9	10734198	22722550	2	1	1	3
9	22722551	26070963	2	1	1	3
9	26070964	29412485	2	1	1	3
9	29412486	29431556	0	0	0	2
9	29431557	31209939	2	1	1	3
9	31209940	33528363	2	1	1	3
9	33528364	33528457	2	1	1	3
9	33528458	36277955	2	1	1	2
9	36277956	47299999	2	1	1	2
9	47300000	50699999	2	1	1	2
9	50700000	66799971	2	1	1	2
9	66799972	75940057	2	1	1	3
9	75940058	83190601	2	1	1	3
9	83190602	106661804	2	1	1	3
9	106661805	106760025	2	1	1	2
9	106760026	120714400	2	1	1	3
9	120714401	120821788	2	1	1	2
9	120821789	120822241	2	1	1	2
9	120822242	140273200	2	1	1	3
10	96469	753209	2	1	1	2
10	753210	1155032	2	1	1	2
10	1155033	37999999	2	1	1	2
10	38000000	42444024	NA	NA	NA	NA
10	42444025	42498679	0	0	0	2
10	42498680	42560826	2	1	1	2
10	42560827	58154964	2	1	1	3
10	58154965	62846652	2	1	1	3
10	62846653	62987162	2	1	1	2
10	62987163	67449972	2	1	1	3
10	67449973	67474685	0	0	0	2
10	67474686	70045138	2	1	1	3
10	70045139	71255782	2	1	1	2
10	71255783	71742499	1	1	0	2
10	71742500	71786505	2	1	1	2
10	71786506	75315597	2	1	1	2
10	75315598	75315674	2	1	1	2
10	75315675	75422446	2	1	1	2
10	75422447	75426857	1	1	0	2
10	75426858	79457706	1	1	0	2
10	79457707	86100098	2	1	1	3
10	86100099	86431161	1	1	0	2
10	86431162	89552417	2	1	1	3
10	89552418	89602500	1	1	0	2
10	89602501	89654560	2	1	1	1
10	89654561	90377045	0	0	0	2
10	90377046	90510786	0	0	0	2
10	90510787	90536637	1	1	0	1
10	90536638	90721317	1	1	0	2
10	90721318	91950012	2	1	1	3
10	91950013	92053251	2	1	1	2
10	92053252	95509018	2	1	1	3
10	95509019	99553032	2	1	1	3
10	99553033	99565314	2	1	1	2
10	99565315	102769689	1	1	0	2
10	102769690	106312641	2	1	1	2
10	106312642	107738288	4	3	1	2
10	107738289	107880000	2	1	1	2
10	107880001	113730524	2	1	1	3
10	113730525	114060178	2	1	1	2
10	114060179	115697246	1	1	0	2
10	115697247	116281424	2	1	1	2
10	116281425	116285875	2	1	1	2
10	116285876	116721363	1	1	0	2
10	116721364	118550956	0	0	0	2
10	118550957	118664594	1	1	0	2
10	118664595	135389924	2	1	1	2
11	20721	196943	2	1	1	2
11	196944	21559950	2	1	1	3
11	21559951	21613244	2	1	1	2
11	21613245	25254252	2	1	1	3
11	25254253	26759745	2	1	1	2
11	26759746	26842213	2	1	1	2
11	26842214	29193914	2	1	1	3
11	29193915	29597801	2	1	1	2
11	29597802	37084518	2	1	1	3
11	37084519	41009401	2	1	1	3
11	41009402	42821732	2	1	1	3
11	42821733	42840032	0	0	0	2
11	42840033	48710511	2	1	1	3
11	48710512	48942508	0	0	0	2
11	48942509	50352956	2	1	1	2
11	50352957	50544961	0	0	0	2
11	50544962	50567692	0	0	0	2
11	50567693	50679253	0	0	0	2
11	50679254	51251731	0	0	0	2
11	51251732	51291252	2	1	1	2
11	51291253	51469194	2	1	1	1
11	51469195	51556072	2	1	1	2
11	51556073	55699999	2	1	1	2
11	55700000	59164356	2	1	1	3
11	59164357	80642937	2	1	1	3
11	80642938	80946453	2	1	1	3
11	80946454	80989989	2	1	1	2
11	80989990	81788396	2	1	1	3
11	81788397	81892972	2	1	1	2
11	81892973	84110003	2	1	1	3
11	84110004	84752276	2	1	1	2
11	84752277	87568802	2	1	1	3
11	87568803	87594125	0	0	0	2
11	87594126	97183801	2	1	1	3
11	97183802	99605440	2	1	1	3
11	99605441	100111801	2	1	1	3
11	100111802	104310125	2	1	1	3
11	104310126	106679672	2	1	1	3
11	106679673	106739985	2	1	1	2
11	106739986	120912609	2	1	1	3
11	120912610	134452200	2	1	1	3
12	110107	33299999	2	1	1	3
12	33300000	38199999	NA	NA	NA	NA
12	38200000	38340490	0	0	0	2
12	38340491	38799845	2	1	1	2
12	38799846	38978222	2	1	1	2
12	38978223	59794250	2	1	1	3
12	59794251	59819994	0	0	0	2
12	59819995	62150029	2	1	1	3
12	62150030	62193920	2	1	1	2
12	62193921	68146403	2	1	1	3
12	68146404	68250570	2	1	1	3
12	68250571	73065264	2	1	1	3
12	73065265	73090261	0	0	0	2
12	73090262	73375401	2	1	1	3
12	73375402	75009036	2	1	1	3
12	75009037	78962762	2	1	1	3
12	78962763	78978636	2	1	1	3
12	78978637	79310788	2	1	1	3
12	79310789	79455202	2	1	1	2
12	79455203	81047601	2	1	1	3
12	81047602	82110506	2	1	1	3
12	82110507	82387650	2	1	1	2
12	82387651	82459884	2	1	1	2
12	82459885	83897660	2	1	1	3
12	83897661	85500132	2	1	1	3
12	85500133	87132127	2	1	1	3
12	87132128	87440201	2	1	1	2
12	87440202	87939967	2	1	1	3
12	87939968	88317604	2	1	1	2
12	88317605	90467497	2	1	1	3
12	90467498	91263406	2	1	1	2
12	91263407	91286974	2	1	1	2
12	91286975	91410480	2	1	1	2
12	91410481	91480001	2	1	1	2
12	91480002	91622970	2	1	1	2
12	91622971	122259912	2	1	1	3
12	122259913	122271117	2	1	1	3
12	122271118	132349400	2	1	1	2
12	132349401	133851894	2	1	1	3
13	1	16299999	2	1	1	1
13	16300000	19499999	2	1	1	2
13	19500000	38352416	2	1	1	2
13	38352417	38373494	2	1	1	3
13	38373495	39490214	2	1	1	3
13	39490215	39490341	2	1	1	3
13	39490342	56115629	2	1	1	3
13	56115630	56910274	2	1	1	3
13	56910275	57851275	2	1	1	3
13	57851276	62407320	2	1	1	3
13	62407321	62429088	2	1	1	1
13	62429089	63118790	2	1	1	3
13	63118791	63140701	0	0	0	1
13	63140702	63401320	2	1	1	3
13	63401321	64979983	2	1	1	3
13	64979984	65064779	2	1	1	3
13	65064780	65130030	2	1	1	2
13	65130031	68128304	2	1	1	3
13	68128305	68154243	0	0	0	2
13	68154244	75053286	2	1	1	3
13	75053287	75064522	2	1	1	1
13	75064523	81960606	2	1	1	3
13	81960607	83084345	2	1	1	3
13	83084346	83812745	2	1	1	3
13	83812746	88169917	2	1	1	3
13	88169918	89420083	2	1	1	3
13	89420084	89459002	2	1	1	2
13	89459003	114142800	2	1	1	3
13	114142801	115169877	2	1	1	2
14	1	16099999	2	1	1	1
14	16100000	19099999	NA	NA	NA	NA
14	19100000	27425852	2	1	1	3
14	27425853	27805600	2	1	1	2
14	27805601	27879993	2	1	1	2
14	27879994	28543928	2	1	1	2
14	28543929	28564041	2	1	1	2
14	28564042	29777491	2	1	1	3
14	29777492	29949150	2	1	1	2
14	29949151	40545072	2	1	1	3
14	40545073	41291680	2	1	1	3
14	41291681	41309150	2	1	1	2
14	41309151	44383372	2	1	1	3
14	44383373	44566387	2	1	1	3
14	44566388	46450312	2	1	1	3
14	46450313	46635014	2	1	1	3
14	46635015	62784423	2	1	1	3
14	62784424	85049961	2	1	1	3
14	85049962	106368400	2	1	1	3
15	1	15799999	2	1	1	1
15	15800000	20699999	2	1	1	2
15	20700000	46682793	2	1	1	3
15	46682794	46804371	2	1	1	2
15	46804372	53761633	2	1	1	3
15	53761634	53898516	2	1	1	2
15	53898517	58287801	2	1	1	3
15	58287802	58370018	2	1	1	2
15	58370019	100374614	2	1	1	3
15	100374615	102398631	2	1	1	3
16	94168	30311462	2	1	1	3
16	30311463	32494002	2	1	1	3
16	32494003	34599999	2	1	1	2
16	34600000	38599999	2	1	1	2
16	38600000	59821134	2	1	1	3
16	59821135	59842037	0	0	0	1
16	59842038	60783831	2	1	1	3
16	60783832	60903180	4	3	1	2
16	60903181	61105236	2	1	1	3
16	61105237	61230823	2	1	1	2
16	61230824	61697314	2	1	1	3
16	61697315	61898057	2	1	1	2
16	61898058	64134194	2	1	1	3
16	64134195	64159996	0	0	0	1
16	64159997	64595001	2	1	1	3
16	64595002	64815159	2	1	1	2
16	64815160	64868372	2	1	1	2
16	64868373	79341599	2	1	1	3
16	79341600	88827200	1	1	0	2
16	88827201	89980058	1	1	0	2
17	37382	22199999	2	1	1	2
17	22200000	25799999	2	1	1	3
17	25800000	40056594	2	1	1	2
17	40056595	45032810	1	1	0	2
17	45032811	51154153	2	1	1	3
17	51154154	68622910	2	1	1	3
17	68622911	73904494	1	1	0	2
17	73904495	79145822	2	1	1	3
17	79145823	79149057	2	1	1	2
17	79149058	79691731	2	1	1	2
17	79691732	79844691	1	1	0	2
17	79844692	81195209	2	1	1	3
18	27500	125370	2	1	1	2
18	125371	15383802	2	1	1	3
18	15383803	18999999	2	1	1	3
18	19000000	26399952	2	1	1	3
18	26399953	26625009	2	1	1	3
18	26625010	26747125	2	1	1	2
18	26747126	27835201	2	1	1	3
18	27835202	30822339	2	1	1	3
18	30822340	35759200	2	1	1	3
18	35759201	35862425	2	1	1	2
18	35862426	36360073	2	1	1	3
18	36360074	36423080	2	1	1	2
18	36423081	38677087	2	1	1	3
18	38677088	38768357	2	1	1	2
18	38768358	40599904	2	1	1	3
18	40599905	50635362	2	1	1	3
18	50635363	50654140	2	1	1	2
18	50654141	51466714	2	1	1	3
18	51466715	55826918	2	1	1	3
18	55826919	55831199	2	1	1	3
18	55831200	58512201	2	1	1	3
18	58512202	63075083	2	1	1	3
18	63075084	64460020	2	1	1	2
18	64460021	64610015	2	1	1	2
18	64610016	65899996	2	1	1	3
18	65899997	76130056	2	1	1	3
18	76130057	76133201	2	1	1	2
18	76133202	78077247	2	1	1	3
19	102500	240553	2	1	1	2
19	240554	24373172	2	1	1	3
19	24373173	28599999	2	1	1	2
19	28600000	59128982	2	1	1	2
20	17500	6558729	2	1	1	3
20	6558730	7752770	2	1	1	2
20	7752771	11019994	2	1	1	3
20	11019995	25599999	2	1	1	3
20	25600000	29850047	2	1	1	2
20	29850048	62435800	2	1	1	3
21	1	9411193	NA	NA	NA	NA
21	9411194	10672500	NA	NA	NA	NA
21	10672501	10786201	2	1	1	1
21	10786202	10795601	2	1	1	2
21	10795602	14299999	2	1	1	2
21	14300000	15824802	2	1	1	3
21	15824803	15859933	2	1	1	2
21	15859934	18390021	2	1	1	3
21	18390022	19991188	2	1	1	3
21	19991189	25462070	2	1	1	3
21	25462071	25530021	2	1	1	2
21	25530022	42862331	2	1	1	3
21	42862332	42877156	2	1	1	2
21	42877157	46944200	2	1	1	3
21	46944201	48129894	2	1	1	3
22	1	12199999	2	1	1	1
22	12200000	17899999	2	1	1	3
22	17900000	29190066	2	1	1	2
22	29190067	29451239	1	1	0	2
22	29451240	40790786	2	1	1	2
22	40790787	40790896	2	1	1	2
22	40790897	44302194	2	1	1	3
22	44302195	44302435	2	1	1	3
22	44302436	44607660	2	1	1	3
22	44607661	44793733	1	1	0	2
22	44793734	44829515	2	1	1	2
22	44829516	44888686	1	1	0	2
22	44888687	49691400	2	1	1	3
22	49691401	51304565	2	1	1	3
X	1	58099999	1	1	0	3
X	58100000	62999999	1	1	0	2
X	63000000	63131670	1	1	0	3
X	63131671	77382163	1	1	0	3
X	77382164	97488713	1	1	0	3
X	97488714	97490501	1	1	0	3
X	97490502	109105835	1	1	0	3
X	109105836	155270559	1	1	0	3
Y	1	11599999	1	1	0	1
Y	11600000	13399999	1	1	0	1
Y	13400000	59373565	1	1	0	1
