chromosome	start	end	total_cn	major_cn	minor_cn	star
1	1	801389	2	1	1	2
1	801390	20060030	2	1	1	2
1	20060031	21170067	2	1	1	2
1	21170068	23471001	2	1	1	2
1	23471002	24325041	2	1	1	2
1	24325042	48985129	2	1	1	2
1	48985130	50783401	2	1	1	2
1	50783402	51786201	2	1	1	2
1	51786202	64830202	2	1	1	2
1	64830203	64983802	2	1	1	2
1	64983803	65417802	2	1	1	2
1	65417803	65789802	2	1	1	2
1	65789803	74599976	2	1	1	2
1	74599977	85179947	2	1	1	2
1	85179948	88869982	2	1	1	2
1	88869983	89970162	2	1	1	2
1	89970163	91028602	2	1	1	2
1	91028603	94398401	2	1	1	2
1	94398402	97197201	2	1	1	2
1	97197202	98560007	2	1	1	2
1	98560008	98699954	2	1	1	2
1	98699955	101819990	2	1	1	2
1	101819991	107729980	2	1	1	2
1	107729981	110070011	2	1	1	2
1	110070012	110433647	2	1	1	2
1	110433648	115000018	2	1	1	2
1	115000019	115073202	2	1	1	2
1	115073203	121499999	2	1	1	2
1	121500000	128899999	2	1	1	2
1	128900000	148846801	2	1	1	2
1	148846802	160808400	2	1	1	2
1	160808401	162393001	2	1	1	2
1	162393002	166754957	2	1	1	2
1	166754958	172090061	2	1	1	2
1	172090062	172250202	2	1	1	2
1	172250203	174056602	2	1	1	2
1	174056603	174949991	2	1	1	2
1	174949992	175075001	2	1	1	2
1	175075002	176170912	2	1	1	2
1	176170913	179429983	2	1	1	2
1	179429984	181136850	2	1	1	2
1	181136851	182050098	2	1	1	2
1	182050099	193474602	2	1	1	2
1	193474603	193667602	2	1	1	2
1	193667603	198690064	2	1	1	2
1	198690065	198889975	2	1	1	2
1	198889976	205159985	2	1	1	2
1	205159986	205575219	2	1	1	2
1	205575220	205578701	2	1	1	2
1	205578702	205603258	0	0	0	1
1	205603259	205605331	2	1	1	1
1	205605332	205606563	2	1	1	1
1	205606564	205606594	2	1	1	1
1	205606595	205615878	2	1	1	2
1	205615879	205639554	2	1	1	2
1	205639555	205794802	2	1	1	2
1	205794803	210144964	2	1	1	2
1	210144965	210379918	2	1	1	2
1	210379919	210530026	2	1	1	2
1	210530027	211286601	2	1	1	2
1	211286602	212477728	2	1	1	2
1	212477729	214709946	2	1	1	2
1	214709947	215027601	2	1	1	2
1	215027602	215109202	2	1	1	2
1	215109203	216919616	2	1	1	2
1	216919617	217277965	2	1	1	2
1	217277966	219307802	2	1	1	2
1	219307803	220720402	2	1	1	2
1	220720403	221019997	2	1	1	2
1	221019998	227479994	2	1	1	2
1	227479995	245142204	2	1	1	2
1	245142205	247249600	2	1	1	2
1	247249601	249250620	2	1	1	2
2	98508	98896	2	1	1	2
2	98897	20695771	2	1	1	2
2	20695772	20695984	2	1	1	2
2	20695985	21897601	2	1	1	2
2	21897602	22323026	2	1	1	2
2	22323027	22834002	2	1	1	2
2	22834003	38359397	2	1	1	2
2	38359398	41159998	2	1	1	2
2	41159999	41510020	2	1	1	2
2	41510021	42223802	2	1	1	2
2	42223803	43505490	2	1	1	2
2	43505491	43506769	2	1	1	2
2	43506770	50539998	2	1	1	2
2	50539999	50671511	2	1	1	2
2	50671512	53449974	2	1	1	2
2	53449975	54975470	2	1	1	2
2	54975471	58820004	2	1	1	2
2	58820005	64650005	2	1	1	2
2	64650006	66905801	2	1	1	2
2	66905802	70971396	2	1	1	2
2	70971397	70972555	2	1	1	2
2	70972556	72167350	2	1	1	2
2	72167351	72167547	2	1	1	2
2	72167548	73070754	2	1	1	2
2	73070755	80490049	2	1	1	2
2	80490050	90404801	2	1	1	2
2	90404802	96799999	2	1	1	2
2	96800000	100227553	2	1	1	2
2	100227554	100227615	2	1	1	2
2	100227616	105779982	2	1	1	2
2	105779983	117789995	2	1	1	2
2	117789996	125459244	2	1	1	2
2	125459245	135603148	2	1	1	2
2	135603149	135830434	2	1	1	2
2	135830435	135830664	2	1	1	2
2	135830665	138504688	2	1	1	2
2	138504689	138939994	2	1	1	2
2	138939995	140923801	2	1	1	2
2	140923802	145373801	2	1	1	2
2	145373802	159032158	2	1	1	2
2	159032159	159135602	2	1	1	2
2	159135603	159157339	2	1	1	1
2	159157340	167490035	6	6	0	1
2	167490036	170736402	2	1	1	2
2	170736403	174800677	2	1	1	2
2	174800678	176825002	2	1	1	2
2	176825003	179408591	2	1	1	2
2	179408592	182732201	2	1	1	2
2	182732202	190420027	2	1	1	2
2	190420028	191181001	2	1	1	2
2	191181002	191771402	2	1	1	2
2	191771403	196361001	2	1	1	2
2	196361002	196492600	2	1	1	2
2	196492601	198698802	2	1	1	2
2	198698803	204261202	2	1	1	2
2	204261203	206513801	2	1	1	2
2	206513802	207326401	2	1	1	2
2	207326402	208360124	2	1	1	2
2	208360125	209300028	2	1	1	2
2	209300029	209985152	2	1	1	2
2	209985153	210314802	2	1	1	2
2	210314803	223144001	2	1	1	2
2	223144002	227749882	2	1	1	2
2	227749883	230630020	2	1	1	2
2	230630021	232669937	2	1	1	2
2	232669938	232788025	2	1	1	2
2	232788026	232788941	2	1	1	2
2	232788942	232908351	1	1	0	2
2	232908352	232913133	1	1	0	2
2	232913134	233645084	1	1	0	2
2	233645085	233645099	1	1	0	2
2	233645100	235119850	2	1	1	2
2	235119851	235214292	1	1	0	2
2	235214293	242985695	2	1	1	2
3	26374	100073	0	0	0	1
3	100074	205918	2	1	1	2
3	205919	260000	2	1	1	2
3	260001	635009	2	1	1	2
3	635010	5754001	2	1	1	2
3	5754002	13758755	2	1	1	2
3	13758756	13758771	2	1	1	2
3	13758772	13760774	2	1	1	1
3	13760775	15248030	1	1	0	2
3	15248031	18622757	2	1	1	2
3	18622758	22109961	2	1	1	2
3	22109962	22349002	2	1	1	2
3	22349003	24010003	2	1	1	2
3	24010004	30533202	2	1	1	2
3	30533203	36392002	2	1	1	2
3	36392003	37033602	2	1	1	2
3	37033603	39919945	2	1	1	2
3	39919946	46749784	2	1	1	2
3	46749785	46909557	2	1	1	2
3	46909558	46909629	2	1	1	1
3	46909630	46912607	2	1	1	1
3	46912608	46912751	2	1	1	1
3	46912752	46913280	2	1	1	1
3	46913281	47147065	2	1	1	1
3	47147066	47152656	2	1	1	2
3	47152657	56473601	2	1	1	2
3	56473602	70486444	2	1	1	2
3	70486445	71709800	1	1	0	2
3	71709801	71767601	1	1	0	2
3	71767602	72042972	1	1	0	2
3	72042973	72748945	0	0	0	2
3	72748946	72874601	1	1	0	2
3	72874602	87899999	2	1	1	2
3	87900000	94152000	2	1	1	2
3	94152001	94280001	2	1	1	2
3	94280002	96546602	2	1	1	2
3	96546603	102270001	2	1	1	2
3	102270002	115048601	2	1	1	2
3	115048602	115229980	2	1	1	2
3	115229981	119048202	2	1	1	2
3	119048203	121819400	2	1	1	2
3	121819401	121940401	2	1	1	2
3	121940402	126546857	2	1	1	2
3	126546858	127041604	1	1	0	2
3	127041605	127042282	1	1	0	2
3	127042283	127053922	1	1	0	2
3	127053923	132080013	2	1	1	2
3	132080014	136724878	2	1	1	2
3	136724879	138799952	2	1	1	2
3	138799953	140680800	2	1	1	2
3	140680801	141097414	2	1	1	2
3	141097415	147510006	2	1	1	2
3	147510007	156384626	2	1	1	2
3	156384627	157215208	1	1	0	2
3	157215209	162175011	2	1	1	2
3	162175012	174083601	2	1	1	2
3	174083602	184360014	2	1	1	2
3	184360015	189809996	2	1	1	2
3	189809997	189930002	2	1	1	2
3	189930003	197790629	2	1	1	2
4	74473	9018644	2	1	1	2
4	9018645	11395001	2	1	1	2
4	11395002	13669489	2	1	1	2
4	13669490	14303602	2	1	1	2
4	14303603	15924202	2	1	1	2
4	15924203	17402201	2	1	1	2
4	17402202	18719602	2	1	1	2
4	18719603	19497602	2	1	1	2
4	19497603	20013484	2	1	1	2
4	20013485	26304402	2	1	1	2
4	26304403	26390078	2	1	1	2
4	26390079	38935702	2	1	1	2
4	38935703	48199999	2	1	1	2
4	48200000	52699999	NA	NA	NA	NA
4	52700000	53457200	1	1	0	2
4	53457201	53748602	2	1	1	2
4	53748603	54015411	2	1	1	2
4	54015412	54015687	2	1	1	2
4	54015688	54023718	2	1	1	2
4	54023719	54026708	2	1	1	2
4	54026709	54037768	2	1	1	2
4	54037769	54040029	2	1	1	2
4	54040030	54310030	2	1	1	2
4	54310031	55050018	2	1	1	2
4	55050019	56397316	2	1	1	2
4	56397317	57234978	2	1	1	2
4	57234979	77551827	2	1	1	2
4	77551828	87782201	2	1	1	2
4	87782202	92448807	2	1	1	2
4	92448808	94478201	2	1	1	2
4	94478202	104684889	2	1	1	2
4	104684890	104940028	2	1	1	2
4	104940029	105966000	2	1	1	2
4	105966001	108860005	2	1	1	2
4	108860006	116544190	2	1	1	2
4	116544191	119696401	2	1	1	2
4	119696402	119804979	2	1	1	2
4	119804980	124479994	2	1	1	2
4	124479995	126097402	2	1	1	2
4	126097403	128018201	2	1	1	2
4	128018202	138941001	2	1	1	2
4	138941002	139039896	2	1	1	2
4	139039897	139917801	2	1	1	2
4	139917802	143719894	2	1	1	2
4	143719895	146270000	2	1	1	2
4	146270001	149814201	2	1	1	2
4	149814202	150439402	2	1	1	2
4	150439403	154760016	2	1	1	2
4	154760017	171100202	2	1	1	2
4	171100203	186491771	2	1	1	2
4	186491772	186970027	2	1	1	2
4	186970028	187263514	2	1	1	2
4	187263515	190782796	2	1	1	2
5	22500	43465039	2	1	1	2
5	43465040	44360038	2	1	1	2
5	44360039	45933001	2	1	1	2
5	45933002	46099999	4	2	2	1
5	46100000	50699999	NA	NA	NA	NA
5	50700000	54539987	2	1	1	2
5	54539988	65287801	2	1	1	2
5	65287802	67459988	2	1	1	2
5	67459989	67650065	2	1	1	2
5	67650066	72090007	2	1	1	2
5	72090008	72850017	2	1	1	2
5	72850018	73259608	2	1	1	2
5	73259609	73622133	2	1	1	2
5	73622134	76235201	2	1	1	2
5	76235202	79520000	2	1	1	2
5	79520001	83170007	2	1	1	2
5	83170008	83354496	2	1	1	2
5	83354497	89328002	2	1	1	2
5	89328003	90568001	2	1	1	2
5	90568002	95106457	2	1	1	2
5	95106458	99983402	2	1	1	2
5	99983403	100040602	2	1	1	2
5	100040603	105471201	2	1	1	2
5	105471202	106266001	2	1	1	2
5	106266002	112739937	2	1	1	2
5	112739938	115082676	2	1	1	2
5	115082677	122738201	2	1	1	2
5	122738202	132814616	2	1	1	2
5	132814617	132814777	2	1	1	2
5	132814778	141031401	2	1	1	2
5	141031402	141290081	2	1	1	2
5	141290082	144159839	2	1	1	2
5	144159840	145934175	2	1	1	2
5	145934176	145934687	2	1	1	2
5	145934688	147998547	2	1	1	2
5	147998548	148001255	2	1	1	2
5	148001256	154963083	2	1	1	2
5	154963084	159331526	2	1	1	2
5	159331527	172279993	2	1	1	2
5	172279994	180710363	2	1	1	2
6	39681	204483	NA	NA	NA	NA
6	204484	13471601	2	1	1	2
6	13471602	15779974	2	1	1	2
6	15779975	16024601	2	1	1	2
6	16024602	20194988	2	1	1	2
6	20194989	34440801	2	1	1	2
6	34440802	45442363	2	1	1	2
6	45442364	46579951	2	1	1	2
6	46579952	48190094	2	1	1	2
6	48190095	48613989	1	1	0	2
6	48613990	48652927	2	1	1	2
6	48652928	50696400	2	1	1	2
6	50696401	50850050	2	1	1	2
6	50850051	52126704	2	1	1	2
6	52126705	54210063	2	1	1	2
6	54210064	58699999	2	1	1	2
6	58700000	63849968	2	1	1	2
6	63849969	79787014	2	1	1	2
6	79787015	79787030	2	1	1	2
6	79787031	79826506	2	1	1	2
6	79826507	79826571	2	1	1	2
6	79826572	79828408	2	1	1	2
6	79828409	81980036	2	1	1	2
6	81980037	82284402	2	1	1	2
6	82284403	90174108	2	1	1	2
6	90174109	99970067	2	1	1	2
6	99970068	105651402	2	1	1	2
6	105651403	111824402	2	1	1	2
6	111824403	126139957	2	1	1	2
6	126139958	131493345	2	1	1	2
6	131493346	137400655	2	1	1	2
6	137400656	144852200	2	1	1	2
6	144852201	151649994	2	1	1	2
6	151649995	151848065	2	1	1	2
6	151848066	156930022	2	1	1	2
6	156930023	168209925	2	1	1	2
6	168209926	170899800	2	1	1	2
7	40016	6902162	2	1	1	2
7	6902163	9639976	2	1	1	2
7	9639977	21443401	2	1	1	2
7	21443402	21545490	2	1	1	2
7	21545491	26171402	2	1	1	2
7	26171403	27307202	2	1	1	2
7	27307203	29919200	2	1	1	2
7	29919201	32074602	2	1	1	2
7	32074603	57999999	2	1	1	2
7	58000000	62089990	2	1	1	2
7	62089991	72353247	2	1	1	2
7	72353248	79418602	2	1	1	2
7	79418603	84109801	2	1	1	2
7	84109802	87780600	2	1	1	2
7	87780601	87950030	2	1	1	2
7	87950031	89754975	2	1	1	2
7	89754976	89975760	2	1	1	2
7	89975761	90229581	3	2	1	2
7	90229582	90297204	3	2	1	2
7	90297205	90393490	3	2	1	2
7	90393491	90403146	3	2	1	2
7	90403147	90960811	3	2	1	2
7	90960812	99255002	2	1	1	2
7	99255003	99470812	2	1	1	2
7	99470813	110385059	2	1	1	2
7	110385060	111289995	2	1	1	2
7	111289996	115076025	2	1	1	2
7	115076026	119266252	2	1	1	2
7	119266253	119440063	2	1	1	2
7	119440064	121218458	2	1	1	2
7	121218459	122090019	2	1	1	2
7	122090020	122260117	2	1	1	2
7	122260118	123746001	2	1	1	2
7	123746002	128963473	2	1	1	2
7	128963474	130449980	3	2	1	2
7	130449981	130710005	3	2	1	2
7	130710006	134855718	3	2	1	2
7	134855719	134973847	3	2	1	2
7	134973848	138640202	3	2	1	2
7	138640203	139702002	3	2	1	2
7	139702003	142967402	3	2	1	2
7	142967403	145358833	3	2	1	2
7	145358834	145517445	3	2	1	2
7	145517446	148386113	3	2	1	2
7	148386114	150228020	3	2	1	2
7	150228021	151752601	3	2	1	2
7	151752602	151810889	3	2	1	2
7	151810890	151913189	3	2	1	2
7	151913190	152643401	3	2	1	2
7	152643402	155930679	3	2	1	2
7	155930680	158821400	2	1	1	2
8	194884	8540001	2	1	1	2
8	8540002	8919955	2	1	1	2
8	8919956	11233002	2	1	1	2
8	11233003	12830061	2	1	1	2
8	12830062	17036260	2	1	1	2
8	17036261	18740454	2	1	1	2
8	18740455	18741159	2	1	1	2
8	18741160	20036699	2	1	1	2
8	20036700	20036740	2	1	1	2
8	20036741	20040648	2	1	1	2
8	20040649	20042103	1	1	0	1
8	20042104	20068876	0	0	0	2
8	20068877	20072718	1	1	0	1
8	20072719	20077790	1	1	0	1
8	20077791	20083061	1	1	0	1
8	20083062	20083085	1	1	0	1
8	20083086	20083309	1	1	0	1
8	20083310	20118135	1	1	0	2
8	20118136	20189948	1	1	0	2
8	20189949	20194563	2	1	1	2
8	20194564	20194699	2	1	1	2
8	20194700	20207577	2	1	1	2
8	20207578	20207683	2	1	1	2
8	20207684	20210072	2	1	1	2
8	20210073	20211804	2	1	1	2
8	20211805	20229473	2	1	1	2
8	20229474	20229526	2	1	1	2
8	20229527	20232952	2	1	1	2
8	20232953	20370091	1	1	0	2
8	20370092	20376145	2	1	1	2
8	20376146	20376261	2	1	1	2
8	20376262	20404696	2	1	1	2
8	20404697	20404750	2	1	1	2
8	20404751	21027326	2	1	1	2
8	21027327	21027369	2	1	1	2
8	21027370	21029423	2	1	1	1
8	21029424	21031541	2	2	0	1
8	21031542	21034532	2	2	0	1
8	21034533	21038093	2	2	0	1
8	21038094	21043686	2	1	1	1
8	21043687	29008517	1	1	0	2
8	29008518	29010018	1	1	0	2
8	29010019	29011882	1	1	0	2
8	29011883	29012217	1	1	0	2
8	29012218	29013349	1	1	0	2
8	29013350	29013873	1	1	0	2
8	29013874	29228602	1	1	0	2
8	29228603	29615112	2	1	1	2
8	29615113	29615123	2	1	1	2
8	29615124	29615134	2	1	1	2
8	29615135	29620770	1	1	0	1
8	29620771	29660337	1	1	0	2
8	29660338	29672208	2	1	1	2
8	29672209	29696661	1	1	0	1
8	29696662	29706482	2	1	1	2
8	29706483	29706525	2	1	1	2
8	29706526	29713258	2	1	1	2
8	29713259	29715196	2	1	1	2
8	29715197	29723572	2	1	1	2
8	29723573	30599485	1	1	0	2
8	30599486	30599924	1	1	0	2
8	30599925	30602273	2	1	1	1
8	30602274	30602420	2	1	1	1
8	30602421	30609533	2	1	1	1
8	30609534	30609559	2	1	1	1
8	30609560	30703217	2	1	1	2
8	30703218	30723934	2	1	1	2
8	30723935	37169364	2	1	1	2
8	37169365	37169389	2	1	1	2
8	37169390	37204898	2	1	1	2
8	37204899	41882664	1	1	0	2
8	41882665	41892386	2	1	1	2
8	41892387	41892443	2	1	1	1
8	41892444	41906831	2	1	1	2
8	41906832	41906861	2	1	1	2
8	41906862	42029375	2	1	1	2
8	42029376	42029787	2	1	1	2
8	42029788	43099999	2	1	1	2
8	43100000	48099999	2	1	1	2
8	48100000	55059992	2	1	1	2
8	55059993	62699982	2	1	1	2
8	62699983	63930037	2	1	1	2
8	63930038	78050004	2	1	1	2
8	78050005	78309927	2	1	1	2
8	78309928	86009323	2	1	1	2
8	86009324	86247381	2	1	1	2
8	86247382	87329959	2	1	1	2
8	87329960	91685430	2	1	1	2
8	91685431	93483601	2	1	1	2
8	93483602	93926602	2	1	1	2
8	93926603	98539878	2	1	1	2
8	98539879	100067802	2	1	1	2
8	100067803	101400463	2	1	1	2
8	101400464	105668649	2	1	1	2
8	105668650	106322180	2	1	1	2
8	106322181	110758505	2	1	1	2
8	110758506	116729844	2	1	1	2
8	116729845	117895597	2	1	1	2
8	117895598	117950088	2	1	1	2
8	117950089	122705716	2	1	1	2
8	122705717	146364021	2	1	1	2
9	4426	88206	2	1	1	2
9	88207	232924	2	1	1	2
9	232925	2091968	2	1	1	2
9	2091969	4948801	2	1	1	2
9	4948802	9384106	2	1	1	2
9	9384107	13294870	2	1	1	2
9	13294871	13830202	2	1	1	2
9	13830203	14319995	2	1	1	2
9	14319996	14389998	2	1	1	2
9	14389999	19514776	2	1	1	2
9	19514777	29110000	2	1	1	2
9	29110001	29270030	2	1	1	2
9	29270031	29823903	2	1	1	2
9	29823904	31159939	2	1	1	2
9	31159940	31400146	2	1	1	2
9	31400147	35240034	2	1	1	2
9	35240035	35656403	2	1	1	2
9	35656404	35656447	2	1	1	2
9	35656448	35658006	2	1	1	2
9	35658007	35658184	2	1	1	2
9	35658185	39023401	2	1	1	2
9	39023402	47299999	2	1	1	2
9	47300000	50699999	2	1	1	2
9	50700000	66516201	2	1	1	2
9	66516202	68457869	2	1	1	2
9	68457870	71577201	2	1	1	2
9	71577202	72420004	2	1	1	2
9	72420005	75490096	2	1	1	2
9	75490097	76294317	2	1	1	2
9	76294318	76459749	2	1	1	2
9	76459750	80420031	2	1	1	2
9	80420032	85088001	2	1	1	2
9	85088002	91214964	2	1	1	2
9	91214965	103117246	2	1	1	2
9	103117247	103299990	2	1	1	2
9	103299991	105546151	2	1	1	2
9	105546152	107790012	2	1	1	2
9	107790013	111899927	2	1	1	2
9	111899928	111989972	2	1	1	2
9	111989973	116620044	2	1	1	2
9	116620045	118860025	2	1	1	2
9	118860026	120829961	2	1	1	2
9	120829962	121103439	4	2	2	2
9	121103440	124107453	2	1	1	2
9	124107454	124239997	2	1	1	2
9	124239998	126644224	2	1	1	2
9	126644225	126855001	2	1	1	2
9	126855002	127192601	2	1	1	2
9	127192602	129725928	2	1	1	2
9	129725929	140153246	2	1	1	2
9	140153247	140479946	1	1	0	2
10	130013	212436	2	1	1	2
10	212437	13046503	2	1	1	2
10	13046504	14680920	2	1	1	2
10	14680921	14681188	2	1	1	2
10	14681189	14997455	2	1	1	2
10	14997456	15001358	2	1	1	2
10	15001359	15469858	2	1	1	2
10	15469859	15480229	2	1	1	2
10	15480230	15484439	2	1	1	1
10	15484440	15757796	1	1	0	2
10	15757797	15759518	1	1	0	2
10	15759519	15850148	1	1	0	2
10	15850149	17090118	2	1	1	2
10	17090119	17147012	1	1	0	2
10	17147013	17244582	2	1	1	2
10	17244583	17574525	1	1	0	2
10	17574526	22815760	2	1	1	2
10	22815761	23369420	2	1	1	2
10	23369421	23541969	2	1	1	2
10	23541970	23549507	2	1	1	2
10	23549508	30009994	2	1	1	2
10	30009995	30054559	2	1	1	2
10	30054560	37999999	2	1	1	2
10	38000000	42606517	2	1	1	2
10	42606518	49592400	2	1	1	2
10	49592401	60972446	2	1	1	2
10	60972447	61529685	2	1	1	2
10	61529686	62831672	2	1	1	2
10	62831673	71726401	2	1	1	2
10	71726402	72639982	2	1	1	2
10	72639983	77220006	2	1	1	2
10	77220007	83748401	2	1	1	2
10	83748402	87106808	2	1	1	2
10	87106809	88125753	2	1	1	2
10	88125754	88282524	2	1	1	2
10	88282525	88667709	1	1	0	2
10	88667710	88974868	2	1	1	2
10	88974869	88975611	2	1	1	2
10	88975612	89690488	1	1	0	2
10	89690489	89690569	1	1	0	2
10	89690570	89698089	1	1	0	2
10	89698090	89702288	1	1	0	2
10	89702289	89824062	1	1	0	2
10	89824063	89824650	1	1	0	2
10	89824651	90326805	1	1	0	2
10	90326806	90329221	2	1	1	2
10	90329222	90329241	2	1	1	2
10	90329242	90419033	2	1	1	2
10	90419034	90643522	1	1	0	2
10	90643523	92524835	2	1	1	2
10	92524836	92663107	2	1	1	2
10	92663108	92879919	2	1	1	2
10	92879920	95791612	2	1	1	2
10	95791613	110369084	2	1	1	2
10	110369085	110654326	2	1	1	2
10	110654327	111940003	2	1	1	2
10	111940004	116496903	2	1	1	2
10	116496904	121653202	2	1	1	2
10	121653203	135236375	2	1	1	2
10	135236376	135391112	2	1	1	2
11	199908	16959999	2	1	1	2
11	16960000	20929979	2	1	1	2
11	20929980	21660031	2	1	1	2
11	21660032	25219983	2	1	1	2
11	25219984	32275566	2	1	1	2
11	32275567	32277486	2	1	1	2
11	32277487	32402278	2	1	1	2
11	32402279	32402369	2	1	1	2
11	32402370	32439820	2	1	1	2
11	32439821	40911056	1	1	0	2
11	40911057	40920282	2	1	1	2
11	40920283	40920318	2	1	1	2
11	40920319	40982364	2	1	1	2
11	40982365	40982382	2	1	1	2
11	40982383	41357738	2	1	1	2
11	41357739	41380934	1	1	0	2
11	41380935	42982124	2	1	1	2
11	42982125	47123086	1	1	0	2
11	47123087	51306401	2	1	1	2
11	51306402	55699999	2	1	1	2
11	55700000	56591513	2	1	1	2
11	56591514	56598263	2	1	1	2
11	56598264	59315601	2	1	1	2
11	59315602	80000008	2	1	1	2
11	80000009	80893312	2	1	1	2
11	80893313	86349975	2	1	1	2
11	86349976	87678241	2	1	1	2
11	87678242	88299973	2	1	1	2
11	88299974	88531998	2	1	1	2
11	88531999	94368034	2	1	1	2
11	94368035	94373806	2	1	1	2
11	94373807	104086202	2	1	1	2
11	104086203	105018045	2	1	1	2
11	105018046	108879404	2	1	1	2
11	108879405	108886196	2	1	1	2
11	108886197	108945398	2	1	1	1
11	108945399	108947549	2	1	1	1
11	108947550	114107298	1	1	0	2
11	114107299	114111042	2	1	1	2
11	114111043	114111104	2	1	1	2
11	114111105	114123631	2	1	1	2
11	114123632	114218090	2	1	1	2
11	114218091	114223718	1	1	0	1
11	114223719	114231762	1	1	0	2
11	114231763	114231897	1	1	0	2
11	114231898	116044041	1	1	0	2
11	116044042	116047161	1	1	0	1
11	116047162	124776463	1	1	0	2
11	124776464	124819029	2	1	1	2
11	124819030	132253285	1	1	0	2
11	132253286	132391741	2	1	1	2
11	132391742	132392055	2	1	1	2
11	132392056	132404832	2	1	1	2
11	132404833	132404856	1	1	0	1
11	132404857	132409561	4	2	2	1
11	132409562	134379963	1	1	0	2
11	134379964	134382267	2	1	1	1
11	134382268	134382384	2	1	1	1
11	134382385	134402557	2	1	1	2
11	134402558	134402589	2	1	1	2
11	134402590	134407859	2	1	1	2
11	134407860	134407890	2	1	1	2
11	134407891	134727603	2	1	1	2
11	134727604	134727673	2	1	1	2
11	134727674	134754881	1	1	0	1
11	134754882	134754986	1	1	0	1
11	134754987	134760840	1	1	0	1
12	110107	188284	1	1	0	2
12	188285	11636811	1	1	0	2
12	11636812	11640308	1	1	0	2
12	11640309	12965627	0	0	0	2
12	12965628	15204379	1	1	0	2
12	15204380	26918201	2	1	1	2
12	26918202	29141201	2	1	1	2
12	29141202	30076130	2	1	1	2
12	30076131	30250743	2	1	1	2
12	30250744	33299999	2	1	1	2
12	33300000	38199999	2	1	1	2
12	38200000	41674984	2	1	1	2
12	41674985	42038060	2	1	1	2
12	42038061	43059127	2	1	1	2
12	43059128	43550549	2	1	1	2
12	43550550	44287849	2	1	1	2
12	44287850	48082023	2	1	1	2
12	48082024	66451371	2	1	1	2
12	66451372	66659956	2	1	1	2
12	66659957	67343140	2	1	1	2
12	67343141	70111401	2	1	1	2
12	70111402	83960010	2	1	1	2
12	83960011	108311602	2	1	1	2
12	108311603	111733555	2	1	1	2
12	111733556	112587877	1	1	0	2
12	112587878	113270628	2	1	1	2
12	113270629	113875309	1	1	0	2
12	113875310	117045492	2	1	1	2
12	117045493	117045612	2	1	1	2
12	117045613	117051758	2	1	1	2
12	117051759	117051790	1	1	0	1
12	117051791	117054939	1	1	0	1
12	117054940	117390395	1	1	0	2
12	117390396	131281602	2	1	1	2
12	131281603	132349400	2	1	1	2
12	132349401	133851894	2	1	1	2
13	1	16299999	NA	NA	NA	NA
13	16300000	19499999	2	1	1	2
13	19500000	26139889	2	1	1	2
13	26139890	28725201	2	1	1	2
13	28725202	29069988	2	1	1	2
13	29069989	35994924	2	1	1	2
13	35994925	37420008	2	1	1	2
13	37420009	37688801	2	1	1	2
13	37688802	41190115	2	1	1	2
13	41190116	42680906	2	1	1	2
13	42680907	50769985	2	1	1	2
13	50769986	55252801	2	1	1	2
13	55252802	59258401	2	1	1	2
13	59258402	59453902	2	1	1	2
13	59453903	69140913	2	1	1	2
13	69140914	69515912	1	1	0	2
13	69515913	73103479	2	1	1	2
13	73103480	76501215	1	1	0	2
13	76501216	76507436	2	1	1	2
13	76507437	77292500	2	1	1	2
13	77292501	77954395	1	1	0	2
13	77954396	79952401	2	1	1	2
13	79952402	91960012	2	1	1	2
13	91960013	92096006	2	1	1	2
13	92096007	94372191	2	1	1	2
13	94372192	95640041	2	1	1	2
13	95640042	96220400	2	1	1	2
13	96220401	96802246	2	1	1	2
13	96802247	98590045	2	1	1	2
13	98590046	101389975	2	1	1	2
13	101389976	102043574	2	1	1	2
13	102043575	102129183	2	1	1	2
13	102129184	110774001	2	1	1	2
13	110774002	111823202	2	1	1	2
13	111823203	114142800	2	1	1	2
13	114142801	114944236	2	1	1	2
14	1	16099999	NA	NA	NA	NA
14	16100000	19099999	2	1	1	1
14	19100000	24374600	2	1	1	2
14	24374601	32050007	2	1	1	2
14	32050008	48102843	2	1	1	2
14	48102844	48187295	2	1	1	2
14	48187296	50032992	2	1	1	2
14	50032993	54379907	2	1	1	2
14	54379908	60275201	2	1	1	2
14	60275202	62358020	2	1	1	2
14	62358021	64344402	2	1	1	2
14	64344403	66209992	2	1	1	2
14	66209993	67764109	2	1	1	2
14	67764110	67765369	2	1	1	2
14	67765370	67769764	1	1	0	2
14	67769765	67781536	1	1	0	2
14	67781537	67795424	1	1	0	2
14	67795425	77374697	1	1	0	2
14	77374698	77380507	1	1	0	2
14	77380508	91221051	1	1	0	2
14	91221052	91223724	1	1	0	2
14	91223725	92559250	1	1	0	2
14	92559251	100152057	1	1	0	2
14	100152058	106318400	2	1	1	2
14	106318401	107349539	2	1	1	2
15	1	15799999	NA	NA	NA	NA
15	15800000	20699999	2	1	1	2
15	20700000	35029151	2	1	1	2
15	35029152	35446206	2	1	1	2
15	35446207	40173804	2	1	1	2
15	40173805	47396660	2	1	1	2
15	47396661	60591000	2	1	1	2
15	60591001	60947866	2	1	1	2
15	60947867	62384120	2	1	1	2
15	62384121	62530000	2	1	1	2
15	62530001	64325148	2	1	1	2
15	64325149	68542401	2	1	1	2
15	68542402	71030001	2	1	1	2
15	71030002	83235000	2	1	1	2
15	83235001	83984883	2	1	1	2
15	83984884	87440066	2	1	1	2
15	87440067	91099155	2	1	1	2
15	91099156	93129970	2	1	1	2
15	93129971	96827029	2	1	1	2
15	96827030	97059943	2	1	1	2
15	97059944	97468401	2	1	1	2
15	97468402	97500316	2	1	1	2
15	97500317	98402999	2	1	1	2
15	98403000	100338800	2	1	1	2
15	100338801	102531391	2	1	1	2
16	85065	5310062	2	1	1	2
16	5310063	15527802	2	1	1	2
16	15527803	32387202	2	1	1	2
16	32387203	34599999	2	1	1	2
16	34600000	38599999	2	1	1	2
16	38600000	48679913	2	1	1	2
16	48679914	58927049	2	1	1	2
16	58927050	66419144	2	1	1	2
16	66419145	73004790	2	1	1	2
16	73004791	84530012	1	1	0	2
16	84530013	84780201	1	1	0	2
16	84780202	88827200	1	1	0	2
16	88827201	90354752	1	1	0	2
17	12500	18593601	2	1	1	2
17	18593602	22199999	2	1	1	2
17	22200000	25799999	2	1	1	2
17	25800000	30140061	2	1	1	2
17	30140062	31309937	2	1	1	2
17	31309938	34811401	2	1	1	2
17	34811402	38649202	2	1	1	2
17	38649203	39170003	2	1	1	2
17	39170004	43724244	2	1	1	2
17	43724245	49055443	2	1	1	2
17	49055444	49154945	2	1	1	2
17	49154946	49942820	2	1	1	2
17	49942821	50145355	2	1	1	2
17	50145356	50508601	2	1	1	2
17	50508602	53400796	2	1	1	2
17	53400797	68069438	2	1	1	2
17	68069439	68070193	2	1	1	2
17	68070194	78774600	2	1	1	2
17	78774601	81195209	2	1	1	2
18	37445	4240942	1	1	0	2
18	4240943	4244305	1	1	0	1
18	4244306	4352275	2	1	1	2
18	4352276	4352569	2	1	1	2
18	4352570	4356967	2	1	1	2
18	4356968	4357008	2	1	1	2
18	4357009	14132939	2	1	1	2
18	14132940	15399999	2	1	1	2
18	15400000	19813006	2	1	1	2
18	19813007	19894024	2	1	1	2
18	19894025	19931397	1	1	0	2
18	19931398	20031201	2	1	1	2
18	20031202	20032169	2	1	1	2
18	20032170	20034238	2	1	1	2
18	20034239	26241437	1	1	0	2
18	26241438	26246402	1	1	0	2
18	26246403	26247071	2	1	1	1
18	26247072	26250948	2	1	1	1
18	26250949	26340558	2	1	1	1
18	26340559	26343416	2	1	1	1
18	26343417	26358771	2	1	1	1
18	26358772	35199919	2	1	1	2
18	35199920	36297538	2	1	1	2
18	36297539	38016895	2	1	1	2
18	38016896	38161269	2	1	1	2
18	38161270	44441173	2	1	1	2
18	44441174	47701743	2	1	1	2
18	47701744	48753157	2	1	1	2
18	48753158	49559601	2	1	1	2
18	49559602	49840377	2	1	1	2
18	49840378	54182202	2	1	1	2
18	54182203	57550006	2	1	1	2
18	57550007	59971975	2	1	1	2
18	59971976	61007007	2	1	1	2
18	61007008	61630658	2	1	1	2
18	61630659	68920025	2	1	1	2
18	68920026	70197630	2	1	1	2
18	70197631	70197659	2	1	1	2
18	70197660	70318154	2	1	1	2
18	70318155	70318175	2	1	1	2
18	70318176	70326445	2	1	1	2
18	70326446	70333523	2	1	1	1
18	70333524	70394993	2	1	1	1
18	70394994	70396131	2	1	1	1
18	70396132	70408021	2	1	1	2
18	70408022	70408125	2	1	1	2
18	70408126	70420676	2	1	1	2
18	70420677	70421199	2	1	1	2
18	70421200	71543658	2	1	1	2
18	71543659	71543698	2	1	1	2
18	71543699	71547202	2	1	1	2
18	71547203	71558146	1	1	0	1
18	71558147	71560314	1	1	0	1
18	71560315	71560554	1	1	0	1
18	71560555	71563488	1	1	0	1
18	71563489	71563546	1	1	0	1
18	71563547	71571821	1	1	0	1
18	71571822	71571938	1	1	0	1
18	71571939	71578656	1	1	0	1
18	71578657	71578998	1	1	0	1
18	71578999	71611331	1	1	0	1
18	71611332	71620146	1	1	0	1
18	71620147	71621847	1	1	0	1
18	71621848	71621970	1	1	0	1
18	71621971	71625660	1	1	0	1
18	71625661	72872541	1	1	0	2
18	72872542	72873992	1	1	0	2
18	72873993	72874100	1	1	0	2
18	72874101	72876976	1	1	0	2
18	72876977	72885608	1	1	0	2
18	72885609	72901631	2	1	1	2
18	72901632	72901773	2	1	1	2
18	72901774	72912007	1	1	0	1
18	72912008	72912069	1	1	0	1
18	72912070	72914285	1	1	0	2
18	72914286	73013244	1	1	0	2
18	73013245	73013812	1	1	0	2
18	73013813	73014009	2	1	1	1
18	73014010	73079965	2	1	1	2
18	73079966	73080108	2	1	1	2
18	73080109	73086684	2	1	1	2
18	73086685	73227398	1	1	0	2
18	73227399	73363600	2	1	1	2
18	73363601	73363839	2	1	1	2
18	73363840	73860432	2	1	1	2
18	73860433	73867369	2	1	1	2
18	73867370	73868069	1	1	0	2
18	73868070	74222082	1	1	0	2
18	74222083	74225544	2	1	1	1
18	74225545	74256608	2	1	1	2
18	74256609	74280059	1	1	0	2
18	74280060	74285086	1	1	0	2
18	74285087	74289872	2	1	1	1
18	74289873	74305622	2	1	1	2
18	74305623	74305714	2	1	1	2
18	74305715	74359577	2	1	1	2
18	74359578	74359639	2	1	1	2
18	74359640	74372273	2	1	1	2
18	74372274	74372331	2	1	1	2
18	74372332	74377132	2	1	1	2
18	74377133	74377273	2	1	1	2
18	74377274	74383154	2	1	1	2
18	74383155	74383290	2	1	1	1
18	74383291	74386615	2	1	1	2
18	74386616	74441927	1	1	0	2
18	74441928	74443966	2	1	1	2
18	74443967	74444683	2	1	1	2
18	74444684	74635821	2	1	1	2
18	74635822	74639874	2	1	1	2
18	74639875	74657868	2	1	1	2
18	74657869	74665298	1	1	0	1
18	74665299	74987499	2	1	1	2
18	74987500	76117000	2	1	1	2
18	76117001	78077247	2	1	1	2
19	254304	24399999	2	1	1	2
19	24400000	28599999	2	1	1	2
19	28600000	34530266	2	1	1	2
19	34530267	40052739	2	1	1	2
19	40052740	40296251	2	1	1	2
19	40296252	41881545	2	1	1	2
19	41881546	43101001	2	1	1	2
19	43101002	43840200	2	1	1	2
19	43840201	50557846	2	1	1	2
19	50557847	50558710	2	1	1	2
19	50558711	59128982	2	1	1	2
20	82074	800009	2	1	1	2
20	800010	3577000	2	1	1	2
20	3577001	4256202	2	1	1	2
20	4256203	6071401	2	1	1	2
20	6071402	7380045	2	1	1	2
20	7380046	10859941	2	1	1	2
20	10859942	15272449	2	1	1	2
20	15272450	16009155	1	1	0	2
20	16009156	25599999	2	1	1	2
20	25600000	29512499	2	1	1	2
20	29512500	44128226	2	1	1	2
20	44128227	44251082	2	1	1	2
20	44251083	49659935	2	1	1	2
20	49659936	50850201	2	1	1	2
20	50850202	62435800	2	1	1	2
21	1	10899999	NA	NA	NA	NA
21	10900000	15230651	2	1	1	2
21	15230652	26919972	2	1	1	2
21	26919973	33072006	2	1	1	2
21	33072007	33072075	2	1	1	2
21	33072076	35037002	2	1	1	2
21	35037003	35616655	2	1	1	2
21	35616656	35618772	2	1	1	2
21	35618773	35627865	2	1	1	2
21	35627866	35628056	2	1	1	2
21	35628057	36273601	2	1	1	2
21	36273602	37359985	2	1	1	2
21	37359986	37584988	2	1	1	2
21	37584989	37595305	2	1	1	2
21	37595306	39782309	2	1	1	2
21	39782310	39784117	2	1	1	2
21	39784118	39787180	2	1	1	2
21	39787181	39787206	2	1	1	2
21	39787207	39859955	2	1	1	2
21	39859956	39864702	2	1	1	2
21	39864703	42841932	2	1	1	2
21	42841933	42854469	2	1	1	2
21	42854470	42855632	2	1	1	2
21	42855633	42863579	2	1	1	2
21	42863580	46944200	2	1	1	2
21	46944201	48129894	2	1	1	2
22	1	12199999	NA	NA	NA	NA
22	12200000	17899999	2	1	1	2
22	17900000	49691400	2	1	1	2
22	49691401	51304565	2	1	1	2
X	1	58099999	1	1	0	3
X	58100000	62999999	1	1	0	1
X	63000000	72343999	1	1	0	3
X	72344000	109483000	1	1	0	3
X	109483001	109609999	1	1	0	1
X	109610000	125838999	1	1	0	3
X	125839000	128630000	1	1	0	3
X	128630001	155270559	1	1	0	3
Y	1	3621202	1	1	0	1
Y	3621203	5574202	1	1	0	1
Y	5574203	11599999	1	1	0	1
Y	11600000	13399999	1	1	0	1
Y	13400000	59373565	1	1	0	1
