chromosome	start	end	total_cn	major_cn	minor_cn	star
1	1	6162777	1	1	0	3
1	6162778	6865487	4	3	1	2
1	6865488	6865532	5	4	1	2
1	6865533	12058175	3	2	1	2
1	12058176	12073938	3	2	1	2
1	12073939	28676834	3	2	1	2
1	28676835	28689568	3	2	1	2
1	28689569	31366749	3	2	1	3
1	31366750	31868324	4	2	2	2
1	31868325	40517855	3	2	1	3
1	40517856	40519658	3	2	1	2
1	40519659	45240869	3	2	1	3
1	45240870	51320022	2	1	1	3
1	51320023	66588356	3	2	1	3
1	66588357	70266556	3	2	1	3
1	70266557	70266576	3	2	1	3
1	70266577	81591233	3	2	1	3
1	81591234	81604908	4	3	1	2
1	81604909	83500789	3	2	1	3
1	83500790	84888501	2	1	1	2
1	84888502	84902315	2	1	1	2
1	84902316	108964947	2	1	1	3
1	108964948	109944212	1	1	0	3
1	109944213	121499999	2	1	1	3
1	121500000	128899999	2	1	1	2
1	128900000	143541938	2	1	1	2
1	143541939	146969336	3	2	1	2
1	146969337	146969660	3	2	1	2
1	146969661	149042499	3	2	1	2
1	149042500	149704742	2	1	1	3
1	149704743	151370006	3	2	1	2
1	151370007	162804536	2	1	1	2
1	162804537	162814682	3	2	1	2
1	162814683	164272442	2	1	1	2
1	164272443	164299833	2	1	1	2
1	164299834	172859171	2	1	1	3
1	172859172	172859664	2	1	1	3
1	172859665	173776019	2	1	1	3
1	173776020	173918433	3	2	1	3
1	173918434	173924999	3	2	1	2
1	173925000	174006268	3	2	1	3
1	174006269	176940484	2	1	1	3
1	176940485	179069315	2	1	1	3
1	179069316	184801762	1	1	0	3
1	184801763	189746663	1	1	0	3
1	189746664	189752618	1	1	0	3
1	189752619	201727350	1	1	0	3
1	201727351	222099257	2	1	1	3
1	222099258	222105171	2	1	1	2
1	222105172	246294537	2	1	1	3
1	246294538	246997745	3	2	1	2
1	246997746	247249600	2	1	1	2
1	247249601	249180581	2	1	1	3
2	47281	25859753	1	1	0	3
2	25859754	49694318	2	2	0	3
2	49694319	49698530	4	2	2	1
2	49698531	49715393	4	2	2	3
2	49715394	60774770	3	2	1	3
2	60774771	60854987	4	3	1	3
2	60854988	61110035	3	2	1	2
2	61110036	61221117	4	3	1	2
2	61221118	72589006	3	2	1	3
2	72589007	72967748	2	1	1	3
2	72967749	72989831	2	1	1	1
2	72989832	76387252	2	1	1	3
2	76387253	76391175	2	1	1	1
2	76391176	90499999	2	1	1	3
2	90500000	96799999	2	1	1	2
2	96800000	116522985	2	1	1	3
2	116522986	116524179	2	1	1	2
2	116524180	117862042	2	1	1	3
2	117862043	117862055	2	1	1	3
2	117862056	118428948	2	1	1	3
2	118428949	118441087	2	1	1	2
2	118441088	125457709	2	1	1	3
2	125457710	125457754	2	1	1	3
2	125457755	131030682	2	1	1	3
2	131030683	132274179	3	2	1	2
2	132274180	149295645	2	1	1	3
2	149295646	149302748	2	1	1	3
2	149302749	150419957	2	1	1	2
2	150419958	150431966	3	2	1	2
2	150431967	155060440	2	1	1	3
2	155060441	155225733	1	1	0	3
2	155225734	159906335	2	1	1	3
2	159906336	159975840	2	1	1	2
2	159975841	193457904	2	1	1	3
2	193457905	193463501	2	1	1	2
2	193463502	197588377	2	1	1	3
2	197588378	197611352	2	1	1	2
2	197611353	199372129	2	1	1	3
2	199372130	199384314	2	1	1	3
2	199384315	242626927	2	1	1	3
2	242626928	242999968	1	1	0	3
3	60596	4422892	1	1	0	3
3	4422893	4422960	1	1	0	3
3	4422961	30985760	1	1	0	3
3	30985761	37839830	2	1	1	3
3	37839831	39740985	3	2	1	3
3	39740986	41192007	2	1	1	3
3	41192008	41194793	2	1	1	2
3	41194794	87899999	2	1	1	3
3	87900000	93899999	2	1	1	3
3	93900000	113383521	2	1	1	3
3	113383522	113478984	2	1	1	2
3	113478985	118842192	2	1	1	3
3	118842193	133140163	3	2	1	3
3	133140164	133185466	4	3	1	2
3	133185467	137112598	3	2	1	3
3	137112599	137114166	3	2	1	3
3	137114167	149257235	3	2	1	3
3	149257236	149277062	2	2	0	3
3	149277063	152238134	3	2	1	3
3	152238135	152240342	3	2	1	3
3	152240343	156007532	3	2	1	3
3	156007533	156030995	3	2	1	1
3	156030996	176809652	3	2	1	3
3	176809653	176840240	3	2	1	2
3	176840241	194003078	3	2	1	3
3	194003079	194014086	3	2	1	2
3	194014087	197858320	3	2	1	2
4	48909	996322	3	2	1	2
4	996323	5915894	2	1	1	3
4	5915895	5917151	2	1	1	2
4	5917152	19438292	2	1	1	3
4	19438293	19921497	1	1	0	2
4	19921498	21390378	2	1	1	2
4	21390379	21819060	1	1	0	2
4	21819061	22071545	2	1	1	3
4	22071546	22076527	2	1	1	3
4	22076528	36793656	2	1	1	2
4	36793657	36797388	3	2	1	2
4	36797389	42512065	2	1	1	2
4	42512066	42514856	2	1	1	2
4	42514857	46301988	2	1	1	2
4	46301989	46306341	2	1	1	2
4	46306342	46853041	2	1	1	2
4	46853042	46858361	2	1	1	2
4	46858362	48199999	2	1	1	2
4	48200000	52699999	2	1	1	2
4	52700000	59205535	2	1	1	2
4	59205536	59207741	2	1	1	2
4	59207742	64273807	2	1	1	2
4	64273808	64277015	2	1	1	2
4	64277016	72964755	2	1	1	2
4	72964756	73512000	2	1	1	2
4	73512001	73517442	2	1	1	2
4	73517443	85922684	2	1	1	2
4	85922685	86774198	1	1	0	3
4	86774199	86774428	1	1	0	2
4	86774429	89878314	1	1	0	3
4	89878315	89931369	1	1	0	1
4	89931370	92949986	1	1	0	2
4	92949987	92953051	1	1	0	2
4	92953052	100579632	1	1	0	2
4	100579633	100600813	1	1	0	1
4	100600814	191154275	1	1	0	2
5	26755	850202	5	4	1	2
5	850203	9695362	5	4	1	2
5	9695363	9699195	4	3	1	2
5	9699196	14110081	4	3	1	2
5	14110082	14136054	3	3	0	2
5	14136055	14901632	4	3	1	2
5	14901633	14902509	4	3	1	2
5	14902510	17516193	4	3	1	2
5	17516194	31910366	4	3	1	2
5	31910367	31999261	5	3	2	2
5	31999262	42748985	4	3	1	2
5	42748986	42749010	4	3	1	2
5	42749011	43719586	4	3	1	2
5	43719587	46099999	2	1	1	3
5	46100000	50699999	2	1	1	2
5	50700000	55814433	2	1	1	3
5	55814434	80117611	1	1	0	3
5	80117612	80124890	1	1	0	1
5	80124891	86793838	1	1	0	3
5	86793839	95636320	2	2	0	2
5	95636321	98582019	3	2	1	2
5	98582020	112521088	3	2	1	2
5	112521089	112531757	5	4	1	2
5	112531758	123075632	3	2	1	3
5	123075633	123083369	3	2	1	1
5	123083370	125850490	3	2	1	2
5	125850491	125863886	3	2	1	2
5	125863887	140527388	3	2	1	3
5	140527389	140676116	5	4	1	2
5	140676117	159794335	3	2	1	3
5	159794336	159806368	3	2	1	2
5	159806369	168262482	3	2	1	2
5	168262483	168286357	4	2	2	2
5	168286358	173577966	3	2	1	3
5	173577967	174993600	4	3	1	2
5	174993601	175006994	2	1	1	1
5	175006995	180715810	2	1	1	2
6	39681	205919	2	1	1	1
6	205920	1594895	2	1	1	3
6	1594896	1669404	3	2	1	2
6	1669405	6120705	2	1	1	3
6	6120706	6144947	1	1	0	2
6	6144948	16299080	2	1	1	3
6	16299081	16338852	3	2	1	3
6	16338853	58699999	2	1	1	3
6	58700000	63299999	2	1	1	3
6	63300000	64957607	2	1	1	3
6	64957608	68741961	1	1	0	2
6	68741962	68839353	2	1	1	2
6	68839354	72975277	3	2	1	2
6	72975278	74190000	2	1	1	3
6	74190001	74443430	3	2	1	2
6	74443431	74854818	2	1	1	3
6	74854819	90940645	1	1	0	3
6	90940646	91235231	2	2	0	2
6	91235232	91235417	2	2	0	2
6	91235418	91238896	1	1	0	2
6	91238897	91238943	1	1	0	2
6	91238944	108414647	1	1	0	2
6	108414648	108423707	2	2	0	2
6	108423708	114762828	1	1	0	2
6	114762829	114765607	1	1	0	3
6	114765608	120875363	1	1	0	2
6	120875364	120876092	1	1	0	2
6	120876093	120878600	2	2	0	2
6	120878601	146901089	1	1	0	2
6	146901090	146903991	1	1	0	2
6	146903992	170918264	1	1	0	2
7	40386	3689381	2	1	1	2
7	3689382	3694619	4	3	1	2
7	3694620	4489944	2	1	1	2
7	4489945	4496967	1	1	0	2
7	4496968	9106179	2	1	1	3
7	9106180	9160390	3	2	1	2
7	9160391	9341894	2	1	1	3
7	9341895	9354175	1	1	0	2
7	9354176	14203437	2	1	1	3
7	14203438	20757243	1	1	0	3
7	20757244	20764216	2	1	1	2
7	20764217	20764252	2	1	1	2
7	20764253	20766004	2	1	1	2
7	20766005	20766081	2	1	1	2
7	20766082	24382482	2	1	1	3
7	24382483	24384350	2	1	1	1
7	24384351	45570908	2	1	1	3
7	45570909	45639876	2	1	1	1
7	45639877	53064630	2	1	1	3
7	53064631	53067550	2	1	1	2
7	53067551	57999999	2	1	1	3
7	58000000	61699999	2	1	1	3
7	61700000	65439901	2	1	1	3
7	65439902	67584884	3	2	1	2
7	67584885	67588952	3	2	1	2
7	67588953	71472231	3	2	1	2
7	71472232	71474133	3	2	1	2
7	71474134	72209163	3	2	1	2
7	72209164	72214949	3	2	1	2
7	72214950	91466768	3	2	1	3
7	91466769	91467374	3	2	1	2
7	91467375	91479706	2	1	1	2
7	91479707	105560891	2	1	1	3
7	105560892	108439580	3	2	1	3
7	108439581	108439756	3	2	1	3
7	108439757	111561541	3	2	1	3
7	111561542	111561705	3	2	1	3
7	111561706	115746078	3	2	1	3
7	115746079	115746986	3	2	1	3
7	115746987	122338594	3	2	1	3
7	122338595	122339785	3	2	1	3
7	122339786	122547330	3	2	1	3
7	122547331	122550564	3	2	1	2
7	122550565	124998089	3	2	1	3
7	124998090	125000704	3	2	1	2
7	125000705	128954161	3	2	1	3
7	128954162	133193514	2	1	1	3
7	133193515	133202354	2	1	1	3
7	133202355	135042208	2	1	1	3
7	135042209	158821400	1	1	0	3
8	10001	159435	2	2	0	2
8	159436	2300438	2	2	0	2
8	2300439	2304750	2	2	0	2
8	2304751	2311368	3	3	0	2
8	2311369	35352451	1	1	0	3
8	35352452	35363302	1	1	0	3
8	35363303	39684848	1	1	0	3
8	39684849	43099999	2	1	1	2
8	43100000	48640744	2	1	1	2
8	48640745	48641657	2	1	1	2
8	48641658	56405091	2	1	1	2
8	56405092	56411232	3	2	1	2
8	56411233	66416098	2	1	1	2
8	66416099	66425068	2	1	1	2
8	66425069	76847517	2	1	1	2
8	76847518	76856168	2	1	1	2
8	76856169	90847113	2	1	1	2
8	90847114	90943896	1	1	0	2
8	90943897	98817599	2	1	1	2
8	98817600	103983142	3	2	1	2
8	103983143	104043666	4	2	2	2
8	104043667	104043698	4	2	2	2
8	104043699	110246115	3	2	1	2
8	110246116	110418316	4	2	2	2
8	110418317	112809220	3	2	1	2
8	112809221	112816690	3	2	1	1
8	112816691	121077557	3	2	1	2
8	121077558	121097663	4	2	2	3
8	121097664	121144204	3	2	1	2
8	121144205	121173971	2	2	0	3
8	121173972	125146862	3	2	1	2
8	125146863	140764688	4	2	2	2
8	140764689	140765686	4	2	2	2
8	140765687	140778439	2	1	1	2
8	140778440	140801872	3	2	1	2
8	140801873	144204796	4	2	2	2
8	144204797	144225863	5	3	2	1
8	144225864	144539809	4	2	2	2
8	144539810	146128176	5	3	2	2
9	65340	203936	1	1	0	2
9	203937	481677	1	1	0	3
9	481678	488303	1	1	0	3
9	488304	5351839	1	1	0	3
9	5351840	10006262	2	1	1	3
9	10006263	10012147	3	2	1	2
9	10012148	11637984	2	1	1	3
9	11637985	12575284	1	1	0	3
9	12575285	16375268	2	1	1	3
9	16375269	16376736	3	2	1	2
9	16376737	16717844	3	2	1	2
9	16717845	21885060	2	1	1	3
9	21885061	21885089	2	1	1	3
9	21885090	47299999	2	1	1	3
9	47300000	50699999	2	1	1	2
9	50700000	66799971	2	1	1	2
9	66799972	94953355	2	1	1	3
9	94953356	94968923	2	1	1	1
9	94968924	117861584	2	1	1	3
9	117861585	117869570	2	1	1	2
9	117869571	119653584	2	1	1	2
9	119653585	140273200	1	1	0	3
10	10001	130012	2	1	1	2
10	130013	21581028	2	1	1	2
10	21581029	21602924	2	1	1	2
10	21602925	23088318	2	1	1	2
10	23088319	23501335	3	2	1	3
10	23501336	31749349	2	1	1	3
10	31749350	31758129	2	1	1	3
10	31758130	37999999	2	1	1	3
10	38000000	42299999	2	1	1	2
10	42300000	66865776	2	1	1	3
10	66865777	66901212	3	2	1	2
10	66901213	78864432	2	1	1	3
10	78864433	78869264	2	1	1	3
10	78869265	116372477	2	1	1	3
10	116372478	116440434	2	1	1	2
10	116440435	119374084	2	1	1	3
10	119374085	119444460	1	1	0	2
10	119444461	131234033	2	1	1	3
10	131234034	131236960	2	1	1	1
10	131236961	135389924	2	1	1	3
11	196944	10680031	1	1	0	3
11	10680032	11190257	2	1	1	3
11	11190258	11271721	2	1	1	2
11	11271722	19770119	2	1	1	3
11	19770120	19781843	2	1	1	1
11	19781844	40405604	2	1	1	3
11	40405605	40408247	2	1	1	3
11	40408248	41254484	2	1	1	3
11	41254485	49783852	3	2	1	3
11	49783853	51599999	2	1	1	2
11	51600000	55699999	2	1	1	3
11	55700000	68325400	2	1	1	3
11	68325401	68357569	2	1	1	2
11	68357570	75331859	2	1	1	3
11	75331860	75332046	2	1	1	3
11	75332047	77554264	2	1	1	3
11	77554265	88477634	1	1	0	3
11	88477635	90723306	3	2	1	3
11	90723307	90729784	3	2	1	3
11	90729785	94187712	3	2	1	3
11	94187713	94209286	2	1	1	1
11	94209287	117688680	2	1	1	3
11	117688681	127745071	3	2	1	3
11	127745072	128419326	4	2	2	3
11	128419327	128694386	5	3	2	3
11	128694387	132504010	3	3	0	3
11	132504011	134452200	1	1	0	3
12	110107	6277846	2	1	1	3
12	6277847	6477434	3	2	1	3
12	6477435	7875750	2	1	1	3
12	7875751	7885727	2	1	1	3
12	7885728	26944230	2	1	1	3
12	26944231	27133023	3	2	1	2
12	27133024	32088360	2	1	1	3
12	32088361	32105563	3	2	1	2
12	32105564	33007654	2	1	1	2
12	33007655	33041316	2	1	1	2
12	33041317	38199999	2	1	1	3
12	38200000	50239308	2	1	1	3
12	50239309	50240738	2	1	1	3
12	50240739	67141087	2	1	1	3
12	67141088	68274720	3	2	1	3
12	68274721	76081407	2	1	1	3
12	76081408	76192964	3	2	1	3
12	76192965	89640167	2	1	1	3
12	89640168	89695185	3	2	1	3
12	89695186	99244021	2	1	1	3
12	99244022	99303795	3	2	1	2
12	99303796	103075144	2	1	1	3
12	103075145	103078733	2	1	1	3
12	103078734	106115951	2	1	1	3
12	106115952	106130328	2	1	1	1
12	106130329	122702955	2	1	1	3
12	122702956	128634118	1	1	0	3
12	128634119	132349400	2	1	1	3
12	132349401	133851894	2	1	1	2
13	1	16299999	3	2	1	1
13	16300000	19499999	3	2	1	2
13	19500000	20426082	3	2	1	2
13	20426083	20465519	5	3	2	2
13	20465520	20474848	2	2	0	2
13	20474849	42682325	2	2	0	2
13	42682326	42689552	3	3	0	2
13	42689553	43625214	3	3	0	2
13	43625215	43944408	5	5	0	2
13	43944409	44091451	3	3	0	2
13	44091452	44223046	1	1	0	2
13	44223047	44226134	1	1	0	2
13	44226135	48916870	1	1	0	3
13	48916871	49289349	1	1	0	2
13	49289350	104374693	1	1	0	2
13	104374694	104381269	1	1	0	2
13	104381270	114142800	1	1	0	2
13	114142801	115169877	1	1	0	3
14	1	16099999	2	1	1	1
14	16100000	19099999	2	1	1	2
14	19100000	20375170	2	1	1	3
14	20375171	25272376	2	1	1	3
14	25272377	25298068	2	1	1	3
14	25298069	27722230	2	1	1	3
14	27722231	27727260	2	1	1	1
14	27727261	40045652	2	1	1	3
14	40045653	40074901	3	2	1	3
14	40074902	40266523	2	1	1	3
14	40266524	40293285	2	1	1	1
14	40293286	51479025	2	1	1	3
14	51479026	51483301	2	1	1	3
14	51483302	53613825	2	1	1	3
14	53613826	53818609	2	1	1	1
14	53818610	55881170	2	1	1	3
14	55881171	55883591	2	1	1	3
14	55883592	56076306	2	1	1	3
14	56076307	56079636	2	1	1	2
14	56079637	58152421	2	1	1	3
14	58152422	62604826	1	1	0	3
14	62604827	62605407	1	1	0	3
14	62605408	76341568	1	1	0	3
14	76341569	77403078	3	2	1	3
14	77403079	77407137	3	2	1	3
14	77407138	84060984	3	2	1	3
14	84060985	84061189	3	2	1	2
14	84061190	84061890	3	2	1	1
14	84061891	93067133	3	2	1	3
14	93067134	93097957	3	2	1	1
14	93097958	95476279	3	2	1	3
14	95476280	95481428	3	2	1	3
14	95481429	106368400	3	2	1	3
15	1	15799999	2	1	1	1
15	15800000	20699999	2	1	1	2
15	20700000	41877694	2	1	1	3
15	41877695	41878715	2	1	1	2
15	41878716	43749897	2	1	1	3
15	43749898	43763232	2	1	1	2
15	43763233	86956798	2	1	1	3
15	86956799	86975238	3	2	1	2
15	86975239	92311710	2	1	1	3
15	92311711	92311904	2	1	1	3
15	92311905	93894115	2	1	1	3
15	93894116	100338800	3	2	1	3
15	100338801	102436706	3	2	1	3
16	44080	154993	1	1	0	2
16	154994	12967646	1	1	0	3
16	12967647	12978226	1	1	0	3
16	12978227	13877185	1	1	0	2
16	13877186	17065011	3	2	1	2
16	17065012	17069954	3	2	1	2
16	17069955	21397001	3	2	1	2
16	21397002	22393349	2	1	1	2
16	22393350	30743596	2	1	1	2
16	30743597	30951925	3	2	1	2
16	30951926	34599999	2	1	1	3
16	34600000	38599999	2	1	1	3
16	38600000	46459931	2	1	1	2
16	46459932	49406028	2	1	1	3
16	49406029	50352719	3	2	1	2
16	50352720	62551874	1	1	0	3
16	62551875	62553808	1	1	0	3
16	62553809	76005628	1	1	0	3
16	76005629	76010841	1	1	0	3
16	76010842	76010860	1	1	0	3
16	76010861	88683338	1	1	0	3
16	88683339	88827200	2	2	0	2
16	88827201	90354752	2	2	0	2
17	12500	17212816	1	1	0	3
17	17212817	17225038	2	2	0	2
17	17225039	19694763	1	1	0	3
17	19694764	19737547	2	2	0	2
17	19737548	22199999	1	1	0	2
17	22200000	25799999	1	1	0	2
17	25800000	27528193	1	1	0	2
17	27528194	27577559	2	2	0	2
17	27577560	36823020	1	1	0	3
17	36823021	36823259	1	1	0	1
17	36823260	36830093	2	2	0	1
17	36830094	36854458	3	3	0	2
17	36854459	56008667	2	2	0	3
17	56008668	64255414	3	3	0	2
17	64255415	71148120	4	4	0	2
17	71148121	71200891	1	1	0	2
17	71200892	80193880	4	4	0	2
17	80193881	80401251	4	4	0	2
18	27500	125370	1	1	0	2
18	125371	703171	1	1	0	2
18	703172	15399999	2	1	1	2
18	15400000	18999999	NA	NA	NA	NA
18	19000000	58800254	1	1	0	2
18	58800255	58801532	1	1	0	2
18	58801533	60677391	1	1	0	2
18	60677392	60733114	1	1	0	1
18	60733115	76117000	1	1	0	2
18	76117001	78077247	1	1	0	3
19	102500	245630	1	1	0	2
19	245631	1160678	1	1	0	2
19	1160679	1326460	2	2	0	2
19	1326461	8037039	1	1	0	2
19	8037040	9750007	3	2	1	2
19	9750008	12660001	5	4	1	2
19	12660002	20607499	1	1	0	3
19	20607500	20722499	1	1	0	2
19	20722500	24399999	1	1	0	3
19	24400000	28599999	NA	NA	NA	NA
19	28600000	30229165	3	2	1	2
19	30229166	32853911	4	3	1	2
19	32853912	32858936	5	4	1	2
19	32858937	32893550	4	3	1	2
19	32893551	32957882	3	2	1	3
19	32957883	32959203	3	2	1	2
19	32959204	43777499	1	1	0	3
19	43777500	53869068	1	1	0	3
19	53869069	53892424	2	2	0	2
19	53892425	53899340	2	2	0	2
19	53899341	53899381	2	2	0	2
19	53899382	55270384	2	2	0	2
19	55270385	55322800	1	1	0	2
19	55322801	59128982	2	2	0	2
20	28002	11043269	2	1	1	2
20	11043270	11053240	2	1	1	2
20	11053241	25386578	2	1	1	3
20	25386579	25392931	2	1	1	3
20	25392932	29399999	2	1	1	2
20	29400000	33607020	2	1	1	3
20	33607021	33608541	2	1	1	2
20	33608542	51558551	2	1	1	3
20	51558552	62041254	3	2	1	2
20	62041255	62157508	2	2	0	3
20	62157509	62191756	2	2	0	2
20	62191757	62432500	2	2	0	2
21	1	9417499	NA	NA	NA	NA
21	9417500	10899999	NA	NA	NA	NA
21	10900000	14299999	2	1	1	2
21	14300000	16614545	2	1	1	2
21	16614546	16945875	3	2	1	2
21	16945876	27634525	2	1	1	2
21	27634526	27634791	2	1	1	2
21	27634792	46937500	2	1	1	2
21	46937501	48129894	2	1	1	2
22	1	12199999	2	1	1	1
22	12200000	17899999	2	1	1	3
22	17900000	17944220	2	1	1	2
22	17944221	17980168	1	1	0	2
22	17980169	17983339	1	1	0	2
22	17983340	17983571	1	1	0	2
22	17983572	17985854	1	1	0	2
22	17985855	18083087	1	1	0	3
22	18083088	18389815	2	1	1	2
22	18389816	18389837	2	1	1	2
22	18389838	22706141	2	1	1	3
22	22706142	22711709	2	1	1	2
22	22711710	22713383	1	1	0	2
22	22713384	46918182	1	1	0	3
22	46918183	47534921	1	1	0	2
22	47534922	49719998	1	1	0	3
22	49719999	51304565	1	1	0	3
X	1	8248961	1	1	0	3
X	8248962	8259726	2	2	0	2
X	8259727	47739922	1	1	0	2
X	47739923	54880808	2	1	1	2
X	54880809	54994970	1	1	0	2
X	54994971	58099999	2	1	1	2
X	58100000	62999999	2	1	1	2
X	63000000	64013118	2	1	1	2
X	64013119	64017644	2	1	1	2
X	64017645	70163795	2	1	1	2
X	70163796	70166666	2	1	1	1
X	70166667	96447984	2	1	1	2
X	96447985	96454443	2	1	1	2
X	96454444	96763135	2	1	1	2
X	96763136	96767211	2	1	1	2
X	96767212	130639220	2	1	1	2
X	130639221	148984575	5	4	1	2
X	148984576	148985946	2	1	1	1
X	148985947	151934402	5	4	1	2
X	151934403	154913600	4	4	0	2
