chromosome	start	end	total_cn	major_cn	minor_cn	star
1	1	31911332	2	1	1	3
1	31911333	31914918	2	1	1	1
1	31914919	106517007	2	1	1	3
1	106517008	115706696	1	1	0	3
1	115706697	121499999	2	1	1	3
1	121500000	128899999	2	1	1	2
1	128900000	247249600	2	1	1	3
1	247249601	249250620	2	1	1	3
2	20016	18852137	3	2	1	3
2	18852138	18859886	3	2	1	1
2	18859887	89477002	3	2	1	3
2	89477003	90499999	3	2	1	2
2	90500000	96799999	NA	NA	NA	NA
2	96800000	242985695	2	1	1	3
3	100074	409220	2	1	1	3
3	409221	87899999	1	1	0	3
3	87900000	93899999	NA	NA	NA	NA
3	93900000	197847500	2	1	1	3
4	11870	41609	1	1	0	1
4	41610	51776	2	1	1	1
4	51777	48199999	2	1	1	3
4	48200000	52699999	2	1	1	3
4	52700000	182936229	2	1	1	3
4	182936230	182936821	2	1	1	3
4	182936822	191154275	2	1	1	3
5	22500	29254554	2	1	1	3
5	29254555	29258972	2	1	1	2
5	29258973	46099999	2	1	1	3
5	46100000	50699999	2	1	1	2
5	50700000	79074397	2	1	1	3
5	79074398	180715810	2	1	1	3
6	39681	247500	2	1	1	2
6	247501	58699999	2	1	1	3
6	58700000	63299999	2	1	1	3
6	63300000	170897500	2	1	1	3
7	40386	9619476	2	1	1	3
7	9619477	57999999	2	1	1	3
7	58000000	61699999	2	1	1	3
7	61700000	158821400	2	1	1	3
8	10001	155756	1	1	0	2
8	155757	40649941	1	1	0	3
8	40649942	40684494	10	9	1	1
8	40684495	41289554	10	9	1	1
8	41289555	41456326	10	9	1	1
8	41456327	41456382	10	9	1	1
8	41456383	41463813	10	9	1	1
8	41463814	41464994	10	9	1	1
8	41464995	41465284	10	9	1	1
8	41465285	41728269	4	3	1	2
8	41728270	41756991	16	13	3	1
8	41756992	41761984	16	13	3	1
8	41761985	41763608	16	13	3	1
8	41763609	41911852	15	14	1	1
8	41911853	41980228	21	20	1	2
8	41980229	42232355	3	2	1	1
8	42232356	43099999	3	2	1	3
8	43100000	48099999	NA	NA	NA	NA
8	48100000	55827526	2	1	1	3
8	55827527	56183355	2	1	1	3
8	56183356	146364021	2	1	1	3
9	47500	42152499	2	1	1	3
9	42152500	47196854	2	1	1	2
9	47196855	50699999	NA	NA	NA	NA
9	50700000	118882796	2	1	1	3
9	118882797	126173288	2	1	1	3
9	126173289	126199213	2	1	1	2
9	126199214	126857000	2	1	1	2
9	126857001	140273200	2	1	1	3
9	140273201	141055225	2	1	1	3
10	94426	37999999	2	1	1	3
10	38000000	42299999	2	1	1	3
10	42300000	135389924	2	1	1	3
11	20721	196943	1	1	0	2
11	196944	10924676	1	1	0	3
11	10924677	12471708	2	1	1	3
11	12471709	13058413	1	1	0	3
11	13058414	23305309	2	1	1	3
11	23305310	26044465	2	1	1	3
11	26044466	42445852	3	2	1	3
11	42445853	51599999	2	1	1	3
11	51600000	55699999	2	1	1	3
11	55700000	134452200	2	1	1	3
12	110107	26288479	2	1	1	3
12	26288480	26291116	2	1	1	2
12	26291117	33299999	2	1	1	3
12	33300000	38199999	NA	NA	NA	NA
12	38200000	56913151	3	2	1	3
12	56913152	56913862	3	2	1	3
12	56913863	56922674	3	2	1	2
12	56922675	56925829	3	2	1	2
12	56925830	56926922	3	2	1	2
12	56926923	56926950	3	2	1	2
12	56926951	56927273	3	2	1	2
12	56927274	56937255	3	2	1	2
12	56937256	57217457	3	2	1	2
12	57217458	57217813	3	2	1	2
12	57217814	57219314	3	2	1	2
12	57219315	57221252	3	2	1	1
12	57221253	58019572	3	2	1	3
12	58019573	58181018	11	10	1	1
12	58181019	58182561	9	8	1	1
12	58182562	58199020	9	8	1	1
12	58199021	58270468	9	8	1	1
12	58270469	58287861	8	7	1	2
12	58287862	58291791	3	2	1	2
12	58291792	58292802	4	4	0	1
12	58292803	58911489	3	2	1	3
12	58911490	59454724	8	7	1	2
12	59454725	60011147	3	2	1	2
12	60011148	60208454	3	2	1	2
12	60208455	60212252	8	7	1	1
12	60212253	60346602	8	7	1	2
12	60346603	60836578	8	7	1	1
12	60836579	60836632	8	7	1	1
12	60836633	60836701	8	7	1	1
12	60836702	62159493	8	7	1	1
12	62159494	62212065	9	8	1	1
12	62212066	62681811	8	7	1	1
12	62681812	62701154	9	8	1	1
12	62701155	62702170	9	8	1	1
12	62702171	62703923	9	8	1	1
12	62703924	62759236	9	8	1	1
12	62759237	62978129	9	8	1	1
12	62978130	62990985	10	9	1	1
12	62990986	62996853	10	9	1	1
12	62996854	63169020	10	9	1	1
12	63169021	63207989	15	14	1	1
12	63207990	63210312	15	14	1	1
12	63210313	63219371	15	14	1	1
12	63219372	63227759	15	14	1	1
12	63227760	63227771	15	14	1	1
12	63227772	63324883	15	14	1	2
12	63324884	63388599	12	11	1	1
12	63388600	63408049	9	8	1	1
12	63408050	63412179	9	8	1	1
12	63412180	63430304	9	8	1	1
12	63430305	63455158	9	8	1	1
12	63455159	63608339	8	7	1	2
12	63608340	63675008	15	14	1	2
12	63675009	63677947	17	16	1	1
12	63677948	63686187	17	16	1	1
12	63686188	63702348	17	16	1	1
12	63702349	63705146	17	16	1	1
12	63705147	63735580	13	12	1	1
12	63735581	63868785	3	2	1	2
12	63868786	64366781	4	3	1	2
12	64366782	64412205	11	10	1	2
12	64412206	64462205	11	10	1	2
12	64462206	64528464	11	10	1	2
12	64528465	64530628	16	14	2	1
12	64530629	64549204	16	14	2	1
12	64549205	64549375	16	14	2	1
12	64549376	64673706	16	14	2	1
12	64673707	64673890	16	14	2	1
12	64673891	64673963	16	14	2	1
12	64673964	64674000	15	14	1	1
12	64674001	64868885	16	15	1	2
12	64868886	64880715	16	15	1	2
12	64880716	64962042	16	15	1	1
12	64962043	65016571	16	15	1	2
12	65016572	65022439	16	15	1	1
12	65022440	65085319	16	15	1	2
12	65085320	65086597	16	15	1	1
12	65086598	65086644	11	10	1	1
12	65086645	65097172	11	10	1	1
12	65097173	65677276	11	10	1	1
12	65677277	65711335	15	14	1	1
12	65711336	65724170	15	14	1	1
12	65724171	65795713	15	14	1	1
12	65795714	65999805	1	1	0	3
12	65999806	66024449	1	1	0	1
12	66024450	66343292	12	11	1	2
12	66343293	66452587	11	10	1	2
12	66452588	66452725	11	10	1	2
12	66452726	66759553	11	10	1	1
12	66759554	66803583	12	11	1	1
12	66803584	66804830	12	11	1	1
12	66804831	66806094	12	11	1	1
12	66806095	66806111	9	8	1	1
12	66806112	66809893	9	8	1	1
12	66809894	66967744	9	8	1	2
12	66967745	67138788	9	8	1	1
12	67138789	67140278	9	8	1	1
12	67140279	67145381	9	8	1	1
12	67145382	67148358	9	8	1	1
12	67148359	67149359	9	8	1	1
12	67149360	67289383	4	3	1	2
12	67289384	67292055	9	8	1	2
12	67292056	67370408	11	10	1	1
12	67370409	67465356	12	11	1	1
12	67465357	67499704	11	10	1	2
12	67499705	67596967	10	9	1	2
12	67596968	67603194	14	13	1	2
12	67603195	67646093	14	13	1	2
12	67646094	67691292	13	12	1	1
12	67691293	67723830	11	10	1	1
12	67723831	67754565	12	11	1	1
12	67754566	67914700	11	10	1	1
12	67914701	67916519	16	15	1	1
12	67916520	67956478	16	15	1	1
12	67956479	67963305	16	15	1	1
12	67963306	67965669	16	15	1	1
12	67965670	67977874	16	15	1	1
12	67977875	67990160	16	15	1	1
12	67990161	67996268	18	17	1	1
12	67996269	68018592	18	17	1	2
12	68018593	68022973	18	17	1	1
12	68022974	68029271	16	15	1	1
12	68029272	68043781	16	15	1	1
12	68043782	68047813	16	15	1	1
12	68047814	68086370	16	15	1	1
12	68086371	68087674	16	15	1	1
12	68087675	68132563	18	17	1	1
12	68132564	68139187	15	14	1	1
12	68139188	68283178	15	14	1	1
12	68283179	68339262	13	12	1	2
12	68339263	68397576	9	8	1	1
12	68397577	68487026	7	6	1	2
12	68487027	68519147	6	5	1	2
12	68519148	68672194	7	6	1	2
12	68672195	68691302	8	7	1	2
12	68691303	68740973	8	7	1	2
12	68740974	68790309	7	6	1	3
12	68790310	68868697	5	4	1	2
12	68868698	68921678	7	6	1	2
12	68921679	68922257	7	6	1	2
12	68922258	69162883	7	6	1	3
12	69162884	69173028	8	7	1	1
12	69173029	69189876	8	7	1	1
12	69189877	69199817	8	7	1	1
12	69199818	69257238	4	3	1	2
12	69257239	69262157	11	10	1	2
12	69262158	69309332	11	10	1	1
12	69309333	69327593	9	8	1	1
12	69327594	69335996	9	8	1	1
12	69335997	69393838	9	8	1	1
12	69393839	69399898	9	8	1	1
12	69399899	69403681	9	8	1	1
12	69403682	69486411	9	8	1	1
12	69486412	69487367	9	8	1	2
12	69487368	69488697	9	8	1	1
12	69488698	69488842	9	8	1	1
12	69488843	69521469	9	8	1	1
12	69521470	69533687	5	4	1	2
12	69533688	69534475	6	5	1	1
12	69534476	69534518	6	5	1	1
12	69534519	69542688	5	4	1	2
12	69542689	69544215	6	5	1	1
12	69544216	69544268	6	5	1	1
12	69544269	69869385	5	4	1	3
12	69869386	70545773	7	6	1	2
12	70545774	70546986	7	6	1	2
12	70546987	70606584	5	4	1	2
12	70606585	70898820	7	6	1	2
12	70898821	70900254	7	6	1	1
12	70900255	70900269	7	6	1	1
12	70900270	70900485	7	6	1	1
12	70900486	71950531	4	3	1	3
12	71950532	71951270	4	3	1	2
12	71951271	71951298	4	3	1	2
12	71951299	71953189	4	3	1	2
12	71953190	72321192	4	3	1	3
12	72321193	72500938	2	1	1	3
12	72500939	72570838	5	4	1	1
12	72570839	72753002	5	4	1	3
12	72753003	73208522	3	2	1	3
12	73208523	73209076	3	2	1	2
12	73209077	73345174	3	2	1	3
12	73345175	73369341	5	4	1	2
12	73369342	73370355	5	4	1	2
12	73370356	73587225	5	4	1	2
12	73587226	73835766	2	1	1	2
12	73835767	73835995	1	1	0	2
12	73835996	73836542	1	1	0	1
12	73836543	73846708	1	1	0	1
12	73846709	75017695	1	1	0	3
12	75017696	75057130	3	2	1	2
12	75057131	75057602	3	2	1	2
12	75057603	75712055	4	3	1	3
12	75712056	101122030	1	1	0	3
12	101122031	101125706	1	1	0	3
12	101125707	132349400	1	1	0	3
12	132349401	133851894	1	1	0	3
13	1	16299999	3	2	1	1
13	16300000	19499999	3	2	1	3
13	19500000	33708274	3	2	1	3
13	33708275	33712616	3	2	1	3
13	33712617	33715074	3	2	1	2
13	33715075	34895578	3	2	1	2
13	34895579	35117124	1	1	0	2
13	35117125	38301845	3	2	1	3
13	38301846	38307460	3	2	1	1
13	38307461	38652947	3	2	1	3
13	38652948	38656374	2	1	1	1
13	38656375	39314720	2	1	1	3
13	39314721	39473454	1	1	0	3
13	39473455	40433191	2	1	1	3
13	40433192	40437284	2	1	1	1
13	40437285	40437344	2	1	1	2
13	40437345	41626289	2	1	1	3
13	41626290	114142800	1	1	0	3
13	114142801	115169877	1	1	0	3
14	1	16099999	2	1	1	1
14	16100000	19099999	2	1	1	2
14	19100000	106368400	2	1	1	3
15	1	15799999	1	1	0	1
15	15800000	20699999	1	1	0	2
15	20700000	100338800	1	1	0	3
15	100338801	102531391	1	1	0	2
16	84870	5415370	3	2	1	3
16	5415371	5752449	3	2	1	3
16	5752450	5784578	5	4	1	3
16	5784579	5787239	5	4	1	2
16	5787240	5816559	5	4	1	2
16	5816560	5821208	4	3	1	2
16	5821209	5821906	4	3	1	2
16	5821907	5822811	3	2	1	2
16	5822812	5893101	3	2	1	2
16	5893102	6777944	3	2	1	3
16	6777945	6832963	4	3	1	2
16	6832964	8751879	3	2	1	3
16	8751880	8760763	4	3	1	2
16	8760764	10351755	3	2	1	3
16	10351756	10998275	4	3	1	3
16	10998276	11055615	4	3	1	2
16	11055616	11143444	2	1	1	2
16	11143445	11835812	2	1	1	3
16	11835813	11844027	2	1	1	2
16	11844028	11859259	2	1	1	2
16	11859260	11989552	2	1	1	2
16	11989553	11990799	2	1	1	1
16	11990800	12439274	2	1	1	3
16	12439275	12439364	2	1	1	3
16	12439365	13086952	2	1	1	3
16	13086953	14924031	2	1	1	3
16	14924032	15502500	4	3	1	1
16	15502501	15858802	4	3	1	3
16	15858803	15940240	3	2	1	2
16	15940241	15990024	4	3	1	2
16	15990025	17356238	2	1	1	3
16	17356239	17809972	3	2	1	3
16	17809973	18078274	8	7	1	1
16	18078275	18119895	3	2	1	2
16	18119896	18752728	3	2	1	2
16	18752729	18779417	3	2	1	2
16	18779418	18979992	6	5	1	3
16	18979993	18981131	6	5	1	2
16	18981132	18981222	6	5	1	2
16	18981223	18981742	6	5	1	2
16	18981743	18981902	6	5	1	2
16	18981903	19030312	7	6	1	1
16	19030313	19063689	7	6	1	1
16	19063690	19068729	7	6	1	1
16	19068730	19084410	7	6	1	1
16	19084411	19089432	7	6	1	1
16	19089433	19223819	7	6	1	2
16	19223820	19716902	6	5	1	3
16	19716903	19717052	6	5	1	2
16	19717053	19718823	6	5	1	2
16	19718824	19737316	4	3	1	1
16	19737317	19744313	4	3	1	2
16	19744314	19752576	4	3	1	2
16	19752577	19758062	4	3	1	2
16	19758063	19767605	4	3	1	2
16	19767606	19767854	4	3	1	2
16	19767855	19767903	4	3	1	2
16	19767904	19768460	4	3	1	2
16	19768461	19854704	4	3	1	3
16	19854705	19865495	3	2	1	2
16	19865496	19888151	4	3	1	2
16	19888152	19933792	4	3	1	2
16	19933793	21076572	4	3	1	3
16	21076573	21189497	3	2	1	2
16	21189498	21189844	3	2	1	2
16	21189845	21370273	4	3	1	3
16	21370274	21373903	1	1	0	1
16	21373904	21374075	1	1	0	2
16	21374076	21847802	1	1	0	3
16	21847803	22050818	2	1	1	1
16	22050819	22557499	2	1	1	3
16	22557500	22717499	1	1	0	2
16	22717500	23099469	1	1	0	3
16	23099470	23189202	2	1	1	3
16	23189203	24886376	1	1	0	3
16	24886377	25767268	3	2	1	3
16	25767269	25775700	4	3	1	2
16	25775701	25775734	4	3	1	2
16	25775735	26519748	4	3	1	3
16	26519749	27137963	2	1	1	3
16	27137964	27332539	2	1	1	2
16	27332540	27339104	2	1	1	2
16	27339105	27343395	1	1	0	1
16	27343396	27343409	1	1	0	2
16	27343410	27699072	1	1	0	2
16	27699073	27715937	2	1	1	2
16	27715938	27716279	2	1	1	2
16	27716280	27716428	2	1	1	2
16	27716429	27946442	2	1	1	3
16	27946443	31552499	3	2	1	3
16	31552500	31552560	3	2	1	1
16	31552561	32012499	1	1	0	3
16	32012500	33325041	1	1	0	2
16	33325042	33332006	2	2	0	1
16	33332007	33908510	2	2	0	1
16	33908511	34197499	1	1	0	1
16	34197500	34412500	1	1	0	2
16	34412501	34599999	3	2	1	2
16	34600000	38599999	NA	NA	NA	NA
16	38600000	46447499	2	1	1	2
16	46447500	88827200	2	1	1	3
16	88827201	90354752	2	1	1	3
17	12500	7623791	1	1	0	3
17	7623792	22199999	2	1	1	3
17	22200000	25799999	2	1	1	3
17	25800000	30117626	2	1	1	3
17	30117627	30883589	7	6	1	2
17	30883590	30926373	15	14	1	2
17	30926374	31176926	16	15	1	1
17	31176927	31178609	15	14	1	1
17	31178610	31178694	15	14	1	2
17	31178695	31186770	15	14	1	1
17	31186771	31186927	15	14	1	1
17	31186928	31192969	15	14	1	1
17	31192970	31195298	15	14	1	1
17	31195299	31351228	15	14	1	2
17	31351229	31374562	12	11	1	1
17	31374563	31375458	12	11	1	1
17	31375459	31382683	12	11	1	1
17	31382684	31390084	11	10	1	1
17	31390085	31542800	4	3	1	2
17	31542801	32453668	1	1	0	3
17	32453669	32662970	4	3	1	2
17	32662971	32676315	9	8	1	1
17	32676316	32819626	9	8	1	1
17	32819627	32822862	8	7	1	2
17	32822863	33159176	9	8	1	2
17	33159177	33529916	10	9	1	1
17	33529917	33805787	1	1	0	3
17	33805788	33856829	9	8	1	1
17	33856830	33856867	9	8	1	1
17	33856868	33875465	8	7	1	1
17	33875466	34524425	8	7	1	1
17	34524426	34993176	8	7	1	1
17	34993177	35148072	7	6	1	2
17	35148073	35152260	9	8	1	1
17	35152261	35169015	9	8	1	1
17	35169016	35439715	9	8	1	1
17	35439716	35521910	1	1	0	2
17	35521911	35522433	1	1	0	2
17	35522434	35522596	9	8	1	1
17	35522597	35608951	9	8	1	1
17	35608952	35701911	9	8	1	1
17	35701912	36218062	9	8	1	1
17	36218063	36564327	13	12	1	2
17	36564328	36636262	12	11	1	1
17	36636263	36819769	12	11	1	2
17	36819770	36878581	11	10	1	2
17	36878582	36898587	12	11	1	1
17	36898588	36899851	12	11	1	1
17	36899852	36900045	12	11	1	1
17	36900046	36909904	12	11	1	1
17	36909905	36912163	12	11	1	1
17	36912164	36912537	12	11	1	1
17	36912538	36913724	10	9	1	1
17	36913725	37332764	10	9	1	1
17	37332765	37334504	10	9	1	2
17	37334505	37334542	10	9	1	1
17	37334543	37347794	12	11	1	1
17	37347795	37347805	12	11	1	1
17	37347806	37725949	12	11	1	1
17	37725950	37775742	26	25	1	1
17	37775743	37795915	26	25	1	1
17	37795916	37803650	26	25	1	1
17	37803651	37803662	26	25	1	1
17	37803663	37806840	26	25	1	1
17	37806841	37807223	26	25	1	1
17	37807224	37817928	26	25	1	1
17	37817929	37819548	26	25	1	1
17	37819549	37825325	26	25	1	1
17	37825326	37825428	26	25	1	1
17	37825429	37825522	26	25	1	1
17	37825523	37829424	26	25	1	1
17	37829425	38233291	26	25	1	2
17	38233292	38238919	14	13	1	1
17	38238920	38248263	14	13	1	1
17	38248264	38269825	14	13	1	1
17	38269826	38270195	14	13	1	1
17	38270196	38276464	14	13	1	1
17	38276465	38336929	14	13	1	1
17	38336930	38385962	14	13	1	1
17	38385963	38438995	14	13	1	1
17	38438996	38439378	14	13	1	1
17	38439379	38499109	1	1	0	1
17	38499110	58727453	1	1	0	3
17	58727454	73211562	2	1	1	3
17	73211563	74903823	3	2	1	3
17	74903824	76213742	4	3	1	3
17	76213743	76483866	3	2	1	3
17	76483867	76485932	3	2	1	1
17	76485933	76486767	2	1	1	1
17	76486768	76523712	2	1	1	2
17	76523713	76588664	3	2	1	2
17	76588665	76880028	3	2	1	2
17	76880029	76882170	3	2	1	2
17	76882171	76886102	3	2	1	2
17	76886103	76928319	3	2	1	2
17	76928320	76928775	3	2	1	1
17	76928776	77103188	4	3	1	3
17	77103189	77241105	3	2	1	2
17	77241106	77259351	3	2	1	2
17	77259352	77263506	4	3	1	1
17	77263507	78500750	4	3	1	3
17	78500751	78774600	3	2	1	2
17	78774601	81195209	3	2	1	3
18	27500	156975	1	1	0	2
18	156976	15389428	1	1	0	3
18	15389429	18999999	NA	NA	NA	NA
18	19000000	76117000	2	1	1	3
18	76117001	78077247	2	1	1	3
19	102500	226775	2	1	1	2
19	226776	24399999	2	1	1	3
19	24400000	28599999	2	1	1	3
19	28600000	59128982	2	1	1	3
20	17500	24138932	2	1	1	2
20	24138933	24408359	1	1	0	3
20	24408360	25599999	3	2	1	2
20	25600000	29399999	3	2	1	2
20	29400000	38820490	3	2	1	2
20	38820491	39355496	1	1	0	2
20	39355497	39491473	2	1	1	2
20	39491474	39723327	1	1	0	3
20	39723328	39724908	1	1	0	1
20	39724909	41126829	1	1	0	3
20	41126830	41507143	2	1	1	2
20	41507144	41714409	8	7	1	1
20	41714410	41718555	11	10	1	1
20	41718556	41718633	11	10	1	1
20	41718634	41781937	4	3	1	2
20	41781938	41887499	3	2	1	2
20	41887500	41906129	9	8	1	1
20	41906130	42114610	7	6	1	2
20	42114611	42338767	12	11	1	2
20	42338768	42460277	11	10	1	2
20	42460278	42574924	7	6	1	2
20	42574925	42578495	8	7	1	1
20	42578496	42581842	1	1	0	1
20	42581843	42613049	1	1	0	1
20	42613050	42617386	1	1	0	2
20	42617387	42617792	1	1	0	2
20	42617793	43039992	1	1	0	2
20	43039993	43145354	2	1	1	2
20	43145355	43145598	2	1	1	2
20	43145599	43145850	2	1	1	2
20	43145851	43376042	2	1	1	2
20	43376043	43432699	3	2	1	2
20	43432700	43434008	3	2	1	2
20	43434009	43466578	3	2	1	2
20	43466579	43535994	3	2	1	1
20	43535995	43922868	3	2	1	2
20	43922869	44098711	3	2	1	2
20	44098712	44142565	4	3	1	1
20	44142566	44466735	3	2	1	2
20	44466736	44472196	3	2	1	2
20	44472197	44472635	3	2	1	2
20	44472636	44475809	3	2	1	2
20	44475810	44512849	3	2	1	2
20	44512850	44631496	7	6	1	1
20	44631497	44676704	9	8	1	1
20	44676705	44680061	8	7	1	2
20	44680062	44703211	5	4	1	1
20	44703212	44712011	5	4	1	1
20	44712012	44880577	5	4	1	2
20	44880578	44908378	8	7	1	2
20	44908379	45117565	10	9	1	1
20	45117566	45414222	11	10	1	2
20	45414223	45416263	11	10	1	2
20	45416264	45620509	8	7	1	2
20	45620510	45639454	4	3	1	2
20	45639455	46286823	6	5	1	2
20	46286824	46290525	6	5	1	1
20	46290526	46299715	5	4	1	2
20	46299716	46299984	6	5	1	2
20	46299985	47225876	6	5	1	2
20	47225877	47235662	6	5	1	1
20	47235663	47235988	5	4	1	2
20	47235989	47236206	5	4	1	2
20	47236207	47236256	5	4	1	2
20	47236257	47483075	6	5	1	2
20	47483076	47484497	6	5	1	2
20	47484498	47551743	6	5	1	2
20	47551744	47611394	4	3	1	2
20	47611395	47631451	8	7	1	2
20	47631452	47653664	6	5	1	2
20	47653665	47760633	7	6	1	2
20	47760634	47772075	10	9	1	1
20	47772076	47856706	10	9	1	2
20	47856707	48132256	14	13	1	1
20	48132257	48132484	14	13	1	1
20	48132485	48273086	14	13	1	2
20	48273087	48295313	10	9	1	2
20	48295314	48334172	4	3	1	2
20	48334173	48338505	3	2	1	2
20	48338506	48407438	12	11	1	2
20	48407439	49310503	14	13	1	1
20	49310504	49339275	11	10	1	1
20	49339276	49339609	11	10	1	1
20	49339610	49415982	5	4	1	2
20	49415983	49499564	11	10	1	2
20	49499565	49542218	14	13	1	1
20	49542219	49629855	4	3	1	2
20	49629856	49670068	12	12	0	2
20	49670069	49703090	10	9	1	2
20	49703091	49809383	12	11	1	2
20	49809384	49821905	9	8	1	1
20	49821906	49846845	9	8	1	1
20	49846846	49847621	9	8	1	1
20	49847622	49848117	9	8	1	1
20	49848118	49852325	9	8	1	1
20	49852326	49887383	9	8	1	1
20	49887384	49978339	4	3	1	2
20	49978340	49979128	10	9	1	2
20	49979129	49979160	10	9	1	1
20	49979161	49992159	8	7	1	1
20	49992160	50034005	8	7	1	1
20	50034006	50038848	8	7	1	2
20	50038849	50056004	8	7	1	2
20	50056005	50056027	8	7	1	1
20	50056028	50064927	5	4	1	1
20	50064928	50169557	5	4	1	2
20	50169558	50178730	4	3	1	2
20	50178731	50423462	9	8	1	1
20	50423463	50428396	6	5	1	2
20	50428397	50432342	6	5	1	2
20	50432343	50854766	7	6	1	1
20	50854767	51081828	4	3	1	2
20	51081829	51105622	8	8	0	2
20	51105623	51232124	8	7	1	1
20	51232125	51418783	12	11	1	1
20	51418784	51434539	10	9	1	1
20	51434540	51503447	10	9	1	1
20	51503448	51530324	8	7	1	1
20	51530325	51767249	9	8	1	1
20	51767250	51772033	9	8	1	1
20	51772034	51800552	3	2	1	2
20	51800553	51837668	3	2	1	2
20	51837669	51839525	12	11	1	1
20	51839526	51882452	12	11	1	1
20	51882453	51921625	11	10	1	1
20	51921626	51953189	11	10	1	1
20	51953190	51954825	11	10	1	1
20	51954826	52300914	11	10	1	2
20	52300915	52341028	12	11	1	2
20	52341029	52503662	9	8	1	1
20	52503663	52694554	10	9	1	1
20	52694555	52724965	10	9	1	1
20	52724966	52787312	7	6	1	2
20	52787313	53819463	2	1	1	2
20	53819464	53871470	7	6	1	2
20	53871471	53878184	6	5	1	2
20	53878185	53933216	4	3	1	1
20	53933217	54081488	4	3	1	2
20	54081489	54082736	3	2	1	2
20	54082737	54160322	3	2	1	2
20	54160323	54518851	5	4	1	2
20	54518852	54520674	8	7	1	1
20	54520675	54520708	8	7	1	1
20	54520709	54550664	8	7	1	1
20	54550665	54612867	8	7	1	1
20	54612868	54775847	8	7	1	1
20	54775848	55012012	6	5	1	2
20	55012013	55012460	6	5	1	1
20	55012461	55012480	6	5	1	1
20	55012481	55023863	9	8	1	1
20	55023864	55023883	9	8	1	1
20	55023884	55050323	9	8	1	1
20	55050324	55050620	9	8	1	1
20	55050621	55197690	7	6	1	2
20	55197691	55350355	10	9	1	2
20	55350356	55352477	10	9	1	2
20	55352478	55388309	10	9	1	2
20	55388310	55394837	9	8	1	2
20	55394838	55399537	10	9	1	1
20	55399538	55407721	10	9	1	1
20	55407722	55467176	10	9	1	2
20	55467177	55530500	10	9	1	2
20	55530501	55530525	10	9	1	2
20	55530526	55537697	10	9	1	1
20	55537698	55538415	10	9	1	1
20	55538416	55543026	10	9	1	1
20	55543027	55543083	10	9	1	1
20	55543084	55547128	10	9	1	1
20	55547129	55547356	10	9	1	1
20	55547357	55548181	10	9	1	1
20	55548182	55550000	9	8	1	1
20	55550001	55800906	9	8	1	1
20	55800907	55891899	12	11	1	1
20	55891900	55897125	13	12	1	1
20	55897126	55962471	13	12	1	1
20	55962472	55963162	13	12	1	1
20	55963163	56022248	13	12	1	1
20	56022249	56027586	22	21	1	1
20	56027587	56040940	22	21	1	1
20	56040941	56041130	22	21	1	1
20	56041131	56043157	22	21	1	1
20	56043158	56044731	22	21	1	1
20	56044732	56092291	21	20	1	2
20	56092292	56092972	22	21	1	1
20	56092973	56094041	22	21	1	1
20	56094042	56129585	22	21	1	1
20	56129586	56153239	22	21	1	1
20	56153240	56163847	22	21	1	1
20	56163848	56170548	22	21	1	1
20	56170549	56217534	24	23	1	1
20	56217535	56222031	24	23	1	1
20	56222032	56222545	24	23	1	1
20	56222546	56224730	23	22	1	1
20	56224731	56245574	23	22	1	1
20	56245575	56284157	25	24	1	1
20	56284158	56308490	25	24	1	1
20	56308491	56317988	24	23	1	2
20	56317989	56334219	24	23	1	1
20	56334220	56349788	25	24	1	1
20	56349789	56356454	25	24	1	1
20	56356455	56377791	25	24	1	1
20	56377792	56378752	25	24	1	1
20	56378753	56378775	25	24	1	1
20	56378776	56399560	25	24	1	1
20	56399561	56463945	25	24	1	2
20	56463946	56467411	29	28	1	1
20	56467412	56473925	29	28	1	1
20	56473926	56477494	26	25	1	1
20	56477495	56479212	26	25	1	1
20	56479213	56486120	26	25	1	1
20	56486121	56505170	26	25	1	1
20	56505171	56524770	24	23	1	2
20	56524771	56530203	25	24	1	1
20	56530204	56532038	25	24	1	1
20	56532039	56564315	22	21	1	1
20	56564316	56715957	20	19	1	1
20	56715958	56740705	19	18	1	1
20	56740706	56783655	19	18	1	2
20	56783656	56790704	18	17	1	2
20	56790705	56799385	18	17	1	1
20	56799386	56862019	18	17	1	2
20	56862020	56865770	18	17	1	1
20	56865771	56895200	22	21	1	1
20	56895201	56951338	18	17	1	2
20	56951339	56952661	18	17	1	2
20	56952662	56967795	18	17	1	1
20	56967796	57023429	19	18	1	1
20	57023430	57025584	17	16	1	1
20	57025585	57042294	17	16	1	1
20	57042295	57053774	17	16	1	1
20	57053775	57054300	17	16	1	1
20	57054301	57160014	17	16	1	2
20	57160015	57161123	17	16	1	2
20	57161124	57219940	17	16	1	2
20	57219941	57220983	18	17	1	1
20	57220984	57222905	18	17	1	1
20	57222906	57224931	18	17	1	1
20	57224932	57225193	18	17	1	1
20	57225194	57227722	18	17	1	1
20	57227723	57305483	18	17	1	2
20	57305484	57307966	17	16	1	2
20	57307967	57309868	18	17	1	1
20	57309869	57311018	18	17	1	1
20	57311019	57311054	18	17	1	1
20	57311055	57517191	18	17	1	2
20	57517192	57582671	11	10	1	2
20	57582672	57584578	11	10	1	2
20	57584579	57596296	1	1	0	1
20	57596297	58348862	1	1	0	3
20	58348863	58527660	8	7	1	2
20	58527661	59015704	13	12	1	2
20	59015705	59275135	6	5	1	3
20	59275136	59528603	8	7	1	2
20	59528604	59586899	13	12	1	1
20	59586900	59588216	13	12	1	1
20	59588217	59730447	12	11	1	2
20	59730448	59965069	6	5	1	2
20	59965070	59969566	4	3	1	2
20	59969567	59979764	4	3	1	1
20	59979765	59993556	4	3	1	2
20	59993557	60043555	4	3	1	3
20	60043556	60062827	11	10	1	1
20	60062828	60104159	4	3	1	2
20	60104160	60155173	4	3	1	2
20	60155174	60216640	5	4	1	2
20	60216641	60254917	8	7	1	1
20	60254918	60265585	7	7	0	2
20	60265586	60292929	11	10	1	1
20	60292930	60372871	10	9	1	1
20	60372872	60374500	10	9	1	1
20	60374501	60391462	6	5	1	1
20	60391463	60394128	6	5	1	1
20	60394129	60396868	6	5	1	1
20	60396869	60404248	6	5	1	2
20	60404249	60459962	6	5	1	2
20	60459963	60460507	6	5	1	2
20	60460508	60480727	8	7	1	1
20	60480728	60624965	4	3	1	2
20	60624966	60626329	8	7	1	2
20	60626330	60628805	13	12	1	1
20	60628806	60628974	13	12	1	1
20	60628975	60631716	13	12	1	1
20	60631717	60631755	13	12	1	1
20	60631756	60687990	13	12	1	1
20	60687991	60694580	13	12	1	1
20	60694581	60694594	13	12	1	1
20	60694595	60695249	13	12	1	1
20	60695250	60748768	13	12	1	1
20	60748769	60768294	13	12	1	1
20	60768295	60784443	13	12	1	1
20	60784444	60799221	13	12	1	1
20	60799222	60806109	13	12	1	1
20	60806110	60829680	11	10	1	1
20	60829681	60831342	1	1	0	1
20	60831343	60865470	12	11	1	1
20	60865471	60879679	10	9	1	1
20	60879680	60881341	10	5	5	1
20	60881342	60902286	15	14	1	1
20	60902287	60918087	15	14	1	1
20	60918088	60948229	15	14	1	1
20	60948230	60979210	15	14	1	1
20	60979211	61016668	4	3	1	2
20	61016669	61016859	15	14	1	2
20	61016860	61023612	8	7	1	1
20	61023613	61023715	8	7	1	1
20	61023716	61023854	8	7	1	1
20	61023855	61024206	8	7	1	1
20	61024207	61024553	8	7	1	1
20	61024554	61024628	8	7	1	1
20	61024629	61025048	8	7	1	1
20	61025049	61025930	8	7	1	1
20	61025931	61026610	8	7	1	1
20	61026611	61441392	7	6	1	2
20	61441393	61444311	7	6	1	2
20	61444312	61463710	7	6	1	2
20	61463711	61546427	8	7	1	1
20	61546428	62274757	3	2	1	3
20	62274758	62435800	2	1	1	2
21	1	9417499	NA	NA	NA	NA
21	9417500	10899999	NA	NA	NA	NA
21	10900000	14299999	2	1	1	2
21	14300000	46944200	2	1	1	3
21	46944201	48129894	2	1	1	2
22	1	12199999	1	1	0	2
22	12200000	17899999	1	1	0	3
22	17900000	18135000	1	1	0	3
22	18135001	24343002	2	2	0	3
22	24343003	24345601	2	2	0	3
22	24345602	29066279	2	2	0	3
22	29066280	29066477	2	2	0	2
22	29066478	33690474	2	2	0	3
22	33690475	36308297	2	2	0	3
22	36308298	37904250	1	1	0	3
22	37904251	42924844	2	2	0	3
22	42924845	45288950	1	1	0	3
22	45288951	45289528	1	1	0	2
22	45289529	45289928	1	1	0	2
22	45289929	45290603	1	1	0	2
22	45290604	45291347	1	1	0	1
22	45291348	45330416	2	2	0	2
22	45330417	45330619	2	2	0	1
22	45330620	45330946	2	2	0	2
22	45330947	45332001	2	2	0	1
22	45332002	45333766	2	2	0	2
22	45333767	45337712	2	2	0	1
22	45337713	45368977	6	6	0	2
22	45368978	45563411	2	2	0	2
22	45563412	45584682	2	2	0	2
22	45584683	45972016	3	3	0	2
22	45972017	47288806	2	2	0	3
22	47288807	49028812	1	1	0	3
22	49028813	49177959	3	3	0	3
22	49177960	49290755	1	1	0	3
22	49290756	49304966	6	6	0	1
22	49304967	49488739	6	6	0	3
22	49488740	49510314	3	3	0	2
22	49510315	49674437	6	6	0	2
22	49674438	49705549	3	3	0	2
22	49705550	49709757	3	3	0	1
22	49709758	49710176	3	3	0	1
22	49710177	50235042	3	3	0	2
22	50235043	50417950	5	5	0	1
22	50417951	50431999	3	3	0	2
22	50432000	50433118	3	3	0	1
22	50433119	50553867	3	3	0	2
22	50553868	50563533	4	4	0	2
22	50563534	50563568	4	4	0	1
22	50563569	50598080	4	4	0	2
22	50598081	50599103	4	4	0	1
22	50599104	50613265	4	4	0	1
22	50613266	50624086	4	4	0	1
22	50624087	50627654	4	4	0	1
22	50627655	50628695	3	3	0	1
22	50628696	50806876	3	3	0	2
22	50806877	50915219	5	5	0	2
22	50915220	50921489	5	5	0	2
22	50921490	50995268	5	5	0	1
22	50995269	51096002	3	3	0	2
22	51096003	51159606	4	4	0	2
X	1	2700026	3	2	1	2
X	2700027	58099999	2	1	1	3
X	58100000	62999999	2	1	1	3
X	63000000	101972017	2	1	1	3
X	101972018	102063014	1	1	0	2
X	102063015	124582189	2	1	1	3
X	124582190	124582247	2	1	1	2
X	124582248	154913600	2	1	1	3
