chromosome	start	end	total_cn	major_cn	minor_cn	star
1	1	9134543	1	1	0	3
1	9134544	9135603	1	1	0	2
1	9135604	9137027	1	1	0	1
1	9137028	9149590	1	1	0	1
1	9149591	9183529	1	1	0	1
1	9183530	9183831	1	1	0	1
1	9183832	9189393	32	32	0	1
1	9189394	10089298	1	1	0	2
1	10089299	10477213	1	1	0	2
1	10477214	10508946	12	11	1	2
1	10508947	10544943	12	11	1	2
1	10544944	10558946	7	6	1	1
1	10558947	10573958	37	37	0	1
1	10573959	10577275	37	37	0	1
1	10577276	10641787	31	30	1	2
1	10641788	10643468	31	31	0	1
1	10643469	10691658	37	37	0	1
1	10691659	10708305	43	43	0	1
1	10708306	10708965	43	43	0	1
1	10708966	10726677	44	44	0	1
1	10726678	10766517	32	32	0	1
1	10766518	10814875	32	32	0	1
1	10814876	10816516	37	37	0	1
1	10816517	10857333	42	42	0	1
1	10857334	10890379	40	40	0	1
1	10890380	10893792	40	40	0	1
1	10893793	10903445	23	23	0	1
1	10903446	11025826	17	16	1	2
1	11025827	11026928	17	17	0	1
1	11026929	14193510	1	1	0	3
1	14193511	14805809	4	3	1	2
1	14805810	15891875	7	6	1	2
1	15891876	16864745	4	3	1	2
1	16864746	16967602	3	2	1	2
1	16967603	17002401	3	2	1	2
1	17002402	17073420	3	2	1	2
1	17073421	17196001	3	2	1	2
1	17196002	17219692	1	1	0	2
1	17219693	17227363	1	1	0	2
1	17227364	17469190	1	1	0	2
1	17469191	17552559	7	6	1	2
1	17552560	18473261	4	3	1	2
1	18473262	18714847	6	5	1	2
1	18714848	18715075	6	5	1	2
1	18715076	18717677	7	6	1	1
1	18717678	18747348	8	7	1	2
1	18747349	18775304	12	11	1	2
1	18775305	18806619	11	10	1	2
1	18806620	19183567	9	8	1	2
1	19183568	19185340	7	6	1	1
1	19185341	21980150	4	3	1	2
1	21980151	21998154	3	2	1	2
1	21998155	22028646	6	5	1	2
1	22028647	27423546	1	1	0	3
1	27423547	35280387	4	3	1	2
1	35280388	35529947	7	6	1	2
1	35529948	57618454	4	3	1	2
1	57618455	63229564	4	3	1	2
1	63229565	63234269	3	2	1	2
1	63234270	78769977	4	3	1	2
1	78769978	84914459	3	2	1	3
1	84914460	100112757	3	2	1	3
1	100112758	100113648	3	2	1	3
1	100113649	121431938	3	2	1	3
1	121431939	128899999	3	2	1	2
1	128900000	143293000	3	2	1	2
1	143293001	143901401	3	2	1	2
1	143901402	152685259	3	2	1	2
1	152685260	152712166	8	6	2	1
1	152712167	192266932	3	2	1	2
1	192266933	214635681	3	2	1	2
1	214635682	214922577	4	2	2	2
1	214922578	247249600	3	2	1	2
1	247249601	249250620	3	2	1	3
2	22500	76760168	3	2	1	2
2	76760169	76760209	3	2	1	2
2	76760210	90499999	3	2	1	2
2	90500000	96799999	3	2	1	2
2	96800000	115479641	3	2	1	2
2	115479642	142857151	3	2	1	2
2	142857152	152010063	3	2	1	2
2	152010064	242985695	3	2	1	2
3	100074	19281687	1	1	0	2
3	19281688	19362969	1	1	0	2
3	19362970	52616560	1	1	0	3
3	52616561	52712490	0	0	0	2
3	52712491	54221932	1	1	0	3
3	54221933	54932915	2	1	1	2
3	54932916	55046413	1	1	0	2
3	55046414	57640638	2	1	1	2
3	57640639	58780083	4	3	1	2
3	58780084	58780653	4	3	1	2
3	58780654	58928325	1	1	0	2
3	58928326	58929066	1	1	0	2
3	58929067	58931062	2	1	1	1
3	58931063	60418462	2	1	1	2
3	60418463	60422309	3	2	1	2
3	60422310	60423065	3	2	1	1
3	60423066	60424918	2	1	1	1
3	60424919	60450653	2	1	1	2
3	60450654	60533379	1	1	0	2
3	60533380	60550274	2	1	1	2
3	60550275	60554791	4	3	1	2
3	60554792	61366235	2	1	1	2
3	61366236	61366285	2	1	1	2
3	61366286	87899999	2	1	1	2
3	87900000	93899999	2	1	1	2
3	93900000	123592208	2	1	1	2
3	123592209	123594968	2	1	1	2
3	123594969	123595055	2	1	1	2
3	123595056	123595222	2	1	1	2
3	123595223	123595421	2	1	1	2
3	123595422	131390974	2	1	1	2
3	131390975	131391747	2	1	1	2
3	131391748	157981292	2	1	1	2
3	157981293	157984379	2	1	1	2
3	157984380	198022429	2	1	1	2
4	27500	50083	2	1	1	1
4	50084	24378052	2	1	1	2
4	24378053	24379163	2	1	1	2
4	24379164	45264830	2	1	1	2
4	45264831	45265790	2	1	1	2
4	45265791	45267615	2	1	1	1
4	45267616	45377558	5	4	1	3
4	45377559	45379747	4	3	1	2
4	45379748	48199999	3	2	1	2
4	48200000	52699999	NA	NA	NA	NA
4	52700000	62001094	2	1	1	2
4	62001095	62234088	2	1	1	2
4	62234089	74437628	2	1	1	2
4	74437629	91089997	2	1	1	2
4	91089998	91490009	1	1	0	2
4	91490010	108428602	2	1	1	2
4	108428603	108428922	2	1	1	2
4	108428923	108429534	2	1	1	2
4	108429535	108430297	2	1	1	2
4	108430298	127002428	2	1	1	2
4	127002429	127003235	2	1	1	2
4	127003236	166729230	2	1	1	2
4	166729231	175134805	1	1	0	2
4	175134806	175136880	1	1	0	2
4	175136881	175499452	1	1	0	2
4	175499453	175506960	1	1	0	2
4	175506961	190987500	1	1	0	2
5	22500	15221087	2	2	0	2
5	15221088	25275129	1	1	0	2
5	25275130	25281516	2	2	0	2
5	25281517	25790774	2	2	0	2
5	25790775	25796202	1	1	0	2
5	25796203	31568864	2	2	0	2
5	31568865	31571586	2	2	0	2
5	31571587	31615000	2	2	0	2
5	31615001	35491933	1	1	0	3
5	35491934	35554963	3	3	0	3
5	35554964	35993225	2	2	0	2
5	35993226	36225990	4	4	0	2
5	36225991	36232943	4	4	0	2
5	36232944	36233920	4	4	0	2
5	36233921	36609776	4	4	0	2
5	36609777	36994037	5	5	0	3
5	36994038	37217631	3	3	0	2
5	37217632	37271801	5	5	0	1
5	37271802	37338277	5	5	0	2
5	37338278	37523876	3	3	0	2
5	37523877	37580958	4	4	0	2
5	37580959	37661033	4	4	0	1
5	37661034	37682189	4	4	0	2
5	37682190	37715861	3	3	0	2
5	37715862	37722850	3	3	0	2
5	37722851	37785129	3	3	0	3
5	37785130	40645731	1	1	0	2
5	40645732	41058297	2	2	0	2
5	41058298	41292623	3	3	0	2
5	41292624	41294696	3	3	0	2
5	41294697	42701571	1	1	0	3
5	42701572	43284974	2	2	0	2
5	43284975	43365306	2	2	0	2
5	43365307	43446446	2	2	0	3
5	43446447	43474188	3	3	0	3
5	43474189	43769042	2	2	0	2
5	43769043	43788971	3	3	0	2
5	43788972	43885951	2	2	0	2
5	43885952	43886083	2	2	0	2
5	43886084	43886147	2	2	0	2
5	43886148	43886475	2	2	0	2
5	43886476	44891414	2	2	0	2
5	44891415	44952471	1	1	0	2
5	44952472	45721474	1	1	0	2
5	45721475	46010762	2	2	0	2
5	46010763	46080159	1	1	0	2
5	46080160	46083407	2	1	1	2
5	46083408	46099999	2	1	1	1
5	46100000	50699999	2	1	1	2
5	50700000	55094151	2	1	1	2
5	55094152	55097126	2	1	1	2
5	55097127	76117693	2	1	1	2
5	76117694	124796445	1	1	0	2
5	124796446	163570406	2	1	1	2
5	163570407	166581228	3	2	1	2
5	166581229	180731326	2	1	1	2
6	39681	202451	3	2	1	2
6	202452	32534985	3	2	1	2
6	32534986	40624356	3	2	1	3
6	40624357	40626777	3	2	1	2
6	40626778	58699999	3	2	1	3
6	58700000	63299999	3	2	1	3
6	63300000	70647963	3	2	1	2
6	70647964	72971207	1	1	0	3
6	72971208	73002692	1	1	0	2
6	73002693	79026422	1	1	0	3
6	79026423	79187919	0	0	0	2
6	79187920	79193657	1	1	0	2
6	79193658	79195152	1	1	0	2
6	79195153	108509569	1	1	0	2
6	108509570	108510314	1	1	0	2
6	108510315	109333005	1	1	0	2
6	109333006	109446709	3	2	1	2
6	109446710	109447433	3	2	1	2
6	109447434	109592826	3	2	1	2
6	109592827	109758983	1	1	0	2
6	109758984	109855865	3	2	1	2
6	109855866	111111507	1	1	0	3
6	111111508	111688264	3	2	1	2
6	111688265	112029022	1	1	0	2
6	112029023	134032628	3	2	1	2
6	134032629	134033284	3	2	1	2
6	134033285	159269930	3	2	1	2
6	159269931	162848479	4	3	1	2
6	162848480	162985001	5	5	0	1
6	162985002	170932805	4	3	1	2
7	40386	26230556	4	2	2	2
7	26230557	26249820	3	2	1	2
7	26249821	32069589	4	2	2	2
7	32069590	32070251	4	2	2	2
7	32070252	57999999	4	2	2	2
7	58000000	61987499	NA	NA	NA	NA
7	61987500	100740998	3	2	1	2
7	100740999	106585370	3	2	1	2
7	106585371	106589953	1	1	0	2
7	106589954	111103067	3	2	1	2
7	111103068	111223962	1	1	0	2
7	111223963	158821400	3	2	1	2
8	10001	162332	2	1	1	2
8	162333	31973700	2	1	1	2
8	31973701	31975265	2	1	1	2
8	31975266	43099999	2	1	1	2
8	43100000	48099999	2	1	1	2
8	48100000	54298811	2	1	1	2
8	54298812	54300087	2	1	1	2
8	54300088	84867818	2	1	1	2
8	84867819	84870003	2	1	1	2
8	84870004	105207809	2	1	1	2
8	105207810	105208898	2	1	1	2
8	105208899	146364021	2	1	1	2
9	47500	240005	1	1	0	2
9	240006	32701874	1	1	0	2
9	32701875	32703526	1	1	0	2
9	32703527	32763741	9	9	0	1
9	32763742	32787873	9	9	0	1
9	32787874	32790812	16	15	1	1
9	32790813	32965892	14	14	0	1
9	32965893	32993202	9	9	0	1
9	32993203	33251333	4	3	1	2
9	33251334	34311019	5	4	1	2
9	34311020	34456797	4	3	1	2
9	34456798	34459586	3	2	1	2
9	34459587	47299999	2	1	1	3
9	47300000	50699999	2	1	1	2
9	50700000	69073387	2	1	1	2
9	69073388	87126340	2	1	1	3
9	87126341	87129852	2	1	1	2
9	87129853	94430383	2	1	1	3
9	94430384	115559744	2	1	1	3
9	115559745	115559768	2	1	1	3
9	115559769	115559833	2	1	1	2
9	115559834	115559854	2	1	1	2
9	115559855	126371169	2	1	1	3
9	126371170	126628450	1	1	0	3
9	126628451	140273200	2	1	1	3
10	94426	15583867	2	1	1	2
10	15583868	37999999	2	1	1	2
10	38000000	42299999	2	1	1	2
10	42300000	76962906	2	1	1	2
10	76962907	77009272	3	2	1	2
10	77009273	84400322	2	1	1	2
10	84400323	84442895	3	2	1	2
10	84442896	89655476	2	1	1	2
10	89655477	89658153	2	1	1	2
10	89658154	135389924	2	1	1	2
11	20721	191431	2	1	1	2
11	191432	22242196	3	2	1	2
11	22242197	22242422	3	2	1	2
11	22242423	24286887	3	2	1	2
11	24286888	51593038	3	2	1	2
11	51593039	55699999	3	2	1	2
11	55700000	111031156	3	2	1	2
11	111031157	111032074	3	2	1	2
11	111032075	112370898	3	2	1	2
11	112370899	112372271	2	1	1	2
11	112372272	134452200	3	2	1	2
12	110107	11216708	2	2	0	3
12	11216709	11269992	2	2	0	2
12	11269993	23179984	2	2	0	3
12	23179985	23298290	5	3	2	2
12	23298291	23308031	4	2	2	2
12	23308032	24692901	4	2	2	2
12	24692902	24805766	3	2	1	2
12	24805767	24807185	3	2	1	2
12	24807186	33299999	3	2	1	2
12	33300000	38260106	NA	NA	NA	NA
12	38260107	38586821	4	2	2	2
12	38586822	41656028	3	2	1	2
12	41656029	41743735	3	2	1	2
12	41743736	68886266	3	2	1	2
12	68886267	68886861	3	2	1	2
12	68886862	69331411	8	6	2	3
12	69331412	69332288	9	8	1	1
12	69332289	69622483	9	7	2	2
12	69622484	70217536	6	4	2	2
12	70217537	70267430	6	4	2	2
12	70267431	70268939	6	4	2	2
12	70268940	70304338	6	4	2	2
12	70304339	70594113	5	3	2	2
12	70594114	70598169	6	4	2	2
12	70598170	71169972	7	5	2	2
12	71169973	71928259	4	2	2	2
12	71928260	71928921	4	2	2	2
12	71928922	132349400	2	2	0	3
12	132349401	133851894	2	2	0	3
13	1	16299999	4	4	0	1
13	16300000	19499999	4	4	0	2
13	19500000	20816953	4	4	0	2
13	20816954	20828158	3	3	0	2
13	20828159	57760776	2	2	0	2
13	57760777	57761172	2	2	0	1
13	57761173	95858291	2	2	0	2
13	95858292	111501368	2	2	0	2
13	111501369	114142800	2	2	0	2
13	114142801	115169877	2	2	0	2
14	1	16099999	NA	NA	NA	NA
14	16100000	19099999	3	2	1	2
14	19100000	19999401	3	2	1	2
14	19999402	20432547	3	2	1	2
14	20432548	43979809	3	2	1	2
14	43979810	43980877	3	2	1	2
14	43980878	49268457	3	2	1	2
14	49268458	49270420	3	2	1	2
14	49270421	56958807	3	2	1	2
14	56958808	56961046	3	2	1	1
14	56961047	59220746	3	2	1	2
14	59220747	59220884	3	2	1	2
14	59220885	59220916	3	2	1	2
14	59220917	106368400	3	2	1	2
15	1	15799999	2	1	1	1
15	15800000	20699999	2	1	1	2
15	20700000	22331298	2	1	1	2
15	22331299	25105570	2	1	1	3
15	25105571	25105667	2	1	1	3
15	25105668	55197548	2	1	1	3
15	55197549	55199624	2	1	1	3
15	55199625	100338800	2	1	1	3
15	100338801	102401912	2	1	1	3
16	100024	33337499	3	2	1	2
16	33337500	33437499	3	2	1	2
16	33437500	34599999	3	2	1	2
16	34600000	38599999	3	2	1	2
16	38600000	46442499	3	2	1	2
16	46442500	77911231	3	2	1	2
16	77911232	77959754	3	2	1	2
16	77959755	78038208	4	2	2	2
16	78038209	78066639	6	4	2	2
16	78066640	78158872	4	2	2	2
16	78158873	78179779	4	3	1	2
16	78179780	78181933	3	2	1	2
16	78181934	79001246	3	2	1	2
16	79001247	79137748	1	1	0	2
16	79137749	79187121	4	3	1	2
16	79187122	79237120	3	2	1	2
16	79237121	79259728	4	2	2	2
16	79259729	88827200	3	2	1	2
16	88827201	90354752	4	3	1	2
17	7	16655367	2	2	0	3
17	16655368	16709260	2	2	0	2
17	16709261	18323273	2	2	0	3
17	18323274	18467001	2	2	0	2
17	18467002	22199999	2	2	0	3
17	22200000	25799999	NA	NA	NA	NA
17	25800000	28028883	3	2	1	2
17	28028884	28030181	3	2	1	2
17	28030182	28138755	7	5	2	2
17	28138756	28146389	6	4	2	2
17	28146390	28399431	5	3	2	2
17	28399432	29012964	6	4	2	2
17	29012965	29133812	5	3	2	2
17	29133813	29134080	5	3	2	2
17	29134081	29710208	3	2	1	2
17	29710209	30395135	4	2	2	2
17	30395136	30583998	4	2	2	2
17	30583999	30593495	4	2	2	2
17	30593496	30595432	4	2	2	2
17	30595433	30619264	4	2	2	2
17	30619265	30804566	4	2	2	2
17	30804567	30860145	4	3	1	1
17	30860146	30862127	2	1	1	2
17	30862128	30863427	4	2	2	2
17	30863428	30866423	3	2	1	2
17	30866424	32426059	4	2	2	2
17	32426060	32446504	6	4	2	2
17	32446505	32448122	2	2	0	2
17	32448123	34827113	2	2	0	3
17	34827114	34827156	2	2	0	2
17	34827157	36077342	6	4	2	2
17	36077343	36112005	8	6	2	2
17	36112006	36301309	8	6	2	2
17	36301310	36405601	8	6	2	1
17	36405602	37213549	10	8	2	2
17	37213550	37224945	7	6	1	2
17	37224946	37225913	7	6	1	2
17	37225914	37293600	8	6	2	2
17	37293601	37294605	8	6	2	1
17	37294606	37313011	8	6	2	2
17	37313012	37315306	8	6	2	1
17	37315307	37867414	8	6	2	2
17	37867415	37880860	8	6	2	1
17	37880861	37882886	14	12	2	1
17	37882887	37883123	14	12	2	1
17	37883124	37954556	14	13	1	1
17	37954557	37954618	14	13	1	1
17	37954619	37976399	14	13	1	1
17	37976400	38467499	12	10	2	2
17	38467500	38648154	14	12	2	2
17	38648155	39277199	10	9	1	1
17	39277200	39278811	10	9	1	1
17	39278812	44357499	2	2	0	3
17	44357500	70536166	3	2	1	2
17	70536167	70684047	5	4	1	2
17	70684048	78774600	3	2	1	2
17	78774601	81111242	3	2	1	3
18	27500	125440	2	1	1	2
18	125441	6219655	2	1	1	3
18	6219656	6221749	2	1	1	3
18	6221750	15399999	2	1	1	3
18	15400000	18999999	2	1	1	3
18	19000000	26565647	2	1	1	2
18	26565648	76117000	2	1	1	2
18	76117001	78077247	2	1	1	3
19	102500	226775	2	1	1	2
19	226776	24399999	2	1	1	2
19	24400000	28599999	2	1	1	3
19	28600000	29603954	2	1	1	2
19	29603955	29604161	2	1	1	2
19	29604162	59128982	2	1	1	2
20	32074	25599999	2	1	1	2
20	25600000	29420747	NA	NA	NA	NA
20	29420748	53905630	3	2	1	2
20	53905631	53906936	3	2	1	2
20	53906937	62432500	3	2	1	2
21	1	9417499	NA	NA	NA	NA
21	9417500	9858800	NA	NA	NA	NA
21	9858801	10899999	NA	NA	NA	NA
21	10900000	14338201	2	2	0	1
21	14338202	14446693	2	2	0	1
21	14446694	30225803	2	2	0	2
21	30225804	46937500	2	2	0	3
21	46937501	48129894	2	2	0	3
22	1	12199999	2	1	1	1
22	12200000	17899999	2	1	1	2
22	17900000	29065256	2	1	1	2
22	29065257	49687500	2	1	1	2
22	49687501	51304565	2	1	1	2
X	1	28576897	2	2	0	1
X	28576898	29879938	0	0	0	3
X	29879939	58099999	2	2	0	2
X	58100000	62999999	2	2	0	2
X	63000000	111630172	2	2	0	2
X	111630173	111638460	1	1	0	1
X	111638461	142554201	2	2	0	2
X	142554202	142554755	2	2	0	1
X	142554756	155270559	2	2	0	1
Y	1	11599999	0	0	0	1
Y	11600000	13399999	0	0	0	1
Y	13400000	59373565	NA	NA	NA	NA
