chromosome	start	end	total_cn	major_cn	minor_cn	star
1	1	1979871	2	1	1	2
1	1979872	10504370	1	1	0	3
1	10504371	10512419	1	1	0	1
1	10512420	11245646	1	1	0	3
1	11245647	15379776	2	1	1	3
1	15379777	19753496	1	1	0	3
1	19753497	20513207	2	1	1	3
1	20513208	20980056	2	1	1	3
1	20980057	21260004	1	1	0	3
1	21260005	21479977	2	1	1	2
1	21479978	21709371	3	2	1	3
1	21709372	22001733	2	1	1	3
1	22001734	22793291	1	1	0	3
1	22793292	23073560	2	1	1	2
1	23073561	26240041	2	1	1	3
1	26240042	27046395	1	1	0	3
1	27046396	27095212	0	0	0	2
1	27095213	32859298	1	1	0	3
1	32859299	35519096	2	1	1	3
1	35519097	35530249	2	1	1	3
1	35530250	40999045	2	1	1	3
1	40999046	42013131	1	1	0	3
1	42013132	42892731	2	1	1	3
1	42892732	42991576	2	1	1	2
1	42991577	44773677	1	1	0	3
1	44773678	45526728	2	1	1	3
1	45526729	45664888	1	1	0	2
1	45664889	46050727	2	1	1	3
1	46050728	47085702	1	1	0	3
1	47085703	58753236	1	1	0	3
1	58753237	59011173	1	1	0	2
1	59011174	59157680	2	1	1	3
1	59157681	59158329	2	1	1	3
1	59158330	61329991	2	1	1	3
1	61329992	63961115	1	1	0	3
1	63961116	64506797	2	1	1	3
1	64506798	64770358	2	1	1	3
1	64770359	64815011	1	1	0	2
1	64815012	65253112	2	1	1	3
1	65253113	65253214	2	1	1	3
1	65253215	66949418	2	1	1	3
1	66949419	69075453	1	1	0	3
1	69075454	69766490	2	1	1	3
1	69766491	69771446	2	1	1	1
1	69771447	77150007	2	1	1	3
1	77150008	82871777	1	1	0	3
1	82871778	106175824	1	1	0	3
1	106175825	112475361	2	1	1	3
1	112475362	112521541	1	1	0	2
1	112521542	113358316	2	1	1	3
1	113358317	121117499	1	1	0	3
1	121117500	128899999	NA	NA	NA	NA
1	128900000	142677500	1	1	0	1
1	142677501	144007352	2	1	1	2
1	144007353	149768112	3	2	1	2
1	149768113	166018389	3	2	1	2
1	166018390	166018513	3	2	1	1
1	166018514	166018560	3	2	1	1
1	166018561	166019241	3	2	1	1
1	166019242	166879897	1	1	0	3
1	166879898	166882272	1	1	0	2
1	166882273	166882307	2	1	1	1
1	166882308	189452465	2	1	1	2
1	189452466	189703213	3	2	1	2
1	189703214	189705300	3	2	1	3
1	189705301	189711709	3	2	1	2
1	189711710	212827043	2	1	1	2
1	212827044	212951409	1	1	0	2
1	212951410	213198908	2	1	1	3
1	213198909	213216416	2	1	1	2
1	213216417	232380037	2	1	1	2
1	232380038	233098317	1	1	0	3
1	233098318	245310975	2	1	1	2
1	245310976	246598732	1	1	0	3
1	246598733	246647244	0	0	0	2
1	246647245	246684067	1	1	0	3
1	246684068	247249600	2	1	1	2
1	247249601	249250620	2	1	1	3
2	20016	9450485	2	1	1	3
2	9450486	10721947	1	1	0	3
2	10721948	23859233	2	1	1	3
2	23859234	24324275	1	1	0	3
2	24324276	24328179	1	1	0	2
2	24328180	24328272	2	1	1	2
2	24328273	90467499	2	1	1	3
2	90467500	96799999	2	1	1	3
2	96800000	124224510	2	1	1	3
2	124224511	124224705	2	1	1	2
2	124224706	124224726	2	1	1	2
2	124224727	137111557	2	1	1	3
2	137111558	137304520	3	2	1	3
2	137304521	159585767	2	1	1	3
2	159585768	160170452	1	1	0	3
2	160170453	167618500	2	1	1	3
2	167618501	167627273	2	1	1	3
2	167627274	170338478	2	1	1	3
2	170338479	170813151	1	1	0	3
2	170813152	170924537	2	1	1	3
2	170924538	171942003	1	1	0	3
2	171942004	171944987	2	1	1	2
2	171944988	171945069	2	1	1	2
2	171945070	172428728	2	1	1	3
2	172428729	173122930	1	1	0	3
2	173122931	173127042	1	1	0	2
2	173127043	173127360	2	1	1	2
2	173127361	191004543	2	1	1	3
2	191004544	191004639	2	1	1	2
2	191004640	191007031	2	1	1	1
2	191007032	191008242	1	1	0	2
2	191008243	191011856	1	1	0	1
2	191011857	191789697	1	1	0	3
2	191789698	229314030	2	1	1	3
2	229314031	229319554	2	1	1	2
2	229319555	232775380	2	1	1	3
2	232775381	234590947	1	1	0	3
2	234590948	242988297	2	1	1	3
3	60363	11402443	2	1	1	3
3	11402444	11677521	2	1	1	1
3	11677522	49016116	2	1	1	3
3	49016117	49382609	2	1	1	2
3	49382610	52048722	2	1	1	3
3	52048723	52249969	1	1	0	2
3	52249970	55789090	2	1	1	3
3	55789091	60268855	2	1	1	3
3	60268856	60424693	1	1	0	3
3	60424694	60494461	0	0	0	2
3	60494462	60573955	1	1	0	3
3	60573956	60590882	0	0	0	2
3	60590883	60779862	1	1	0	3
3	60779863	86649686	2	1	1	3
3	86649687	87899999	2	1	1	3
3	87900000	93899999	2	1	1	3
3	93900000	161953372	2	1	1	3
3	161953373	168832556	2	1	1	3
3	168832557	169034484	1	1	0	3
3	169034485	174460302	2	1	1	3
3	174460303	174493109	2	1	1	3
3	174493110	183810625	2	1	1	3
3	183810626	183810786	2	1	1	3
3	183810787	184426425	2	1	1	3
3	184426426	184427094	2	1	1	2
3	184427095	197847500	2	1	1	3
4	31303	310333	2	1	1	3
4	310334	349970	3	2	1	3
4	349971	4076343	2	1	1	3
4	4076344	4083053	2	1	1	3
4	4083054	4110379	1	1	0	2
4	4110380	5188481	1	1	0	3
4	5188482	19233217	3	2	1	3
4	19233218	19299465	3	2	1	2
4	19299466	38638255	3	2	1	3
4	38638256	38640687	3	2	1	2
4	38640688	38686870	2	2	0	3
4	38686871	40090074	3	2	1	3
4	40090075	40773367	2	2	0	3
4	40773368	40774016	2	2	0	2
4	40774017	40774063	4	2	2	2
4	40774064	40876299	4	2	2	2
4	40876300	41270337	2	2	0	3
4	41270338	41270881	2	2	0	2
4	41270882	41270920	2	2	0	1
4	41270921	41885608	4	2	2	3
4	41885609	41886091	4	2	2	1
4	41886092	41886413	4	2	2	1
4	41886414	42069038	3	2	1	2
4	42069039	47954143	3	2	1	3
4	47954144	48143419	2	2	0	3
4	48143420	48199999	3	2	1	3
4	48200000	52699999	3	2	1	3
4	52700000	54557972	3	2	1	3
4	54557973	54647393	1	1	0	2
4	54647394	55612799	3	2	1	3
4	55612800	56225425	1	1	0	3
4	56225426	56393234	2	1	1	3
4	56393235	56560409	1	1	0	3
4	56560410	56662562	2	1	1	3
4	56662563	56755697	1	1	0	3
4	56755698	78119017	3	2	1	3
4	78119018	78170723	1	1	0	2
4	78170724	79278912	3	2	1	3
4	79278913	79616984	1	1	0	3
4	79616985	80461647	2	1	1	3
4	80461648	80527687	1	1	0	3
4	80527688	80528432	1	1	0	3
4	80528433	83758466	1	1	0	3
4	83758467	83820869	2	1	1	3
4	83820870	87042003	1	1	0	3
4	87042004	89937261	2	1	1	3
4	89937262	90365280	1	1	0	3
4	90365281	91054153	3	2	1	3
4	91054154	91124950	4	3	1	2
4	91124951	92396175	3	2	1	3
4	92396176	92406129	3	2	1	3
4	92406130	99514862	3	2	1	3
4	99514863	100202046	1	1	0	3
4	100202047	100376623	2	1	1	3
4	100376624	101028211	1	1	0	3
4	101028212	102054796	3	2	1	3
4	102054797	102949493	1	1	0	3
4	102949494	103134264	3	2	1	2
4	103134265	103205669	1	1	0	2
4	103205670	103208696	3	2	1	2
4	103208697	103208762	1	1	0	2
4	103208763	103214569	2	1	1	2
4	103214570	103523675	1	1	0	3
4	103523676	103962179	3	2	1	3
4	103962180	103962194	3	2	1	1
4	103962195	106508729	1	1	0	3
4	106508730	106563154	0	0	0	2
4	106563155	108537507	1	1	0	3
4	108537508	114218382	2	1	1	3
4	114218383	114246461	1	1	0	2
4	114246462	140007641	2	1	1	3
4	140007642	140043854	2	1	1	2
4	140043855	142765106	2	1	1	3
4	142765107	152257366	2	1	1	3
4	152257367	152986005	1	1	0	3
4	152986006	153072358	2	1	1	2
4	153072359	153088691	1	1	0	3
4	153088692	153090316	1	1	0	2
4	153090317	153306925	1	1	0	3
4	153306926	153307502	1	1	0	2
4	153307503	153311488	1	1	0	1
4	153311489	185630394	2	1	1	3
4	185630395	185655427	1	1	0	3
4	185655428	190987500	2	1	1	3
5	49352	282004	1	1	0	2
5	282005	387058	0	0	0	2
5	387059	46099999	1	1	0	3
5	46100000	50699999	1	1	0	3
5	50700000	86583954	1	1	0	3
5	86583955	86661992	1	1	0	1
5	86661993	110656305	1	1	0	2
5	110656306	110656327	1	1	0	2
5	110656328	110689914	1	1	0	2
5	110689915	111149927	0	0	0	3
5	111149928	111151692	0	0	0	2
5	111151693	111151785	0	0	0	1
5	111151786	111166107	1	1	0	2
5	111166108	111183323	0	0	0	1
5	111183324	111801203	0	0	0	3
5	111801204	111802929	0	0	0	2
5	111802930	111803324	0	0	0	1
5	111803325	111804120	0	0	0	1
5	111804121	111805124	0	0	0	1
5	111805125	111805267	1	1	0	2
5	111805268	111864631	1	1	0	2
5	111864632	111864755	0	0	0	2
5	111864756	112055160	0	0	0	2
5	112055161	112056491	0	0	0	2
5	112056492	112056509	1	1	0	2
5	112056510	114270587	1	1	0	3
5	114270588	115023871	0	0	0	2
5	115023872	118494610	1	1	0	2
5	118494611	118591763	1	1	0	2
5	118591764	118591834	1	1	0	2
5	118591835	118648369	1	1	0	3
5	118648370	118648411	1	1	0	3
5	118648412	118671114	1	1	0	3
5	118671115	147131716	1	1	0	3
5	147131717	147131941	1	1	0	3
5	147131942	170142947	1	1	0	3
5	170142948	170175739	0	0	0	2
5	170175740	180715810	1	1	0	3
6	39681	203877	2	1	1	1
6	203878	33998769	2	1	1	3
6	33998770	34053229	1	1	0	2
6	34053230	45765593	2	1	1	3
6	45765594	58699999	2	1	1	3
6	58700000	63299999	2	1	1	3
6	63300000	90392657	2	1	1	3
6	90392658	90429856	1	1	0	2
6	90429857	127816440	2	1	1	3
6	127816441	127839684	2	1	1	2
6	127839685	149861679	2	1	1	3
6	149861680	150049064	1	1	0	3
6	150049065	170888473	2	1	1	3
7	40386	604521	2	1	1	3
7	604522	671682	2	1	1	1
7	671683	26309921	2	1	1	3
7	26309922	26324847	1	1	0	1
7	26324848	26735037	1	1	0	3
7	26735038	26736031	1	1	0	2
7	26736032	26736662	1	1	0	2
7	26736663	26739655	2	1	1	2
7	26739656	26739776	2	1	1	2
7	26739777	26774399	2	1	1	3
7	26774400	26774436	2	1	1	1
7	26774437	26774811	2	1	1	1
7	26774812	26904094	1	1	0	3
7	26904095	26905474	2	1	1	2
7	26905475	26905971	2	1	1	1
7	26905972	30484952	2	1	1	3
7	30484953	35314174	2	1	1	3
7	35314175	57999999	2	1	1	3
7	58000000	62141931	2	1	1	2
7	62141932	62147284	2	1	1	2
7	62147285	98000450	2	1	1	3
7	98000451	98031522	2	1	1	3
7	98031523	98132705	2	1	1	3
7	98132706	98132807	2	1	1	2
7	98132808	98133033	2	1	1	2
7	98133034	98150437	2	1	1	2
7	98150438	110835923	2	1	1	3
7	110835924	111029106	1	1	0	3
7	111029107	117235207	2	1	1	3
7	117235208	117349722	3	2	1	2
7	117349723	157349467	2	1	1	3
7	157349468	157355699	2	1	1	2
7	157355700	157486064	2	1	1	3
7	157486065	157668864	1	1	0	2
7	157668865	158821400	2	1	1	3
8	10001	142424	2	1	1	2
8	142425	5705506	2	1	1	3
8	5705507	5705680	2	1	1	2
8	5705681	43099999	2	1	1	3
8	43100000	48481759	2	1	1	3
8	48481760	48491498	2	1	1	3
8	48491499	100099347	2	1	1	3
8	100099348	100159061	2	1	1	2
8	100159062	128073779	2	1	1	2
8	128073780	128218623	3	2	1	2
8	128218624	128342472	5	4	1	2
8	128342473	128468221	3	2	1	2
8	128468222	146364021	2	1	1	2
9	47500	204778	3	2	1	2
9	204779	2688257	3	2	1	2
9	2688258	3425708	1	1	0	2
9	3425709	3434982	3	2	1	2
9	3434983	3778701	1	1	0	2
9	3778702	7951501	3	2	1	2
9	7951502	8197087	1	1	0	3
9	8197088	9190985	2	1	1	3
9	9190986	9279369	3	2	1	3
9	9279370	13430280	2	1	1	3
9	13430281	15301880	1	1	0	2
9	15301881	15305487	2	1	1	1
9	15305488	15305585	2	1	1	1
9	15305586	19167778	2	1	1	2
9	19167779	19352744	1	1	0	3
9	19352745	21627329	3	2	1	2
9	21627330	21833533	1	1	0	3
9	21833534	21858171	3	2	1	2
9	21858172	21936672	1	1	0	2
9	21936673	21967464	2	1	1	2
9	21967465	21968600	1	1	0	2
9	21968601	21970499	1	1	0	2
9	21970500	21970513	1	1	0	2
9	21970514	21971489	0	0	0	1
9	21971490	21971690	0	0	0	1
9	21971691	21972461	0	0	0	1
9	21972462	22205954	0	0	0	2
9	22205955	22230951	2	1	1	1
9	22230952	22230968	2	1	1	2
9	22230969	22234622	2	1	1	2
9	22234623	22257335	2	1	1	2
9	22257336	22257364	2	1	1	2
9	22257365	38723520	2	1	1	3
9	38723521	47299999	2	1	1	2
9	47300000	50699999	2	1	1	2
9	50700000	69175269	2	1	1	2
9	69175270	74679891	2	1	1	3
9	74679892	75301928	1	1	0	3
9	75301929	75348790	3	2	1	3
9	75348791	75431377	3	2	1	3
9	75431378	75654719	1	1	0	3
9	75654720	111888990	2	1	1	3
9	111888991	117133448	1	1	0	2
9	117133449	123407877	2	1	1	3
9	123407878	123518295	1	1	0	2
9	123518296	123979443	2	1	1	2
9	123979444	124216132	1	1	0	3
9	124216133	128189401	2	1	1	3
9	128189402	129096962	1	1	0	2
9	129096963	129539732	2	1	1	2
9	129539733	129638246	1	1	0	2
9	129638247	129678568	3	2	1	2
9	129678569	129678708	3	2	1	2
9	129678709	129699743	3	2	1	3
9	129699744	129761236	1	1	0	3
9	129761237	129767719	1	1	0	1
9	129767720	130163536	1	1	0	2
9	130163537	132646953	3	2	1	2
9	132646954	132674501	4	2	2	2
9	132674502	140338960	3	2	1	2
9	140338961	140353576	3	2	1	1
9	140353577	141069765	3	2	1	2
10	90127	23310942	1	1	0	3
10	23310943	23368958	0	0	0	2
10	23368959	32085023	1	1	0	3
10	32085024	32085233	1	1	0	3
10	32085234	37999999	1	1	0	3
10	38000000	42299999	1	1	0	2
10	42300000	53440037	1	1	0	3
10	53440038	53442181	1	1	0	3
10	53442182	61600451	1	1	0	3
10	61600452	61673310	0	0	0	3
10	61673311	135389924	1	1	0	3
11	20721	196943	2	1	1	2
11	196944	3368768	2	1	1	3
11	3368769	3444660	3	2	1	2
11	3444661	10269440	2	1	1	3
11	10269441	10511857	1	1	0	3
11	10511858	12707419	2	1	1	3
11	12707420	12753003	1	1	0	2
11	12753004	12806352	0	0	0	3
11	12806353	12847104	1	1	0	3
11	12847105	47669317	2	1	1	3
11	47669318	47669536	2	1	1	3
11	47669537	51599999	2	1	1	3
11	51600000	55699999	2	1	1	3
11	55700000	56730544	2	1	1	3
11	56730545	56737002	2	1	1	2
11	56737003	95513846	2	1	1	3
11	95513847	124507751	1	1	0	3
11	124507752	124515260	1	1	0	3
11	124515261	124697589	1	1	0	3
11	124697590	134452200	2	1	1	3
12	110107	8323901	2	1	1	3
12	8323902	8380667	1	1	0	3
12	8380668	9534945	2	1	1	3
12	9534946	11809468	2	1	1	3
12	11809469	11809497	2	1	1	3
12	11809498	14299995	2	1	1	3
12	14299996	14454065	1	1	0	3
12	14454066	14457773	2	1	1	2
12	14457774	14457831	2	1	1	2
12	14457832	14457847	2	1	1	2
12	14457848	14463846	2	1	1	2
12	14463847	14474754	2	1	1	2
12	14474755	14509360	1	1	0	3
12	14509361	14509476	1	1	0	3
12	14509477	14885236	1	1	0	3
12	14885237	14885303	1	1	0	2
12	14885304	33299999	2	1	1	3
12	33300000	38199999	2	1	1	3
12	38200000	132349400	2	1	1	3
12	132349401	133851894	2	1	1	3
13	1	16299999	3	2	1	1
13	16300000	19499999	3	2	1	2
13	19500000	38151377	3	2	1	2
13	38151378	114142800	3	2	1	2
13	114142801	115169877	3	2	1	3
14	1	16099999	1	1	0	1
14	16100000	19099999	1	1	0	2
14	19100000	19457499	1	1	0	2
14	19457500	20464955	1	1	0	2
14	20464956	22435183	1	1	0	3
14	22435184	22437475	1	1	0	1
14	22437476	29672108	1	1	0	3
14	29672109	67052321	1	1	0	3
14	67052322	67099136	1	1	0	1
14	67099137	90897239	1	1	0	3
14	90897240	90944438	0	0	0	2
14	90944439	106401296	2	2	0	3
15	1	15799999	2	1	1	1
15	15800000	20699999	2	1	1	2
15	20700000	92401837	2	1	1	3
15	92401838	92529526	2	1	1	1
15	92529527	100338800	2	1	1	3
15	100338801	102531391	2	1	1	3
16	83802	5388621	2	1	1	3
16	5388622	5420782	3	2	1	2
16	5420783	6071136	2	1	1	3
16	6071137	6182124	1	1	0	3
16	6182125	6355632	0	0	0	2
16	6355633	6556620	1	1	0	3
16	6556621	6693435	0	0	0	2
16	6693436	6748974	1	1	0	3
16	6748975	15132499	2	1	1	3
16	15132500	34599999	2	1	1	3
16	34600000	38599999	2	1	1	3
16	38600000	78613087	2	1	1	3
16	78613088	78859001	1	1	0	3
16	78859002	78932507	2	1	1	3
16	78932508	79003408	1	1	0	3
16	79003409	88827200	2	1	1	3
16	88827201	90354752	2	1	1	3
17	12500	2261998	3	2	1	3
17	2261999	22199999	2	1	1	3
17	22200000	25799999	NA	NA	NA	NA
17	25800000	29097937	3	2	1	3
17	29097938	34442499	2	2	0	3
17	34442500	34498701	2	2	0	2
17	34498702	36300628	2	2	0	3
17	36300629	59442942	2	2	0	3
17	59442943	67878872	3	2	1	3
17	67878873	67907174	3	2	1	2
17	67907175	69128336	3	2	1	3
17	69128337	78774600	2	1	1	3
17	78774601	81195209	2	1	1	3
18	27500	138600	1	1	0	2
18	138601	8371548	1	1	0	2
18	8371549	8418860	2	2	0	2
18	8418861	13256634	1	1	0	3
18	13256635	13399856	0	0	0	3
18	13399857	14281131	1	1	0	3
18	14281132	15399999	1	1	0	2
18	15400000	19763717	NA	NA	NA	NA
18	19763718	19793338	0	0	0	2
18	19793339	29682235	1	1	0	2
18	29682236	30034992	0	0	0	2
18	30034993	76117000	1	1	0	3
18	76117001	78077247	1	1	0	3
19	102500	226775	2	1	1	2
19	226776	24399999	2	1	1	3
19	24400000	28599999	2	1	1	3
19	28600000	39208590	2	1	1	3
19	39208591	39216823	4	2	2	1
19	39216824	39264281	4	2	2	2
19	39264282	39297364	3	2	1	1
19	39297365	59128982	2	1	1	3
20	17500	14611308	3	2	1	2
20	14611309	14820348	2	1	1	2
20	14820349	15012936	3	2	1	2
20	15012937	15027285	2	1	1	2
20	15027286	15279311	3	2	1	2
20	15279312	16001585	2	1	1	2
20	16001586	25599999	3	2	1	2
20	25600000	29399999	3	2	1	2
20	29400000	62432500	3	2	1	2
21	1	10899999	NA	NA	NA	NA
21	10900000	14299999	2	1	1	1
21	14300000	36241223	2	1	1	3
21	36241224	37141989	1	1	0	3
21	37141990	46937500	2	1	1	3
21	46937501	48129894	2	1	1	3
22	1	12199999	1	1	0	2
22	12200000	17899999	1	1	0	3
22	17900000	19818400	1	1	0	3
22	19818401	49687500	2	1	1	3
22	49687501	51304565	2	1	1	3
X	1	11732603	1	1	0	3
X	11732604	11732614	1	1	0	3
X	11732615	46159294	1	1	0	3
X	46159295	46243872	2	2	0	1
X	46243873	58099999	1	1	0	3
X	58100000	62999999	1	1	0	3
X	63000000	155270559	1	1	0	3
Y	1	11599999	1	1	0	1
Y	11600000	13399999	1	1	0	1
Y	13400000	59373565	1	1	0	1
