chromosome	start	end	total_cn	major_cn	minor_cn	star
1	10001	1138580	2	1	1	2
1	1138581	1868802	1	1	0	2
1	1868803	3494503	1	1	0	2
1	3494504	4414178	1	1	0	2
1	4414179	4950276	1	1	0	2
1	4950277	5118757	2	1	1	2
1	5118758	6057786	1	1	0	2
1	6057787	6267396	1	1	0	2
1	6267397	6287628	1	1	0	2
1	6287629	6752507	2	1	1	2
1	6752508	6884405	1	1	0	2
1	6884406	7849463	1	1	0	2
1	7849464	8582986	1	1	0	2
1	8582987	9091058	1	1	0	2
1	9091059	9094203	1	1	0	2
1	9094204	9570026	1	1	0	3
1	9570027	10156756	1	1	0	3
1	10156757	10428655	2	2	0	1
1	10428656	10584138	1	1	0	3
1	10584139	10594282	1	1	0	3
1	10594283	10618929	1	1	0	3
1	10618930	10764203	1	1	0	3
1	10764204	10779981	1	1	0	2
1	10779982	11803232	1	1	0	2
1	11803233	12659944	1	1	0	2
1	12659945	14244694	1	1	0	2
1	14244695	14254289	1	1	0	2
1	14254290	14373282	2	1	1	1
1	14373283	15855874	1	1	0	3
1	15855875	16006100	1	1	0	2
1	16006101	16926793	1	1	0	3
1	16926794	17036009	1	1	0	2
1	17036010	17088567	1	1	0	2
1	17088568	17673829	1	1	0	2
1	17673830	17907767	1	1	0	2
1	17907768	18246710	1	1	0	2
1	18246711	18779053	1	1	0	2
1	18779054	19581355	1	1	0	2
1	19581356	20342076	1	1	0	2
1	20342077	20390818	1	1	0	2
1	20390819	20852954	1	1	0	2
1	20852955	22049954	1	1	0	2
1	22049955	22062210	1	1	0	2
1	22062211	22330018	1	1	0	2
1	22330019	23098478	1	1	0	2
1	23098479	23456025	1	1	0	2
1	23456026	23456562	1	1	0	2
1	23456563	23458183	1	1	0	2
1	23458184	23482840	1	1	0	2
1	23482841	23517573	1	1	0	2
1	23517574	23736503	1	1	0	2
1	23736504	23988834	1	1	0	2
1	23988835	24633335	1	1	0	2
1	24633336	26479089	1	1	0	2
1	26479090	26585185	2	1	1	2
1	26585186	26595591	2	1	1	2
1	26595592	27301541	2	1	1	2
1	27301542	27667960	1	1	0	2
1	27667961	27724131	1	1	0	2
1	27724132	27981756	1	1	0	2
1	27981757	28400752	1	1	0	2
1	28400753	28525916	2	1	1	2
1	28525917	28529967	1	1	0	2
1	28529968	28580091	1	1	0	2
1	28580092	28940568	1	1	0	2
1	28940569	29474579	1	1	0	3
1	29474580	29557636	1	1	0	2
1	29557637	31432287	1	1	0	3
1	31432288	32990445	2	1	1	2
1	32990446	34034797	2	1	1	2
1	34034798	34160420	2	1	1	2
1	34160421	34624904	2	1	1	2
1	34624905	35259584	2	1	1	2
1	35259585	35626524	2	1	1	2
1	35626525	35933135	2	2	0	1
1	35933136	35944049	2	2	0	1
1	35944050	36186102	2	2	0	1
1	36186103	36598209	2	1	1	1
1	36598210	36841065	2	1	1	1
1	36841066	37576727	2	1	1	2
1	37576728	38024372	2	1	1	2
1	38024373	38130683	2	1	1	2
1	38130684	38333158	2	1	1	2
1	38333159	38440562	2	1	1	2
1	38440563	38488751	2	1	1	2
1	38488752	38570515	2	1	1	2
1	38570516	38841641	2	1	1	2
1	38841642	38855503	3	2	1	2
1	38855504	38871181	3	2	1	1
1	38871182	39217207	2	1	1	2
1	39217208	39504565	2	1	1	2
1	39504566	39506188	2	1	1	1
1	39506189	39520244	2	1	1	1
1	39520245	39590559	2	1	1	2
1	39590560	40396268	1	1	0	2
1	40396269	40517973	2	1	1	2
1	40517974	40723244	2	1	1	2
1	40723245	40783718	2	1	1	2
1	40783719	41135236	2	1	1	2
1	41135237	41754875	2	1	1	2
1	41754876	42414575	2	1	1	2
1	42414576	42427317	1	1	0	2
1	42427318	42433298	1	1	0	2
1	42433299	43141020	1	1	0	2
1	43141021	46619660	2	1	1	1
1	46619661	46717111	1	1	0	2
1	46717112	48066500	1	1	0	2
1	48066501	49594899	2	1	1	2
1	49594900	51398218	2	1	1	2
1	51398219	51474892	2	1	1	2
1	51474893	51919632	2	1	1	2
1	51919633	51927301	1	1	0	1
1	51927302	51973085	1	1	0	1
1	51973086	52219670	1	1	0	2
1	52219671	52331179	1	1	0	1
1	52331180	52340412	1	1	0	1
1	52340413	52341990	1	1	0	2
1	52341991	52829085	1	1	0	2
1	52829086	52832685	2	1	1	1
1	52832686	52839274	2	1	1	1
1	52839275	52955532	2	1	1	2
1	52955533	53006582	2	1	1	2
1	53006583	53160693	2	1	1	2
1	53160694	53272015	2	1	1	1
1	53272016	53348259	2	1	1	1
1	53348260	53355920	1	1	0	2
1	53355921	66311415	1	1	0	2
1	66311416	66347936	2	1	1	2
1	66347937	74516553	2	1	1	2
1	74516554	75317575	2	1	1	2
1	75317576	75317738	2	1	1	1
1	75317739	75323026	2	1	1	1
1	75323027	75492177	2	1	1	1
1	75492178	79779499	2	1	1	2
1	79779500	86522463	1	1	0	3
1	86522464	86616205	1	1	0	3
1	86616206	86643046	2	1	1	1
1	86643047	86643066	2	1	1	2
1	86643067	121499999	2	1	1	2
1	121500000	128899999	2	1	1	1
1	128900000	143757938	2	1	1	1
1	143757939	146479902	1	1	0	2
1	146479903	146757275	7	6	1	1
1	146757276	149232742	4	3	1	2
1	149232743	149702600	4	4	0	1
1	149702601	150037643	10	9	1	1
1	150037644	150037683	10	9	1	1
1	150037684	150630603	7	6	1	1
1	150630604	150802564	9	8	1	1
1	150802565	150802669	9	8	1	1
1	150802670	150802908	9	8	1	1
1	150802909	150983588	9	8	1	1
1	150983589	150983709	9	8	1	1
1	150983710	150998174	4	3	1	1
1	150998175	151246544	4	3	1	1
1	151246545	151597845	4	3	1	2
1	151597846	151978760	5	4	1	2
1	151978761	152283429	6	5	1	1
1	152283430	152775630	2	1	1	2
1	152775631	152814704	2	1	1	2
1	152814705	152948619	2	1	1	2
1	152948620	153128191	5	4	1	2
1	153128192	153128222	5	4	1	1
1	153128223	153412222	2	1	1	2
1	153412223	153540957	2	1	1	1
1	153540958	153828753	2	1	1	2
1	153828754	154248177	3	2	1	2
1	154248178	154884626	1	1	0	2
1	154884627	155530075	10	9	1	1
1	155530076	163672720	1	1	0	3
1	163672721	164779696	2	1	1	2
1	164779697	164879523	1	1	0	3
1	164879524	172143231	2	1	1	2
1	172143232	184860317	1	1	0	3
1	184860318	196687500	2	1	1	2
1	196687501	247249600	2	1	1	2
1	247249601	249250620	2	1	1	2
2	20016	90499999	2	1	1	2
2	90500000	96799999	2	1	1	2
2	96800000	151626843	2	1	1	2
2	151626844	185164395	2	1	1	2
2	185164396	185164640	2	1	1	2
2	185164641	208211306	2	1	1	2
2	208211307	242985493	1	1	0	3
3	100074	7550410	2	1	1	2
3	7550411	7870000	2	2	0	2
3	7870001	26692506	2	1	1	2
3	26692507	26722806	1	1	0	2
3	26722807	27304225	2	1	1	2
3	27304226	70583753	1	1	0	3
3	70583754	71577884	2	1	1	2
3	71577885	71577905	2	1	1	2
3	71577906	87899999	2	1	1	2
3	87900000	93899999	2	1	1	2
3	93900000	198022429	2	1	1	2
4	53326	48199999	2	1	1	2
4	48200000	52699999	2	1	1	2
4	52700000	71079658	2	1	1	2
4	71079659	71090061	2	1	1	1
4	71090062	81986234	2	1	1	2
4	81986235	81986415	2	1	1	2
4	81986416	86720460	2	1	1	2
4	86720461	86722873	2	1	1	1
4	86722874	159783537	2	1	1	2
4	159783538	160193561	1	1	0	2
4	160193562	171069784	2	1	1	2
4	171069785	171074757	2	1	1	2
4	171074758	191154275	2	1	1	2
5	39977	19747648	2	1	1	2
5	19747649	19747695	2	1	1	2
5	19747696	20150016	2	1	1	2
5	20150017	20150283	2	1	1	2
5	20150284	45941013	2	1	1	2
5	45941014	50699999	NA	NA	NA	NA
5	50700000	111456437	2	1	1	2
5	111456438	180717906	2	1	1	2
6	39681	205609	2	2	0	1
6	205610	58699999	2	1	1	2
6	58700000	63299999	2	1	1	2
6	63300000	69355975	2	1	1	2
6	69355976	168353509	1	1	0	3
6	168353510	170945892	2	1	1	2
7	40386	16021514	2	1	1	2
7	16021515	16064789	1	1	0	2
7	16064790	57999999	2	1	1	2
7	58000000	61876200	NA	NA	NA	NA
7	61876201	62267539	5	3	2	1
7	62267540	62391164	4	2	2	1
7	62391165	62437062	6	3	3	1
7	62437063	158821400	2	1	1	2
8	10001	43099999	2	1	1	2
8	43100000	48099999	NA	NA	NA	NA
8	48100000	146364021	2	1	1	2
9	65941	215268	1	1	0	2
9	215269	37948133	1	1	0	3
9	37948134	38049608	1	1	0	2
9	38049609	47299999	1	1	0	2
9	47300000	50699999	1	1	0	2
9	50700000	66457499	1	1	0	2
9	66457500	140273200	2	1	1	2
9	140273201	141048344	2	1	1	1
10	95662	37999999	2	1	1	2
10	38000000	42413514	NA	NA	NA	NA
10	42413515	42496636	5	3	2	1
10	42496637	135389304	2	1	1	2
11	20721	197336	2	1	1	1
11	197337	50525384	2	1	1	2
11	50525385	51332049	4	2	2	1
11	51332050	55699999	NA	NA	NA	NA
11	55700000	134452200	2	1	1	2
12	110107	33299999	2	1	1	2
12	33300000	38199999	NA	NA	NA	NA
12	38200000	38425011	6	3	3	1
12	38425012	61001627	2	1	1	2
12	61001628	61001883	2	1	1	2
12	61001884	83946491	2	1	1	2
12	83946492	99520900	1	1	0	3
12	99520901	132349400	2	1	1	2
12	132349401	133851894	2	1	1	2
13	1	16299999	2	1	1	1
13	16300000	19523913	NA	NA	NA	NA
13	19523914	69878350	1	1	0	2
13	69878351	89785389	2	1	1	2
13	89785390	89786264	2	1	1	1
13	89786265	114142800	2	1	1	2
13	114142801	115169877	2	1	1	1
14	1	16099999	2	2	0	1
14	16100000	19099999	2	2	0	2
14	19100000	20272679	2	2	0	2
14	20272680	20804832	2	1	1	2
14	20804833	21576647	1	1	0	2
14	21576648	21707780	1	1	0	3
14	21707781	21757682	1	1	0	3
14	21757683	21982286	1	1	0	2
14	21982287	22064468	1	1	0	2
14	22064469	23072212	1	1	0	3
14	23072213	23972890	1	1	0	2
14	23972891	24219370	1	1	0	2
14	24219371	24968314	1	1	0	3
14	24968315	25226818	1	1	0	3
14	25226819	25229086	1	1	0	2
14	25229087	25252332	1	1	0	3
14	25252333	25632643	1	1	0	3
14	25632644	26237065	1	1	0	3
14	26237066	29198845	1	1	0	1
14	29198846	29660664	1	1	0	2
14	29660665	30068872	2	1	1	2
14	30068873	30306988	1	1	0	2
14	30306989	52102247	2	1	1	2
14	52102248	52717630	2	1	1	2
14	52717631	53420068	2	1	1	2
14	53420069	53427086	1	1	0	2
14	53427087	53666388	1	1	0	2
14	53666389	53906893	2	1	1	2
14	53906894	54096488	1	1	0	2
14	54096489	54098503	1	1	0	2
14	54098504	54269039	2	1	1	2
14	54269040	55161162	2	1	1	2
14	55161163	55214970	2	1	1	2
14	55214971	55468246	2	1	1	2
14	55468247	56090808	1	1	0	2
14	56090809	56249321	2	1	1	2
14	56249322	56316761	2	1	1	2
14	56316762	56318737	2	1	1	2
14	56318738	57566938	2	1	1	2
14	57566939	57682576	2	1	1	2
14	57682577	57970259	1	1	0	2
14	57970260	59553329	1	1	0	2
14	59553330	60536019	1	1	0	2
14	60536020	60621131	2	1	1	2
14	60621132	60783803	1	1	0	2
14	60783804	60820465	1	1	0	2
14	60820466	60901971	1	1	0	2
14	60901972	61652245	1	1	0	2
14	61652246	62442639	2	1	1	2
14	62442640	63098082	1	1	0	3
14	63098083	63849518	1	1	0	3
14	63849519	64323096	1	1	0	2
14	64323097	64560059	1	1	0	2
14	64560060	67149600	1	1	0	3
14	67149601	67366433	2	2	0	1
14	67366434	68079475	1	1	0	2
14	68079476	68823447	1	1	0	2
14	68823448	68929472	1	1	0	2
14	68929473	69002521	1	1	0	2
14	69002522	69281762	1	1	0	2
14	69281763	69450802	1	1	0	2
14	69450803	69701223	2	1	1	2
14	69701224	69878054	1	1	0	2
14	69878055	70029897	1	1	0	2
14	70029898	70031426	1	1	0	2
14	70031427	70723960	1	1	0	2
14	70723961	70898642	2	1	1	2
14	70898643	71860801	1	1	0	3
14	71860802	72551260	1	1	0	3
14	72551261	73231204	1	1	0	2
14	73231205	73455830	1	1	0	2
14	73455831	73828820	2	1	1	2
14	73828821	73946355	1	1	0	2
14	73946356	73957600	2	2	0	2
14	73957601	74169698	1	1	0	2
14	74169699	74361559	1	1	0	2
14	74361560	74368430	1	1	0	2
14	74368431	74907704	1	1	0	2
14	74907705	75352672	1	1	0	2
14	75352673	75543657	1	1	0	2
14	75543658	75617323	1	1	0	2
14	75617324	75739435	1	1	0	2
14	75739436	76266545	1	1	0	2
14	76266546	76447148	2	1	1	2
14	76447149	77356056	1	1	0	3
14	77356057	79743859	2	1	1	2
14	79743860	85574857	1	1	0	3
14	85574858	85836095	2	1	1	2
14	85836096	85978686	1	1	0	2
14	85978687	86186100	2	1	1	2
14	86186101	86359430	2	1	1	2
14	86359431	86366891	2	1	1	2
14	86366892	87001099	2	1	1	2
14	87001100	87008631	2	1	1	2
14	87008632	87123325	1	1	0	1
14	87123326	87187489	1	1	0	2
14	87187490	87209646	1	1	0	2
14	87209647	87480158	1	1	0	2
14	87480159	87669804	1	1	0	2
14	87669805	87677616	1	1	0	2
14	87677617	87796130	1	1	0	2
14	87796131	89061103	1	1	0	2
14	89061104	89368662	1	1	0	2
14	89368663	89376852	1	1	0	2
14	89376853	89655674	1	1	0	2
14	89655675	89790570	1	1	0	2
14	89790571	89833773	2	1	1	2
14	89833774	90801220	1	1	0	2
14	90801221	91634989	1	1	0	2
14	91634990	92498948	2	1	1	2
14	92498949	93060077	1	1	0	2
14	93060078	93060536	1	1	0	2
14	93060537	93605415	1	1	0	2
14	93605416	94782030	1	1	0	2
14	94782031	96314792	1	1	0	3
14	96314793	96586922	1	1	0	2
14	96586923	98079474	1	1	0	3
14	98079475	98620113	2	1	1	2
14	98620114	98682300	1	1	0	2
14	98682301	99686885	1	1	0	2
14	99686886	99884363	1	1	0	2
14	99884364	103031399	2	1	1	2
14	103031400	103277365	1	1	0	2
14	103277366	105147622	1	1	0	2
14	105147623	107204432	1	1	0	2
15	1	15799999	2	2	0	1
15	15800000	20699999	NA	NA	NA	NA
15	20700000	100338800	2	1	1	2
15	100338801	102399919	2	1	1	2
16	84170	32546201	2	1	1	2
16	32546202	34599999	2	1	1	2
16	34600000	38599999	2	1	1	2
16	38600000	63283727	2	1	1	2
16	63283728	64156578	1	1	0	3
16	64156579	88827200	2	1	1	2
16	88827201	90354752	2	1	1	1
17	3980	21732497	2	1	1	2
17	21732498	22199999	2	1	1	2
17	22200000	25799999	2	1	1	2
17	25800000	34455088	2	1	1	2
17	34455089	78774600	2	1	1	2
17	78774601	81195209	2	1	1	2
18	10001	15399999	2	1	1	2
18	15400000	18999999	2	1	1	2
18	19000000	76117000	2	1	1	2
18	76117001	78077247	2	1	1	2
19	102500	269821	2	1	1	2
19	269822	24399999	2	1	1	2
19	24400000	28599999	NA	NA	NA	NA
19	28600000	59128982	2	1	1	2
20	24347	23565288	2	1	1	2
20	23565289	23585028	2	1	1	1
20	23585029	25599999	2	1	1	2
20	25600000	29466683	2	1	1	2
20	29466684	62432500	2	1	1	2
21	1	9417499	NA	NA	NA	NA
21	9417500	10755031	NA	NA	NA	NA
21	10755032	14299999	2	2	0	1
21	14300000	46937500	2	1	1	2
21	46937501	48129894	2	1	1	2
22	1	12199999	2	2	0	1
22	12200000	17899999	NA	NA	NA	NA
22	17900000	49687500	2	1	1	2
22	49687501	51304565	2	1	1	2
X	1	58099999	1	1	0	3
X	58100000	62999999	1	1	0	3
X	63000000	155270559	1	1	0	3
Y	1	11599999	NA	NA	NA	NA
Y	11600000	13399999	NA	NA	NA	NA
Y	13400000	59373565	NA	NA	NA	NA
