chromosome	start	end	total_cn	major_cn	minor_cn	star
1	1	121480938	2	1	1	1
1	121480939	128899999	NA	NA	NA	NA
1	128900000	143481938	2	1	1	1
1	143481939	247247500	3	2	1	1
1	247247501	249250620	3	2	1	1
2	20016	90499999	2	1	1	1
2	90500000	96799999	2	1	1	1
2	96800000	133980502	2	1	1	1
2	133980503	134031040	1	1	0	1
2	134031041	194285538	2	1	1	1
2	194285539	201690145	3	2	1	1
2	201690146	242951000	1	1	0	1
3	62309	41369530	2	1	1	1
3	41369531	41571796	1	1	0	1
3	41571797	54421539	2	1	1	1
3	54421540	54584497	1	1	0	1
3	54584498	56857342	2	1	1	1
3	56857343	56935088	1	1	0	1
3	56935089	60556812	2	1	1	1
3	60556813	60628383	1	1	0	1
3	60628384	87899999	2	1	1	1
3	87900000	93899999	2	1	1	1
3	93900000	130289202	2	1	1	1
3	130289203	130301788	8	8	0	1
3	130301789	130333450	8	8	0	1
3	130333451	130335348	39	37	2	1
3	130335349	173238394	6	5	1	1
3	173238395	173294229	14	8	6	1
3	173294230	174794050	5	4	1	1
3	174794051	174842641	11	9	2	1
3	174842642	175060855	5	4	1	1
3	175060856	175516640	4	3	1	1
3	175516641	189745929	6	5	1	1
3	189745930	189761147	7	6	1	1
3	189761148	189815760	7	6	1	1
3	189815761	189829854	7	6	1	1
3	189829855	189847866	7	6	1	1
3	189847867	189870240	7	6	1	1
3	189870241	198022429	6	5	1	1
4	27500	8957499	1	1	0	1
4	8957500	9128401	1	1	0	1
4	9128402	9128600	1	1	0	1
4	9128601	9175256	1	1	0	1
4	9175257	47808809	1	1	0	1
4	47808810	47810380	1	1	0	1
4	47810381	47810403	1	1	0	1
4	47810404	47810587	1	1	0	1
4	47810588	48199999	3	2	1	1
4	48200000	52699999	2	1	1	1
4	52700000	65405418	2	1	1	1
4	65405419	65490347	2	1	1	1
4	65490348	190775644	2	1	1	1
5	32806	1057945	3	2	1	1
5	1057946	5314547	3	2	1	1
5	5314548	46099999	2	1	1	1
5	46100000	50699999	2	1	1	1
5	50700000	180670231	2	1	1	1
6	39681	202451	2	1	1	1
6	202452	37788219	2	1	1	1
6	37788220	58699999	2	1	1	1
6	58700000	63299999	2	1	1	1
6	63300000	149137525	2	1	1	1
6	149137526	149147204	2	1	1	1
6	149147205	157431263	2	1	1	1
6	157431264	170919470	2	1	1	1
7	40386	57999999	2	1	1	1
7	58000000	61699999	2	1	1	1
7	61700000	77705549	2	1	1	1
7	77705550	77705794	2	1	1	1
7	77705795	110349904	2	1	1	1
7	110349905	110669201	1	1	0	1
7	110669202	128224252	2	1	1	1
7	128224253	128744771	3	2	1	1
7	128744772	133130707	2	1	1	1
7	133130708	133300172	1	1	0	1
7	133300173	151765313	2	1	1	1
7	151765314	151967623	2	1	1	1
7	151967624	158821400	2	1	1	1
8	10001	203230	2	1	1	1
8	203231	43099999	2	1	1	1
8	43100000	48099999	2	1	1	1
8	48100000	90442314	2	1	1	1
8	90442315	146364021	3	2	1	1
9	64711	224107	2	1	1	1
9	224108	47299999	2	1	1	1
9	47300000	50699999	2	1	1	1
9	50700000	94252695	2	1	1	1
9	94252696	94441369	3	2	1	1
9	94441370	105813010	2	1	1	1
9	105813011	105985502	3	2	1	1
9	105985503	121476389	2	1	1	1
9	121476390	140273200	2	1	1	1
10	96244	37999999	2	1	1	1
10	38000000	42299999	2	1	1	1
10	42300000	135389924	2	1	1	1
11	20721	198985	2	1	1	1
11	198986	29106628	2	1	1	1
11	29106629	29106798	2	1	1	1
11	29106799	51107448	2	1	1	1
11	51107449	55699999	2	1	1	1
11	55700000	98590845	2	1	1	1
11	98590846	99885168	7	6	1	1
11	99885169	99886983	12	10	2	1
11	99886984	99887529	12	10	2	1
11	99887530	100043292	8	8	0	1
11	100043293	100546018	8	8	0	1
11	100546019	101620335	8	8	0	1
11	101620336	102248085	8	8	0	1
11	102248086	102310669	8	8	0	1
11	102310670	134452200	1	1	0	1
12	110107	224901	1	1	0	1
12	224902	4209846	1	1	0	1
12	4209847	32450077	1	1	0	1
12	32450078	33299999	2	1	1	1
12	33300000	38199999	2	1	1	1
12	38200000	132349400	2	1	1	1
12	132349401	133851894	2	1	1	1
13	1	16299999	2	1	1	1
13	16300000	19499999	2	1	1	1
13	19500000	114142800	2	1	1	1
13	114142801	115014685	2	1	1	1
14	1	16099999	2	1	1	1
14	16100000	19099999	2	1	1	1
14	19100000	37897449	2	1	1	1
14	37897450	37900093	3	2	1	1
14	37900094	80529483	2	1	1	1
14	80529484	80621510	1	1	0	1
14	80621511	106368400	2	1	1	1
15	1	15799999	2	1	1	1
15	15800000	20699999	2	1	1	1
15	20700000	56244982	2	1	1	1
15	56244983	100338800	3	2	1	1
15	100338801	102399919	3	2	1	1
16	85065	34599999	2	1	1	1
16	34600000	38599999	2	1	1	1
16	38600000	46447499	2	1	1	1
16	46447500	83447197	2	1	1	1
16	83447198	83604366	1	1	0	1
16	83604367	88827200	2	1	1	1
16	88827201	90354752	2	1	1	1
17	1880	21539973	1	1	0	1
17	21539974	22199999	2	1	1	1
17	22200000	25799999	2	1	1	1
17	25800000	78774600	2	1	1	1
17	78774601	81195209	2	1	1	1
18	27500	125631	2	1	1	1
18	125632	15399999	2	1	1	1
18	15400000	18999999	2	1	1	1
18	19000000	76117000	2	1	1	1
18	76117001	78077247	2	1	1	1
19	102500	276662	2	1	1	1
19	276663	24399999	2	1	1	1
19	24400000	29139700	2	1	1	1
19	29139701	29141762	1	1	0	1
19	29141763	59128982	3	2	1	1
20	17500	25599999	2	1	1	1
20	25600000	29399999	2	1	1	1
20	29400000	34120267	2	1	1	1
20	34120268	62432500	2	1	1	1
21	1	9417499	NA	NA	NA	NA
21	9417500	9627600	NA	NA	NA	NA
21	9627601	9880548	NA	NA	NA	NA
21	9880549	10755031	NA	NA	NA	NA
21	10755032	10892500	1	1	0	1
21	10892501	14299999	1	1	0	1
21	14300000	15698146	2	1	1	1
21	15698147	16195092	2	1	1	1
21	16195093	17191608	2	1	1	1
21	17191609	18434398	2	1	1	1
21	18434399	20540963	2	1	1	1
21	20540964	20548115	1	1	0	1
21	20548116	20905189	2	1	1	1
21	20905190	20930388	2	1	1	1
21	20930389	26190011	2	1	1	1
21	26190012	26393827	2	1	1	1
21	26393828	27307029	2	1	1	1
21	27307030	27847769	2	1	1	1
21	27847770	28876364	2	1	1	1
21	28876365	29190171	2	1	1	1
21	29190172	29205930	2	2	0	1
21	29205931	29218441	3	2	1	1
21	29218442	29769980	3	2	1	1
21	29769981	33669933	2	1	1	1
21	33669934	33721512	2	1	1	1
21	33721513	36255834	3	2	1	1
21	36255835	36484304	2	1	1	1
21	36484305	37099222	3	2	1	1
21	37099223	37873472	2	1	1	1
21	37873473	38866785	3	2	1	1
21	38866786	39774130	2	1	1	1
21	39774131	40214409	3	2	1	1
21	40214410	40569271	2	1	1	1
21	40569272	41194992	3	2	1	1
21	41194993	41868820	2	1	1	1
21	41868821	42073956	2	1	1	1
21	42073957	47079849	2	1	1	1
21	47079850	48129894	3	2	1	1
22	1	12199999	2	1	1	1
22	12200000	17899999	2	1	1	1
22	17900000	49687500	2	1	1	1
22	49687501	51304565	2	1	1	1
X	1	58099999	2	1	1	1
X	58100000	62999999	2	1	1	1
X	63000000	83104322	2	1	1	1
X	83104323	154913600	2	1	1	1
