chromosome	start	end	total_cn	major_cn	minor_cn	star
1	10001	807500	2	1	1	2
1	807501	106161713	2	1	1	2
1	106161714	107286709	1	1	0	2
1	107286710	121499999	2	1	1	2
1	121500000	128899999	2	1	1	2
1	128900000	175830027	2	1	1	2
1	175830028	247247500	3	2	1	2
1	247247501	249104961	3	2	1	2
2	43048	90499999	2	1	1	2
2	90500000	96799999	2	1	1	2
2	96800000	242979500	2	1	1	2
3	100074	38326118	2	1	1	2
3	38326119	38396621	1	1	0	1
3	38396622	38417903	49	49	0	1
3	38417904	38456705	4	4	0	1
3	38456706	38458536	49	49	0	1
3	38458537	38522950	4	4	0	1
3	38522951	38588769	4	4	0	1
3	38588770	38596575	49	49	0	1
3	38596576	38612234	4	4	0	1
3	38612235	38625119	49	49	0	1
3	38625120	38647163	4	4	0	1
3	38647164	38647415	49	49	0	1
3	38647416	38753667	4	4	0	1
3	38753668	38753723	49	49	0	1
3	38753724	38761403	4	4	0	1
3	38761404	38765657	49	49	0	1
3	38765658	38789853	4	4	0	1
3	38789854	38895249	4	4	0	1
3	38895250	38917242	4	4	0	1
3	38917243	38997418	5	3	2	1
3	38997419	39000399	2	1	1	1
3	39000400	39112203	2	1	1	2
3	39112204	87899999	2	1	1	2
3	87900000	93899999	2	1	1	2
3	93900000	198022429	2	1	1	2
4	27500	48199999	2	1	1	2
4	48200000	52699999	2	1	1	2
4	52700000	191154275	2	1	1	2
5	22500	46099999	3	2	1	2
5	46100000	50699999	3	2	1	2
5	50700000	180689978	3	2	1	2
6	202331	26037499	2	1	1	2
6	26037500	27767499	2	1	1	2
6	27767500	58699999	2	1	1	2
6	58700000	63299999	2	1	1	2
6	63300000	170899934	2	1	1	2
7	62151	57999999	2	1	1	2
7	58000000	61699999	2	1	1	2
7	61700000	158817500	2	1	1	2
8	10001	170011	2	1	1	2
8	170012	22113922	2	1	1	2
8	22113923	22364473	1	1	0	1
8	22364474	22430676	1	1	0	1
8	22430677	22557713	1	1	0	1
8	22557714	22596967	1	1	0	1
8	22596968	22642652	1	1	0	1
8	22642653	22730351	7	6	1	2
8	22730352	22964389	1	1	0	1
8	22964390	23149710	1	1	0	1
8	23149711	23153206	1	1	0	1
8	23153207	23153685	1	1	0	1
8	23153686	23157181	1	1	0	1
8	23157182	23157409	1	1	0	1
8	23157410	23340972	10	9	1	1
8	23340973	23667158	4	4	0	1
8	23667159	23681393	4	3	1	1
8	23681394	23697341	4	3	1	1
8	23697342	43099999	2	1	1	2
8	43100000	48099999	2	1	1	2
8	48100000	128399599	2	1	1	2
8	128399600	128423665	4	4	0	1
8	128423666	128435429	4	4	0	1
8	128435430	128445703	49	49	0	1
8	128445704	128495702	4	4	0	1
8	128495703	128525616	4	4	0	1
8	128525617	128538961	49	49	0	1
8	128538962	128559458	4	4	0	1
8	128559459	128564863	4	4	0	1
8	128564864	128594061	4	4	0	1
8	128594062	128611349	5	3	2	1
8	128611350	128620912	5	3	2	1
8	128620913	128640362	49	49	0	1
8	128640363	128642273	1	1	0	1
8	128642274	128642313	49	49	0	1
8	128642314	128651572	5	3	2	1
8	128651573	128661563	49	49	0	1
8	128661564	128663278	4	4	0	1
8	128663279	128674686	4	4	0	1
8	128674687	128683264	49	49	0	1
8	128683265	128683718	49	49	0	1
8	128683719	128702137	4	4	0	1
8	128702138	128709097	4	4	0	1
8	128709098	128709129	2	1	1	1
8	128709130	128714581	2	1	1	1
8	128714582	128714682	2	1	1	1
8	128714683	128745626	5	3	2	1
8	128745627	128752879	2	1	1	1
8	128752880	128760775	4	4	0	1
8	128760776	146364021	2	1	1	2
9	10001	200100	2	1	1	2
9	200101	47299999	2	1	1	2
9	47300000	50699999	2	1	1	2
9	50700000	140267500	2	1	1	2
9	140267501	140981439	2	1	1	2
10	94426	37999999	2	1	1	2
10	38000000	42299999	2	1	1	2
10	42300000	114695529	2	1	1	2
10	114695530	114771891	3	2	1	2
10	114771892	135389924	2	1	1	2
11	20721	190009	2	1	1	2
11	190010	51599999	2	1	1	2
11	51600000	55699999	2	1	1	2
11	55700000	134452200	2	1	1	2
12	110107	33299999	2	1	1	2
12	33300000	38199999	2	1	1	2
12	38200000	132349400	2	1	1	2
12	132349401	133851894	2	1	1	2
13	1	16299999	2	1	1	1
13	16300000	19499999	2	1	1	2
13	19500000	31726177	2	1	1	2
13	31726178	31897499	2	1	1	2
13	31897500	114142800	2	1	1	2
13	114142801	115169877	2	1	1	2
14	1	16099999	2	1	1	1
14	16100000	19099999	2	1	1	2
14	19100000	106368400	2	1	1	2
15	1	15799999	2	1	1	1
15	15800000	20699999	2	1	1	2
15	20700000	100338800	2	1	1	2
15	100338801	102531391	2	1	1	2
16	85037	34599999	2	1	1	2
16	34600000	38599999	2	1	1	2
16	38600000	78740762	2	1	1	2
16	78740763	78940319	1	1	0	2
16	78940320	88827200	2	1	1	2
16	88827201	90354752	2	1	1	2
17	1389	19146651	1	1	0	2
17	19146652	22199999	3	2	1	2
17	22200000	25799999	3	2	1	2
17	25800000	78774600	3	2	1	2
17	78774601	81195209	3	2	1	2
18	34226	15399999	2	1	1	2
18	15400000	18999999	2	1	1	2
18	19000000	76117000	2	1	1	2
18	76117001	78077247	2	1	1	2
19	102500	260136	2	1	1	2
19	260137	24399999	2	1	1	2
19	24400000	28599999	2	1	1	2
19	28600000	41960682	2	1	1	2
19	41960683	42889380	1	1	0	2
19	42889381	59128982	2	1	1	2
20	24347	14017392	2	1	1	2
20	14017393	14836550	1	1	0	2
20	14836551	25599999	2	1	1	2
20	25600000	29399999	2	1	1	2
20	29400000	62432500	2	1	1	2
21	1	9417499	NA	NA	NA	NA
21	9417500	10899999	NA	NA	NA	NA
21	10900000	14299999	2	1	1	2
21	14300000	46937500	2	1	1	2
21	46937501	48129894	2	1	1	2
22	1	12199999	2	1	1	1
22	12200000	17899999	2	1	1	2
22	17900000	49687500	2	1	1	2
22	49687501	51304565	2	1	1	2
X	1	58099999	1	1	0	3
X	58100000	62999999	1	1	0	3
X	63000000	155270559	1	1	0	3
Y	1	11599999	NA	NA	NA	NA
Y	11600000	13399999	NA	NA	NA	NA
Y	13400000	59373565	NA	NA	NA	NA
