chromosome	start	end	total_cn	major_cn	minor_cn	star
1	10001	121499999	2	1	1	2
1	121500000	128899999	2	1	1	2
1	128900000	155061832	2	1	1	2
1	155061833	155062750	2	1	1	1
1	155062751	155281305	4	3	1	2
1	155281306	155287335	3	2	1	2
1	155287336	172082761	2	1	1	2
1	172082762	193844845	2	1	1	2
1	193844846	193846448	2	1	1	2
1	193846449	225891969	2	1	1	2
1	225891970	225893870	2	1	1	2
1	225893871	247247500	2	1	1	2
1	247247501	249250620	2	1	1	2
2	23368	35280132	2	1	1	2
2	35280133	35281978	2	1	1	2
2	35281979	53390020	2	1	1	2
2	53390021	81189236	2	1	1	2
2	81189237	81197502	2	1	1	2
2	81197503	90499999	2	1	1	2
2	90500000	96799999	2	1	1	2
2	96800000	104338643	2	1	1	2
2	104338644	104342443	2	1	1	2
2	104342444	167550421	2	1	1	2
2	167550422	167553838	2	1	1	2
2	167553839	196831142	2	1	1	2
2	196831143	196843649	2	1	1	2
2	196843650	202464330	2	1	1	2
2	202464331	202466771	2	1	1	2
2	202466772	241770238	2	1	1	2
2	241770239	241811909	3	2	1	1
2	241811910	241954087	4	3	1	2
2	241954088	241955200	4	3	1	1
2	241955201	242986605	2	1	1	2
3	62226	41598046	2	1	1	2
3	41598047	41600278	2	1	1	2
3	41600279	49268800	2	1	1	2
3	49268801	49506053	3	2	1	2
3	49506054	87899999	2	1	1	2
3	87900000	93899999	2	1	1	2
3	93900000	131057113	2	1	1	2
3	131057114	165028396	2	1	1	2
3	165028397	165031970	2	1	1	2
3	165031971	177503742	2	1	1	2
3	177503743	197847500	2	1	1	2
4	9997	28498328	2	1	1	2
4	28498329	28500429	2	1	1	2
4	28500430	48199999	2	1	1	2
4	48200000	52699999	2	1	1	2
4	52700000	58735684	2	1	1	2
4	58735685	92000470	2	1	1	2
4	92000471	92073674	2	1	1	2
4	92073675	98819295	2	1	1	2
4	98819296	98820868	2	1	1	2
4	98820869	98867590	2	1	1	2
4	98867591	98882586	2	1	1	1
4	98882587	135772299	2	1	1	2
4	135772300	135791245	2	1	1	1
4	135791246	170705099	2	1	1	2
4	170705100	170708087	2	1	1	2
4	170708088	191154275	2	1	1	2
5	22500	45944871	2	1	1	2
5	45944872	50699999	2	1	1	2
5	50700000	91530422	2	1	1	2
5	91530423	91548616	2	1	1	2
5	91548617	91844836	2	1	1	2
5	91844837	91846638	2	1	1	2
5	91846639	93477645	2	1	1	2
5	93477646	93481667	2	1	1	2
5	93481668	130347430	2	1	1	2
5	130347431	130351810	2	1	1	2
5	130351811	131232391	2	1	1	2
5	131232392	131239639	2	1	1	2
5	131239640	180689978	2	1	1	2
6	39681	201975	2	1	1	1
6	201976	47671787	2	1	1	2
6	47671788	58042307	2	1	1	2
6	58042308	58699999	2	1	1	2
6	58700000	63299999	2	1	1	2
6	63300000	170905977	2	1	1	2
7	40386	19429426	2	1	1	2
7	19429427	19434509	2	1	1	2
7	19434510	57974352	2	1	1	2
7	57974353	62463048	2	1	1	2
7	62463049	68174984	2	1	1	2
7	68174985	71981993	1	1	0	2
7	71981994	75588107	2	1	1	2
7	75588108	75634954	1	1	0	2
7	75634955	75658232	2	1	1	2
7	75658233	75658549	2	1	1	2
7	75658550	93442047	2	1	1	2
7	93442048	93444371	2	1	1	2
7	93444372	99130028	2	1	1	2
7	99130029	126380027	2	1	1	2
7	126380028	158860629	2	1	1	2
8	10001	165404	2	1	1	2
8	165405	43099999	2	1	1	2
8	43100000	48099999	2	1	1	2
8	48100000	115903921	2	1	1	2
8	115903922	115924804	2	1	1	2
8	115924805	146364021	2	1	1	2
9	47500	21980983	2	2	0	2
9	21980984	22018463	0	0	0	1
9	22018464	43468645	2	2	0	2
9	43468646	47299999	2	1	1	2
9	47300000	50699999	2	1	1	1
9	50700000	105918105	2	1	1	2
9	105918106	105921503	2	1	1	2
9	105921504	140273200	2	1	1	2
10	94426	37999999	2	1	1	2
10	38000000	42422628	2	1	1	2
10	42422629	42552800	2	1	1	1
10	42552801	81346320	2	1	1	2
10	81346321	81387410	2	1	1	2
10	81387411	93228207	2	1	1	2
10	93228208	93393046	3	2	1	2
10	93393047	98634503	2	1	1	2
10	98634504	98841157	2	1	1	2
10	98841158	135389304	2	1	1	2
11	20721	190009	2	1	1	2
11	190010	48680781	2	1	1	2
11	48680782	48914001	2	1	1	2
11	48914002	50329612	2	1	1	2
11	50329613	51265200	2	1	1	2
11	51265201	55699999	2	1	1	2
11	55700000	85242424	2	1	1	2
11	85242425	123825115	2	1	1	2
11	123825116	123828871	2	1	1	2
11	123828872	134452200	2	1	1	2
12	110107	197840	1	1	0	2
12	197841	9682801	1	1	0	2
12	9682802	11481106	1	1	0	2
12	11481107	11540596	3	2	1	1
12	11540597	26186847	1	1	0	2
12	26186848	33299999	2	1	1	2
12	33300000	38199999	2	1	1	2
12	38200000	38430428	2	1	1	1
12	38430429	91691573	2	1	1	2
12	91691574	91695798	2	1	1	1
12	91695799	106073038	2	1	1	2
12	106073039	106130102	3	2	1	2
12	106130103	132346884	2	1	1	2
12	132346885	133851894	2	1	1	2
13	1	16299999	NA	NA	NA	NA
13	16300000	19499999	2	1	1	2
13	19500000	114142800	2	1	1	2
13	114142801	115169877	2	1	1	2
14	1	16099999	NA	NA	NA	NA
14	16100000	19099999	2	1	1	2
14	19100000	22439852	2	1	1	2
14	22439853	22441011	2	1	1	2
14	22441012	22442915	2	1	1	2
14	22442916	22444879	2	1	1	2
14	22444880	40604259	2	1	1	2
14	40604260	106368400	2	1	1	2
15	1	15799999	NA	NA	NA	NA
15	15800000	20699999	2	1	1	2
15	20700000	54233733	2	1	1	2
15	54233734	54237413	2	1	1	2
15	54237414	71987667	2	1	1	2
15	71987668	100338800	2	1	1	2
15	100338801	102531391	2	1	1	2
16	100010	1716010	2	2	0	2
16	1716011	10660661	2	1	1	2
16	10660662	10797510	3	2	1	2
16	10797511	32546200	2	1	1	2
16	32546201	34599999	2	1	1	2
16	34600000	38599999	2	1	1	2
16	38600000	88827200	2	1	1	2
16	88827201	90354752	2	1	1	2
17	12500	5469687	2	1	1	2
17	5469688	5473733	2	1	1	2
17	5473734	22199999	2	1	1	2
17	22200000	25799999	2	1	1	2
17	25800000	78788122	2	1	1	2
17	78788123	81195209	2	1	1	2
18	10001	131138	2	1	1	2
18	131139	15399999	2	1	1	2
18	15400000	18999999	2	1	1	2
18	19000000	76117000	2	1	1	2
18	76117001	78077247	2	1	1	2
19	102500	278761	2	1	1	2
19	278762	24383576	2	1	1	2
19	24383577	28599999	2	1	1	2
19	28600000	59128982	2	1	1	2
20	24347	25599999	2	1	1	2
20	25600000	29399999	2	1	1	2
20	29400000	62432500	2	1	1	2
21	1	9417499	NA	NA	NA	NA
21	9417500	10899999	NA	NA	NA	NA
21	10900000	14299999	2	1	1	2
21	14300000	15322488	2	1	1	2
21	15322489	46937500	2	1	1	2
21	46937501	48129894	2	1	1	2
22	1	12199999	NA	NA	NA	NA
22	12200000	17899999	2	1	1	2
22	17900000	40586076	2	1	1	2
22	40586077	40772293	1	1	0	2
22	40772294	49687500	2	1	1	2
22	49687501	51304565	2	1	1	2
X	1	58046261	1	1	0	2
X	58046262	58055475	1	1	0	2
X	58055476	62999999	1	1	0	2
X	63000000	72993520	1	1	0	2
X	72993521	73008368	1	1	0	2
X	73008369	84873697	1	1	0	2
X	84873698	84877038	1	1	0	2
X	84877039	97773622	1	1	0	2
X	97773623	115843850	1	1	0	2
X	115843851	115849826	1	1	0	2
X	115849827	116206686	1	1	0	2
X	116206687	116216030	1	1	0	2
X	116216031	125987698	1	1	0	2
X	125987699	125993871	1	1	0	2
X	125993872	155270559	1	1	0	2
Y	1	11599999	NA	NA	NA	NA
Y	11600000	13399999	NA	NA	NA	NA
Y	13400000	59373565	NA	NA	NA	NA
