chromosome	start	end	total_cn	major_cn	minor_cn	star
1	10001	791191	2	1	1	2
1	791192	77110297	2	1	1	3
1	77110298	77140909	2	1	1	2
1	77140910	81376158	2	1	1	3
1	81376159	81468736	3	2	1	3
1	81468737	121499999	2	1	1	3
1	121500000	128899999	2	1	1	2
1	128900000	142539601	2	1	1	2
1	142539602	144926875	2	1	1	2
1	144926876	175443591	3	2	1	2
1	175443592	175477063	4	3	1	2
1	175477064	190919601	3	2	1	2
1	190919602	190949536	3	2	1	2
1	190949537	247247500	3	2	1	2
1	247247501	249250620	3	2	1	2
2	20016	43139197	2	1	1	3
2	43139198	43387248	3	2	1	2
2	43387249	47709343	2	1	1	3
2	47709344	47785513	2	1	1	2
2	47785514	90499999	2	1	1	3
2	90500000	96799999	2	1	1	3
2	96800000	131708394	2	1	1	3
2	131708395	131741097	3	2	1	1
2	131741098	195414156	2	1	1	2
2	195414157	195454814	3	2	1	2
2	195454815	219882678	2	1	1	2
2	219882679	219897428	2	1	1	2
2	219897429	242999968	2	1	1	2
3	62309	87899999	2	1	1	3
3	87900000	93899999	2	1	1	3
3	93900000	160983702	2	1	1	3
3	160983703	174772948	4	3	1	2
3	174772949	175030691	3	2	1	3
3	175030692	197820088	4	3	1	2
4	24287	4561510	1	1	0	3
4	4561511	4927491	2	1	1	3
4	4927492	6677558	1	1	0	3
4	6677559	7271033	2	1	1	3
4	7271034	7780937	1	1	0	3
4	7780938	8972198	2	1	1	2
4	8972199	9125464	2	1	1	2
4	9125465	13566813	1	1	0	3
4	13566814	17969276	2	1	1	3
4	17969277	18296298	1	1	0	3
4	18296299	20733373	2	1	1	3
4	20733374	20733391	2	1	1	2
4	20733392	20733559	1	1	0	2
4	20733560	21155543	1	1	0	3
4	21155544	21210064	2	1	1	3
4	21210065	21663583	1	1	0	2
4	21663584	21816688	2	1	1	3
4	21816689	21816720	2	1	1	2
4	21816721	21817725	1	1	0	2
4	21817726	22390134	1	1	0	3
4	22390135	22636068	2	1	1	3
4	22636069	22636096	2	1	1	2
4	22636097	22636685	2	1	1	2
4	22636686	24526944	1	1	0	3
4	24526945	27117423	2	1	1	3
4	27117424	27508857	1	1	0	3
4	27508858	27524777	2	2	0	1
4	27524778	28774530	1	1	0	3
4	28774531	28931176	2	1	1	2
4	28931177	48199999	1	1	0	3
4	48200000	52699999	1	1	0	3
4	52700000	73666781	1	1	0	3
4	73666782	73702491	1	1	0	3
4	73702492	91657022	1	1	0	3
4	91657023	91889538	0	0	0	2
4	91889539	132289298	1	1	0	3
4	132289299	133066592	2	1	1	2
4	133066593	133131661	1	1	0	3
4	133131662	133146259	2	1	1	3
4	133146260	162411457	1	1	0	3
4	162411458	162414007	1	1	0	1
4	162414008	163068269	2	1	1	3
4	163068270	163272793	1	1	0	2
4	163272794	163622903	2	1	1	3
4	163622904	163902282	1	1	0	3
4	163902283	182516499	2	1	1	3
4	182516500	183003965	1	1	0	3
4	183003966	189276077	2	1	1	3
4	189276078	189296078	2	1	1	2
4	189296079	190801700	2	1	1	2
5	22500	46099999	2	1	1	3
5	46100000	50699999	2	1	1	3
5	50700000	114352486	2	1	1	3
5	114352487	114727195	1	1	0	3
5	114727196	171273331	2	1	1	3
5	171273332	171892594	1	1	0	3
5	171892595	180711553	2	1	1	3
6	39681	180247	1	1	0	2
6	180248	382966	2	1	1	2
6	382967	2570062	2	1	1	2
6	2570063	33476411	2	1	1	3
6	33476412	33515899	3	2	1	1
6	33515900	58699999	2	1	1	3
6	58700000	63299999	2	1	1	3
6	63300000	71312327	2	1	1	3
6	71312328	71314208	2	1	1	2
6	71314209	71318769	2	1	1	2
6	71318770	170915881	1	1	0	3
7	40386	57999999	1	1	0	2
7	58000000	62653693	NA	NA	NA	NA
7	62653694	62658102	2	1	1	2
7	62658103	98399785	2	1	1	3
7	98399786	98746292	3	2	1	3
7	98746293	121541502	2	1	1	3
7	121541503	121600995	3	2	1	2
7	121600996	158817500	2	1	1	3
8	10001	165489	2	1	1	2
8	165490	4279726	2	1	1	3
8	4279727	4445924	3	2	1	3
8	4445925	43099999	2	1	1	3
8	43100000	48099999	2	1	1	2
8	48100000	146364021	2	1	1	2
9	47500	153760	2	1	1	2
9	153761	44396213	2	1	1	3
9	44396214	47299999	2	1	1	2
9	47300000	50699999	2	1	1	2
9	50700000	66486485	2	1	1	2
9	66486486	66862351	1	1	0	2
9	66862352	68832303	1	1	0	2
9	68832304	140273200	1	1	0	3
9	140273201	141036469	1	1	0	3
10	95096	37999999	2	1	1	3
10	38000000	42407499	2	1	1	3
10	42407500	135389924	2	1	1	3
11	20721	199491	1	1	0	3
11	199492	44797679	1	1	0	3
11	44797680	51599999	2	1	1	3
11	51600000	55699999	2	1	1	3
11	55700000	81802621	2	1	1	3
11	81802622	81803164	2	1	1	3
11	81803165	82306292	2	1	1	3
11	82306293	82355090	1	1	0	2
11	82355091	82902567	2	1	1	3
11	82902568	100408093	1	1	0	3
11	100408094	100435255	1	1	0	2
11	100435256	108590393	1	1	0	3
11	108590394	108657341	2	2	0	1
11	108657342	114932703	1	1	0	3
11	114932704	125175255	2	1	1	3
11	125175256	125189611	1	1	0	2
11	125189612	125198606	2	1	1	2
11	125198607	125199692	2	1	1	2
11	125199693	125218487	2	1	1	2
11	125218488	125220350	2	1	1	2
11	125220351	125253711	2	1	1	2
11	125253712	125254661	1	1	0	1
11	125254662	125468260	2	1	1	3
11	125468261	134452200	1	1	0	3
12	110107	1071449	2	2	0	2
12	1071450	4470990	1	1	0	3
12	4470991	4486104	1	1	0	1
12	4486105	4487498	2	1	1	2
12	4487499	4520276	2	1	1	2
12	4520277	4527844	2	1	1	1
12	4527845	4535449	2	1	1	2
12	4535450	8942267	1	1	0	3
12	8942268	8979800	2	1	1	1
12	8979801	11982368	1	1	0	3
12	11982369	12253122	1	1	0	2
12	12253123	30078082	1	1	0	3
12	30078083	30102952	2	1	1	3
12	30102953	30147400	2	1	1	3
12	30147401	30166121	2	1	1	2
12	30166122	30167424	0	0	0	1
12	30167425	30431919	2	1	1	3
12	30431920	30439945	1	1	0	2
12	30439946	30486681	1	1	0	1
12	30486682	31124272	1	1	0	3
12	31124273	31124402	1	1	0	3
12	31124403	31145822	1	1	0	2
12	31145823	31154932	3	2	1	2
12	31154933	31157151	3	2	1	1
12	31157152	31157944	4	3	1	2
12	31157945	31497956	5	4	1	2
12	31497957	31999903	4	3	1	2
12	31999904	32001486	4	3	1	2
12	32001487	32002016	3	3	0	1
12	32002017	32040969	6	5	1	2
12	32040970	32140917	4	3	1	2
12	32140918	32145307	4	3	1	2
12	32145308	32187147	6	5	1	2
12	32187148	32187560	4	3	1	2
12	32187561	32223458	6	5	1	2
12	32223459	32224905	6	5	1	1
12	32224906	32225984	8	7	1	1
12	32225985	32230336	5	4	1	1
12	32230337	33299999	2	1	1	2
12	33300000	38199999	2	1	1	2
12	38200000	54528295	2	1	1	2
12	54528296	54529354	2	1	1	2
12	54529355	54535025	2	1	1	2
12	54535026	54544225	1	1	0	2
12	54544226	54553531	1	1	0	2
12	54553532	54708872	1	1	0	3
12	54708873	68930813	2	1	1	2
12	68930814	69970154	3	2	1	2
12	69970155	70125492	2	1	1	2
12	70125493	70134324	3	2	1	2
12	70134325	70134347	3	2	1	2
12	70134348	70135484	3	2	1	2
12	70135485	70144372	2	1	1	2
12	70144373	83564360	3	2	1	2
12	83564361	83624269	4	2	2	2
12	83624270	97168963	3	2	1	2
12	97168964	97220014	3	2	1	2
12	97220015	100060661	3	2	1	2
12	100060662	100324904	2	1	1	2
12	100324905	132055632	3	2	1	2
12	132055633	132153360	5	4	1	2
12	132153361	132155555	1	1	0	2
12	132155556	132349400	1	1	0	2
12	132349401	133851894	1	1	0	2
13	1	16299999	2	1	1	1
13	16300000	19499999	2	1	1	2
13	19500000	108107169	2	1	1	2
13	108107170	108108263	2	1	1	2
13	108108264	108462146	2	1	1	2
13	108462147	108691452	4	3	1	2
13	108691453	108699876	3	2	1	2
13	108699877	108701785	2	1	1	2
13	108701786	108702747	3	2	1	1
13	108702748	108711988	2	1	1	2
13	108711989	108934875	4	3	1	2
13	108934876	114142800	3	2	1	2
13	114142801	115169877	3	2	1	2
14	1	16099999	2	1	1	1
14	16100000	19099999	2	1	1	1
14	19100000	19457499	2	1	1	2
14	19457500	20440060	2	1	1	2
14	20440061	77286247	2	1	1	3
14	77286248	77289094	3	2	1	2
14	77289095	77289413	3	2	1	2
14	77289414	77289457	3	2	1	1
14	77289458	77428776	4	3	1	2
14	77428777	77777157	3	2	1	2
14	77777158	106368400	2	1	1	3
15	1	15799999	2	1	1	1
15	15800000	20699999	2	1	1	2
15	20700000	100338800	2	1	1	3
15	100338801	102397824	2	1	1	3
16	91199	3790544	1	1	0	3
16	3790545	4305822	2	2	0	3
16	4305823	32387499	1	1	0	3
16	32387500	34599999	1	1	0	2
16	34600000	38599999	1	1	0	3
16	38600000	46447499	1	1	0	2
16	46447500	69256551	1	1	0	2
16	69256552	88827200	2	2	0	2
16	88827201	90146043	2	2	0	2
17	1389	22199999	1	1	0	2
17	22200000	25799999	1	1	0	2
17	25800000	78774600	1	1	0	2
17	78774601	81195209	1	1	0	3
18	27500	15399999	1	1	0	2
18	15400000	18999999	1	1	0	2
18	19000000	76117000	1	1	0	2
18	76117001	78077247	1	1	0	3
19	102500	255095	1	1	0	2
19	255096	6449066	1	1	0	2
19	6449067	6451120	2	1	1	1
19	6451121	6614723	3	2	1	3
19	6614724	6618173	3	2	1	2
19	6618174	6622207	2	1	1	1
19	6622208	24399999	2	1	1	3
19	24400000	28599999	2	1	1	2
19	28600000	44978297	2	1	1	3
19	44978298	59128982	2	1	1	2
20	24347	25599999	2	1	1	2
20	25600000	29399999	2	1	1	2
20	29400000	52061396	2	1	1	2
20	52061397	52547054	2	1	1	2
20	52547055	61072388	2	1	1	2
20	61072389	61157332	2	1	1	2
20	61157333	62432500	2	1	1	2
21	1	9417499	NA	NA	NA	NA
21	9417500	10899999	NA	NA	NA	NA
21	10900000	14299999	1	1	0	1
21	14300000	46937500	2	1	1	3
21	46937501	48129894	2	1	1	2
22	1	12199999	1	1	0	2
22	12200000	17899999	1	1	0	2
22	17900000	49687500	1	1	0	2
22	49687501	51304565	1	1	0	3
X	1	58099999	1	1	0	3
X	58100000	62999999	1	1	0	2
X	63000000	155270559	1	1	0	3
