chromosome	start	end	total_cn	major_cn	minor_cn	star
1	1	232499	2	2	0	2
1	232500	17087499	2	2	0	3
1	17087500	17233682	2	2	0	3
1	17233683	121499999	2	2	0	3
1	121500000	128899999	2	2	0	2
1	128900000	143512499	2	2	0	2
1	143512500	149042742	2	1	1	3
1	149042743	247247500	2	1	1	3
1	247247501	249250620	2	1	1	2
2	55171	89159489	2	1	1	3
2	89159490	89202343	2	1	1	1
2	89202344	89544202	2	1	1	1
2	89544203	96799999	2	1	1	3
2	96800000	201731280	2	1	1	3
2	201731281	202246126	1	1	0	3
2	202246127	242985493	2	1	1	3
3	100074	10293356	2	1	1	3
3	10293357	10293432	2	1	1	1
3	10293433	10294118	1	1	0	2
3	10294119	11180498	1	1	0	3
3	11180499	11834425	2	1	1	3
3	11834426	11835943	2	1	1	2
3	11835944	11836117	2	1	1	2
3	11836118	11842604	2	1	1	2
3	11842605	12632831	1	1	0	3
3	12632832	87899999	2	1	1	3
3	87900000	93899999	2	1	1	3
3	93900000	115787293	2	1	1	3
3	115787294	115787341	2	1	1	3
3	115787342	115792396	2	1	1	2
3	115792397	118705635	1	1	0	3
3	118705636	187661048	2	1	1	3
3	187661049	197847500	2	1	1	3
4	47884	48199999	2	1	1	3
4	48200000	52699999	2	1	1	3
4	52700000	191154275	2	1	1	3
5	22500	46099999	2	1	1	3
5	46100000	50699999	2	1	1	3
5	50700000	180712500	2	1	1	3
6	39681	227204	1	1	0	1
6	227205	382001	4	3	1	1
6	382002	22217378	5	4	1	2
6	22217379	29862500	3	2	1	3
6	29862501	29910010	3	2	1	2
6	29910011	58699999	3	2	1	3
6	58700000	63299999	3	2	1	3
6	63300000	75868186	3	2	1	3
6	75868187	93909605	1	1	0	3
6	93909606	93913011	1	1	0	3
6	93913012	170897500	1	1	0	3
7	40386	57999999	2	1	1	3
7	58000000	61699999	2	1	1	3
7	61700000	158817500	2	1	1	3
8	1	172499	2	1	1	2
8	172500	15501201	2	1	1	3
8	15501202	15501216	2	1	1	3
8	15501217	15560254	2	1	1	3
8	15560255	15632805	1	1	0	3
8	15632806	15653744	2	1	1	2
8	15653745	15654063	1	1	0	2
8	15654064	15738201	1	1	0	2
8	15738202	15761838	2	1	1	2
8	15761839	15922749	1	1	0	3
8	15922750	15984334	1	1	0	2
8	15984335	16547494	1	1	0	3
8	16547495	16597865	1	1	0	3
8	16597866	16625451	2	1	1	3
8	16625452	43099999	2	1	1	3
8	43100000	48099999	2	1	1	3
8	48100000	50397894	2	1	1	3
8	50397895	50432829	1	1	0	2
8	50432830	50458704	2	1	1	2
8	50458705	50458737	2	1	1	2
8	50458738	50460048	2	1	1	2
8	50460049	50460098	2	1	1	2
8	50460099	89350236	2	1	1	3
8	89350237	89353998	2	1	1	3
8	89353999	89354273	2	1	1	2
8	89354274	89356378	2	1	1	2
8	89356379	89394623	2	1	1	3
8	89394624	89441379	2	1	1	2
8	89441380	89454060	2	1	1	2
8	89454061	89454075	2	1	1	2
8	89454076	89465723	2	1	1	2
8	89465724	89465752	2	1	1	2
8	89465753	89501951	2	1	1	2
8	89501952	89501972	2	1	1	2
8	89501973	146364021	2	1	1	3
9	47500	200100	2	1	1	2
9	200101	19438789	2	1	1	3
9	19438790	19995052	1	1	0	3
9	19995053	19999201	2	1	1	2
9	19999202	19999254	2	1	1	1
9	19999255	21060395	2	1	1	3
9	21060396	21060410	2	1	1	2
9	21060411	21063332	1	1	0	2
9	21063333	24181992	1	1	0	3
9	24181993	24631815	2	1	1	2
9	24631816	25132189	1	1	0	3
9	25132190	25141692	2	1	1	2
9	25141693	25144804	2	1	1	2
9	25144805	26352315	2	1	1	3
9	26352316	26352808	2	1	1	2
9	26352809	26354460	1	1	0	2
9	26354461	26784574	1	1	0	3
9	26784575	26786057	2	1	1	2
9	26786058	26786083	2	1	1	2
9	26786084	34975570	2	1	1	3
9	34975571	34975606	2	1	1	2
9	34975607	34976810	2	1	1	2
9	34976811	34976833	1	1	0	2
9	34976834	34977388	1	1	0	2
9	34977389	35403361	1	1	0	3
9	35403362	35405026	1	1	0	2
9	35405027	35405072	2	1	1	1
9	35405073	35405964	2	1	1	2
9	35405965	35406021	2	1	1	2
9	35406022	47299999	2	1	1	3
9	47300000	50699999	2	1	1	2
9	50700000	140267500	2	1	1	3
10	95096	28371264	2	1	1	3
10	28371265	28709088	1	1	0	3
10	28709089	28709671	1	1	0	2
10	28709672	28925555	1	1	0	2
10	28925556	28944507	2	1	1	1
10	28944508	28944538	2	1	1	1
10	28944539	28967916	2	1	1	2
10	28967917	28996882	1	1	0	2
10	28996883	29009842	2	1	1	2
10	29009843	29668999	1	1	0	3
10	29669000	29688659	2	1	1	3
10	29688660	29772405	2	1	1	3
10	29772406	29777683	2	1	1	2
10	29777684	29777731	2	1	1	2
10	29777732	29779992	2	1	1	2
10	29779993	29780010	2	1	1	2
10	29780011	29814027	2	1	1	2
10	29814028	29859653	2	1	1	3
10	29859654	29859666	2	1	1	3
10	29859667	32190365	2	1	1	3
10	32190366	32190806	2	1	1	2
10	32190807	32194417	2	1	1	1
10	32194418	32298167	1	1	0	3
10	32298168	32305652	1	1	0	1
10	32305653	32305665	1	1	0	2
10	32305666	32315163	1	1	0	2
10	32315164	32332888	1	1	0	2
10	32332889	32335812	1	1	0	1
10	32335813	32356631	1	1	0	3
10	32356632	32380914	2	1	1	2
10	32380915	32380943	2	1	1	2
10	32380944	32408300	2	1	1	3
10	32408301	32408328	2	1	1	3
10	32408329	32427544	2	1	1	3
10	32427545	32427558	2	1	1	2
10	32427559	32609941	2	1	1	3
10	32609942	32629369	1	1	0	3
10	32629370	32639473	1	1	0	2
10	32639474	32639498	1	1	0	2
10	32639499	32639696	1	1	0	2
10	32639697	34991819	1	1	0	3
10	34991820	37999999	2	1	1	3
10	38000000	42836598	2	1	1	3
10	42836599	42855158	2	1	1	3
10	42855159	43167827	1	1	0	2
10	43167828	43169345	1	1	0	2
10	43169346	43201042	1	1	0	2
10	43201043	43227588	2	1	1	2
10	43227589	43227607	2	1	1	2
10	43227608	43257736	2	1	1	2
10	43257737	43259399	2	1	1	2
10	43259400	43532189	2	1	1	3
10	43532190	43532202	2	1	1	3
10	43532203	50644248	2	1	1	3
10	50644249	50644265	2	1	1	3
10	50644266	50665295	2	1	1	2
10	50665296	50794785	1	1	0	3
10	50794786	50800469	2	1	1	1
10	50800470	50800483	2	1	1	2
10	50800484	50829510	2	1	1	3
10	50829511	50829556	2	1	1	2
10	50829557	54436685	2	1	1	3
10	54436686	54436700	2	1	1	2
10	54436701	54453679	1	1	0	2
10	54453680	54926754	1	1	0	3
10	54926755	54931346	1	1	0	2
10	54931347	55838897	1	1	0	3
10	55838898	55851391	2	1	1	2
10	55851392	55890747	1	1	0	3
10	55890748	55891559	1	1	0	2
10	55891560	56452443	1	1	0	2
10	56452444	56457531	1	1	0	2
10	56457532	56457561	1	1	0	2
10	56457562	56920444	1	1	0	3
10	56920445	56930556	2	1	1	3
10	56930557	56930595	2	1	1	2
10	56930596	56932487	2	1	1	2
10	56932488	56935588	2	1	1	1
10	56935589	57212279	2	1	1	3
10	57212280	57212293	2	1	1	3
10	57212294	57233952	2	1	1	2
10	57233953	57233977	2	1	1	2
10	57233978	57284541	2	1	1	2
10	57284542	57744291	1	1	0	2
10	57744292	57757679	1	1	0	1
10	57757680	57902276	1	1	0	3
10	57902277	57902568	1	1	0	3
10	57902569	58026967	1	1	0	3
10	58026968	58075694	1	1	0	2
10	58075695	58130850	1	1	0	2
10	58130851	58189867	2	1	1	2
10	58189868	58189889	1	1	0	2
10	58189890	58196779	1	1	0	2
10	58196780	58203388	1	1	0	2
10	58203389	58208980	1	1	0	2
10	58208981	58345914	1	1	0	2
10	58345915	58403910	2	1	1	2
10	58403911	58403939	1	1	0	1
10	58403940	58465321	1	1	0	1
10	58465322	58465344	1	1	0	1
10	58465345	58468460	1	1	0	1
10	58468461	58468471	1	1	0	1
10	58468472	58490129	1	1	0	1
10	58490130	59244420	1	1	0	2
10	59244421	59260004	2	1	1	2
10	59260005	59265910	2	1	1	2
10	59265911	59275927	2	1	1	2
10	59275928	59276156	2	1	1	2
10	59276157	59563307	2	1	1	2
10	59563308	59563361	2	1	1	2
10	59563362	59571410	2	1	1	2
10	59571411	59571434	2	1	1	2
10	59571435	59575122	2	1	1	2
10	59575123	60957871	1	1	0	3
10	60957872	61103830	2	1	1	2
10	61103831	61103851	2	1	1	2
10	61103852	61246381	2	1	1	2
10	61246382	61246422	2	1	1	2
10	61246423	61288506	2	1	1	2
10	61288507	61288523	2	1	1	2
10	61288524	61335563	2	1	1	2
10	61335564	61335584	2	1	1	2
10	61335585	61361299	2	1	1	2
10	61361300	61361327	2	1	1	2
10	61361328	61378320	2	1	1	2
10	61378321	61428319	2	1	1	2
10	61428320	61484235	1	1	0	3
10	61484236	61887289	2	1	1	3
10	61887290	61887305	2	1	1	3
10	61887306	61912793	2	1	1	2
10	61912794	61915520	2	1	1	2
10	61915521	61962792	1	1	0	2
10	61962793	61998282	2	1	1	2
10	61998283	61998316	2	1	1	2
10	61998317	62060858	2	1	1	3
10	62060859	62071698	1	1	0	2
10	62071699	62128173	2	1	1	3
10	62128174	62128220	2	1	1	3
10	62128221	62153504	2	1	1	2
10	62153505	62189947	1	1	0	2
10	62189948	62242292	2	1	1	3
10	62242293	62513776	1	1	0	3
10	62513777	62515977	1	1	0	3
10	62515978	62534101	2	1	1	1
10	62534102	62557723	2	1	1	3
10	62557724	62557776	2	1	1	3
10	62557777	62563271	2	1	1	2
10	62563272	62563296	2	1	1	2
10	62563297	62836994	2	1	1	3
10	62836995	62837006	2	1	1	2
10	62837007	62858082	1	1	0	1
10	62858083	62901328	1	1	0	3
10	62901329	62978566	2	1	1	3
10	62978567	62978596	2	1	1	2
10	62978597	62980596	1	1	0	2
10	62980597	62980647	1	1	0	2
10	62980648	63289810	1	1	0	3
10	63289811	63296966	2	1	1	2
10	63296967	63517600	2	1	1	3
10	63517601	63517645	2	1	1	2
10	63517646	63555254	2	1	1	2
10	63555255	63582803	1	1	0	3
10	63582804	63622813	2	1	1	2
10	63622814	63635960	1	1	0	2
10	63635961	63651952	2	1	1	2
10	63651953	63659202	2	1	1	2
10	63659203	63690130	1	1	0	2
10	63690131	63760077	2	1	1	3
10	63760078	63791438	2	1	1	3
10	63791439	63791481	2	1	1	2
10	63791482	63853262	2	1	1	3
10	63853263	63853289	2	1	1	2
10	63853290	63862264	2	1	1	2
10	63862265	63872206	1	1	0	2
10	63872207	63893403	2	1	1	2
10	63893404	64158140	1	1	0	3
10	64158141	64186327	2	1	1	2
10	64186328	64186365	2	1	1	2
10	64186366	81073508	2	1	1	3
10	81073509	81460266	1	1	0	3
10	81460267	81744610	1	1	0	3
10	81744611	84458956	2	1	1	3
10	84458957	84495985	2	1	1	3
10	84495986	84676441	1	1	0	3
10	84676442	85688797	2	1	1	3
10	85688798	85688815	2	1	1	3
10	85688816	87252092	2	1	1	3
10	87252093	87252106	2	1	1	3
10	87252107	87256802	2	1	1	2
10	87256803	87285759	1	1	0	3
10	87285760	87309137	2	1	1	3
10	87309138	89660059	2	1	1	3
10	89660060	90252295	1	1	0	3
10	90252296	90410247	2	1	1	3
10	90410248	90410281	2	1	1	3
10	90410282	90426492	2	1	1	2
10	90426493	90713157	1	1	0	3
10	90713158	91325195	0	0	0	2
10	91325196	91643946	1	1	0	3
10	91643947	91647427	1	1	0	2
10	91647428	91647444	2	1	1	1
10	91647445	91673719	2	1	1	3
10	91673720	91675170	2	1	1	2
10	91675171	91686408	2	1	1	2
10	91686409	91686450	2	1	1	2
10	91686451	91708963	2	1	1	2
10	91708964	91743883	2	1	1	2
10	91743884	91755447	1	1	0	2
10	91755448	91804776	2	1	1	2
10	91804777	91886289	1	1	0	2
10	91886290	91918976	2	1	1	2
10	91918977	91919738	2	1	1	1
10	91919739	91928948	2	1	1	2
10	91928949	91932609	2	1	1	2
10	91932610	91954948	2	1	1	2
10	91954949	93151558	1	1	0	3
10	93151559	93318426	2	1	1	3
10	93318427	93633238	1	1	0	3
10	93633239	93634561	1	1	0	3
10	93634562	93635521	1	1	0	2
10	93635522	93725458	1	1	0	3
10	93725459	93733317	1	1	0	1
10	93733318	110605043	1	1	0	3
10	110605044	120369344	2	1	1	3
10	120369345	120391803	2	1	1	3
10	120391804	120436544	2	1	1	2
10	120436545	120436592	2	1	1	2
10	120436593	120466200	1	1	0	3
10	120466201	120485959	2	1	1	3
10	120485960	120486180	2	1	1	1
10	120486181	120526996	2	1	1	2
10	120526997	120527014	2	1	1	2
10	120527015	120555730	2	1	1	3
10	120555731	120555765	2	1	1	2
10	120555766	120898505	2	1	1	2
10	120898506	121327778	1	1	0	3
10	121327779	121331881	2	1	1	2
10	121331882	121331905	2	1	1	2
10	121331906	121332371	2	1	1	2
10	121332372	121332488	2	1	1	2
10	121332489	121357561	2	1	1	3
10	121357562	121369950	2	1	1	2
10	121369951	123853719	2	1	1	3
10	123853720	124089711	1	1	0	3
10	124089712	127410411	2	1	1	2
10	127410412	127447870	1	1	0	3
10	127447871	127458892	2	1	1	2
10	127458893	127458933	2	1	1	2
10	127458934	127467016	2	1	1	2
10	127467017	127614038	2	1	1	3
10	127614039	127614049	2	1	1	2
10	127614050	135208463	2	1	1	3
10	135208464	135389924	2	1	1	2
11	20721	196943	2	1	1	2
11	196944	25917894	2	1	1	3
11	25917895	25918562	1	1	0	2
11	25918563	26335116	1	1	0	3
11	26335117	26426719	2	1	1	2
11	26426720	26429334	2	1	1	2
11	26429335	26508689	2	1	1	2
11	26508690	26508713	2	1	1	2
11	26508714	27121477	2	1	1	3
11	27121478	27140547	2	1	1	2
11	27140548	27174586	1	1	0	2
11	27174587	28002024	2	1	1	3
11	28002025	28479281	1	1	0	3
11	28479282	28593514	2	1	1	3
11	28593515	28991684	1	1	0	3
11	28991685	28991962	2	1	1	1
11	28991963	28991983	2	1	1	2
11	28991984	29282748	2	1	1	2
11	29282749	29282771	2	1	1	2
11	29282772	29288744	1	1	0	2
11	29288745	29485188	1	1	0	3
11	29485189	30317381	2	1	1	3
11	30317382	30691956	1	1	0	3
11	30691957	30692975	1	1	0	3
11	30692976	30695149	1	1	0	2
11	30695150	30695936	1	1	0	2
11	30695937	31903471	1	1	0	3
11	31903472	31905761	1	1	0	2
11	31905762	32341753	1	1	0	3
11	32341754	32425713	2	1	1	3
11	32425714	32425736	2	1	1	2
11	32425737	32447791	2	1	1	3
11	32447792	32552123	1	1	0	2
11	32552124	32561373	2	1	1	2
11	32561374	32561408	2	1	1	2
11	32561409	34714821	2	1	1	3
11	34714822	36675676	1	1	0	3
11	36675677	36678492	1	1	0	2
11	36678493	36678507	2	1	1	2
11	36678508	36701827	2	1	1	2
11	36701828	38843173	2	1	1	2
11	38843174	38846830	2	1	1	2
11	38846831	38847957	1	1	0	1
11	38847958	38861592	2	1	1	2
11	38861593	38939467	1	1	0	3
11	38939468	39024750	1	1	0	3
11	39024751	42284427	2	1	1	2
11	42284428	42779879	2	1	1	3
11	42779880	43196372	1	1	0	3
11	43196373	43221800	2	1	1	3
11	43221801	43223020	2	1	1	2
11	43223021	43251846	2	1	1	3
11	43251847	43251877	2	1	1	2
11	43251878	51599999	2	1	1	3
11	51600000	55699999	2	1	1	2
11	55700000	80829473	2	1	1	3
11	80829474	81199253	1	1	0	3
11	81199254	102573963	2	1	1	3
11	102573964	102574404	2	1	1	2
11	102574405	102812525	2	1	1	3
11	102812526	102812542	2	1	1	3
11	102812543	102840042	2	1	1	2
11	102840043	102840060	2	1	1	2
11	102840061	102847836	1	1	0	1
11	102847837	103057984	1	1	0	3
11	103057985	103059469	1	1	0	2
11	103059470	103061062	1	1	0	2
11	103061063	103061831	1	1	0	2
11	103061832	103810893	1	1	0	3
11	103810894	103810917	1	1	0	3
11	103810918	103811837	1	1	0	2
11	103811838	105848985	1	1	0	3
11	105848986	105864831	2	1	1	2
11	105864832	105864846	2	1	1	2
11	105864847	105908335	2	1	1	3
11	105908336	105908357	2	1	1	2
11	105908358	106909999	2	1	1	3
11	106910000	106910044	2	1	1	3
11	106910045	107012001	2	1	1	3
11	107012002	107012034	2	1	1	2
11	107012035	107012212	1	1	0	2
11	107012213	107212584	1	1	0	3
11	107212585	107212719	1	1	0	3
11	107212720	107768509	1	1	0	3
11	107768510	107823872	2	1	1	3
11	107823873	107823898	2	1	1	3
11	107823899	107910893	2	1	1	3
11	107910894	107968134	2	1	1	2
11	107968135	107968148	2	1	1	2
11	107968149	108013076	2	1	1	2
11	108013077	108013087	2	1	1	2
11	108013088	108039518	2	1	1	2
11	108039519	108118556	1	1	0	2
11	108118557	108336329	2	1	1	2
11	108336330	108336348	2	1	1	2
11	108336349	108444668	2	1	1	2
11	108444669	108554165	2	1	1	2
11	108554166	108683008	1	1	0	2
11	108683009	108714869	1	1	0	1
11	108714870	108745732	1	1	0	2
11	108745733	110739857	1	1	0	3
11	110739858	111124147	0	0	0	2
11	111124148	111379158	1	1	0	3
11	111379159	111399310	2	1	1	3
11	111399311	111705021	1	1	0	3
11	111705022	114706156	2	1	1	3
11	114706157	114706191	2	1	1	3
11	114706192	124912224	2	1	1	3
11	124912225	124912375	2	1	1	2
11	124912376	124921344	2	1	1	2
11	124921345	124922176	1	1	0	2
11	124922177	124924588	1	1	0	2
11	124924589	124925477	1	1	0	2
11	124925478	124989490	1	1	0	3
11	124989491	125036654	2	1	1	3
11	125036655	125036687	2	1	1	3
11	125036688	125064916	2	1	1	3
11	125064917	134452200	2	1	1	3
12	110107	214135	2	1	1	2
12	214136	33299999	2	1	1	3
12	33300000	38199999	2	1	1	3
12	38200000	132349400	2	1	1	3
12	132349401	133851894	2	1	1	3
13	1	16299999	1	1	0	1
13	16300000	19499999	1	1	0	2
13	19500000	114142800	1	1	0	2
13	114142801	115169877	1	1	0	2
14	1	16099999	2	1	1	1
14	16100000	19099999	2	1	1	1
14	19100000	106178391	2	1	1	3
14	106178392	106212593	2	1	1	2
14	106212594	106238588	2	1	1	2
14	106238589	106326752	1	1	0	1
14	106326753	106330506	1	1	0	1
14	106330507	106378117	0	0	0	1
15	1	15799999	2	1	1	1
15	15800000	20699999	2	1	1	2
15	20700000	40965405	2	1	1	3
15	40965406	59998852	1	1	0	3
15	59998853	100338800	2	1	1	3
15	100338801	102531391	2	1	1	3
16	83807	27507887	2	1	1	3
16	27507888	27549909	2	1	1	2
16	27549910	34599999	2	1	1	3
16	34600000	38599999	2	1	1	3
16	38600000	88827200	2	1	1	3
16	88827201	90354752	2	1	1	2
17	7	22199999	2	1	1	3
17	22200000	25799999	2	1	1	3
17	25800000	44212490	2	1	1	3
17	44212491	78774600	2	1	1	3
17	78774601	81195209	2	1	1	2
18	27500	15399999	2	1	1	3
18	15400000	18999999	2	1	1	3
18	19000000	60793478	2	1	1	3
18	60793479	60793497	2	1	1	3
18	60793498	76117000	2	1	1	3
18	76117001	78077247	2	1	1	3
19	102500	267212	2	1	1	2
19	267213	24399999	2	1	1	3
19	24400000	28599999	2	1	1	3
19	28600000	59128982	2	1	1	3
20	17500	25599999	2	1	1	3
20	25600000	29452500	2	1	1	3
20	29452501	62432500	2	1	1	3
21	1	10899999	NA	NA	NA	NA
21	10900000	14299999	2	1	1	2
21	14300000	46937500	2	1	1	3
21	46937501	48129894	2	1	1	2
22	1	12199999	2	1	1	1
22	12200000	17899999	2	1	1	3
22	17900000	22677344	2	1	1	3
22	22677345	23247312	1	1	0	2
22	23247313	49687500	2	1	1	3
22	49687501	51304565	2	1	1	2
X	1	58099999	1	1	0	3
X	58100000	62999999	1	1	0	3
X	63000000	155270559	1	1	0	3
Y	1	11599999	1	1	0	1
Y	11600000	13399999	1	1	0	1
Y	13400000	59373565	1	1	0	1
