chromosome	start	end	total_cn	major_cn	minor_cn	star
1	10001	790008	3	2	1	1
1	790009	12871898	2	1	1	3
1	12871899	13174185	2	1	1	3
1	13174186	121457801	2	1	1	2
1	121457802	128899999	2	1	1	2
1	128900000	247924136	2	1	1	2
1	247924137	248328874	1	1	0	2
2	20016	60112142	1	1	0	3
2	60112143	60115428	5	4	1	1
2	60115429	61258878	5	4	1	2
2	61258879	61262118	5	4	1	2
2	61262119	74140002	3	2	1	3
2	74140003	90499999	2	1	1	3
2	90500000	96799999	2	1	1	3
2	96800000	178581924	2	1	1	3
2	178581925	178753662	2	1	1	2
2	178753663	240125086	2	1	1	3
2	240125087	242985695	1	1	0	3
3	100074	6689188	2	1	1	3
3	6689189	6852771	1	1	0	3
3	6852772	76615413	2	1	1	3
3	76615414	76615446	2	1	1	2
3	76615447	77343577	1	1	0	3
3	77343578	87899999	2	1	1	3
3	87900000	93899999	2	1	1	3
3	93900000	97337509	2	1	1	3
3	97337510	97338645	1	1	0	2
3	97338646	97339621	1	1	0	2
3	97339622	98229609	1	1	0	3
3	98229610	98229673	1	1	0	2
3	98229674	100016080	2	1	1	3
3	100016081	100821172	1	1	0	3
3	100821173	100821514	1	1	0	3
3	100821515	105095489	1	1	0	3
3	105095490	105095798	1	1	0	3
3	105095799	106083423	1	1	0	3
3	106083424	107742278	2	1	1	3
3	107742279	107742672	2	1	1	1
3	107742673	107742834	1	1	0	2
3	107742835	107743172	1	1	0	2
3	107743173	107908136	1	1	0	3
3	107908137	107908831	1	1	0	3
3	107908832	107908853	1	1	0	2
3	107908854	107909063	1	1	0	2
3	107909064	107915333	1	1	0	3
3	107915334	107918700	1	1	0	2
3	107918701	107919215	1	1	0	2
3	107919216	107919229	1	1	0	2
3	107919230	107935199	1	1	0	3
3	107935200	107935526	1	1	0	2
3	107935527	134577651	1	1	0	3
3	134577652	135379796	2	1	1	3
3	135379797	149951905	1	1	0	3
3	149951906	149951957	1	1	0	2
3	149951958	150676935	2	1	1	3
3	150676936	151911179	1	1	0	3
3	151911180	152250551	2	1	1	3
3	152250552	155649854	1	1	0	3
3	155649855	155650187	1	1	0	2
3	155650188	155650231	1	1	0	1
3	155650232	161432368	2	1	1	3
3	161432369	161433671	1	1	0	2
3	161433672	161433692	1	1	0	2
3	161433693	162510025	1	1	0	3
3	162510026	162637760	2	2	0	1
3	162637761	162638076	2	2	0	1
3	162638077	162638413	2	2	0	1
3	162638414	176136719	2	1	1	3
3	176136720	176136748	2	1	1	2
3	176136749	176998161	1	1	0	3
3	176998162	177015072	1	1	0	2
3	177015073	177015745	1	1	0	2
3	177015746	177015975	1	1	0	2
3	177015976	177016741	1	1	0	2
3	177016742	177017092	1	1	0	2
3	177017093	177572937	1	1	0	3
3	177572938	177573160	1	1	0	2
3	177573161	177573174	2	1	1	2
3	177573175	197847500	2	1	1	3
4	31028	48199999	2	1	1	3
4	48200000	52699999	2	1	1	3
4	52700000	120964966	2	1	1	3
4	120964967	136264747	1	1	0	3
4	136264748	136276675	1	1	0	1
4	136276676	173417861	1	1	0	3
4	173417862	191154275	2	1	1	3
5	22500	20444525	2	1	1	3
5	20444526	20448102	2	1	1	2
5	20448103	46099999	2	1	1	3
5	46100000	50699999	2	1	1	3
5	50700000	180715810	2	1	1	3
6	39681	246872	1	1	0	3
6	246873	58699999	1	1	0	3
6	58700000	63299999	1	1	0	2
6	63300000	161777148	1	1	0	2
6	161777149	161803932	1	1	0	2
6	161803933	162221831	1	1	0	2
6	162221832	162710018	0	0	0	2
6	162710019	170917760	1	1	0	3
7	40386	57999999	2	1	1	3
7	58000000	61699999	2	1	1	3
7	61700000	158821400	2	1	1	3
8	10001	203207	1	1	0	2
8	203208	27743400	1	1	0	3
8	27743401	43099999	2	1	1	2
8	43100000	48099999	2	1	1	2
8	48100000	108633933	2	1	1	2
8	108633934	108942467	3	2	1	2
8	108942468	146364021	2	1	1	2
9	52702	204849	1	1	0	2
9	204850	13293198	1	1	0	2
9	13293199	13876532	0	0	0	2
9	13876533	21386865	1	1	0	2
9	21386866	24335883	0	0	0	2
9	24335884	30259215	1	1	0	2
9	30259216	30262965	2	1	1	2
9	30262966	35050536	3	2	1	2
9	35050537	35087516	3	2	1	2
9	35087517	35436684	5	4	1	2
9	35436685	35438390	5	4	1	2
9	35438391	35440618	10	9	1	1
9	35440619	35442167	10	9	1	1
9	35442168	35590901	10	9	1	2
9	35590902	35592891	12	11	1	1
9	35592892	35776364	12	11	1	2
9	35776365	35776777	12	11	1	2
9	35776778	35958737	12	11	1	2
9	35958738	35958790	12	11	1	2
9	35958791	36125390	7	6	1	2
9	36125391	36150741	12	11	1	2
9	36150742	47299999	2	1	1	2
9	47300000	50699999	2	1	1	2
9	50700000	140273200	2	1	1	2
9	140273201	141020483	2	1	1	3
10	95096	37999999	1	1	0	2
10	38000000	42299999	1	1	0	2
10	42300000	83766792	1	1	0	2
10	83766793	83880169	1	1	0	2
10	83880170	135400415	1	1	0	2
11	196944	51599999	2	1	1	3
11	51600000	55699999	2	1	1	3
11	55700000	134452200	2	1	1	3
12	110107	233574	2	1	1	3
12	233575	33299999	2	1	1	3
12	33300000	38199999	NA	NA	NA	NA
12	38200000	40294977	1	1	0	3
12	40294978	43762961	2	1	1	3
12	43762962	67460449	1	1	0	2
12	67460450	77100388	1	1	0	2
12	77100389	132349400	1	1	0	2
12	132349401	133851894	1	1	0	3
13	1	16299999	2	2	0	1
13	16300000	19499999	2	2	0	2
13	19500000	114142800	2	2	0	2
13	114142801	115169877	2	2	0	3
14	1	16099999	2	1	1	1
14	16100000	19099999	2	1	1	1
14	19100000	20432547	2	1	1	1
14	20432548	106368400	2	1	1	2
15	1	15799999	2	1	1	1
15	15800000	20699999	2	1	1	2
15	20700000	100338800	2	1	1	2
15	100338801	102431166	2	1	1	2
16	114535	11069256	2	1	1	3
16	11069257	11092499	3	2	1	3
16	11092500	11127877	3	2	1	3
16	11127878	11631417	1	1	0	3
16	11631418	24960965	3	2	1	2
16	24960966	25530206	4	3	1	2
16	25530207	25531066	4	3	1	2
16	25531067	33847499	2	1	1	2
16	33847500	38599999	2	1	1	2
16	38600000	46447499	2	1	1	2
16	46447500	88827200	2	1	1	3
16	88827201	90156775	2	1	1	3
17	1397	16701559	1	1	0	3
17	16701560	18539568	1	1	0	3
17	18539569	18557353	1	1	0	3
17	18557354	18557667	1	1	0	2
17	18557668	18812836	1	1	0	3
17	18812837	18815120	1	1	0	1
17	18815121	21539973	3	2	1	3
17	21539974	22051274	1	1	0	2
17	22051275	25799999	NA	NA	NA	NA
17	25800000	39940313	2	1	1	3
17	39940314	39948906	3	2	1	2
17	39948907	41389991	3	2	1	2
17	41389992	78774600	1	1	0	3
17	78774601	81195209	1	1	0	3
18	27500	3532404	2	1	1	2
18	3532405	6648749	2	1	1	3
18	6648750	11131768	2	1	1	2
18	11131769	15399999	2	1	1	2
18	15400000	18999999	NA	NA	NA	NA
18	19000000	20283326	3	2	1	2
18	20283327	20443643	3	2	1	2
18	20443644	20912027	3	2	1	2
18	20912028	20913802	1	1	0	2
18	20913803	67938343	1	1	0	2
18	67938344	68017783	0	0	0	2
18	68017784	76117000	1	1	0	2
18	76117001	78077247	1	1	0	3
19	254447	4335534	2	1	1	3
19	4335535	4414430	1	1	0	3
19	4414431	24399999	2	1	1	2
19	24400000	28599999	2	1	1	2
19	28600000	50374887	2	1	1	2
19	50374888	59128982	3	2	1	2
20	24347	14831491	2	1	1	2
20	14831492	14968003	1	1	0	2
20	14968004	25599999	2	1	1	2
20	25600000	29399999	2	1	1	2
20	29400000	62432500	2	1	1	2
21	1	10899999	NA	NA	NA	NA
21	10900000	14620163	1	1	0	2
21	14620164	15577678	2	1	1	3
21	15577679	20669146	1	1	0	3
21	20669147	34547869	1	1	0	3
21	34547870	35895333	2	1	1	2
21	35895334	46813811	1	1	0	3
21	46813812	46937500	2	1	1	2
21	46937501	48129894	2	1	1	2
22	1	12199999	2	1	1	1
22	12200000	17899999	2	1	1	3
22	17900000	26207532	2	1	1	2
22	26207533	30068455	2	1	1	2
22	30068456	32554572	2	1	1	2
22	32554573	38734897	2	1	1	2
22	38734898	38735934	2	1	1	2
22	38735935	39004202	2	1	1	2
22	39004203	39632968	1	1	0	2
22	39632969	39647881	2	1	1	2
22	39647882	40622502	1	1	0	2
22	40622503	41108724	2	1	1	2
22	41108725	44583958	2	1	1	2
22	44583959	46439573	2	1	1	2
22	46439574	49687500	1	1	0	2
22	49687501	51304565	1	1	0	2
X	1	7402199	2	1	1	3
X	7402200	7951244	2	1	1	3
X	7951245	58099999	2	1	1	3
X	58100000	62999999	2	1	1	3
X	63000000	154913600	2	1	1	3
