chromosome	start	end	total_cn	major_cn	minor_cn	star
1	10001	71819890	2	1	1	2
1	71819891	71821397	2	1	1	2
1	71821398	77660168	2	1	1	2
1	77660169	77662127	2	1	1	2
1	77662128	101880468	2	1	1	2
1	101880469	101891735	2	1	1	2
1	101891736	102226714	2	1	1	2
1	102226715	102299986	2	1	1	2
1	102299987	105099277	2	1	1	2
1	105099278	105125463	2	1	1	2
1	105125464	105818823	2	1	1	2
1	105818824	105823136	2	1	1	2
1	105823137	121499999	2	1	1	2
1	121500000	128899999	2	1	1	2
1	128900000	144920086	2	1	1	2
1	144920087	152240814	2	1	1	2
1	152240815	152250488	2	1	1	2
1	152250489	196486000	2	1	1	2
1	196486001	197242064	2	1	1	2
1	197242065	197243874	2	1	1	2
1	197243875	238593537	2	1	1	2
1	238593538	238597495	2	1	1	2
1	238597496	239240941	2	1	1	2
1	239240942	239242764	2	1	1	2
1	239242765	247756417	2	1	1	2
1	247756418	247759405	2	1	1	2
1	247759406	249250620	2	1	1	1
2	20016	5683886	2	1	1	2
2	5683887	5699203	2	1	1	2
2	5699204	35280134	2	1	1	2
2	35280135	35281900	2	1	1	2
2	35281901	53439987	2	1	1	2
2	53439988	63863554	2	1	1	2
2	63863555	63869387	2	1	1	2
2	63869388	76253223	2	1	1	2
2	76253224	76257273	2	1	1	2
2	76257274	81189245	2	1	1	2
2	81189246	81197629	2	1	1	2
2	81197630	81606417	2	1	1	2
2	81606418	81710287	2	1	1	2
2	81710288	86929383	2	1	1	2
2	86929384	86932683	2	1	1	2
2	86932684	90499999	2	1	1	2
2	90500000	96799999	2	1	1	2
2	96800000	115780995	2	1	1	2
2	115780996	115783296	2	1	1	2
2	115783297	116802839	2	1	1	2
2	116802840	116805509	2	1	1	2
2	116805510	123961616	2	1	1	2
2	123961617	123983130	2	1	1	2
2	123983131	139221434	2	1	1	2
2	139221435	139223605	2	1	1	2
2	139223606	143524708	2	1	1	2
2	143524709	143527206	2	1	1	2
2	143527207	143810757	2	1	1	2
2	143810758	143813999	2	1	1	2
2	143814000	157780808	2	1	1	2
2	157780809	157782912	2	1	1	2
2	157782913	181917293	2	1	1	2
2	181917294	185097553	2	1	1	2
2	185097554	188125195	2	1	1	2
2	188125196	188133719	2	1	1	2
2	188133720	188635172	2	1	1	2
2	188635173	188635376	2	1	1	2
2	188635377	188638941	2	1	1	2
2	188638942	188639238	2	1	1	2
2	188639239	195891247	2	1	1	2
2	195891248	203698301	2	1	1	2
2	203698302	203700107	2	1	1	2
2	203700108	219444312	2	1	1	2
2	219444313	219447411	2	1	1	2
2	219447412	232148246	2	1	1	2
2	232148247	232150045	2	1	1	2
2	232150046	242985695	2	1	1	2
3	100074	51147121	2	1	1	2
3	51147122	51155197	2	1	1	2
3	51155198	68348491	2	1	1	2
3	68348492	68361656	2	1	1	2
3	68361657	68444748	2	1	1	2
3	68444749	68446888	2	1	1	2
3	68446889	69687195	2	1	1	2
3	69687196	69690314	2	1	1	2
3	69690315	84532020	2	1	1	2
3	84532021	84534225	2	1	1	2
3	84534226	87899999	2	1	1	2
3	87900000	93899999	2	1	1	3
3	93900000	97096724	2	1	1	2
3	97096725	97106130	2	1	1	2
3	97106131	110311066	2	1	1	2
3	110311067	110312168	2	1	1	2
3	110312169	110313272	2	1	1	2
3	110313273	110314500	2	1	1	2
3	110314501	110668397	2	1	1	2
3	110668398	110670058	2	1	1	2
3	110670059	152250222	2	1	1	2
3	152250223	152262172	2	1	1	2
3	152262173	158192225	2	1	1	2
3	158192226	158195505	2	1	1	2
3	158195506	166654835	2	1	1	2
3	166654836	166664887	2	1	1	2
3	166664888	197796280	2	1	1	2
4	27500	13073885	2	1	1	2
4	13073886	13075650	2	1	1	2
4	13075651	31282050	2	1	1	2
4	31282051	31283856	2	1	1	2
4	31283857	36560843	2	1	1	2
4	36560844	36566553	2	1	1	2
4	36566554	47639274	2	1	1	2
4	47639275	47660823	2	1	1	2
4	47660824	48199999	2	1	1	2
4	48200000	52699999	2	1	1	2
4	52700000	63729966	2	1	1	2
4	63729967	66763719	2	1	1	2
4	66763720	66765438	2	1	1	2
4	66765439	74853210	2	1	1	2
4	74853211	75037902	2	1	1	2
4	75037903	77738275	2	1	1	2
4	77738276	77789111	2	1	1	2
4	77789112	88987679	2	1	1	2
4	88987680	88989327	2	1	1	2
4	88989328	97368607	2	1	1	2
4	97368608	97391125	2	1	1	2
4	97391126	116306788	2	1	1	2
4	116306789	116313036	2	1	1	2
4	116313037	118364263	2	1	1	2
4	118364264	118374575	2	1	1	2
4	118374576	131919790	2	1	1	2
4	131919791	131930406	2	1	1	2
4	131930407	135281368	2	1	1	2
4	135281369	135292697	2	1	1	2
4	135292698	142866688	2	1	1	2
4	142866689	142871472	2	1	1	2
4	142871473	144678289	2	1	1	2
4	144678290	144690999	2	1	1	2
4	144691000	144770818	2	1	1	2
4	144770819	144891840	2	1	1	3
4	144891841	160247988	2	1	1	2
4	160247989	163397826	2	1	1	2
4	163397827	163402368	2	1	1	2
4	163402369	166529369	2	1	1	2
4	166529370	166540473	2	1	1	2
4	166540474	180017266	2	1	1	2
4	180017267	180019293	2	1	1	2
4	180019294	190780691	2	1	1	2
5	22500	801236	2	1	1	2
5	801237	12295783	2	1	1	2
5	12295784	12304987	2	1	1	2
5	12304988	18848566	2	1	1	2
5	18848567	18855683	2	1	1	2
5	18855684	36964460	2	1	1	2
5	36964461	36979155	2	1	1	2
5	36979156	43910573	2	1	1	2
5	43910574	43917017	2	1	1	2
5	43917018	43921255	2	1	1	2
5	43921256	43940327	2	1	1	2
5	43940328	45910024	2	1	1	2
5	45910025	46099999	2	1	1	2
5	46100000	50699999	2	1	1	2
5	50700000	71978038	2	1	1	2
5	71978039	71979717	2	1	1	2
5	71979718	87334087	2	1	1	2
5	87334088	87337490	2	1	1	2
5	87337491	93477582	2	1	1	2
5	93477583	93481736	2	1	1	2
5	93481737	98521755	2	1	1	2
5	98521756	99621012	2	1	1	2
5	99621013	99622610	2	1	1	2
5	99622611	99860679	2	1	1	2
5	99860680	99865363	2	1	1	2
5	99865364	100722267	2	1	1	2
5	100722268	101762453	2	1	1	2
5	101762454	101764420	2	1	1	2
5	101764421	109640822	2	1	1	2
5	109640823	109646895	2	1	1	2
5	109646896	117176458	2	1	1	2
5	117176459	117179087	2	1	1	2
5	117179088	119929965	2	1	1	2
5	119929966	119938101	2	1	1	2
5	119938102	121608233	2	1	1	2
5	121608234	121617088	2	1	1	2
5	121617089	128547087	2	1	1	2
5	128547088	128549455	2	1	1	2
5	128549456	144645944	2	1	1	2
5	144645945	144647554	2	1	1	2
5	144647555	162235103	2	1	1	2
5	162235104	180715810	2	1	1	2
6	39681	203877	2	1	1	1
6	203878	769965	2	1	1	2
6	769966	771816	2	1	1	2
6	771817	17009947	2	1	1	2
6	17009948	17011774	2	1	1	2
6	17011775	22983837	2	1	1	2
6	22983838	22991081	2	1	1	2
6	22991082	25727000	2	1	1	2
6	25727001	25732432	2	1	1	2
6	25732433	56908907	2	1	1	2
6	56908908	56910641	2	1	1	2
6	56910642	58019981	2	1	1	2
6	58019982	63599981	2	1	1	2
6	63599982	76968904	2	1	1	2
6	76968905	76970907	2	1	1	2
6	76970908	77621460	2	1	1	2
6	77621461	81580842	2	1	1	2
6	81580843	81586485	4	3	1	2
6	81586486	94243861	2	1	1	2
6	94243862	94252026	4	3	1	2
6	94252027	97751595	2	1	1	2
6	97751596	112867169	2	1	1	2
6	112867170	112873251	2	1	1	2
6	112873252	133046604	2	1	1	2
6	133046605	133055246	2	1	1	2
6	133055247	135970287	2	1	1	2
6	135970288	135972605	2	1	1	2
6	135972606	137885557	2	1	1	2
6	137885558	137887641	2	1	1	2
6	137887642	142849238	2	1	1	2
6	142849239	142851260	2	1	1	2
6	142851261	170904342	2	1	1	2
7	43042	9935267	2	1	1	2
7	9935268	9947358	2	1	1	2
7	9947359	16723178	2	1	1	2
7	16723179	16784505	2	1	1	2
7	16784506	32605157	2	1	1	2
7	32605158	32607888	2	1	1	2
7	32607889	32875484	2	1	1	2
7	32875485	32879954	2	1	1	2
7	32879955	57999999	2	1	1	2
7	58000000	61915453	2	1	1	2
7	61915454	62460063	2	1	1	2
7	62460064	63699867	2	1	1	2
7	63699868	63702264	2	1	1	2
7	63702265	79492921	2	1	1	2
7	79492922	79495189	2	1	1	2
7	79495190	87284067	2	1	1	2
7	87284068	87291187	2	1	1	2
7	87291188	112832307	2	1	1	2
7	112832308	112835830	2	1	1	2
7	112835831	158821400	2	1	1	2
8	10001	122499	2	1	1	2
8	122500	9122572	2	1	1	2
8	9122573	9692289	2	1	1	2
8	9692290	9693910	2	1	1	2
8	9693911	13920636	2	1	1	2
8	13920637	13922471	2	1	1	2
8	13922472	25631392	2	1	1	2
8	25631393	25637158	2	1	1	2
8	25637159	29807709	2	1	1	2
8	29807710	29809318	2	1	1	2
8	29809319	40815185	2	1	1	2
8	40815186	40817245	2	1	1	2
8	40817246	43099999	2	1	1	2
8	43100000	48099999	2	1	1	2
8	48100000	55125752	2	1	1	2
8	55125753	55127325	2	1	1	2
8	55127326	73868405	2	1	1	2
8	73868406	73870788	2	1	1	2
8	73870789	78449986	2	1	1	2
8	78449987	85864425	2	1	1	2
8	85864426	85874837	2	1	1	2
8	85874838	98541129	2	1	1	2
8	98541130	98542716	2	1	1	2
8	98542717	101453270	2	1	1	2
8	101453271	101455158	2	1	1	2
8	101455159	110472222	2	1	1	2
8	110472223	110480288	2	1	1	2
8	110480289	113880003	2	1	1	2
8	113880004	114709726	2	1	1	2
8	114709727	114715054	2	1	1	2
8	114715055	130795475	2	1	1	2
8	130795476	130802383	2	1	1	2
8	130802384	146364021	2	1	1	2
9	10001	203760	2	1	1	2
9	203761	22691482	2	1	1	2
9	22691483	22765614	2	1	1	2
9	22765615	23152640	2	1	1	2
9	23152641	23164421	2	1	1	2
9	23164422	30226887	2	1	1	2
9	30226888	30229170	2	1	1	2
9	30229171	34727373	2	1	1	2
9	34727374	34728147	2	1	1	2
9	34728148	34736303	2	1	1	2
9	34736304	34741945	2	1	1	2
9	34741946	34745574	2	1	1	2
9	34745575	34746435	2	1	1	2
9	34746436	47299999	2	1	1	2
9	47300000	50699999	2	1	1	2
9	50700000	66826234	2	1	1	2
9	66826235	88545555	2	1	1	2
9	88545556	88547081	2	1	1	2
9	88547082	105663449	2	1	1	2
9	105663450	105666118	2	1	1	2
9	105666119	106652248	2	1	1	2
9	106652249	106656943	2	1	1	2
9	106656944	112977829	2	1	1	2
9	112977830	112980693	2	1	1	2
9	112980694	134138472	2	1	1	2
9	134138473	134140375	4	3	1	2
9	134140376	137003303	2	1	1	2
9	137003304	137180623	4	3	1	2
9	137180624	140273200	4	3	1	2
9	140273201	141029033	4	3	1	2
10	102500	34806875	2	1	1	2
10	34806876	34808773	2	1	1	2
10	34808774	37999999	2	1	1	2
10	38000000	42555216	2	1	1	2
10	42555217	56673132	2	1	1	2
10	56673133	56682886	2	1	1	2
10	56682887	58097482	2	1	1	2
10	58097483	58102674	2	1	1	2
10	58102675	58402286	2	1	1	2
10	58402287	58404144	2	1	1	2
10	58404145	99155178	2	1	1	2
10	99155179	99156771	2	1	1	2
10	99156772	100830856	2	1	1	2
10	100830857	100832958	2	1	1	2
10	100832959	100955508	2	1	1	2
10	100955509	100959492	2	1	1	2
10	100959493	107880000	2	1	1	2
10	107880001	135389304	2	1	1	2
11	20721	221583	2	1	1	2
11	221584	7736910	2	1	1	2
11	7736911	7740406	2	1	1	2
11	7740407	10077785	2	1	1	2
11	10077786	10083580	2	1	1	2
11	10083581	48688783	2	1	1	2
11	48688784	48924044	2	1	1	2
11	48924045	50366306	2	1	1	2
11	50366307	51391182	2	1	1	2
11	51391183	55699999	2	1	1	2
11	55700000	61147274	2	1	1	2
11	61147275	81544868	2	1	1	2
11	81544869	81547763	2	1	1	2
11	81547764	90904312	2	1	1	2
11	90904313	90915271	2	1	1	2
11	90915272	114546308	2	1	1	2
11	114546309	114558786	2	1	1	2
11	114558787	123825006	2	1	1	2
11	123825007	123828660	2	1	1	2
11	123828661	134452200	2	1	1	2
12	110107	7617472	2	1	1	2
12	7617473	7626989	2	1	1	2
12	7626990	18060385	2	1	1	2
12	18060386	18079051	2	1	1	2
12	18079052	33299999	2	1	1	2
12	33300000	38199999	2	1	1	2
12	38200000	38441953	2	1	1	2
12	38441954	41272403	2	1	1	2
12	41272404	41275474	2	1	1	2
12	41275475	57751466	2	1	1	2
12	57751467	74215997	2	1	1	2
12	74215998	74219050	2	1	1	2
12	74219051	89184381	2	1	1	2
12	89184382	89186033	2	1	1	2
12	89186034	98625337	2	1	1	2
12	98625338	98627039	2	1	1	2
12	98627040	101513237	2	1	1	2
12	101513238	132349400	2	1	1	2
12	132349401	133851894	2	1	1	2
13	1	16299999	2	1	1	1
13	16300000	19499999	NA	NA	NA	NA
13	19500000	22934199	4	3	1	2
13	22934200	22939749	4	3	1	2
13	22939750	35901503	4	3	1	2
13	35901504	35908246	4	3	1	2
13	35908247	63568074	2	1	1	2
13	63568075	63578236	2	1	1	2
13	63578237	75765081	2	1	1	2
13	75765082	75767027	2	1	1	2
13	75767028	114142800	2	1	1	2
13	114142801	115169877	4	3	1	2
14	1	16099999	2	1	1	1
14	16100000	19099999	2	1	1	2
14	19100000	22440005	2	1	1	2
14	22440006	22441084	2	1	1	2
14	22441085	22442911	2	1	1	2
14	22442912	22444898	2	1	1	2
14	22444899	26197726	2	1	1	2
14	26197727	26207725	2	1	1	2
14	26207726	38886693	2	1	1	2
14	38886694	38892173	2	1	1	2
14	38892174	40648756	2	1	1	2
14	40648757	40663556	2	1	1	2
14	40663557	41146514	2	1	1	2
14	41146515	41148773	2	1	1	2
14	41148774	46299787	2	1	1	2
14	46299788	46301378	2	1	1	2
14	46301379	46399914	2	1	1	2
14	46399915	46445316	2	1	1	2
14	46445317	54858995	2	1	1	2
14	54858996	54860858	2	1	1	2
14	54860859	106399989	2	1	1	2
15	1	15799999	2	1	1	1
15	15800000	20699999	2	1	1	2
15	20700000	53282313	2	1	1	2
15	53282314	53291108	2	1	1	2
15	53291109	55184854	2	1	1	2
15	55184855	55203396	2	1	1	2
15	55203397	100338800	2	1	1	2
15	100338801	102531391	2	1	1	2
16	89279	32493063	2	1	1	2
16	32493064	34599999	2	1	1	2
16	34600000	38599999	2	1	1	2
16	38600000	46457801	2	1	1	2
16	46457802	75796838	2	1	1	2
16	75796839	75800098	2	1	1	2
16	75800099	88827200	2	1	1	2
16	88827201	90354752	2	1	1	2
17	12500	22196831	2	1	1	2
17	22196832	22199999	2	1	1	2
17	22200000	25799999	2	1	1	2
17	25800000	32665170	2	1	1	2
17	32665171	32670997	2	1	1	2
17	32670998	51667530	2	1	1	2
17	51667531	51677257	2	1	1	2
17	51677258	78774600	2	1	1	2
17	78774601	81195209	2	1	1	2
18	27500	15399999	2	1	1	2
18	15400000	18999999	2	1	1	2
18	19000000	26614944	2	1	1	2
18	26614945	38127240	2	1	1	2
18	38127241	38156123	2	1	1	2
18	38156124	76117000	2	1	1	2
18	76117001	78077247	2	1	1	2
19	90373	271071	2	1	1	2
19	271072	24392063	2	1	1	2
19	24392064	24399999	2	1	1	2
19	24400000	28599999	2	1	1	2
19	28600000	29351122	2	1	1	2
19	29351123	29353422	2	1	1	2
19	29353423	56710823	2	1	1	2
19	56710824	56712887	2	1	1	2
19	56712888	58086218	2	1	1	2
19	58086219	58100978	2	1	1	2
19	58100979	59128982	2	1	1	2
20	17500	13147322	2	1	1	2
20	13147323	13149296	2	1	1	2
20	13149297	25599999	2	1	1	2
20	25600000	29399999	2	1	1	2
20	29400000	62432500	2	1	1	2
21	1	9417499	NA	NA	NA	NA
21	9417500	10670000	NA	NA	NA	NA
21	10670001	14299999	2	2	0	1
21	14300000	23709902	2	1	1	2
21	23709903	23712746	2	1	1	2
21	23712747	46937500	2	1	1	2
21	46937501	48129894	2	1	1	2
22	1	12199999	2	1	1	1
22	12200000	17899999	2	1	1	2
22	17900000	30666475	2	1	1	2
22	30666476	30668151	2	1	1	2
22	30668152	49709964	2	1	1	2
22	49709965	51304565	2	1	1	2
X	1	4211152	1	1	0	3
X	4211153	4214085	1	1	0	1
X	4214086	33587419	1	1	0	3
X	33587420	33590893	1	1	0	3
X	33590894	38601045	1	1	0	3
X	38601046	38603958	1	1	0	3
X	38603959	58099999	1	1	0	3
X	58100000	62999999	1	1	0	1
X	63000000	64017135	1	1	0	3
X	64017136	64019829	1	1	0	3
X	64019830	67094590	1	1	0	3
X	67094591	67096367	1	1	0	1
X	67096368	75849336	1	1	0	3
X	75849337	75850926	1	1	0	1
X	75850927	84882332	1	1	0	3
X	84882333	84890466	1	1	0	3
X	84890467	94180294	1	1	0	3
X	94180295	94183638	1	1	0	3
X	94183639	115844843	1	1	0	3
X	115844844	115848576	1	1	0	3
X	115848577	116206913	1	1	0	3
X	116206914	116215919	1	1	0	3
X	116215920	117201535	1	1	0	3
X	117201536	117203168	1	1	0	1
X	117203169	146239770	1	1	0	3
X	146239771	146242719	1	1	0	3
X	146242720	155270559	1	1	0	3
Y	1	11599999	1	1	0	1
Y	11600000	13399999	1	1	0	1
Y	13400000	59373565	1	1	0	1
