chromosome	start	end	total_cn	major_cn	minor_cn	star
1	10001	10331617	2	1	1	2
1	10331618	10331752	2	1	1	1
1	10331753	10341967	1	1	0	2
1	10341968	10342063	1	1	0	2
1	10342064	10360589	1	1	0	2
1	10360590	10403046	1	1	0	2
1	10403047	10791087	1	1	0	2
1	10791088	10801734	1	1	0	1
1	10801735	10810980	2	1	1	1
1	10810981	20246518	2	1	1	2
1	20246519	20286313	2	1	1	2
1	20286314	20286804	2	1	1	2
1	20286805	20298763	2	1	1	2
1	20298764	20303834	2	1	1	2
1	20303835	20312937	2	1	1	2
1	20312938	21699876	2	1	1	2
1	21699877	35189027	2	1	1	2
1	35189028	36494895	2	1	1	2
1	36494896	36724856	2	1	1	2
1	36724857	49985755	2	1	1	2
1	49985756	50060424	2	1	1	2
1	50060425	72663200	2	1	1	2
1	72663201	72665044	2	1	1	2
1	72665045	73182811	2	1	1	2
1	73182812	73186291	2	1	1	2
1	73186292	75635415	2	1	1	2
1	75635416	75635952	2	1	1	2
1	75635953	79451604	2	1	1	2
1	79451605	79451833	2	1	1	2
1	79451834	79470832	2	1	1	2
1	79470833	79471017	2	1	1	2
1	79471018	79485525	2	1	1	2
1	79485526	79485632	0	0	0	1
1	79485633	79772226	2	1	1	2
1	79772227	79772368	2	1	1	2
1	79772369	79772642	2	1	1	2
1	79772643	79791974	2	1	1	2
1	79791975	80139514	1	1	0	2
1	80139515	80141270	2	1	1	1
1	80141271	121499999	2	1	1	2
1	121500000	128899999	NA	NA	NA	NA
1	128900000	143644601	1	1	0	2
1	143644602	160517692	2	1	1	2
1	160517693	160977701	2	1	1	2
1	160977702	161406307	4	3	1	2
1	161406308	168209991	1	1	0	2
1	168209992	170502779	2	1	1	1
1	170502780	189464834	2	1	1	2
1	189464835	189476155	2	1	1	2
1	189476156	194078700	2	1	1	2
1	194078701	195918508	1	1	0	2
1	195918509	195964403	2	2	0	2
1	195964404	214139227	1	1	0	2
1	214139228	214143145	1	1	0	2
1	214143146	215318110	1	1	0	2
1	215318111	223916125	2	1	1	2
1	223916126	246118840	2	1	1	2
1	246118841	247249600	2	1	1	2
1	247249601	249250620	2	1	1	1
2	40940	581834	2	1	1	2
2	581835	2321599	2	1	1	2
2	2321600	4916244	2	1	1	2
2	4916245	4917415	2	1	1	2
2	4917416	6168911	2	1	1	2
2	6168912	8672160	2	1	1	2
2	8672161	14090583	2	1	1	2
2	14090584	51229641	2	1	1	2
2	51229642	51240499	1	1	0	2
2	51240500	52933212	1	1	0	2
2	52933213	52934031	1	1	0	1
2	52934032	52934831	1	1	0	1
2	52934832	52935101	3	3	0	1
2	52935102	53001142	3	3	0	2
2	53001143	59394744	1	1	0	2
2	59394745	90499999	2	1	1	1
2	90500000	96799999	2	1	1	1
2	96800000	116972236	2	1	1	1
2	116972237	116991946	1	1	0	1
2	116991947	117019323	2	1	1	2
2	117019324	117020324	2	1	1	1
2	117020325	123336461	2	1	1	1
2	123336462	123339202	2	1	1	1
2	123339203	139745879	2	1	1	1
2	139745880	140752725	3	2	1	2
2	140752726	140755838	3	2	1	1
2	140755839	144021717	3	2	1	1
2	144021718	144064933	3	2	1	1
2	144064934	144753895	3	2	1	1
2	144753896	164486514	3	2	1	2
2	164486515	164552067	2	1	1	2
2	164552068	176789090	3	2	1	2
2	176789091	176797438	3	2	1	2
2	176797439	231201009	3	2	1	2
2	231201010	242985493	2	1	1	2
3	86669	54175802	2	1	1	2
3	54175803	54213763	1	1	0	1
3	54213764	60308429	2	1	1	2
3	60308430	60774546	2	1	1	2
3	60774547	61106716	0	0	0	2
3	61106717	71043143	2	1	1	2
3	71043144	71055193	1	1	0	2
3	71055194	87899999	1	1	0	2
3	87900000	93965802	NA	NA	NA	NA
3	93965803	116231359	1	1	0	2
3	116231360	116345247	2	2	0	1
3	116345248	116346383	2	2	0	1
3	116346384	116384820	2	2	0	1
3	116384821	116940084	2	1	1	1
3	116940085	119835834	1	1	0	2
3	119835835	119835911	1	1	0	1
3	119835912	195347566	2	2	0	2
3	195347567	195450602	1	1	0	1
3	195450603	198022429	2	2	0	2
4	9997	9485317	2	2	0	2
4	9485318	13616467	2	2	0	2
4	13616468	17543879	2	2	0	2
4	17543880	17823552	2	2	0	2
4	17823553	17939216	1	1	0	2
4	17939217	29376236	2	2	0	2
4	29376237	29376268	2	2	0	2
4	29376269	30402501	2	2	0	2
4	30402502	33768831	2	2	0	2
4	33768832	48199999	1	1	0	2
4	48200000	52699999	1	1	0	2
4	52700000	190377822	1	1	0	2
4	190377823	190423094	2	2	0	2
4	190423095	190844646	1	1	0	2
5	22500	849604	2	1	1	1
5	849605	24548371	2	1	1	2
5	24548372	24551827	2	1	1	2
5	24551828	46099999	2	1	1	2
5	46100000	50699999	2	1	1	2
5	50700000	51801448	2	1	1	2
5	51801449	52479363	3	2	1	2
5	52479364	52710001	7	6	1	1
5	52710002	58667616	1	1	0	2
5	58667617	58686336	5	4	1	2
5	58686337	58704902	5	4	1	2
5	58704903	58778852	5	4	1	2
5	58778853	58786032	5	4	1	1
5	58786033	84759206	1	1	0	2
5	84759207	109788472	1	1	0	2
5	109788473	109788670	1	1	0	2
5	109788671	116745578	1	1	0	2
5	116745579	165734267	1	1	0	2
5	165734268	166064704	1	1	0	2
5	166064705	180385001	1	1	0	2
5	180385002	180689978	1	1	0	2
6	39681	237500	2	1	1	2
6	237501	1935883	2	1	1	2
6	1935884	2150378	2	1	1	2
6	2150379	13191073	2	1	1	2
6	13191074	13191436	2	1	1	2
6	13191437	14443643	2	1	1	2
6	14443644	32509998	2	1	1	2
6	32509999	58699999	2	1	1	2
6	58700000	63299999	2	1	1	2
6	63300000	66845859	2	1	1	2
6	66845860	66869985	2	1	1	2
6	66869986	74169876	2	1	1	2
6	74169877	95146069	2	1	1	2
6	95146070	95156883	2	1	1	2
6	95156884	104652783	2	1	1	2
6	104652784	104750556	2	1	1	2
6	104750557	147905147	2	1	1	2
6	147905148	148023958	2	1	1	2
6	148023959	170897500	2	1	1	2
7	40386	53958632	2	1	1	2
7	53958633	53998169	2	2	0	2
7	53998170	57997499	2	1	1	1
7	57997500	62281589	2	1	1	2
7	62281590	62309781	2	1	1	2
7	62309782	85162148	2	1	1	2
7	85162149	85163196	2	1	1	2
7	85163197	91091488	2	1	1	2
7	91091489	110577106	2	1	1	2
7	110577107	110594564	2	1	1	2
7	110594565	110603527	2	1	1	2
7	110603528	110605419	2	1	1	2
7	110605420	110607595	2	1	1	2
7	110607596	110622301	2	1	1	2
7	110622302	110627823	2	1	1	2
7	110627824	110657758	2	1	1	2
7	110657759	110657824	2	1	1	2
7	110657825	110674101	2	1	1	2
7	110674102	110675855	2	1	1	2
7	110675856	110688919	2	1	1	2
7	110688920	110799554	2	1	1	2
7	110799555	110873885	2	1	1	2
7	110873886	114227297	2	1	1	2
7	114227298	114276613	2	1	1	2
7	114276614	119434240	2	1	1	2
7	119434241	119476170	2	1	1	2
7	119476171	120567269	2	1	1	2
7	120567270	120569538	2	1	1	2
7	120569539	126159374	2	1	1	2
7	126159375	126189878	2	1	1	1
7	126189879	158821400	2	1	1	2
8	10001	155756	1	1	0	1
8	155757	1334319	1	1	0	2
8	1334320	43099999	1	1	0	2
8	43100000	48325246	NA	NA	NA	NA
8	48325247	48710714	0	0	0	1
8	48710715	70098779	1	1	0	2
8	70098780	70145513	1	1	0	2
8	70145514	78643560	1	1	0	2
8	78643561	78644730	1	1	0	2
8	78644731	90987404	1	1	0	2
8	90987405	91014943	0	0	0	1
8	91014944	100290232	1	1	0	2
8	100290233	100748424	1	1	0	2
8	100748425	109154854	1	1	0	2
8	109154855	109230965	0	0	0	1
8	109230966	114246092	1	1	0	2
8	114246093	114246839	1	1	0	2
8	114246840	118011234	1	1	0	2
8	118011235	120297152	2	2	0	2
8	120297153	131988152	1	1	0	2
8	131988153	131990638	1	1	0	2
8	131990639	141054996	1	1	0	2
8	141054997	141129595	1	1	0	2
8	141129596	146364021	1	1	0	2
9	55056	1262626	1	1	0	2
9	1262627	2822766	0	0	0	2
9	2822767	21819242	1	1	0	2
9	21819243	22053738	0	0	0	2
9	22053739	29346073	1	1	0	2
9	29346074	29357101	1	1	0	2
9	29357102	44244398	1	1	0	2
9	44244399	47299999	1	1	0	2
9	47300000	50699999	1	1	0	2
9	50700000	65607499	1	1	0	2
9	65607500	80842454	1	1	0	2
9	80842455	80900014	1	1	0	2
9	80900015	81658647	1	1	0	2
9	81658648	140273200	1	1	0	2
9	140273201	141068960	1	1	0	1
10	95096	37397187	2	1	1	2
10	37397188	37428669	2	1	1	2
10	37428670	42411055	2	1	1	2
10	42411056	67179145	2	1	1	2
10	67179146	67219993	1	1	0	2
10	67219994	75287224	2	1	1	2
10	75287225	75340512	2	1	1	1
10	75340513	79855182	2	1	1	2
10	79855183	81789215	2	1	1	2
10	81789216	81804857	2	1	1	2
10	81804858	135389304	2	1	1	2
11	20721	199255	2	2	0	1
11	199256	29867778	2	2	0	2
11	29867779	29871927	2	2	0	1
11	29871928	51599999	2	2	0	2
11	51600000	55699999	2	2	0	2
11	55700000	99942056	2	2	0	2
11	99942057	113452561	2	1	1	2
11	113452562	113573559	2	1	1	2
11	113573560	134452200	2	1	1	2
12	110107	19903920	1	1	0	2
12	19903921	33299999	2	2	0	2
12	33300000	38199999	2	2	0	2
12	38200000	50883733	2	2	0	2
12	50883734	50921294	1	1	0	2
12	50921295	50936529	1	1	0	2
12	50936530	53291065	1	1	0	2
12	53291066	53291325	1	1	0	1
12	53291326	111402061	1	1	0	2
12	111402062	111405806	1	1	0	1
12	111405807	111942234	1	1	0	2
12	111942235	121324320	1	1	0	2
12	121324321	123604960	1	1	0	2
12	123604961	123605469	1	1	0	1
12	123605470	123706000	2	2	0	2
12	123706001	132349400	1	1	0	2
12	132349401	133851894	1	1	0	1
13	1	16299999	NA	NA	NA	NA
13	16300000	19510014	2	1	1	1
13	19510015	23435498	2	1	1	2
13	23435499	30214070	2	1	1	2
13	30214071	30215782	2	1	1	2
13	30215783	41990233	2	1	1	2
13	41990234	42017045	2	1	1	2
13	42017046	48788826	2	1	1	2
13	48788827	55458874	2	1	1	2
13	55458875	85409645	1	1	0	2
13	85409646	90708414	2	1	1	2
13	90708415	90729346	2	1	1	2
13	90729347	92904313	2	1	1	2
13	92904314	92922868	3	2	1	2
13	92922869	114142800	2	1	1	2
13	114142801	115169877	2	1	1	1
14	1	16099999	NA	NA	NA	NA
14	16100000	19099999	2	1	1	1
14	19100000	19109552	2	1	1	1
14	19109553	20375784	2	1	1	1
14	20375785	46942076	1	1	0	2
14	46942077	67791423	1	1	0	2
14	67791424	67803899	1	1	0	2
14	67803900	106368400	1	1	0	2
15	1	15799999	NA	NA	NA	NA
15	15800000	20699999	2	1	1	1
15	20700000	97871308	2	1	1	2
15	97871309	97880424	2	1	1	2
15	97880425	100338800	2	1	1	2
15	100338801	102531391	1	1	0	1
16	83802	19386189	2	2	0	2
16	19386190	19486349	1	1	0	2
16	19486350	22221740	2	2	0	2
16	22221741	22266015	2	2	0	1
16	22266016	33437499	2	2	0	2
16	33437500	34599999	2	2	0	2
16	34600000	38599999	2	2	0	2
16	38600000	54385975	2	2	0	2
16	54385976	54385997	2	2	0	2
16	54385998	55791898	2	2	0	2
16	55791899	55805801	2	2	0	2
16	55805802	60431160	2	2	0	2
16	60431161	60490903	3	3	0	2
16	60490904	72709775	2	2	0	2
16	72709776	73086816	1	1	0	1
16	73086817	78150221	2	2	0	2
16	78150222	78171103	3	3	0	2
16	78171104	78722559	2	2	0	2
16	78722560	78834022	1	1	0	2
16	78834023	82050137	2	2	0	2
16	82050138	82054483	2	2	0	2
16	82054484	82082533	2	2	0	2
16	82082534	82084745	2	2	0	2
16	82084746	88827200	2	2	0	2
16	88827201	90354752	2	2	0	1
17	12500	21527499	2	2	0	1
17	21527500	25799999	NA	NA	NA	NA
17	25800000	31486921	2	1	1	2
17	31486922	78774600	2	1	1	2
17	78774601	81195209	2	1	1	1
18	27500	15399999	1	1	0	2
18	15400000	18999999	1	1	0	2
18	19000000	24988619	1	1	0	2
18	24988620	25034310	1	1	0	2
18	25034311	26067352	1	1	0	2
18	26067353	26072601	1	1	0	2
18	26072602	27035179	1	1	0	2
18	27035180	27309974	1	1	0	2
18	27309975	27742305	2	2	0	2
18	27742306	28251034	2	2	0	2
18	28251035	28324049	2	2	0	2
18	28324050	29728780	2	2	0	2
18	29728781	30445788	1	1	0	2
18	30445789	31170017	1	1	0	2
18	31170018	31420648	2	2	0	2
18	31420649	32047141	1	1	0	2
18	32047142	63338532	1	1	0	2
18	63338533	64161071	1	1	0	2
18	64161072	64381241	2	1	1	1
18	64381242	65992545	1	1	0	2
18	65992546	66164479	2	2	0	2
18	66164480	66265186	2	2	0	2
18	66265187	76140006	2	2	0	2
18	76140007	78077247	2	2	0	1
19	102500	246498	1	1	0	2
19	246499	24399999	1	1	0	2
19	24400000	28599999	NA	NA	NA	NA
19	28600000	39220530	3	2	1	2
19	39220531	39245822	3	2	1	2
19	39245823	41770148	3	2	1	2
19	41770149	59128982	2	1	1	2
20	24347	11126007	3	2	1	1
20	11126008	11148680	3	2	1	2
20	11148681	12925677	3	2	1	2
20	12925678	14263059	2	2	0	2
20	14263060	14559866	3	2	1	2
20	14559867	14651152	3	2	1	2
20	14651153	14845664	1	1	0	2
20	14845665	14875134	1	1	0	2
20	14875135	14882661	1	1	0	2
20	14882662	14923710	1	1	0	2
20	14923711	15081173	1	1	0	2
20	15081174	15126681	2	1	1	2
20	15126682	15135644	2	1	1	1
20	15135645	15169883	2	1	1	1
20	15169884	15185147	2	1	1	2
20	15185148	15402605	2	1	1	2
20	15402606	15535532	2	2	0	1
20	15535533	15562475	2	2	0	2
20	15562476	15700039	2	2	0	2
20	15700040	25599999	3	2	1	2
20	25600000	29399999	3	2	1	1
20	29400000	49439669	3	2	1	1
20	49439670	49466489	3	2	1	1
20	49466490	62432500	3	2	1	1
21	1	9417499	NA	NA	NA	NA
21	9417500	10705031	NA	NA	NA	NA
21	10705032	14781588	2	1	1	1
21	14781589	22825854	2	1	1	2
21	22825855	22872640	0	0	0	2
21	22872641	24543455	2	1	1	2
21	24543456	24548922	0	0	0	1
21	24548923	46937500	1	1	0	2
21	46937501	48129894	0	0	0	1
22	1	12199999	NA	NA	NA	NA
22	12200000	17899999	2	2	0	2
22	17900000	39354142	2	2	0	2
22	39354143	49687500	2	2	0	2
22	49687501	51304565	2	2	0	1
X	1	58099999	1	1	0	1
X	58100000	62999999	1	1	0	1
X	63000000	92529868	1	1	0	1
X	92529869	92574847	1	1	0	1
X	92574848	92985182	1	1	0	1
X	92985183	92987249	1	1	0	1
X	92987250	145265744	1	1	0	1
X	145265745	145299046	1	1	0	1
X	145299047	155270559	1	1	0	1
Y	1	11599999	NA	NA	NA	NA
Y	11600000	13399999	NA	NA	NA	NA
Y	13400000	59373565	NA	NA	NA	NA
