chromosome	start	end	total_cn	major_cn	minor_cn	star
1	10001	12950248	2	2	0	2
1	12950249	13204810	2	2	0	2
1	13204811	38086046	2	2	0	2
1	38086047	120572500	3	2	1	2
1	120572501	128899999	NA	NA	NA	NA
1	128900000	149033602	5	4	1	2
1	149033603	149708002	4	3	1	2
1	149708003	189322694	5	4	1	2
1	189322695	189544202	5	4	1	2
1	189544203	247247500	5	4	1	2
1	247247501	249250620	5	4	1	2
2	20016	10167211	4	2	2	2
2	10167212	32215815	4	2	2	2
2	32215816	46355057	4	2	2	2
2	46355058	46381620	4	2	2	2
2	46381621	57659458	4	2	2	2
2	57659459	57660736	5	3	2	2
2	57660737	90499999	4	2	2	2
2	90500000	96799999	4	2	2	2
2	96800000	158144925	4	2	2	2
2	158144926	158155328	4	2	2	2
2	158155329	191490726	4	2	2	2
2	191490727	191503430	2	2	0	2
2	191503431	239937947	4	2	2	2
2	239937948	242991077	2	2	0	2
3	100074	66335922	4	2	2	2
3	66335923	87899999	4	2	2	2
3	87900000	93899999	4	2	2	2
3	93900000	119607879	4	2	2	2
3	119607880	119717600	2	2	0	3
3	119717601	119717651	1	1	0	1
3	119717652	119830598	0	0	0	2
3	119830599	119831934	0	0	0	2
3	119831935	119833163	4	2	2	2
3	119833164	119833376	4	2	2	2
3	119833377	171863632	4	2	2	3
3	171863633	171900208	2	2	0	2
3	171900209	197817718	4	2	2	3
4	45423	48199999	3	2	1	2
4	48200000	52699999	3	2	1	2
4	52700000	88279376	3	2	1	2
4	88279377	88399702	5	4	1	2
4	88399703	190749943	3	2	1	2
5	28955	2392877	3	2	1	2
5	2392878	2394814	3	2	1	2
5	2394815	41372447	3	2	1	2
5	41372448	46099999	3	2	1	2
5	46100000	50699999	3	2	1	2
5	50700000	63384975	3	2	1	2
5	63384976	126065613	3	2	1	2
5	126065614	138076474	3	2	1	2
5	138076475	155877294	3	2	1	2
5	155877295	167466876	3	2	1	2
5	167466877	167467892	3	2	1	2
5	167467893	180685637	3	2	1	2
6	39681	203110	4	2	2	1
6	203111	58699999	4	2	2	3
6	58700000	63299999	4	2	2	2
6	63300000	74295843	4	2	2	3
6	74295844	74331204	4	2	2	2
6	74331205	160813733	4	2	2	3
6	160813734	160865138	2	2	0	2
6	160865139	170890699	4	2	2	3
7	40386	626664	3	2	1	2
7	626665	955025	2	2	0	2
7	955026	57999999	3	2	1	2
7	58000000	61699999	3	2	1	2
7	61700000	94975173	3	2	1	2
7	94975174	95007813	1	1	0	1
7	95007814	158821400	3	2	1	2
8	10001	170011	4	2	2	2
8	170012	43099999	4	2	2	2
8	43100000	48099999	4	2	2	2
8	48100000	55350006	4	2	2	2
8	55350007	97265394	5	3	2	2
8	97265395	97314893	5	3	2	1
8	97314894	100052633	5	3	2	2
8	100052634	100150229	4	2	2	2
8	100150230	100204763	4	2	2	2
8	100204764	100360341	5	3	2	1
8	100360342	146364021	5	3	2	2
9	58687	21962425	3	2	1	2
9	21962426	22049339	3	2	1	2
9	22049340	47299999	3	2	1	2
9	47300000	50699999	3	2	1	2
9	50700000	66799971	3	2	1	2
9	66799972	74561999	3	2	1	2
9	74562000	140273200	3	2	1	2
10	102500	37999999	3	2	1	2
10	38000000	42403800	3	2	1	2
10	42403801	58797138	3	2	1	2
10	58797139	58833483	3	2	1	2
10	58833484	65071656	3	2	1	2
10	65071657	65283115	1	1	0	2
10	65283116	85665123	3	2	1	2
10	85665124	85692867	5	3	2	2
10	85692868	135235890	3	2	1	2
10	135235891	135389924	3	2	1	2
11	197337	51599999	3	2	1	2
11	51600000	55699999	3	2	1	2
11	55700000	93025490	3	2	1	2
11	93025491	93101398	1	1	0	3
11	93101399	113610365	3	2	1	3
11	113610366	113617517	3	2	1	3
11	113617518	115074115	3	2	1	3
11	115074116	115191115	2	2	0	2
11	115191116	134452200	3	2	1	3
12	110107	33299999	3	2	1	2
12	33300000	38199999	3	2	1	2
12	38200000	38454529	3	2	1	1
12	38454530	132349400	3	2	1	2
12	132349401	133851894	3	2	1	2
13	1	16299999	2	1	1	1
13	16300000	19499999	2	1	1	2
13	19500000	63341236	2	1	1	3
13	63341237	76362397	4	3	1	2
13	76362398	76363529	3	2	1	2
13	76363530	85111130	4	3	1	2
13	85111131	90289409	5	3	2	1
13	90289410	90426771	4	3	1	2
13	90426772	90426834	4	3	1	2
13	90426835	90446184	4	3	1	2
13	90446185	90446224	4	3	1	2
13	90446225	114142800	5	4	1	2
13	114142801	115169877	5	4	1	2
14	1	16099999	3	2	1	1
14	16100000	19099999	NA	NA	NA	NA
14	19100000	50269983	3	2	1	2
14	50269984	61360069	3	2	1	2
14	61360070	70923741	3	2	1	2
14	70923742	83482309	3	2	1	2
14	83482310	106368400	3	2	1	2
15	1	15799999	3	2	1	1
15	15800000	20699999	3	2	1	2
15	20700000	23759586	3	2	1	2
15	23759587	24830091	3	2	1	2
15	24830092	100338800	3	2	1	2
15	100338801	102531391	3	2	1	2
16	89976	100584	2	2	0	1
16	100585	32489737	2	1	1	2
16	32489738	34599999	2	1	1	2
16	34600000	38599999	2	1	1	2
16	38600000	59194020	2	1	1	2
16	59194021	59200334	2	1	1	2
16	59200335	88827200	2	1	1	2
16	88827201	90098363	2	1	1	2
17	1869	2005666	3	2	1	2
17	2005667	2185581	2	2	0	2
17	2185582	22193426	3	2	1	2
17	22193427	25799999	3	2	1	2
17	25800000	78796383	3	2	1	2
17	78796384	81195209	2	2	0	1
18	12943	15399999	3	2	1	2
18	15400000	18999999	3	2	1	2
18	19000000	19123380	3	2	1	2
18	19123381	76117000	3	2	1	2
18	76117001	78077247	3	2	1	2
19	102500	275921	3	2	1	2
19	275922	20509956	3	2	1	2
19	20509957	24399999	3	2	1	2
19	24400000	28599999	3	2	1	2
19	28600000	48419994	3	2	1	2
19	48419995	59128982	5	3	2	2
20	17500	1087139	4	3	1	2
20	1087140	1127907	3	3	0	2
20	1127908	20001590	4	3	1	2
20	20001591	25599999	4	3	1	2
20	25600000	29808697	4	3	1	2
20	29808698	61911802	4	3	1	2
20	61911803	62456507	4	3	1	2
21	1	10899999	NA	NA	NA	NA
21	10900000	14299999	4	2	2	1
21	14300000	46937500	3	2	1	2
21	46937501	48129894	3	2	1	2
22	1	12199999	4	2	2	1
22	12200000	17899999	4	2	2	2
22	17900000	33857848	4	2	2	2
22	33857849	34263401	2	2	0	2
22	34263402	49687500	4	2	2	2
22	49687501	51304565	4	2	2	2
X	1	2700026	2	2	0	2
X	2700027	58099999	2	2	0	2
X	58100000	63298619	2	2	0	1
X	63298620	63452524	2	2	0	1
X	63452525	71744956	2	2	0	2
X	71744957	71748877	2	2	0	1
X	71748878	75007690	2	2	0	1
X	75007691	75014824	2	2	0	1
X	75014825	120264145	2	2	0	2
X	120264146	120750207	2	2	0	1
X	120750208	132739140	2	2	0	2
X	132739141	133049249	2	2	0	1
X	133049250	155270559	2	2	0	1
Y	1	11599999	0	0	0	1
Y	11600000	13399999	0	0	0	1
Y	13400000	59373565	0	0	0	1
