chromosome	start	end	total_cn	major_cn	minor_cn	star
1	1	49957135	2	1	1	3
1	49957136	71929310	2	1	1	3
1	71929311	72539319	2	1	1	2
1	72539320	83197614	2	1	1	3
1	83197615	107107289	2	1	1	3
1	107107290	107177401	2	1	1	2
1	107177402	121350938	2	1	1	3
1	121350939	128899999	2	1	1	2
1	128900000	176611735	2	1	1	3
1	176611736	188889694	2	1	1	3
1	188889695	196515491	2	1	1	3
1	196515492	197567520	2	1	1	3
1	197567521	247249600	2	1	1	3
1	247249601	249250620	2	1	1	3
2	16078	41013745	2	1	1	3
2	41013746	53132144	2	1	1	3
2	53132145	53421627	2	1	1	2
2	53421628	53442333	2	1	1	2
2	53442334	56949439	2	1	1	3
2	56949440	67310978	2	1	1	3
2	67310979	81658359	2	1	1	3
2	81658360	89878802	2	1	1	3
2	89878803	96799999	2	1	1	2
2	96800000	97835564	2	1	1	3
2	97835565	124061012	2	1	1	3
2	124061013	124088126	0	0	0	2
2	124088127	138634025	2	1	1	3
2	138634026	142835336	2	1	1	3
2	142835337	145499671	2	1	1	3
2	145499672	145607797	2	1	1	2
2	145607798	146320942	2	1	1	2
2	146320943	146443646	2	1	1	2
2	146443647	156650901	2	1	1	3
2	156650902	163819469	2	1	1	3
2	163819470	163890100	2	1	1	2
2	163890101	181917293	2	1	1	3
2	181917294	181969687	2	1	1	2
2	181969688	185125850	2	1	1	3
2	185125851	185216201	2	1	1	2
2	185216202	186583668	2	1	1	3
2	186583669	186682835	2	1	1	2
2	186682836	193202201	2	1	1	3
2	193202202	195853396	2	1	1	3
2	195853397	206170171	2	1	1	3
2	206170172	207229762	2	1	1	2
2	207229763	213199601	2	1	1	3
2	213199602	242951000	2	1	1	3
3	100074	632869	2	1	1	3
3	632870	1391621	2	1	1	3
3	1391622	26459089	2	1	1	3
3	26459090	26879153	2	1	1	2
3	26879154	26977497	2	1	1	2
3	26977498	35871654	2	1	1	3
3	35871655	79144024	2	1	1	3
3	79144025	82969448	2	1	1	3
3	82969449	83662569	2	1	1	2
3	83662570	87899999	2	1	1	3
3	87900000	93899999	2	1	1	2
3	93900000	98976075	2	1	1	3
3	98976076	99115814	2	1	1	2
3	99115815	115229601	2	1	1	3
3	115229602	161487809	2	1	1	3
3	161487810	162913563	2	1	1	2
3	162913564	162982086	2	1	1	2
3	162982087	164464265	2	1	1	3
3	164464266	174826314	2	1	1	3
3	174826315	174874054	2	1	1	2
3	174874055	195231201	2	1	1	3
3	195231202	198022429	2	1	1	2
4	27500	28970706	2	1	1	3
4	28970707	29339002	2	1	1	2
4	29339003	46101907	2	1	1	3
4	46101908	48199999	2	1	1	3
4	48200000	52699999	2	1	1	3
4	52700000	58904154	2	1	1	3
4	58904155	59738025	2	1	1	3
4	59738026	63639936	2	1	1	3
4	63639937	63797967	2	1	1	2
4	63797968	67304010	2	1	1	3
4	67304011	67331201	2	1	1	2
4	67331202	70033128	2	1	1	3
4	70033129	84965983	2	1	1	3
4	84965984	93545208	2	1	1	3
4	93545209	93597491	2	1	1	2
4	93597492	98405111	2	1	1	3
4	98405112	104952249	2	1	1	3
4	104952250	111872803	2	1	1	3
4	111872804	111963509	2	1	1	2
4	111963510	118789370	2	1	1	3
4	118789371	125139457	2	1	1	3
4	125139458	130741780	2	1	1	3
4	130741781	130812726	2	1	1	2
4	130812727	150117271	2	1	1	3
4	150117272	161967437	2	1	1	3
4	161967438	162031797	2	1	1	2
4	162031798	171641562	2	1	1	3
4	171641563	190766326	2	1	1	3
5	22500	44655514	2	1	1	3
5	44655515	45320267	2	1	1	3
5	45320268	46099999	2	1	1	2
5	46100000	51374686	2	1	1	2
5	51374687	63121401	2	1	1	3
5	63121402	75016790	2	1	1	3
5	75016791	75033820	2	1	1	3
5	75033821	86990957	2	1	1	3
5	86990958	89016451	2	1	1	2
5	89016452	91817470	2	1	1	3
5	91817471	91982716	2	1	1	2
5	91982717	98509288	2	1	1	3
5	98509289	100814402	2	1	1	2
5	100814403	102652924	2	1	1	3
5	102652925	102653339	2	1	1	3
5	102653340	117485462	2	1	1	3
5	117485463	119273394	2	1	1	3
5	119273395	130586853	2	1	1	3
5	130586854	130586945	2	1	1	3
5	130586946	144271432	2	1	1	3
5	144271433	152338125	2	1	1	3
5	152338126	154825760	2	1	1	3
5	154825761	154923131	2	1	1	2
5	154923132	180915259	2	1	1	3
6	39681	180247	2	1	1	2
6	180248	57970022	2	1	1	3
6	57970023	58019981	2	1	1	2
6	58019982	58588217	2	1	1	2
6	58588218	63299999	2	1	1	2
6	63300000	63552601	2	1	1	3
6	63552602	64689570	2	1	1	3
6	64689571	64704923	2	1	1	2
6	64704924	69043299	2	1	1	2
6	69043300	69132514	2	1	1	2
6	69132515	76566572	2	1	1	2
6	76566573	82720245	2	1	1	2
6	82720246	93828299	2	1	1	2
6	93828300	96470307	2	1	1	2
6	96470308	96984455	2	1	1	2
6	96984456	98442090	2	1	1	2
6	98442091	102471458	2	1	1	2
6	102471459	120497802	2	1	1	2
6	120497803	126710611	2	1	1	2
6	126710612	128956294	2	1	1	2
6	128956295	141328333	2	1	1	3
6	141328334	141369141	2	1	1	2
6	141369142	170916135	2	1	1	3
7	40386	8605819	2	1	1	3
7	8605820	57949987	2	1	1	3
7	57949988	61699999	2	1	1	3
7	61700000	84144877	2	1	1	3
7	84144878	84389405	2	1	1	2
7	84389406	93240186	2	1	1	3
7	93240187	113551002	2	1	1	3
7	113551003	114957401	2	1	1	3
7	114957402	115564801	2	1	1	2
7	115564802	126114242	2	1	1	3
7	126114243	158821400	2	1	1	3
8	1	170011	2	1	1	2
8	170012	43099999	2	1	1	3
8	43100000	48099999	2	1	1	2
8	48100000	83230197	2	1	1	3
8	83230198	83242741	2	1	1	3
8	83242742	88584372	2	1	1	3
8	88584373	116701174	2	1	1	3
8	116701175	146364021	2	1	1	3
9	10001	200468	2	1	1	2
9	200469	10084207	2	1	1	3
9	10084208	10316812	2	1	1	2
9	10316813	22669165	2	1	1	3
9	22669166	22743106	2	1	1	2
9	22743107	28035435	2	1	1	3
9	28035436	29408233	2	1	1	2
9	29408234	29437076	0	0	0	2
9	29437077	31222264	2	1	1	3
9	31222265	31246346	2	1	1	2
9	31246347	31606318	2	1	1	3
9	31606319	47299999	2	1	1	3
9	47300000	50699999	2	1	1	2
9	50700000	66799971	2	1	1	2
9	66799972	69954018	2	1	1	2
9	69954019	75998001	2	1	1	3
9	75998002	140273200	2	1	1	3
10	102500	37999999	2	1	1	3
10	38000000	42671002	2	1	1	2
10	42671003	62844001	2	1	1	3
10	62844002	91926233	2	1	1	3
10	91926234	107737580	2	1	1	3
10	107737581	109829083	2	1	1	3
10	109829084	135389924	2	1	1	3
11	20721	190009	2	1	1	2
11	190010	26787401	2	1	1	3
11	26787402	29230483	2	1	1	2
11	29230484	29888401	2	1	1	2
11	29888402	48704947	2	1	1	3
11	48704948	48940295	2	1	1	2
11	48940296	50332133	2	1	1	2
11	50332134	50665202	0	0	0	1
11	50665203	51443064	2	1	1	2
11	51443065	51558965	2	1	1	2
11	51558966	55699999	2	1	1	2
11	55700000	80986805	2	1	1	3
11	80986806	81891680	2	1	1	2
11	81891681	84189712	2	1	1	3
11	84189713	84233349	2	1	1	3
11	84233350	84386142	2	1	1	3
11	84386143	87519568	2	1	1	3
11	87519569	87703549	2	1	1	2
11	87703550	88932800	2	1	1	2
11	88932801	91775648	2	1	1	2
11	91775649	91870315	2	1	1	2
11	91870316	97232240	2	1	1	3
11	97232241	100181000	2	1	1	2
11	100181001	134452200	2	1	1	3
12	110107	8702881	2	1	1	3
12	8702882	9870016	2	1	1	2
12	9870017	10914570	2	1	1	2
12	10914571	11007206	1	1	0	2
12	11007207	11484866	2	1	1	2
12	11484867	11689314	1	1	0	2
12	11689315	11746977	2	1	1	2
12	11746978	11785361	1	1	0	2
12	11785362	11794959	1	1	0	2
12	11794960	11908409	1	1	0	2
12	11908410	12761940	2	1	1	2
12	12761941	12761985	2	1	1	2
12	12761986	12772470	2	1	1	2
12	12772471	12886967	1	1	0	2
12	12886968	13003300	2	1	1	2
12	13003301	13065178	2	1	1	2
12	13065179	13065247	2	1	1	2
12	13065248	13177989	1	1	0	2
12	13177990	13607370	2	1	1	2
12	13607371	26540126	2	1	1	2
12	26540127	28660869	2	1	1	2
12	28660870	29127971	2	1	1	2
12	29127972	33097074	2	1	1	2
12	33097075	33299999	2	1	1	2
12	33300000	38199999	NA	NA	NA	NA
12	38200000	38331937	0	0	0	2
12	38331938	38365608	0	0	0	2
12	38365609	38439202	0	0	0	2
12	38439203	43935208	2	1	1	3
12	43935209	44231188	2	1	1	3
12	44231189	44286646	2	1	1	2
12	44286647	44551943	2	1	1	2
12	44551944	44562381	2	1	1	2
12	44562382	44629386	2	1	1	2
12	44629387	44689817	2	1	1	2
12	44689818	44754274	2	1	1	2
12	44754275	44975209	2	1	1	2
12	44975210	45446457	2	1	1	2
12	45446458	45490628	2	1	1	2
12	45490629	45490762	2	1	1	2
12	45490763	45551601	2	1	1	2
12	45551602	45586968	2	1	1	2
12	45586969	45588758	2	1	1	2
12	45588759	45773771	2	1	1	2
12	45773772	62168165	2	1	1	3
12	62168166	73429100	2	1	1	3
12	73429101	79299232	2	1	1	3
12	79299233	79443401	2	1	1	2
12	79443402	80999471	2	1	1	3
12	80999472	81966477	2	1	1	3
12	81966478	82151280	2	1	1	2
12	82151281	84766164	2	1	1	3
12	84766165	87945953	2	1	1	3
12	87945954	88323802	2	1	1	2
12	88323803	91693477	2	1	1	3
12	91693478	132349400	2	1	1	3
12	132349401	133851894	2	1	1	2
13	1	16299999	2	1	1	1
13	16300000	19499999	2	1	1	2
13	19500000	56931516	2	1	1	3
13	56931517	65104823	2	1	1	3
13	65104824	81963969	2	1	1	3
13	81963970	88151738	2	1	1	3
13	88151739	89465125	2	1	1	3
13	89465126	114142800	2	1	1	3
13	114142801	115169877	2	1	1	2
14	1	16099999	2	1	1	1
14	16100000	19099999	2	1	1	2
14	19100000	27858859	2	1	1	3
14	27858860	28594654	2	1	1	2
14	28594655	40658800	2	1	1	3
14	40658801	40916402	2	1	1	2
14	40916403	47295601	2	1	1	2
14	47295602	85750786	2	1	1	3
14	85750787	85807001	2	1	1	2
14	85807002	106368400	2	1	1	3
15	1	15799999	2	1	1	1
15	15800000	20699999	2	1	1	2
15	20700000	46539195	2	1	1	3
15	46539196	46789821	2	1	1	2
15	46789822	100338800	2	1	1	3
15	100338801	102531391	2	1	1	2
16	100010	32545601	2	1	1	3
16	32545602	33865001	2	1	1	3
16	33865002	34599999	2	1	1	3
16	34600000	38599999	2	1	1	2
16	38600000	61716632	2	1	1	3
16	61716633	61840001	2	1	1	2
16	61840002	64851249	2	1	1	3
16	64851250	64864995	2	1	1	3
16	64864996	88827200	2	1	1	3
16	88827201	90354752	2	1	1	2
17	828	22199999	2	1	1	3
17	22200000	25799999	2	1	1	3
17	25800000	41475912	2	1	1	3
17	41475913	43382500	1	1	0	2
17	43382501	44297797	1	1	0	2
17	44297798	44358110	2	1	1	2
17	44358111	78774600	2	1	1	3
17	78774601	81195209	2	1	1	2
18	27500	130030	2	1	1	2
18	130031	15399966	2	1	1	3
18	15399967	18999999	2	1	1	2
18	19000000	26767396	2	1	1	3
18	26767397	27834201	2	1	1	3
18	27834202	30822339	2	1	1	3
18	30822340	35837597	2	1	1	3
18	35837598	36370018	2	1	1	2
18	36370019	38256017	2	1	1	2
18	38256018	38286019	2	1	1	2
18	38286020	63095888	2	1	1	3
18	63095889	76117000	2	1	1	3
18	76117001	78077247	2	1	1	2
19	102500	254303	2	1	1	2
19	254304	24373172	2	1	1	3
19	24373173	28599999	2	1	1	2
19	28600000	59128982	2	1	1	3
20	32147	25599999	2	1	1	3
20	25600000	29831740	2	1	1	2
20	29831741	62435800	2	1	1	3
21	1	9411193	NA	NA	NA	NA
21	9411194	10670000	NA	NA	NA	NA
21	10670001	14369601	NA	NA	NA	NA
21	14369602	15273231	4	3	1	1
21	15273232	46944200	2	1	1	3
21	46944201	48129894	2	1	1	2
22	1	12199999	2	1	1	1
22	12200000	17899999	2	1	1	3
22	17900000	24115514	2	1	1	3
22	24115515	24202378	2	1	1	2
22	24202379	49691400	2	1	1	3
22	49691401	51304565	2	1	1	2
X	1	58099999	1	1	0	3
X	58100000	62999999	1	1	0	2
X	63000000	155270559	1	1	0	3
Y	1	2962601	1	1	0	1
Y	2962602	5006201	1	1	0	1
Y	5006202	10043802	1	1	0	1
Y	10043803	11599999	1	1	0	1
Y	11600000	13885605	1	1	0	1
Y	13885606	59373565	1	1	0	1
