chromosome	start	end	total_cn	major_cn	minor_cn	star
1	1	840008	3	2	1	2
1	840009	11812705	3	2	1	3
1	11812706	11862669	4	3	1	2
1	11862670	11866013	4	3	1	2
1	11866014	114046210	2	1	1	3
1	114046211	114046395	2	1	1	3
1	114046396	121499999	2	1	1	3
1	121500000	128899999	2	1	1	2
1	128900000	142564938	2	1	1	2
1	142564939	142730938	2	1	1	2
1	142730939	142967402	1	1	0	2
1	142967403	143362500	1	1	0	2
1	143362501	143541401	1	1	0	1
1	143541402	192531201	2	1	1	3
1	192531202	192538409	2	1	1	2
1	192538410	225355245	2	1	1	3
1	225355246	225355260	2	1	1	3
1	225355261	247247500	2	1	1	3
1	247247501	249250620	2	1	1	3
2	16078	40011082	3	2	1	3
2	40011083	40011255	3	2	1	2
2	40011256	43887489	3	2	1	3
2	43887490	43887721	3	2	1	3
2	43887722	90499999	3	2	1	3
2	90500000	96799999	3	2	1	3
2	96800000	104757195	3	2	1	3
2	104757196	104757206	3	2	1	3
2	104757207	117842314	3	2	1	3
2	117842315	141978973	3	2	1	3
2	141978974	141979009	3	2	1	2
2	141979010	203688445	3	2	1	2
2	203688446	204228580	2	1	1	3
2	204228581	204299882	3	2	1	2
2	204299883	211536760	2	1	1	3
2	211536761	211540931	2	1	1	2
2	211540932	242955889	2	1	1	3
3	100074	5425542	1	1	0	3
3	5425543	8477654	3	2	1	3
3	8477655	11311850	5	4	1	3
3	11311851	13539899	3	2	1	3
3	13539900	13543652	11	10	1	1
3	13543653	13547038	11	10	1	1
3	13547039	13551531	11	10	1	1
3	13551532	14161729	4	3	1	2
3	14161730	14163874	11	10	1	2
3	14163875	14213474	5	4	1	1
3	14213475	14220741	5	4	1	1
3	14220742	14241064	5	4	1	1
3	14241065	14245204	5	4	1	1
3	14245205	15500376	5	4	1	3
3	15500377	15502964	5	4	1	2
3	15502965	15615699	9	8	1	1
3	15615700	15618342	1	1	0	1
3	15618343	60465001	1	1	0	3
3	60465002	60472859	1	1	0	2
3	60472860	79151723	1	1	0	3
3	79151724	79673058	2	1	1	3
3	79673059	79674697	2	1	1	2
3	79674698	79677499	1	1	0	2
3	79677500	81717033	1	1	0	3
3	81717034	87899999	2	1	1	3
3	87900000	93899999	2	1	1	3
3	93900000	102338063	2	1	1	3
3	102338064	103173933	2	1	1	2
3	103173934	103183770	2	1	1	2
3	103183771	111284757	2	1	1	3
3	111284758	112912780	2	1	1	2
3	112912781	125390023	2	1	1	3
3	125390024	134801289	3	2	1	3
3	134801290	137228780	2	1	1	2
3	137228781	142570337	3	2	1	2
3	142570338	143344958	4	3	1	3
3	143344959	143543925	3	2	1	2
3	143543926	145182401	4	3	1	2
3	145182402	145276603	5	4	1	2
3	145276604	145354155	6	5	1	2
3	145354156	145668141	3	2	1	2
3	145668142	145668371	3	2	1	2
3	145668372	145673481	3	2	1	2
3	145673482	145710739	3	2	1	2
3	145710740	146484592	3	2	1	2
3	146484593	146902167	2	1	1	2
3	146902168	146902713	2	1	1	1
3	146902714	146903412	3	2	1	2
3	146903413	146904078	3	2	1	2
3	146904079	147764449	3	2	1	2
3	147764450	147915161	3	2	1	2
3	147915162	147915757	3	2	1	2
3	147915758	147916232	5	4	1	1
3	147916233	148136929	5	4	1	2
3	148136930	148449073	3	2	1	2
3	148449074	148616101	3	2	1	2
3	148616102	150449393	2	1	1	2
3	150449394	150451604	2	1	1	2
3	150451605	150451690	2	1	1	2
3	150451691	150490625	2	1	1	2
3	150490626	151187385	2	1	1	2
3	151187386	151612295	3	2	1	2
3	151612296	151812013	4	3	1	2
3	151812014	152019165	5	4	1	2
3	152019166	152064199	5	4	1	2
3	152064200	152737598	5	4	1	2
3	152737599	152972061	5	4	1	2
3	152972062	153136417	4	3	1	2
3	153136418	153656159	2	1	1	2
3	153656160	153779126	3	2	1	2
3	153779127	156621348	2	1	1	2
3	156621349	161165531	2	1	1	2
3	161165532	161210665	3	2	1	2
3	161210666	161350458	2	1	1	2
3	161350459	162809428	3	2	1	3
3	162809429	163706319	2	1	1	2
3	163706320	164219770	3	2	1	2
3	164219771	164504048	2	1	1	2
3	164504049	167446413	3	2	1	3
3	167446414	167827870	3	2	1	2
3	167827871	169451435	5	4	1	2
3	169451436	169763269	4	3	1	2
3	169763270	170742643	5	4	1	2
3	170742644	170950100	4	3	1	2
3	170950101	171428585	5	4	1	3
3	171428586	171586620	3	2	1	2
3	171586621	177718342	1	1	0	3
3	177718343	198022429	2	1	1	3
4	36797	6858425	1	1	0	3
4	6858426	6864479	3	2	1	1
4	6864480	8430201	3	2	1	3
4	8430202	34671769	2	1	1	3
4	34671770	47159522	2	1	1	3
4	47159523	47159572	2	1	1	3
4	47159573	48199999	2	1	1	3
4	48200000	52699999	2	1	1	3
4	52700000	191154275	2	1	1	3
5	22500	859608	2	1	1	2
5	859609	28371925	2	1	1	3
5	28371926	28375476	2	1	1	1
5	28375477	28376007	2	1	1	1
5	28376008	28380010	1	1	0	2
5	28380011	45425611	2	1	1	3
5	45425612	45428771	2	1	1	3
5	45428772	50699999	2	1	1	3
5	50700000	180706525	2	1	1	3
6	39681	229981	1	1	0	3
6	229982	415908	1	1	0	2
6	415909	11665476	1	1	0	3
6	11665477	11666731	1	1	0	2
6	11666732	11668203	2	2	0	1
6	11668204	21150842	2	2	0	3
6	21150843	28162525	1	1	0	3
6	28162526	28202500	4	3	1	2
6	28202501	28252833	4	3	1	2
6	28252834	28353609	3	2	1	2
6	28353610	28355057	4	3	1	2
6	28355058	28355467	4	3	1	1
6	28355468	29031601	4	3	1	2
6	29031602	29274875	5	4	1	2
6	29274876	31830845	6	5	1	2
6	31830846	32178798	7	6	1	2
6	32178799	32443613	6	5	1	2
6	32443614	35093123	4	3	1	2
6	35093124	35094333	5	3	2	2
6	35094334	36091519	6	5	1	2
6	36091520	36485615	8	7	1	2
6	36485616	36487693	8	7	1	2
6	36487694	36643254	3	2	1	2
6	36643255	39296584	5	4	1	2
6	39296585	39297712	6	5	1	2
6	39297713	39933645	6	5	1	2
6	39933646	40955402	7	6	1	2
6	40955403	41127085	6	5	1	2
6	41127086	41513020	10	9	1	2
6	41513021	41643838	6	5	1	2
6	41643839	41644979	6	5	1	2
6	41644980	41846815	10	9	1	2
6	41846816	42039591	14	13	1	2
6	42039592	42041685	14	13	1	1
6	42041686	42320077	6	5	1	2
6	42320078	42535135	6	5	1	2
6	42535136	42536706	6	5	1	2
6	42536707	42931593	6	5	1	2
6	42931594	42993428	10	9	1	2
6	42993429	42997032	6	5	1	2
6	42997033	58699999	2	1	1	2
6	58700000	63847482	2	1	1	3
6	63847483	64179361	2	1	1	2
6	64179362	64180999	2	1	1	2
6	64181000	64563499	3	2	1	2
6	64563500	64742432	3	2	1	2
6	64742433	64872868	2	1	1	1
6	64872869	64890052	2	1	1	1
6	64890053	64891677	2	1	1	2
6	64891678	64893632	2	1	1	2
6	64893633	64893847	2	1	1	2
6	64893848	65199809	2	1	1	2
6	65199810	85909062	1	1	0	3
6	85909063	100052145	2	1	1	3
6	100052146	100052185	2	1	1	3
6	100052186	134176729	2	1	1	3
6	134176730	134176905	2	1	1	3
6	134176906	148791491	2	1	1	3
6	148791492	148830523	1	1	0	2
6	148830524	164984001	2	1	1	3
6	164984002	165235800	2	1	1	1
6	165235801	165236407	4	3	1	1
6	165236408	165270119	NA	NA	NA	NA
6	165270120	165271584	NA	NA	NA	NA
6	165271585	165600237	6	5	1	2
6	165600238	165601274	6	5	1	2
6	165601275	165880308	8	7	1	2
6	165880309	166509921	7	6	1	2
6	166509922	166510891	5	4	1	2
6	166510892	166592010	3	2	1	3
6	166592011	168652074	2	1	1	3
6	168652075	168847914	3	2	1	3
6	168847915	168904468	2	1	1	2
6	168904469	170267497	3	2	1	2
6	170267498	170739182	1	1	0	2
6	170739183	170740720	1	1	0	2
6	170740721	170755057	5	4	1	2
6	170755058	170755313	3	2	1	1
6	170755314	170846923	3	2	1	2
6	170846924	170897500	1	1	0	2
7	40386	57999999	3	2	1	3
7	58000000	61699999	3	2	1	2
7	61700000	61944997	3	2	1	2
7	61944998	93150896	2	1	1	3
7	93150897	103794694	2	1	1	3
7	103794695	103794801	2	1	1	3
7	103794802	110588751	2	1	1	3
7	110588752	110698251	1	1	0	3
7	110698252	127621973	2	1	1	3
7	127621974	127622498	2	1	1	2
7	127622499	127625321	2	1	1	2
7	127625322	127733487	1	1	0	2
7	127733488	158821400	2	1	1	3
8	10001	142424	1	1	0	2
8	142425	7196601	1	1	0	3
8	7196602	7203401	1	1	0	2
8	7203402	7935202	1	1	0	2
8	7935203	8086801	1	1	0	2
8	8086802	8461898	1	1	0	2
8	8461899	8466445	9	8	1	1
8	8466446	8960636	9	8	1	1
8	8960637	8997930	8	7	1	1
8	8997931	10020560	7	6	1	3
8	10020561	10020623	7	6	1	1
8	10020624	10020774	7	6	1	1
8	10020775	10021170	7	6	1	1
8	10021171	10026271	6	5	1	2
8	10026272	10026638	5	4	1	2
8	10026639	10028209	5	4	1	2
8	10028210	10037386	5	4	1	3
8	10037387	10040040	6	5	1	2
8	10040041	10040185	5	4	1	1
8	10040186	10040259	5	4	1	1
8	10040260	10040410	5	4	1	2
8	10040411	10040775	5	4	1	2
8	10040776	10193098	5	4	1	3
8	10193099	10194018	7	6	1	1
8	10194019	10194154	7	6	1	2
8	10194155	10222072	7	6	1	2
8	10222073	10253417	7	6	1	2
8	10253418	10253535	7	6	1	2
8	10253536	10254481	7	6	1	1
8	10254482	10261835	7	6	1	2
8	10261836	10261919	7	6	1	1
8	10261920	10261974	7	6	1	1
8	10261975	10263583	7	6	1	1
8	10263584	10263599	7	6	1	1
8	10263600	10263855	7	6	1	1
8	10263856	10264285	9	8	1	1
8	10264286	10519759	4	3	1	2
8	10519760	10520019	9	8	1	2
8	10520020	10527775	9	8	1	1
8	10527776	10528201	9	8	1	1
8	10528202	10528281	9	8	1	1
8	10528282	10528557	9	8	1	1
8	10528558	10528583	9	8	1	1
8	10528584	11928402	9	8	1	1
8	11928403	12008602	9	8	1	1
8	12008603	12014401	6	4	2	1
8	12014402	12412676	6	4	2	1
8	12412677	12462401	7	6	1	1
8	12462402	12995771	7	6	1	2
8	12995772	13366590	3	2	1	3
8	13366591	13367181	1	1	0	1
8	13367182	13367204	1	1	0	2
8	13367205	13367330	1	1	0	2
8	13367331	13372457	1	1	0	2
8	13372458	31497196	1	1	0	3
8	31497197	31500157	1	1	0	1
8	31500158	31505431	3	3	0	1
8	31505432	31506222	3	3	0	2
8	31506223	38303161	3	3	0	3
8	38303162	43099999	2	2	0	3
8	43100000	48099999	2	2	0	3
8	48100000	54210002	2	2	0	3
8	54210003	60019078	1	1	0	3
8	60019079	60022273	1	1	0	2
8	60022274	60023005	3	3	0	2
8	60023006	60023124	3	3	0	2
8	60023125	62735406	3	3	0	3
8	62735407	62869750	4	4	0	3
8	62869751	63431668	2	2	0	3
8	63431669	63434561	2	2	0	2
8	63434562	63456248	2	2	0	1
8	63456249	96823101	2	2	0	3
8	96823102	100975010	3	2	1	2
8	100975011	101197301	4	3	1	2
8	101197302	101791693	5	4	1	2
8	101791694	101859785	4	3	1	2
8	101859786	102109924	5	4	1	2
8	102109925	103327445	4	3	1	2
8	103327446	105269940	3	2	1	2
8	105269941	114975657	4	2	2	2
8	114975658	115116624	5	3	2	2
8	115116625	115116771	5	3	2	2
8	115116772	115125431	5	3	2	1
8	115125432	124398340	4	2	2	2
8	124398341	124398497	4	2	2	2
8	124398498	125604407	4	2	2	2
8	125604408	146364021	3	2	1	2
9	47500	223159	2	1	1	2
9	223160	21962460	2	1	1	3
9	21962461	21963033	2	1	1	2
9	21963034	21965388	1	1	0	2
9	21965389	22024253	1	1	0	2
9	22024254	47299999	2	1	1	3
9	47300000	50699999	2	1	1	2
9	50700000	66494187	2	1	1	2
9	66494188	103640150	2	1	1	3
9	103640151	140273200	2	1	1	3
9	140273201	141068960	2	1	1	2
10	107442	364376	2	1	1	3
10	364377	8312027	1	1	0	3
10	8312028	13912333	2	1	1	3
10	13912334	13933785	2	1	1	2
10	13933786	15005711	2	1	1	3
10	15005712	15667675	4	3	1	3
10	15667676	16992053	3	2	1	3
10	16992054	16992330	3	2	1	3
10	16992331	17274553	3	2	1	3
10	17274554	28230488	1	1	0	3
10	28230489	28909968	2	1	1	3
10	28909969	28911436	2	1	1	2
10	28911437	29375393	2	1	1	3
10	29375394	31118010	1	1	0	3
10	31118011	31376533	3	2	1	3
10	31376534	34865685	1	1	0	3
10	34865686	35292356	3	2	1	3
10	35292357	37999999	1	1	0	3
10	38000000	42367499	NA	NA	NA	NA
10	42367500	54157721	2	1	1	3
10	54157722	54158837	2	1	1	3
10	54158838	112364219	2	1	1	3
10	112364220	112364405	2	1	1	3
10	112364406	135416722	2	1	1	3
11	196944	15224739	2	1	1	3
11	15224740	15224928	2	1	1	3
11	15224929	51599999	2	1	1	3
11	51600000	55699999	2	1	1	3
11	55700000	84987797	2	1	1	3
11	84987798	84987810	2	1	1	3
11	84987811	134452200	2	1	1	3
12	110107	25100202	1	1	0	3
12	25100203	25101533	49	49	0	1
12	25101534	25189836	49	49	0	1
12	25189837	25191297	49	49	0	1
12	25191298	25253162	49	49	0	1
12	25253163	25260929	49	49	0	1
12	25260930	25286408	49	49	0	1
12	25286409	25288641	49	49	0	1
12	25288642	25478720	49	49	0	1
12	25478721	25481266	49	49	0	1
12	25481267	25522857	49	48	1	1
12	25522858	25529566	20	19	1	1
12	25529567	25905204	20	19	1	2
12	25905205	25906250	20	19	1	1
12	25906251	27361847	14	13	1	1
12	27361848	27363021	6	5	1	1
12	27363022	28350163	6	5	1	3
12	28350164	28366830	4	3	1	2
12	28366831	30386922	6	5	1	3
12	30386923	30387669	6	5	1	1
12	30387670	30623145	16	15	1	2
12	30623146	30623727	16	15	1	2
12	30623728	30624041	23	22	1	1
12	30624042	31142337	23	22	1	2
12	31142338	31452040	22	21	1	2
12	31452041	31457976	19	18	1	1
12	31457977	31463522	19	18	1	1
12	31463523	31489186	19	18	1	1
12	31489187	32538837	18	17	1	2
12	32538838	32539813	19	18	1	1
12	32539814	38199999	NA	NA	NA	NA
12	38200000	63971397	2	1	1	3
12	63971398	132349400	2	1	1	3
12	132349401	133851894	2	1	1	3
13	1	16299999	2	1	1	1
13	16300000	19499999	2	1	1	2
13	19500000	22419264	2	1	1	2
13	22419265	24143642	3	2	1	2
13	24143643	24160326	2	1	1	2
13	24160327	24211973	3	2	1	3
13	24211974	24275548	4	3	1	2
13	24275549	24396445	5	4	1	3
13	24396446	24396466	5	4	1	2
13	24396467	24396749	5	4	1	1
13	24396750	24453256	4	3	1	2
13	24453257	24462093	4	3	1	2
13	24462094	24486950	4	3	1	2
13	24486951	24487051	4	3	1	2
13	24487052	24505375	4	3	1	3
13	24505376	25567046	3	2	1	2
13	25567047	25666590	4	3	1	2
13	25666591	25694202	3	2	1	2
13	25694203	27903113	2	1	1	2
13	27903114	27973834	3	2	1	3
13	27973835	27974157	3	2	1	2
13	27974158	27974257	2	1	1	2
13	27974258	28200204	2	1	1	2
13	28200205	30480267	3	2	1	2
13	30480268	30480508	3	2	1	2
13	30480509	30483503	4	3	1	1
13	30483504	30484507	4	3	1	1
13	30484508	30484815	4	3	1	1
13	30484816	30485034	4	3	1	1
13	30485035	30488131	4	3	1	1
13	30488132	30829639	4	3	1	2
13	30829640	31076922	3	2	1	2
13	31076923	31087518	5	4	1	2
13	31087519	31172036	3	2	1	2
13	31172037	31177513	4	3	1	2
13	31177514	31198626	3	2	1	2
13	31198627	31198666	2	1	1	2
13	31198667	31477605	2	1	1	2
13	31477606	31583212	3	2	1	2
13	31583213	31583262	3	2	1	2
13	31583263	34780374	2	1	1	2
13	34780375	34781497	2	1	1	2
13	34781498	35728653	4	3	1	2
13	35728654	36115832	3	3	0	2
13	36115833	36117321	4	4	0	2
13	36117322	36117439	4	4	0	2
13	36117440	36117726	4	4	0	2
13	36117727	36253336	4	4	0	2
13	36253337	36746606	3	3	0	3
13	36746607	38085401	4	4	0	3
13	38085402	39483116	4	4	0	3
13	39483117	40893417	5	5	0	2
13	40893418	43280751	4	4	0	3
13	43280752	43280903	4	4	0	3
13	43280904	46148001	4	4	0	3
13	46148002	49533348	5	4	1	2
13	49533349	49536620	5	4	1	2
13	49536621	52151426	5	4	1	2
13	52151427	52152716	5	4	1	2
13	52152717	53142002	3	2	1	2
13	53142003	53313916	2	2	0	3
13	53313917	53314313	2	2	0	1
13	53314314	55012704	2	2	0	3
13	55012705	55015813	2	2	0	2
13	55015814	55227519	4	2	2	2
13	55227520	55228291	5	3	2	2
13	55228292	55543810	6	4	2	2
13	55543811	57714602	5	3	2	2
13	57714603	57898389	4	2	2	2
13	57898390	57900215	5	3	2	1
13	57900216	59179428	5	3	2	2
13	59179429	65042372	3	2	1	2
13	65042373	65090259	5	3	2	2
13	65090260	65182403	5	3	2	2
13	65182404	69008527	3	2	1	2
13	69008528	69010056	3	2	1	2
13	69010057	69999355	3	2	1	2
13	69999356	70493608	3	2	1	2
13	70493609	70553657	4	3	1	2
13	70553658	70555568	4	3	1	2
13	70555569	70563782	4	3	1	2
13	70563783	72668343	5	4	1	2
13	72668344	72669371	5	4	1	2
13	72669372	74209727	1	1	0	2
13	74209728	74210283	1	1	0	2
13	74210284	74210364	1	1	0	1
13	74210365	86281977	2	1	1	2
13	86281978	86282549	2	1	1	2
13	86282550	86327080	2	1	1	2
13	86327081	86327410	2	1	1	2
13	86327411	86328018	2	1	1	2
13	86328019	86328120	2	1	1	2
13	86328121	87266465	2	1	1	2
13	87266466	87266760	2	1	1	2
13	87266761	87362845	2	1	1	2
13	87362846	88668362	2	1	1	2
13	88668363	88668783	2	1	1	2
13	88668784	89314107	2	1	1	2
13	89314108	89472362	4	3	1	2
13	89472363	89473058	4	3	1	2
13	89473059	91694652	2	1	1	2
13	91694653	91695974	2	1	1	2
13	91695975	91696186	4	3	1	1
13	91696187	91696301	4	3	1	1
13	91696302	91696719	4	3	1	1
13	91696720	91701076	4	3	1	1
13	91701077	91701177	4	3	1	1
13	91701178	94731410	4	3	1	2
13	94731411	94735856	3	2	1	2
13	94735857	94735886	3	2	1	2
13	94735887	94746521	3	2	1	2
13	94746522	97629444	3	2	1	2
13	97629445	97748101	2	1	1	2
13	97748102	98230995	3	2	1	3
13	98230996	98231058	3	2	1	2
13	98231059	103924346	2	1	1	2
13	103924347	104998830	3	2	1	2
13	104998831	108972684	2	1	1	2
13	108972685	109068329	3	2	1	3
13	109068330	110524419	2	1	1	2
13	110524420	110524594	2	1	1	2
13	110524595	114142800	2	1	1	2
13	114142801	115169877	2	1	1	2
14	1	16099999	5	4	1	1
14	16100000	19099999	NA	NA	NA	NA
14	19100000	19534692	5	4	1	2
14	19534693	20444983	3	2	1	2
14	20444984	21171273	5	4	1	3
14	21171274	21667121	6	5	1	3
14	21667122	21667465	6	5	1	2
14	21667466	21671226	7	6	1	2
14	21671227	22588519	8	7	1	2
14	22588520	22888777	5	4	1	3
14	22888778	22889907	5	4	1	2
14	22889908	22899352	6	5	1	1
14	22899353	22899462	6	5	1	1
14	22899463	22899560	6	5	1	1
14	22899561	22899581	6	5	1	1
14	22899582	22900488	6	5	1	1
14	22900489	22900646	6	5	1	1
14	22900647	22901322	6	5	1	1
14	22901323	22908541	6	5	1	1
14	22908542	22957882	6	5	1	2
14	22957883	22958714	6	5	1	2
14	22958715	22963897	5	4	1	2
14	22963898	22964167	5	4	1	2
14	22964168	22964409	5	4	1	1
14	22964410	22965894	5	4	1	1
14	22965895	22966119	5	4	1	1
14	22966120	22966184	5	4	1	1
14	22966185	22966353	5	4	1	1
14	22966354	22966583	5	4	1	1
14	22966584	22966602	5	4	1	1
14	22966603	22966818	5	4	1	1
14	22966819	22967530	5	4	1	1
14	22967531	22967567	5	4	1	1
14	22967568	22967791	5	4	1	2
14	22967792	22967850	5	4	1	2
14	22967851	22968354	5	4	1	2
14	22968355	22968381	5	4	1	2
14	22968382	22968471	5	4	1	2
14	22968472	22968517	5	4	1	2
14	22968518	22968950	5	4	1	2
14	22968951	22969147	5	4	1	2
14	22969148	22969205	5	4	1	2
14	22969206	22969640	5	4	1	2
14	22969641	22969714	5	4	1	2
14	22969715	22969931	5	4	1	2
14	22969932	22970048	5	4	1	2
14	22970049	23023587	5	4	1	2
14	23023588	23028526	5	4	1	2
14	23028527	23028716	5	4	1	1
14	23028717	23028916	5	4	1	1
14	23028917	23045374	5	4	1	2
14	23045375	23045878	5	4	1	2
14	23045879	23055992	5	4	1	2
14	23055993	23057101	4	3	1	2
14	23057102	23057503	4	3	1	2
14	23057504	23068073	4	3	1	2
14	23068074	23068295	4	3	1	2
14	23068296	23068520	5	4	1	2
14	23068521	23068569	5	4	1	2
14	23068570	23068775	5	4	1	2
14	23068776	23069165	5	4	1	2
14	23069166	23069303	5	4	1	2
14	23069304	23069315	5	4	1	2
14	23069316	23148161	5	4	1	2
14	23148162	23148299	5	4	1	2
14	23148300	23157719	4	3	1	2
14	23157720	23158126	4	3	1	2
14	23158127	23158239	4	3	1	2
14	23158240	23158340	4	3	1	2
14	23158341	23158913	4	3	1	2
14	23158914	23159219	4	3	1	2
14	23159220	23159929	4	3	1	2
14	23159930	23160271	4	3	1	2
14	23160272	23160409	4	3	1	2
14	23160410	23160495	4	3	1	2
14	23160496	23175738	4	3	1	2
14	23175739	23176222	4	3	1	2
14	23176223	23176547	4	3	1	2
14	23176548	23176706	4	3	1	2
14	23176707	23176768	4	3	1	2
14	23176769	23192081	5	4	1	2
14	23192082	23192457	5	4	1	2
14	23192458	23192616	5	4	1	2
14	23192617	23237884	5	4	1	2
14	23237885	23238806	4	3	1	2
14	23238807	23255562	4	3	1	2
14	23255563	23255695	4	3	1	2
14	23255696	23255766	4	3	1	2
14	23255767	23255910	4	3	1	2
14	23255911	23256104	4	3	1	2
14	23256105	23256124	4	3	1	2
14	23256125	23256455	4	3	1	1
14	23256456	23256494	4	3	1	1
14	23256495	23256705	4	3	1	2
14	23256706	23259726	4	3	1	3
14	23259727	23259892	4	3	1	2
14	23259893	27041042	4	3	1	3
14	27041043	27065024	4	3	1	2
14	27065025	27065086	4	3	1	1
14	27065087	27065481	4	3	1	1
14	27065482	27065680	4	3	1	1
14	27065681	27065755	4	3	1	1
14	27065756	27065774	4	3	1	1
14	27065775	27066115	4	3	1	1
14	27066116	27075811	4	3	1	1
14	27075812	27076965	4	3	1	1
14	27076966	27085939	4	3	1	1
14	27085940	27086457	4	3	1	1
14	27086458	27086658	4	3	1	1
14	27086659	27086752	4	3	1	1
14	27086753	27086914	4	3	1	1
14	27086915	27108135	4	3	1	1
14	27108136	27108656	4	3	1	1
14	27108657	27110191	4	3	1	1
14	27110192	27121440	4	3	1	1
14	27121441	27123726	4	3	1	2
14	27123727	37560505	4	3	1	3
14	37560506	37562953	4	3	1	2
14	37562954	39121222	4	3	1	2
14	39121223	106090824	2	1	1	3
14	106090825	106134531	2	1	1	2
14	106134532	107039610	2	1	1	3
15	1	15799999	2	1	1	1
15	15800000	20699999	2	1	1	2
15	20700000	100338800	2	1	1	3
15	100338801	102403326	2	1	1	3
16	83807	8741116	1	1	0	3
16	8741117	10208217	3	2	1	2
16	10208218	34599999	2	1	1	3
16	34600000	38599999	2	1	1	3
16	38600000	77799067	2	1	1	3
16	77799068	78401478	3	2	1	2
16	78401479	78401827	3	2	1	2
16	78401828	78636662	2	1	1	3
16	78636663	78654823	2	1	1	3
16	78654824	78954034	2	1	1	3
16	78954035	78956162	2	1	1	3
16	78956163	88827200	2	1	1	3
16	88827201	90354752	2	1	1	3
17	7	22199999	1	1	0	3
17	22200000	25799999	NA	NA	NA	NA
17	25800000	28117986	3	2	1	3
17	28117987	28132057	3	2	1	1
17	28132058	29400505	3	2	1	3
17	29400506	29659807	3	2	1	3
17	29659808	30659296	4	2	2	3
17	30659297	30684111	4	2	2	1
17	30684112	30768761	4	2	2	2
17	30768762	30802840	4	2	2	2
17	30802841	30893057	4	2	2	3
17	30893058	32681117	2	2	0	3
17	32681118	32732566	4	2	2	2
17	32732567	42629174	2	2	0	3
17	42629175	42643444	2	2	0	3
17	42643445	46865755	2	2	0	3
17	46865756	46865909	2	2	0	2
17	46865910	46865979	2	2	0	2
17	46865980	46871020	2	2	0	2
17	46871021	46871225	2	2	0	1
17	46871226	46871867	2	2	0	2
17	46871868	46872109	2	2	0	2
17	46872110	46872185	2	2	0	2
17	46872186	51712234	2	2	0	3
17	51712235	57816566	3	2	1	3
17	57816567	57845245	1	1	0	2
17	57845246	57918608	3	2	1	2
17	57918609	58002110	4	2	2	2
17	58002111	78774600	3	2	1	3
17	78774601	81195209	3	2	1	2
18	27500	131554	1	1	0	2
18	131555	212544	1	1	0	2
18	212545	5106996	3	2	1	3
18	5106997	5107939	3	2	1	2
18	5107940	5557794	3	2	1	2
18	5557795	5574051	4	3	1	2
18	5574052	9873592	1	1	0	3
18	9873593	9941013	2	1	1	3
18	9941014	10351446	4	3	1	2
18	10351447	10352447	4	3	1	2
18	10352448	11741189	2	1	1	3
18	11741190	11742930	2	1	1	3
18	11742931	13163190	2	1	1	3
18	13163191	13371831	3	2	1	3
18	13371832	14356442	2	1	1	3
18	14356443	15399999	2	1	1	2
18	15400000	18999999	2	1	1	3
18	19000000	22150154	2	1	1	3
18	22150155	76117000	1	1	0	2
18	76117001	78077247	1	1	0	3
19	260137	24399999	2	1	1	3
19	24400000	28599999	2	1	1	3
19	28600000	59128982	2	1	1	3
20	17500	23413286	2	1	1	2
20	23413287	23413620	2	1	1	2
20	23413621	25599999	2	1	1	2
20	25600000	29399999	2	1	1	2
20	29400000	62432500	2	1	1	2
21	1	9454893	NA	NA	NA	NA
21	9454894	9877926	NA	NA	NA	NA
21	9877927	10899999	NA	NA	NA	NA
21	10900000	14299999	2	2	0	1
21	14300000	46937500	2	1	1	3
21	46937501	48129894	2	1	1	2
22	1	12199999	2	1	1	1
22	12200000	17899999	2	1	1	3
22	17900000	28267472	2	1	1	3
22	28267473	29065500	3	2	1	3
22	29065501	29065586	3	2	1	3
22	29065587	29065717	3	2	1	2
22	29065718	29066001	3	2	1	2
22	29066002	30373851	3	2	1	3
22	30373852	30374898	3	2	1	2
22	30374899	46364762	1	1	0	2
22	46364763	46400631	2	2	0	2
22	46400632	46408121	2	2	0	1
22	46408122	46823422	2	2	0	3
22	46823423	49687500	1	1	0	2
22	49687501	51304565	1	1	0	3
X	1	2700026	1	1	0	2
X	2700027	58099999	1	1	0	3
X	58100000	62999999	1	1	0	3
X	63000000	93045693	1	1	0	3
X	93045694	98989051	1	1	0	3
X	98989052	155270559	1	1	0	3
Y	1	11599999	0	0	0	1
Y	11600000	13399999	0	0	0	1
Y	13400000	59373565	NA	NA	NA	NA
