chromosome	start	end	total_cn	major_cn	minor_cn	star
1	10001	13182499	2	1	1	3
1	13182500	23944730	2	1	1	3
1	23944731	23951771	2	1	1	2
1	23951772	25385093	2	1	1	2
1	25385094	25521093	1	1	0	2
1	25521094	25624317	1	1	0	2
1	25624318	33153017	2	1	1	2
1	33153018	33173220	2	1	1	2
1	33173221	42610205	2	1	1	2
1	42610206	42651000	2	1	1	1
1	42651001	54897510	2	1	1	2
1	54897511	54899206	2	1	1	2
1	54899207	63452499	2	1	1	2
1	63452500	63540001	4	2	2	2
1	63540002	72240939	2	1	1	3
1	72240940	72263582	2	1	1	3
1	72263583	74858359	2	1	1	2
1	74858360	75616691	2	1	1	2
1	75616692	75617509	2	1	1	2
1	75617510	75618394	2	1	1	2
1	75618395	75619295	2	1	1	2
1	75619296	86588587	2	1	1	3
1	86588588	86637839	1	1	0	2
1	86637840	110091421	2	1	1	3
1	110091422	121499999	2	1	1	2
1	121500000	128899999	2	1	1	2
1	128900000	143747499	2	1	1	2
1	143747500	146515813	2	1	1	2
1	146515814	146647367	2	1	1	2
1	146647368	147276407	1	1	0	2
1	147276408	148222499	3	2	1	1
1	148222500	150299998	3	2	1	2
1	150299999	152239975	4	2	2	2
1	152239976	152439988	2	1	1	2
1	152439989	152500427	2	1	1	2
1	152500428	152766693	2	1	1	2
1	152766694	153128008	4	3	1	2
1	153128009	154615054	4	2	2	2
1	154615055	157956983	3	2	1	2
1	157956984	160882500	2	1	1	2
1	160882501	162830009	2	1	1	2
1	162830010	163077670	2	1	1	2
1	163077671	163081749	2	1	1	2
1	163081750	169250066	2	1	1	2
1	169250067	169297689	2	1	1	2
1	169297690	169312733	2	1	1	2
1	169312734	179781304	2	1	1	2
1	179781305	179792717	2	1	1	2
1	179792718	191484464	2	1	1	2
1	191484465	191491968	2	1	1	2
1	191491969	202190163	3	2	1	2
1	202190164	203309578	2	1	1	2
1	203309579	203803788	1	1	0	2
1	203803789	203806387	2	1	1	2
1	203806388	204147432	2	1	1	2
1	204147433	213669991	2	1	1	2
1	213669992	213671854	2	1	1	2
1	213671855	217311128	2	1	1	2
1	217311129	217483113	3	2	1	2
1	217483114	218050855	2	2	0	1
1	218050856	219017499	2	1	1	2
1	219017500	220090340	2	1	1	2
1	220090341	220131660	4	3	1	2
1	220131661	220594964	2	1	1	2
1	220594965	222636627	2	1	1	2
1	222636628	225979946	2	1	1	2
1	225979947	231150015	3	2	1	2
1	231150016	233709979	2	1	1	2
1	233709980	234989876	2	1	1	2
1	234989877	235549925	2	1	1	2
1	235549926	237985051	3	2	1	2
1	237985052	238190006	1	1	0	2
1	238190007	239682499	5	3	2	2
1	239682500	245057927	3	2	1	2
1	245057928	245058705	4	2	2	1
1	245058706	245939972	2	1	1	2
1	245939973	246510033	1	1	0	2
1	246510034	246773553	4	2	2	1
1	246773554	246775599	4	2	2	1
1	246775600	247247500	2	1	1	2
1	247247501	249250620	4	2	2	2
2	13651	7354975	2	1	1	2
2	7354976	7362770	1	1	0	2
2	7362771	10345133	1	1	0	2
2	10345134	10460016	3	2	1	1
2	10460017	11246238	1	1	0	2
2	11246239	12869979	1	1	0	2
2	12869980	30587500	1	1	0	2
2	30587501	31790821	1	1	0	2
2	31790822	32012616	1	1	0	2
2	32012617	32018723	1	1	0	2
2	32018724	32176683	1	1	0	2
2	32176684	32402327	3	2	1	2
2	32402328	33192435	1	1	0	2
2	33192436	37432106	1	1	0	2
2	37432107	37629966	1	1	0	2
2	37629967	42605066	1	1	0	2
2	42605067	42709287	1	1	0	2
2	42709288	42714498	4	3	1	2
2	42714499	54059081	1	1	0	2
2	54059082	60501760	3	2	1	2
2	60501761	62550001	2	1	1	2
2	62550002	68787499	2	1	1	3
2	68787500	69862499	1	1	0	2
2	69862500	70199936	4	2	2	2
2	70199937	74630024	2	1	1	2
2	74630025	74777514	4	2	2	1
2	74777515	74777530	2	1	1	2
2	74777531	86551978	2	1	1	2
2	86551979	90499999	2	1	1	2
2	90500000	96799999	2	1	1	2
2	96800000	104369203	2	1	1	3
2	104369204	104371409	2	1	1	2
2	104371410	104480906	4	2	2	1
2	104480907	104487182	2	1	1	1
2	104487183	105390047	2	1	1	2
2	105390048	108645469	2	1	1	2
2	108645470	108647686	2	1	1	2
2	108647687	113951903	2	1	1	3
2	113951904	115228440	2	1	1	2
2	115228441	120204727	2	1	1	2
2	120204728	125720001	2	1	1	2
2	125720002	131592326	2	1	1	2
2	131592327	131602111	2	1	1	2
2	131602112	171325373	2	1	1	2
2	171325374	171675002	2	1	1	2
2	171675003	171675650	2	1	1	2
2	171675651	177096321	2	1	1	2
2	177096322	177219500	1	1	0	2
2	177219501	177868795	0	0	0	2
2	177868796	177976025	1	1	0	2
2	177976026	180120065	1	1	0	2
2	180120066	180336705	3	2	1	2
2	180336706	180461417	1	1	0	2
2	180461418	186581895	2	2	0	2
2	186581896	186601459	1	1	0	1
2	186601460	190431745	1	1	0	2
2	190431746	194835644	1	1	0	2
2	194835645	194851497	1	1	0	2
2	194851498	198972499	1	1	0	2
2	198972500	209130018	1	1	0	2
2	209130019	236573558	1	1	0	2
2	236573559	240548922	1	1	0	2
2	240548923	240700638	1	1	0	1
2	240700639	242999968	1	1	0	2
3	10001	100073	3	3	0	2
3	100074	990098	4	4	0	2
3	990099	1800055	4	4	0	2
3	1800056	2494746	3	3	0	2
3	2494747	2810112	3	3	0	2
3	2810113	3067064	1	1	0	1
3	3067065	3068645	3	3	0	2
3	3068646	5239984	2	2	0	2
3	5239985	7812499	3	3	0	1
3	7812500	7849899	2	2	0	2
3	7849900	8069802	2	2	0	2
3	8069803	8868710	3	3	0	2
3	8868711	9117499	2	2	0	2
3	9117500	9241802	2	2	0	1
3	9241803	10207018	3	3	0	2
3	10207019	12720379	1	1	0	2
3	12720380	12810056	2	2	0	2
3	12810057	14671608	2	2	0	2
3	14671609	14673192	2	2	0	2
3	14673193	15270078	2	2	0	2
3	15270079	19180035	1	1	0	2
3	19180036	19725082	2	2	0	2
3	19725083	21331614	2	2	0	2
3	21331615	23674031	2	2	0	2
3	23674032	23677008	1	1	0	2
3	23677009	23811416	1	1	0	2
3	23811417	24992499	2	2	0	2
3	24992500	29440021	2	2	0	2
3	29440022	32240052	2	2	0	2
3	32240053	34164956	2	2	0	2
3	34164957	34999985	2	2	0	2
3	34999986	37292500	2	2	0	2
3	37292501	41675761	2	2	0	2
3	41675762	42187975	3	3	0	2
3	42187976	42208535	2	2	0	2
3	42208536	44614940	2	2	0	2
3	44614941	45922500	2	2	0	2
3	45922501	53787500	2	2	0	2
3	53787501	56319926	1	1	0	2
3	56319927	57282499	2	2	0	2
3	57282500	58130031	2	2	0	2
3	58130032	58569983	3	2	1	2
3	58569984	59100102	1	1	0	2
3	59100103	59279983	3	2	1	2
3	59279984	61559976	2	1	1	2
3	61559977	63459995	1	1	0	2
3	63459996	64279493	2	1	1	2
3	64279494	64279515	2	1	1	2
3	64279516	64314823	2	1	1	2
3	64314824	66287499	2	1	1	3
3	66287500	66679991	1	1	0	2
3	66679992	66945052	4	2	2	2
3	66945053	71165526	2	1	1	2
3	71165527	71168734	2	1	1	2
3	71168735	78631001	2	1	1	2
3	78631002	87899999	2	1	1	2
3	87900000	93899999	2	1	1	3
3	93900000	94441311	2	1	1	3
3	94441312	94629998	1	1	0	2
3	94629999	99069575	1	1	0	2
3	99069576	99074067	1	1	0	2
3	99074068	99698102	1	1	0	2
3	99698103	99705719	0	0	0	2
3	99705720	100447500	2	2	0	2
3	100447501	100671012	6	6	0	2
3	100671013	101731187	8	8	0	2
3	101731188	102155253	7	7	0	2
3	102155254	106022233	9	9	0	1
3	106022234	107154367	8	8	0	2
3	107154368	107992499	2	2	0	2
3	107992500	108119079	2	2	0	2
3	108119080	108596595	3	3	0	2
3	108596596	109642499	2	2	0	2
3	109642500	109773982	9	9	0	1
3	109773983	109799912	1	1	0	2
3	109799913	129319977	1	1	0	2
3	129319978	131440001	1	1	0	2
3	131440002	133450005	1	1	0	2
3	133450006	133672499	2	2	0	2
3	133672500	133972179	1	1	0	2
3	133972180	134639982	2	2	0	2
3	134639983	137344237	1	1	0	2
3	137344238	137349278	1	1	0	1
3	137349279	137613379	1	1	0	2
3	137613380	144290307	2	2	0	2
3	144290308	144663553	4	3	1	1
3	144663554	146058142	4	4	0	1
3	146058143	146060367	3	3	0	2
3	146060368	150399997	3	3	0	2
3	150399998	153538177	3	3	0	2
3	153538178	154192484	3	3	0	2
3	154192485	154195149	3	3	0	2
3	154195150	156121900	3	3	0	2
3	156121901	156167499	1	1	0	1
3	156167500	156279933	5	3	2	2
3	156279934	156591144	5	4	1	1
3	156591145	156712345	4	3	1	1
3	156712346	158215363	3	2	1	2
3	158215364	158216978	3	2	1	2
3	158216979	162400863	3	2	1	2
3	162400864	162404268	3	2	1	2
3	162404269	166739998	4	2	2	1
3	166739999	169405023	3	2	1	2
3	169405024	173633337	3	2	1	2
3	173633338	173634485	3	3	0	2
3	173634486	178539267	3	3	0	1
3	178539268	185420809	2	1	1	2
3	185420810	185665097	2	1	1	2
3	185665098	186880406	2	2	0	2
3	186880407	190632499	2	2	0	2
3	190632500	197570009	2	2	0	2
4	27500	1107257	1	1	0	2
4	1107258	1110393	1	1	0	2
4	1110394	10099595	1	1	0	2
4	10099596	24039915	1	1	0	2
4	24039916	24572500	1	1	0	2
4	24572501	24748619	1	1	0	2
4	24748620	24758092	1	1	0	2
4	24758093	25630679	1	1	0	2
4	25630680	48199999	1	1	0	2
4	48200000	52699999	1	1	0	1
4	52700000	53997499	1	1	0	2
4	53997500	57540071	1	1	0	2
4	57540072	57601043	4	3	1	2
4	57601044	67848079	1	1	0	2
4	67848080	67855190	1	1	0	2
4	67855191	84349992	1	1	0	2
4	84349993	84593282	2	1	1	2
4	84593283	84594271	2	1	1	2
4	84594272	84678370	3	2	1	2
4	84678371	102602432	1	1	0	2
4	102602433	102605853	1	1	0	1
4	102605854	103480061	1	1	0	2
4	103480062	121436354	1	1	0	2
4	121436355	121651495	1	1	0	2
4	121651496	121670574	1	1	0	2
4	121670575	122471890	1	1	0	2
4	122471891	122489037	1	1	0	2
4	122489038	122611284	1	1	0	2
4	122611285	152749746	1	1	0	2
4	152749747	152956669	1	1	0	2
4	152956670	152957964	1	1	0	2
4	152957965	156329785	1	1	0	2
4	156329786	156709982	1	1	0	2
4	156709983	159622401	1	1	0	2
4	159622402	175007499	1	1	0	2
4	175007500	182377500	1	1	0	2
4	182377501	183093733	1	1	0	2
4	183093734	186643425	1	1	0	2
4	186643426	186643728	1	1	0	2
4	186643729	191154275	1	1	0	2
5	22500	2972500	1	1	0	2
5	2972501	3113492	1	1	0	2
5	3113493	3120169	1	1	0	2
5	3120170	5940044	1	1	0	2
5	5940045	6439990	1	1	0	2
5	6439991	6770023	2	1	1	2
5	6770024	6860015	2	1	1	2
5	6860016	9669038	2	1	1	2
5	9669039	9674367	3	2	1	2
5	9674368	9909017	1	1	0	2
5	9909018	18719870	2	1	1	2
5	18719871	44963379	2	1	1	2
5	44963380	44971182	2	1	1	2
5	44971183	45845144	2	1	1	2
5	45845145	50699999	NA	NA	NA	NA
5	50700000	51200023	2	1	1	2
5	51200024	51403097	2	1	1	2
5	51403098	55802500	1	1	0	2
5	55802501	61897499	1	1	0	2
5	61897500	62150005	0	0	0	2
5	62150006	67489980	1	1	0	2
5	67489981	67640015	1	1	0	2
5	67640016	71400378	1	1	0	2
5	71400379	71417614	1	1	0	2
5	71417615	80282499	1	1	0	2
5	80282500	80652792	1	1	0	2
5	80652793	82586651	1	1	0	2
5	82586652	82593735	1	1	0	2
5	82593736	97056420	1	1	0	2
5	97056421	100082499	1	1	0	2
5	100082500	104040062	1	1	0	2
5	104040063	107082346	1	1	0	2
5	107082347	107085559	1	1	0	2
5	107085560	107228264	0	0	0	2
5	107228265	116335581	1	1	0	2
5	116335582	121011837	1	1	0	2
5	121011838	127920002	1	1	0	2
5	127920003	139929507	1	1	0	2
5	139929508	147820015	2	1	1	3
5	147820016	148252493	2	1	1	2
5	148252494	148338420	0	0	0	2
5	148338421	148339660	0	0	0	2
5	148339661	159300058	2	1	1	2
5	159300059	159417499	5	3	2	2
5	159417500	168766887	2	1	1	2
5	168766888	169258701	2	1	1	2
5	169258702	170328776	1	1	0	2
5	170328777	170333408	3	2	1	2
5	170333409	171681236	2	1	1	2
5	171681237	171682965	2	1	1	3
5	171682966	172805001	2	1	1	3
5	172805002	172955594	2	1	1	2
5	172955595	173090259	1	1	0	2
5	173090260	173140258	1	1	0	2
5	173140259	177997147	1	1	0	2
5	177997148	178119481	2	2	0	2
5	178119482	180067500	1	1	0	2
5	180067501	180672682	1	1	0	2
6	39681	249954	3	2	1	2
6	249955	330900	3	2	1	2
6	330901	434241	3	2	1	2
6	434242	490209	5	3	2	2
6	490210	979840	5	3	2	2
6	979841	1203927	3	2	1	2
6	1203928	1680002	3	2	1	2
6	1680003	2758028	3	2	1	2
6	2758029	3235847	3	2	1	2
6	3235848	3384958	5	3	2	2
6	3384959	3435216	2	1	1	1
6	3435217	3623812	5	3	2	2
6	3623813	3668446	4	2	2	2
6	3668447	4169980	4	2	2	2
6	4169981	5112499	3	2	1	2
6	5112500	5400037	2	1	1	2
6	5400038	8920000	4	2	2	2
6	8920001	9212603	4	2	2	2
6	9212604	9440090	6	3	3	1
6	9440091	10305723	5	3	2	2
6	10305724	11489948	4	2	2	2
6	11489949	11813937	5	3	2	2
6	11813938	12341246	7	4	3	2
6	12341247	12639268	2	1	1	2
6	12639269	12809972	5	3	2	2
6	12809973	12989351	2	1	1	2
6	12989352	13115173	6	3	3	2
6	13115174	13342499	3	2	1	1
6	13342500	13585199	6	3	3	2
6	13585200	13586799	6	3	3	2
6	13586800	13701135	5	3	2	3
6	13701136	13960156	7	4	3	1
6	13960157	16249979	4	2	2	2
6	16249980	16532499	2	1	1	2
6	16532500	17657500	5	3	2	2
6	17657501	20131575	5	3	2	2
6	20131576	20274999	5	3	2	2
6	20275000	20506211	2	1	1	2
6	20506212	20512228	3	2	1	1
6	20512229	20882499	3	2	1	2
6	20882500	21333622	3	2	1	2
6	21333623	21342163	4	3	1	2
6	21342164	21633833	4	3	1	2
6	21633834	21858197	6	3	3	1
6	21858198	22060029	2	1	1	2
6	22060030	23391179	6	3	3	2
6	23391180	23439153	5	3	2	1
6	23439154	23700818	2	1	1	2
6	23700819	23884920	2	1	1	2
6	23884921	23957648	2	1	1	2
6	23957649	24167807	2	1	1	2
6	24167808	24351896	3	2	1	2
6	24351897	24610141	2	1	1	2
6	24610142	25006591	2	1	1	2
6	25006592	25290012	2	1	1	2
6	25290013	25750792	2	1	1	2
6	25750793	26040452	2	1	1	2
6	26040453	26109922	5	3	2	2
6	26109923	26389218	2	1	1	2
6	26389219	29275299	5	3	2	2
6	29275300	29279655	2	1	1	2
6	29279656	32430401	3	2	1	2
6	32430402	32959960	4	3	1	2
6	32959961	33712051	3	2	1	2
6	33712052	34250005	1	1	0	2
6	34250006	35249465	1	1	0	2
6	35249466	36118402	3	2	1	2
6	36118403	37624042	3	2	1	2
6	37624043	38317685	4	3	1	2
6	38317686	38456650	6	5	1	2
6	38456651	38612257	4	3	1	2
6	38612258	39661143	5	4	1	2
6	39661144	39693594	5	4	1	2
6	39693595	40376038	5	4	1	2
6	40376039	40456330	6	5	1	2
6	40456331	40858423	6	5	1	2
6	40858424	41172146	7	6	1	2
6	41172147	41875902	4	3	1	2
6	41875903	42081912	4	3	1	2
6	42081913	42215707	18	17	1	2
6	42215708	44781431	10	9	1	1
6	44781432	45476707	3	2	1	2
6	45476708	49244801	2	1	1	2
6	49244802	51670005	2	1	1	2
6	51670006	52140032	2	1	1	2
6	52140033	55148808	2	1	1	2
6	55148809	55261251	3	2	1	2
6	55261252	55900002	2	1	1	2
6	55900003	58699999	2	1	1	3
6	58700000	63299999	2	1	1	2
6	63300000	64359988	2	1	1	2
6	64359989	91082741	2	1	1	3
6	91082742	91089655	2	1	1	1
6	91089656	96512219	2	1	1	2
6	96512220	98309073	2	1	1	2
6	98309074	98310322	2	1	1	2
6	98310323	104331001	2	1	1	2
6	104331002	109131609	2	1	1	3
6	109131610	113879953	2	1	1	3
6	113879954	136731964	2	1	1	3
6	136731965	136948398	2	1	1	2
6	136948399	136966222	2	1	1	2
6	136966223	140919885	2	1	1	3
6	140919886	141717179	2	1	1	2
6	141717180	141720459	2	1	1	2
6	141720460	141829998	5	3	2	2
6	141829999	144377500	2	1	1	2
6	144377501	158232499	2	1	1	2
6	158232500	158683311	2	1	1	2
6	158683312	161859948	2	1	1	2
6	161859949	162152499	1	1	0	2
6	162152500	168219284	2	1	1	2
6	168219285	168219907	2	1	1	2
6	168219908	170912653	2	1	1	2
7	63188	620044	2	1	1	2
7	620045	6290088	2	1	1	2
7	6290089	6687499	4	2	2	2
7	6687500	7291441	2	1	1	2
7	7291442	7296363	1	1	0	2
7	7296364	8847617	1	1	0	2
7	8847618	19538839	2	1	1	2
7	19538840	20109781	1	1	0	2
7	20109782	20117489	1	1	0	1
7	20117490	32434555	1	1	0	2
7	32434556	32589276	3	2	1	1
7	32589277	32595911	2	2	0	2
7	32595912	32681406	1	1	0	2
7	32681407	32936389	2	2	0	2
7	32936390	33120002	2	2	0	2
7	33120003	33440719	2	2	0	2
7	33440720	33486502	1	1	0	2
7	33486503	37605228	1	1	0	2
7	37605229	41271047	1	1	0	2
7	41271048	46555076	2	1	1	2
7	46555077	46555665	2	1	1	2
7	46555666	49040142	2	1	1	2
7	49040143	50903662	2	1	1	2
7	50903663	50924050	2	1	1	2
7	50924051	51099743	2	1	1	2
7	51099744	51202499	4	3	1	2
7	51202500	52443701	2	1	1	2
7	52443702	52451845	5	3	2	1
7	52451846	54589001	4	2	2	1
7	54589002	55689989	2	1	1	2
7	55689990	57999999	2	1	1	2
7	58000000	61699999	2	1	1	2
7	61700000	69187499	2	1	1	3
7	69187500	72582001	2	1	1	2
7	72582002	95973688	2	1	1	3
7	95973689	99699942	1	1	0	2
7	99699943	101490017	4	3	1	2
7	101490018	104445168	1	1	0	2
7	104445169	104520231	1	1	0	2
7	104520232	106637722	1	1	0	2
7	106637723	106639899	1	1	0	2
7	106639900	107228686	1	1	0	2
7	107228687	108567499	1	1	0	2
7	108567500	114883304	1	1	0	2
7	114883305	116210579	1	1	0	2
7	116210580	130232500	2	1	1	2
7	130232501	137965083	2	1	1	2
7	137965084	138300019	2	1	1	1
7	138300020	146659114	2	1	1	2
7	146659115	150995663	1	1	0	2
7	150995664	151502499	1	1	0	2
7	151502500	151609991	5	3	2	2
7	151609992	151960980	1	1	0	2
7	151960981	152008686	1	1	0	2
7	152008687	158821400	1	1	0	2
8	10001	177043	2	1	1	2
8	177044	36560061	2	1	1	2
8	36560062	43099999	2	1	1	2
8	43100000	48099999	2	1	1	2
8	48100000	58557041	2	1	1	2
8	58557042	59192499	2	1	1	2
8	59192500	60111043	3	2	1	2
8	60111044	60679494	4	2	2	2
8	60679495	62130123	3	2	1	2
8	62130124	62639989	1	1	0	2
8	62639990	62871768	2	1	1	2
8	62871769	63108596	4	3	1	2
8	63108597	63276653	4	2	2	2
8	63276654	63288667	3	2	1	2
8	63288668	66270160	3	2	1	2
8	66270161	70232499	3	2	1	2
8	70232500	72309273	2	1	1	2
8	72309274	81454330	3	2	1	2
8	81454331	82049968	2	1	1	2
8	82049969	82387600	4	3	1	2
8	82387601	91389168	3	2	1	2
8	91389169	92895159	3	2	1	2
8	92895160	92899065	3	2	1	2
8	92899066	94648693	3	2	1	2
8	94648694	95078962	3	2	1	2
8	95078963	99024299	3	2	1	2
8	99024300	99094987	5	3	2	2
8	99094988	100892499	3	2	1	2
8	100892500	101202680	5	3	2	2
8	101202681	102122500	4	3	1	2
8	102122501	102772499	3	2	1	1
8	102772500	103990083	3	2	1	2
8	103990084	104272247	1	1	0	2
8	104272248	105770047	3	2	1	1
8	105770048	106000033	2	1	1	2
8	106000034	106699998	4	3	1	2
8	106699999	109713553	3	2	1	2
8	109713554	109715924	3	2	1	1
8	109715925	109903641	2	1	1	1
8	109903642	110032779	5	3	2	2
8	110032780	117270335	5	3	2	2
8	117270336	118007499	3	2	1	2
8	118007500	118279968	3	2	1	2
8	118279969	120113725	4	3	1	2
8	120113726	120248900	5	3	2	2
8	120248901	120557500	3	2	1	2
8	120557501	120606319	2	2	0	2
8	120606320	120968602	4	3	1	2
8	120968603	121139044	2	2	0	1
8	121139045	121375176	4	3	1	2
8	121375177	121410001	3	2	1	2
8	121410002	122100972	3	2	1	2
8	122100973	122267515	3	2	1	2
8	122267516	122316600	3	2	1	2
8	122316601	123049674	4	3	1	2
8	123049675	123619979	2	1	1	2
8	123619980	123895750	1	1	0	2
8	123895751	123900068	1	1	0	2
8	123900069	123912388	2	1	1	1
8	123912389	124982214	4	2	2	2
8	124982215	125284358	2	1	1	2
8	125284359	125521195	2	1	1	2
8	125521196	125723834	3	2	1	2
8	125723835	128949939	4	2	2	2
8	128949940	129090009	4	2	2	2
8	129090010	131467648	3	2	1	2
8	131467649	131557499	7	4	3	1
8	131557500	134013742	4	2	2	2
8	134013743	134191137	2	1	1	2
8	134191138	135396001	5	3	2	2
8	135396002	135778128	2	1	1	2
8	135778129	139530056	2	1	1	2
8	139530057	139764796	4	2	2	2
8	139764797	139880001	4	2	2	1
8	139880002	140389965	2	1	1	2
8	140389966	140657534	2	1	1	2
8	140657535	140824275	3	2	1	2
8	140824276	141470496	3	2	1	2
8	141470497	141659020	3	2	1	2
8	141659021	142005912	2	1	1	2
8	142005913	143439233	5	3	2	2
8	143439234	146364021	5	3	2	2
9	74760	270320	1	1	0	1
9	270321	373834	1	1	0	2
9	373835	743989	2	1	1	2
9	743990	1414103	3	2	1	2
9	1414104	1780031	3	2	1	2
9	1780032	2000008	4	2	2	2
9	2000009	2397563	1	1	0	1
9	2397564	4652178	3	2	1	2
9	4652179	4886785	5	3	2	2
9	4886786	7231223	3	2	1	2
9	7231224	7312500	2	2	0	2
9	7312501	7822844	2	1	1	2
9	7822845	7840024	3	2	1	2
9	7840025	12959933	3	2	1	2
9	12959934	14047490	3	2	1	2
9	14047491	14288470	2	1	1	2
9	14288471	15105915	3	2	1	2
9	15105916	15200076	1	1	0	2
9	15200077	27695004	1	1	0	2
9	27695005	28314916	1	1	0	2
9	28314917	37652500	2	1	1	3
9	37652501	47299999	2	1	1	2
9	47300000	50699999	2	1	1	2
9	50700000	66712499	2	1	1	2
9	66712500	73225821	2	1	1	2
9	73225822	73262500	1	1	0	2
9	73262501	74752499	1	1	0	2
9	74752500	74980006	1	1	0	2
9	74980007	77018998	1	1	0	2
9	77018999	78470004	2	1	1	2
9	78470005	78726818	2	1	1	2
9	78726819	78765363	1	1	0	2
9	78765364	79127499	1	1	0	2
9	79127500	82530468	1	1	0	2
9	82530469	83330026	1	1	0	1
9	83330027	83574769	2	1	1	2
9	83574770	83670393	1	1	0	2
9	83670394	87337500	1	1	0	2
9	87337501	89330012	1	1	0	2
9	89330013	93652965	2	2	0	2
9	93652966	104109995	2	2	0	2
9	104109996	104927193	2	2	0	2
9	104927194	105010804	3	3	0	2
9	105010805	105011704	1	1	0	2
9	105011705	106608985	3	3	0	2
9	106608986	106670003	3	3	0	2
9	106670004	107689951	1	1	0	2
9	107689952	107879987	3	2	1	2
9	107879988	111528012	1	1	0	2
9	111528013	114457500	2	2	0	2
9	114457501	114899978	1	1	0	2
9	114899979	115797499	2	2	0	2
9	115797500	115943002	1	1	0	2
9	115943003	116178528	1	1	0	2
9	116178529	116381454	2	2	0	2
9	116381455	117399991	2	2	0	2
9	117399992	123775759	1	1	0	2
9	123775760	127568185	2	2	0	2
9	127568186	127580625	2	2	0	2
9	127580626	138117174	2	2	0	2
9	138117175	138184150	3	2	1	2
9	138184151	140273200	2	2	0	2
9	140273201	141019790	2	2	0	2
10	96434	18520038	2	1	1	2
10	18520039	37999999	2	1	1	2
10	38000000	42299999	2	1	1	2
10	42300000	47102499	2	1	1	2
10	47102500	47543683	1	1	0	2
10	47543684	47546097	1	1	0	2
10	47546098	47550039	1	1	0	2
10	47550040	50163354	1	1	0	2
10	50163355	50226333	3	2	1	2
10	50226334	72145576	1	1	0	2
10	72145577	87279997	1	1	0	2
10	87279998	87669990	1	1	0	2
10	87669991	87772932	1	1	0	2
10	87772933	108277499	1	1	0	2
10	108277500	108627500	0	0	0	2
10	108627501	119681023	1	1	0	2
10	119681024	120327499	1	1	0	2
10	120327500	125102499	1	1	0	2
10	125102500	125611208	1	1	0	2
10	125611209	127701311	1	1	0	2
10	127701312	127744802	1	1	0	2
10	127744803	128069995	1	1	0	2
10	128069996	128287747	3	3	0	1
10	128287748	128769507	1	1	0	2
10	128769508	129022500	1	1	0	2
10	129022501	129438398	1	1	0	2
10	129438399	131044070	1	1	0	2
10	131044071	131059627	1	1	0	2
10	131059628	135240075	1	1	0	2
10	135240076	135389924	2	1	1	2
11	20721	197336	2	1	1	2
11	197337	2593872	2	1	1	2
11	2593873	2615444	2	1	1	2
11	2615445	28765924	2	1	1	2
11	28765925	28785815	2	1	1	2
11	28785816	32439958	2	1	1	2
11	32439959	33429999	2	1	1	2
11	33430000	37684001	2	1	1	2
11	37684002	38329032	5	3	2	2
11	38329033	38335757	4	2	2	2
11	38335758	38637401	4	2	2	2
11	38637402	46157467	2	1	1	3
11	46157468	46279788	2	1	1	3
11	46279789	50193656	2	1	1	3
11	50193657	51552942	4	3	1	2
11	51552943	55699999	NA	NA	NA	NA
11	55700000	62227050	2	1	1	3
11	62227051	63187317	2	1	1	3
11	63187318	66347500	2	1	1	2
11	66347501	66614980	2	1	1	2
11	66614981	69227500	2	1	1	2
11	69227501	85576011	2	1	1	2
11	85576012	85576751	2	1	1	2
11	85576752	86376771	1	1	0	2
11	86376772	86499951	2	1	1	2
11	86499952	95059092	2	1	1	2
11	95059093	95063406	2	1	1	2
11	95063407	95099268	2	1	1	2
11	95099269	95775174	2	1	1	2
11	95775175	95997499	0	0	0	2
11	95997500	113772499	2	1	1	2
11	113772500	119307091	2	1	1	2
11	119307092	119314146	2	1	1	3
11	119314147	124849606	2	1	1	2
11	124849607	126366204	2	1	1	2
11	126366205	134402200	1	1	0	2
12	22500	188334	2	2	0	2
12	188335	2879373	2	2	0	2
12	2879374	3090410	4	4	0	1
12	3090411	3099519	2	2	0	2
12	3099520	6600796	2	2	0	2
12	6600797	6878603	2	2	0	2
12	6878604	9180041	2	2	0	2
12	9180042	10131938	2	2	0	2
12	10131939	14820096	2	2	0	2
12	14820097	16410014	2	2	0	2
12	16410015	22809968	2	2	0	2
12	22809969	25580827	2	2	0	2
12	25580828	27489981	2	2	0	2
12	27489982	28177499	1	1	0	2
12	28177500	28186219	1	1	0	2
12	28186220	30209265	3	2	1	2
12	30209266	33299999	3	2	1	2
12	33300000	38439994	3	2	1	2
12	38439995	42140044	3	2	1	2
12	42140045	42936222	3	2	1	2
12	42936223	44481766	3	2	1	2
12	44481767	44757500	4	3	1	2
12	44757501	44887153	3	2	1	2
12	44887154	44887176	3	2	1	2
12	44887177	46012914	1	1	0	2
12	46012915	52152697	1	1	0	2
12	52152698	52200036	4	3	1	2
12	52200037	52615248	5	4	1	2
12	52615249	52717686	4	3	1	2
12	52717687	52817499	2	1	1	2
12	52817500	53139433	2	1	1	2
12	53139434	53142895	1	1	0	2
12	53142896	54061928	1	1	0	2
12	54061929	54152302	1	1	0	2
12	54152303	54154690	1	1	0	2
12	54154691	54706195	1	1	0	2
12	54706196	54707284	1	1	0	2
12	54707285	55515007	1	1	0	2
12	55515008	58050016	1	1	0	2
12	58050017	89512499	1	1	0	2
12	89512500	89942500	1	1	0	2
12	89942501	110310665	1	1	0	2
12	110310666	110338907	1	1	0	2
12	110338908	113779980	1	1	0	2
12	113779981	114040027	2	2	0	2
12	114040028	125927015	1	1	0	2
12	125927016	126039938	1	1	0	2
12	126039939	126255186	2	2	0	2
12	126255187	132349400	2	2	0	2
12	132349401	133851894	2	2	0	2
13	1	16299999	1	1	0	1
13	16300000	19499999	1	1	0	2
13	19500000	20858813	1	1	0	2
13	20858814	20974987	1	1	0	2
13	20974988	22220011	1	1	0	2
13	22220012	22288634	1	1	0	2
13	22288635	25215901	2	1	1	2
13	25215902	30636054	2	1	1	2
13	30636055	30871664	2	1	1	2
13	30871665	30877430	2	1	1	2
13	30877431	36317499	2	1	1	2
13	36317500	36723147	1	1	0	2
13	36723148	37810044	1	1	0	2
13	37810045	37812403	1	1	0	2
13	37812404	42952499	1	1	0	2
13	42952500	43952499	0	0	0	1
13	43952500	44520068	1	1	0	2
13	44520069	47127499	2	2	0	2
13	47127500	48932681	2	2	0	2
13	48932682	48942270	2	2	0	2
13	48942271	64632914	2	2	0	2
13	64632915	70418591	4	4	0	1
13	70418592	70865061	5	5	0	1
13	70865062	72510012	4	4	0	2
13	72510013	73806058	2	2	0	2
13	73806059	75014864	2	2	0	2
13	75014865	75877500	3	3	0	2
13	75877501	78295951	3	3	0	2
13	78295952	80350013	3	3	0	2
13	80350014	80555880	3	3	0	2
13	80555881	80700079	2	2	0	2
13	80700080	81459489	3	3	0	2
13	81459490	81461279	3	3	0	2
13	81461280	91978973	4	4	0	1
13	91978974	97849982	3	3	0	2
13	97849983	97988021	3	3	0	1
13	97988022	97991952	3	3	0	2
13	97991953	99950006	3	3	0	2
13	99950007	100420032	1	1	0	2
13	100420033	101319809	3	3	0	2
13	101319810	103252503	3	3	0	2
13	103252504	103420093	2	2	0	2
13	103420094	106500013	3	3	0	2
13	106500014	106766662	2	2	0	2
13	106766663	106929252	3	3	0	2
13	106929253	108599980	3	3	0	2
13	108599981	110139965	3	3	0	2
13	110139966	110347944	2	2	0	2
13	110347945	112709691	3	3	0	2
13	112709692	113010001	3	3	0	2
13	113010002	114142800	3	3	0	2
13	114142801	115169877	3	3	0	2
14	1	16099999	2	1	1	1
14	16100000	19099999	NA	NA	NA	NA
14	19100000	20555071	5	3	2	2
14	20555072	20705287	2	1	1	2
14	20705288	38436000	2	1	1	2
14	38436001	38444016	2	1	1	2
14	38444017	40559600	2	1	1	2
14	40559601	45140920	2	1	1	2
14	45140921	45143596	2	1	1	2
14	45143597	59503628	2	1	1	3
14	59503629	65407159	1	1	0	2
14	65407160	70582865	1	1	0	2
14	70582866	87901748	1	1	0	2
14	87901749	106368400	1	1	0	2
15	1	15799999	1	1	0	1
15	15800000	20699999	1	1	0	2
15	20700000	25388493	1	1	0	2
15	25388494	40403075	1	1	0	2
15	40403076	42726546	1	1	0	2
15	42726547	42764032	1	1	0	2
15	42764033	49870395	1	1	0	2
15	49870396	50019995	1	1	0	2
15	50019996	50565020	1	1	0	2
15	50565021	59205654	1	1	0	2
15	59205655	59342636	5	3	2	2
15	59342637	86633645	2	1	1	2
15	86633646	96329987	2	1	1	2
15	96329988	96602495	2	1	1	2
15	96602496	96606758	2	1	1	2
15	96606759	96952499	2	1	1	2
15	96952500	100338800	2	1	1	2
15	100338801	102455746	2	1	1	2
16	84170	14079686	2	1	1	2
16	14079687	22908521	2	1	1	2
16	22908522	23190023	1	1	0	2
16	23190024	34599999	2	1	1	2
16	34600000	38599999	2	1	1	2
16	38600000	46462061	2	1	1	2
16	46462062	49914322	2	1	1	2
16	49914323	50199918	5	3	2	2
16	50199919	50463548	2	1	1	3
16	50463549	58823121	2	1	1	3
16	58823122	60990033	2	1	1	3
16	60990034	70674037	2	1	1	2
16	70674038	70809415	4	3	1	2
16	70809416	79119001	2	1	1	3
16	79119002	79432437	4	3	1	2
16	79432438	79688925	2	1	1	2
16	79688926	79692540	2	1	1	2
16	79692541	80270000	2	1	1	2
16	80270001	83590007	2	1	1	2
16	83590008	88822500	2	1	1	2
16	88822501	90354752	2	1	1	2
17	7	169865	2	2	0	2
17	169866	2892499	2	2	0	2
17	2892500	22199999	1	1	0	2
17	22200000	25799999	1	1	0	2
17	25800000	33299826	1	1	0	2
17	33299827	33929982	1	1	0	2
17	33929983	34868226	1	1	0	2
17	34868227	36246309	1	1	0	2
17	36246310	39180008	2	2	0	2
17	39180009	40046185	2	2	0	2
17	40046186	44057500	2	2	0	2
17	44057501	46679799	2	2	0	2
17	46679800	48477500	2	2	0	2
17	48477501	48642500	3	3	0	2
17	48642501	54299993	2	2	0	2
17	54299994	55372499	2	2	0	2
17	55372500	56604984	2	2	0	2
17	56604985	57729951	2	2	0	2
17	57729952	60837499	2	2	0	2
17	60837500	62644401	2	2	0	2
17	62644402	63227499	2	2	0	2
17	63227500	67481983	2	2	0	2
17	67481984	68544201	2	2	0	2
17	68544202	69372328	2	2	0	2
17	69372329	69840056	3	3	0	2
17	69840057	70621113	2	2	0	2
17	70621114	70671049	4	3	1	2
17	70671050	70904986	3	3	0	2
17	70904987	73433486	2	2	0	2
17	73433487	74780004	3	3	0	2
17	74780005	75484931	2	2	0	2
17	75484932	75488464	4	4	0	2
17	75488465	76041080	2	2	0	2
17	76041081	78774600	1	1	0	2
17	78774601	81195209	1	1	0	2
18	40901	169791	3	2	1	1
18	169792	453450	4	3	1	2
18	453451	1357500	2	1	1	2
18	1357501	2508893	2	1	1	2
18	2508894	11256306	2	1	1	2
18	11256307	12509993	2	1	1	2
18	12509994	14142302	2	1	1	2
18	14142303	15399999	2	1	1	2
18	15400000	18999999	2	1	1	2
18	19000000	20892664	2	1	1	2
18	20892665	20902967	2	1	1	2
18	20902968	23177974	2	1	1	2
18	23177975	26063736	2	1	1	3
18	26063737	26071956	2	1	1	3
18	26071957	43549233	2	1	1	3
18	43549234	45353253	2	1	1	3
18	45353254	45666044	3	2	1	2
18	45666045	45669948	3	2	1	2
18	45669949	46133982	3	2	1	2
18	46133983	54813810	2	1	1	2
18	54813811	67566311	1	1	0	2
18	67566312	73185826	1	1	0	1
18	73185827	76159969	1	1	0	2
18	76159970	78077247	1	1	0	2
19	102500	268593	1	1	0	2
19	268594	6694987	1	1	0	2
19	6694988	6742500	3	2	1	2
19	6742501	7134265	5	3	2	2
19	7134266	24255870	2	1	1	2
19	24255871	24399999	2	1	1	2
19	24400000	28599999	NA	NA	NA	NA
19	28600000	31468264	2	2	0	2
19	31468265	31515371	5	4	1	2
19	31515372	31749998	3	3	0	1
19	31749999	31956579	2	2	0	2
19	31956580	32094405	3	3	0	2
19	32094406	32226181	2	2	0	2
19	32226182	32487087	2	2	0	2
19	32487088	32609979	1	1	0	2
19	32609980	32872369	2	2	0	2
19	32872370	32922368	2	2	0	2
19	32922369	35244079	3	3	0	2
19	35244080	36809005	4	4	0	2
19	36809006	50510020	2	2	0	2
19	50510021	52359993	1	1	0	2
19	52359994	53499504	1	1	0	2
19	53499505	53764764	0	0	0	2
19	53764765	59128982	1	1	0	2
20	31450	3499999	2	1	1	2
20	3500000	14872312	2	1	1	2
20	14872313	15026089	2	1	1	2
20	15026090	15027964	2	1	1	2
20	15027965	20077375	2	1	1	2
20	20077376	20078684	2	1	1	2
20	20078685	25599999	2	2	0	2
20	25600000	29399999	2	2	0	2
20	29400000	32852187	2	2	0	2
20	32852188	32855634	2	2	0	2
20	32855635	42639977	2	1	1	2
20	42639978	43120016	5	3	2	2
20	43120017	52449962	2	1	1	2
20	52449963	52597499	2	1	1	2
20	52597500	52729944	0	0	0	1
20	52729945	54599999	2	1	1	2
20	54600000	59497485	2	1	1	2
20	59497486	61538254	2	1	1	2
20	61538255	61544167	2	1	1	2
20	61544168	62432500	2	1	1	2
20	62432501	62909988	2	1	1	2
21	1	10613601	NA	NA	NA	NA
21	10613602	10735278	NA	NA	NA	NA
21	10735279	10750448	2	1	1	1
21	10750449	15273743	NA	NA	NA	NA
21	15273744	28329982	2	1	1	2
21	28329983	29189802	4	2	2	2
21	29189803	35850092	2	1	1	2
21	35850093	46937500	2	1	1	3
21	46937501	48129894	2	1	1	2
22	1	12199999	2	1	1	1
22	12200000	17899999	2	1	1	2
22	17900000	38660872	2	1	1	3
22	38660873	38929998	2	1	1	1
22	38929999	39224481	3	2	1	1
22	39224482	39450623	5	3	2	2
22	39450624	39711430	2	1	1	2
22	39711431	39711700	2	1	1	2
22	39711701	46039976	2	1	1	2
22	46039977	49700053	2	1	1	2
22	49700054	51304565	3	2	1	2
X	1	6940193	4	2	2	2
X	6940194	16111482	2	1	1	2
X	16111483	16130948	2	1	1	2
X	16130949	35813712	2	1	1	2
X	35813713	35865639	3	2	1	2
X	35865640	51484477	2	1	1	2
X	51484478	51485807	2	1	1	2
X	51485808	58099999	2	1	1	2
X	58100000	62999999	2	1	1	2
X	63000000	64241847	2	1	1	2
X	64241848	64243628	2	1	1	2
X	64243629	84463831	2	1	1	2
X	84463832	84472665	2	1	1	2
X	84472666	90344269	2	1	1	2
X	90344270	94058895	2	1	1	2
X	94058896	94061026	2	1	1	2
X	94061027	154029988	2	1	1	2
X	154029989	155110557	2	1	1	2
