chromosome	start	end	total_cn	major_cn	minor_cn	star
1	10001	15142818	2	1	1	2
1	15142819	15143383	2	1	1	2
1	15143384	15144462	3	3	0	1
1	15144463	15145549	3	3	0	1
1	15145550	42635211	2	1	1	2
1	42635212	42950486	7	6	1	2
1	42950487	45943722	5	4	1	2
1	45943723	46094001	5	4	1	2
1	46094002	85682616	3	2	1	3
1	85682617	120537499	2	2	0	2
1	120537500	128899999	NA	NA	NA	NA
1	128900000	143517938	4	2	2	2
1	143517939	146475602	5	3	2	2
1	146475603	239813420	5	3	2	2
1	239813421	240054642	7	5	2	1
1	240054643	247247500	5	3	2	2
1	247247501	249250620	5	3	2	2
2	27472	79458739	3	2	1	3
2	79458740	79482449	3	3	0	1
2	79482450	90499999	3	2	1	3
2	90500000	96799999	NA	NA	NA	NA
2	96800000	98806859	4	2	2	1
2	98806860	98807039	3	3	0	1
2	98807040	98861263	5	3	2	1
2	98861264	100743116	2	2	0	2
2	100743117	186592499	4	2	2	2
2	186592500	242985493	4	2	2	2
3	60596	5490494	4	2	2	2
3	5490495	6375657	3	2	1	2
3	6375658	12367450	5	3	2	2
3	12367451	15276623	5	3	2	1
3	15276624	15778840	1	1	0	2
3	15778841	20401434	3	3	0	2
3	20401435	37892940	1	1	0	2
3	37892941	49276527	3	3	0	2
3	49276528	49879321	7	6	1	1
3	49879322	56679582	3	3	0	2
3	56679583	57768463	1	1	0	2
3	57768464	59153904	3	3	0	3
3	59153905	79892755	1	1	0	2
3	79892756	87006308	1	1	0	2
3	87006309	87899999	3	2	1	2
3	87900000	93899999	NA	NA	NA	NA
3	93900000	184922606	5	3	2	2
3	184922607	184924685	5	3	2	2
3	184924686	195521904	5	3	2	2
3	195521905	197847500	5	3	2	1
4	27500	21650570	2	2	0	2
4	21650571	21651148	2	2	0	2
4	21651149	47740087	2	2	0	2
4	47740088	48137476	7	5	2	2
4	48137477	48199999	6	4	2	1
4	48200000	52699999	NA	NA	NA	NA
4	52700000	113215769	3	2	1	2
4	113215770	114786012	3	2	1	2
4	114786013	190779732	3	2	1	2
5	22500	46099999	3	2	1	2
5	46100000	51047193	NA	NA	NA	NA
5	51047194	51076336	4	2	2	2
5	51076337	51141489	16	14	2	2
5	51141490	51175944	21	19	2	1
5	51175945	51180595	15	13	2	1
5	51180596	51180920	3	2	1	1
5	51180921	51185733	13	12	1	1
5	51185734	51185787	3	2	1	1
5	51185788	52666975	3	2	1	3
5	52666976	52727858	3	2	1	1
5	52727859	52727889	4	2	2	2
5	52727890	53568599	4	2	2	2
5	53568600	53599550	3	2	1	2
5	53599551	53679254	16	14	2	1
5	53679255	53681375	15	12	3	1
5	53681376	53798378	11	9	2	1
5	53798379	53801134	13	10	3	1
5	53801135	53801365	16	13	3	1
5	53801366	54073173	12	10	2	1
5	54073174	54553618	13	11	2	1
5	54553619	54602500	15	13	2	2
5	54602501	54656152	15	13	2	2
5	54656153	55125724	7	5	2	1
5	55125725	55131104	13	8	5	1
5	55131105	55142636	15	12	3	1
5	55142637	55165706	22	19	3	1
5	55165707	55300774	16	14	2	1
5	55300775	55504142	15	13	2	1
5	55504143	55514689	15	13	2	1
5	55514690	55641403	15	13	2	1
5	55641404	55642920	13	11	2	1
5	55642921	55651657	17	15	2	1
5	55651658	55717640	14	11	3	2
5	55717641	55768006	9	7	2	2
5	55768007	55840495	7	5	2	1
5	55840496	55991071	9	7	2	2
5	55991072	56250048	9	8	1	1
5	56250049	56850416	7	5	2	2
5	56850417	57065958	5	3	2	2
5	57065959	57069796	4	2	2	2
5	57069797	57136336	5	3	2	1
5	57136337	58209126	5	3	2	2
5	58209127	58367591	6	4	2	2
5	58367592	58374062	11	9	2	1
5	58374063	58374160	8	6	2	1
5	58374161	58418108	7	5	2	1
5	58418109	58418291	8	5	3	1
5	58418292	58418337	8	6	2	1
5	58418338	58465190	6	4	2	2
5	58465191	59139984	6	4	2	2
5	59139985	59485509	8	6	2	2
5	59485510	59487943	8	6	2	2
5	59487944	59523789	8	6	2	2
5	59523790	60300462	11	9	2	2
5	60300463	62184765	3	2	1	3
5	62184766	62209316	7	7	0	1
5	62209317	62477578	8	6	2	2
5	62477579	63012761	3	2	1	3
5	63012762	63750820	8	6	2	2
5	63750821	64487366	6	4	2	2
5	64487367	65035087	7	5	2	2
5	65035088	65049952	4	2	2	2
5	65049953	98952500	3	2	1	3
5	98952501	99162452	3	3	0	2
5	99162453	146413611	3	2	1	3
5	146413612	146440673	3	2	1	2
5	146440674	180715810	4	3	1	2
6	39681	203396	4	3	1	1
6	203397	39949951	4	2	2	2
6	39949952	43520015	2	2	0	2
6	43520016	43706905	2	2	0	2
6	43706906	44850010	2	2	0	2
6	44850011	45140000	3	2	1	2
6	45140001	45414073	3	2	1	2
6	45414074	45799815	4	2	2	2
6	45799816	49334012	2	2	0	2
6	49334013	49584253	3	2	1	2
6	49584254	49742139	3	2	1	2
6	49742140	50288738	2	2	0	2
6	50288739	50325480	2	2	0	2
6	50325481	51433755	2	2	0	2
6	51433756	51676725	3	2	1	3
6	51676726	54705197	2	2	0	2
6	54705198	57198828	2	2	0	2
6	57198829	58140771	8	4	4	1
6	58140772	63299999	NA	NA	NA	NA
6	63300000	63961186	4	4	0	2
6	63961187	64482500	7	5	2	2
6	64482501	170878886	4	4	0	2
7	40386	51806835	3	3	0	2
7	51806836	52262495	4	3	1	2
7	52262496	53854026	3	3	0	2
7	53854027	57329916	3	3	0	2
7	57329917	61699999	NA	NA	NA	NA
7	61700000	88314413	2	1	1	2
7	88314414	88317557	2	1	1	2
7	88317558	112159997	3	2	1	2
7	112159998	158821400	2	1	1	2
8	10001	159435	0	0	0	1
8	159436	16904001	1	1	0	2
8	16904002	34121054	1	1	0	2
8	34121055	34576648	5	4	1	2
8	34576649	34842858	3	2	1	2
8	34842859	35430656	7	6	1	2
8	35430657	35539544	7	6	1	2
8	35539545	35797708	7	6	1	2
8	35797709	35900301	7	6	1	2
8	35900302	37218385	7	6	1	2
8	37218386	39638499	6	5	1	2
8	39638500	43099999	4	3	1	2
8	43100000	48099999	NA	NA	NA	NA
8	48100000	55714352	6	5	1	2
8	55714353	55775270	6	5	1	2
8	55775271	60976605	6	5	1	2
8	60976606	111208801	8	7	1	2
8	111208802	111949949	9	8	1	1
8	111949950	112910274	16	9	7	2
8	112910275	116937313	18	10	8	2
8	116937314	117014426	18	10	8	2
8	117014427	146364021	5	5	0	2
9	58998	39107499	4	2	2	2
9	39107500	47299999	2	1	1	1
9	47300000	50699999	NA	NA	NA	NA
9	50700000	81244397	3	2	1	2
9	81244398	81289231	2	1	1	1
9	81289232	138149602	3	2	1	3
9	138149603	138294047	4	4	0	2
9	138294048	140273200	3	2	1	2
9	140273201	141038316	3	2	1	2
10	102500	37999999	3	2	1	2
10	38000000	42299999	NA	NA	NA	NA
10	42300000	47617341	4	2	2	2
10	47617342	48480020	4	2	2	2
10	48480021	104325097	3	2	1	2
10	104325098	106298226	2	1	1	2
10	106298227	106578181	3	2	1	2
10	106578182	106955549	2	1	1	2
10	106955550	115283435	3	2	1	3
10	115283436	116036781	2	1	1	2
10	116036782	116127675	0	0	0	2
10	116127676	117592082	2	1	1	2
10	117592083	117595221	2	1	1	2
10	117595222	121076106	2	1	1	2
10	121076107	135399604	3	2	1	3
11	20721	197336	3	2	1	2
11	197337	51599999	3	2	1	3
11	51600000	55699999	3	2	1	2
11	55700000	58953044	3	2	1	3
11	58953045	59040038	5	3	2	2
11	59040039	67287568	3	2	1	2
11	67287569	67296435	3	2	1	2
11	67296436	67452291	3	2	1	2
11	67452292	67456289	3	2	1	2
11	67456290	68355190	5	3	2	1
11	68355191	68469856	4	2	2	2
11	68469857	69150955	5	3	2	2
11	69150956	69565720	14	12	2	1
11	69565721	69586384	16	13	3	1
11	69586385	69587877	20	16	4	1
11	69587878	69688615	14	12	2	1
11	69688616	69715690	15	12	3	1
11	69715691	69941312	14	12	2	1
11	69941313	69970793	20	18	2	1
11	69970794	69980901	18	15	3	1
11	69980902	69994226	14	12	2	1
11	69994227	70002635	20	16	4	1
11	70002636	70016344	15	12	3	1
11	70016345	70019425	15	12	3	1
11	70019426	70019449	20	17	3	1
11	70019450	70066987	15	13	2	1
11	70066988	70068142	20	17	3	1
11	70068143	70077064	13	12	1	1
11	70077065	70112305	15	12	3	1
11	70112306	70282325	13	11	2	1
11	70282326	70487427	12	10	2	1
11	70487428	70526699	14	12	2	1
11	70526700	71143601	11	9	2	2
11	71143602	71302639	11	9	2	2
11	71302640	71324263	9	7	2	1
11	71324264	71695033	6	4	2	1
11	71695034	104060410	3	2	1	2
11	104060411	131270992	2	2	0	2
11	131270993	134452200	3	2	1	2
12	110107	24647636	4	2	2	2
12	24647637	24754314	4	2	2	2
12	24754315	33299999	4	2	2	2
12	33300000	38510471	NA	NA	NA	NA
12	38510472	39789054	7	5	2	2
12	39789055	40025744	7	5	2	2
12	40025745	40493859	8	6	2	2
12	40493860	40848128	9	7	2	2
12	40848129	40865765	9	7	2	1
12	40865766	41013944	9	7	2	2
12	41013945	41282963	8	6	2	2
12	41282964	41308662	9	7	2	2
12	41308663	41682791	7	5	2	2
12	41682792	45022891	6	4	2	2
12	45022892	47405851	7	5	2	2
12	47405852	47575454	9	7	2	2
12	47575455	48595587	9	7	2	2
12	48595588	48660997	7	5	2	2
12	48660998	48662677	5	5	0	1
12	48662678	48868005	7	5	2	2
12	48868006	49011862	8	5	3	1
12	49011863	49594577	8	6	2	2
12	49594578	49920717	3	2	1	2
12	49920718	49937553	2	2	0	1
12	49937554	66894252	2	2	0	2
12	66894253	67240503	6	4	2	2
12	67240504	67267750	7	5	2	1
12	67267751	67282561	10	8	2	1
12	67282562	67980119	8	6	2	2
12	67980120	67986731	8	6	2	2
12	67986732	67990677	7	6	1	1
12	67990678	68613803	7	5	2	2
12	68613804	68650355	7	5	2	2
12	68650356	68962733	6	4	2	2
12	68962734	70053152	7	5	2	2
12	70053153	70071320	8	6	2	2
12	70071321	70152233	7	5	2	2
12	70152234	70367921	8	6	2	2
12	70367922	70690326	6	4	2	2
12	70690327	70810852	7	5	2	2
12	70810853	70932126	7	5	2	2
12	70932127	71175211	9	7	2	1
12	71175212	71241999	10	7	3	2
12	71242000	71250616	9	7	2	1
12	71250617	71596984	7	5	2	1
12	71596985	73865837	2	2	0	2
12	73865838	73876948	2	2	0	2
12	73876949	132349400	2	2	0	2
12	132349401	133851894	2	2	0	2
13	1	16299999	2	2	0	1
13	16300000	19499999	2	2	0	2
13	19500000	22899989	2	2	0	2
13	22899990	23482335	3	2	1	3
13	23482336	30729041	2	2	0	2
13	30729042	31777537	5	3	2	2
13	31777538	33627140	2	2	0	2
13	33627141	33693895	4	2	2	1
13	33693896	33700423	3	3	0	2
13	33700424	33751853	4	2	2	2
13	33751854	34312450	2	2	0	2
13	34312451	34334217	5	3	2	2
13	34334218	41458697	2	2	0	2
13	41458698	41463432	2	2	0	2
13	41463433	51380000	2	2	0	2
13	51380001	53076867	4	2	2	2
13	53076868	69929109	2	2	0	2
13	69929110	69929747	2	2	0	2
13	69929748	69930152	2	2	0	2
13	69930153	69931414	2	2	0	2
13	69931415	81414355	2	2	0	2
13	81414356	81424022	4	2	2	1
13	81424023	81424054	4	2	2	1
13	81424055	81429687	4	2	2	1
13	81429688	81430006	5	3	2	1
13	81430007	81445459	4	2	2	2
13	81445460	81479573	2	2	0	2
13	81479574	81483215	5	3	2	1
13	81483216	81483299	5	3	2	1
13	81483300	81485615	5	3	2	1
13	81485616	83168582	2	2	0	2
13	83168583	84889995	4	2	2	2
13	84889996	105446493	2	2	0	2
13	105446494	107384005	3	2	1	2
13	107384006	108739955	2	2	0	2
13	108739956	108973943	3	2	1	2
13	108973944	111716873	2	2	0	3
13	111716874	114142800	2	2	0	1
13	114142801	115169877	2	2	0	2
14	1	16099999	4	3	1	1
14	16100000	19099999	NA	NA	NA	NA
14	19100000	20375050	4	3	1	2
14	20375051	106368400	4	2	2	2
15	1	15799999	3	2	1	1
15	15800000	20699999	3	2	1	2
15	20700000	100338800	3	2	1	3
15	100338801	102531391	3	2	1	2
16	35629	2388598	6	4	2	2
16	2388599	2390372	6	4	2	2
16	2390373	2392723	6	4	2	1
16	2392724	2409111	8	7	1	1
16	2409112	2428227	10	7	3	1
16	2428228	2463690	6	4	2	2
16	2463691	2467164	6	4	2	2
16	2467165	2499538	5	4	1	1
16	2499539	2594750	11	7	4	1
16	2594751	2798006	4	3	1	1
16	2798007	4817355	4	3	1	2
16	4817356	4821061	12	8	4	1
16	4821062	4829412	4	3	1	1
16	4829413	4831929	8	6	2	1
16	4831930	4835056	8	6	2	1
16	4835057	4835547	8	6	2	2
16	4835548	4861562	8	5	3	1
16	4861563	4868059	4	4	0	1
16	4868060	4893120	8	5	3	1
16	4893121	7058577	4	3	1	2
16	7058578	7073174	8	6	2	1
16	7073175	7073600	4	3	1	2
16	7073601	7076025	4	3	1	2
16	7076026	7088902	4	3	1	2
16	7088903	7090082	4	3	1	2
16	7090083	10227641	4	3	1	2
16	10227642	14619928	8	5	3	2
16	14619929	14622431	3	3	0	1
16	14622432	14629848	8	5	3	1
16	14629849	14777303	3	3	0	2
16	14777304	15463601	10	6	4	1
16	15463602	15839637	14	10	4	2
16	15839638	15916060	10	6	4	2
16	15916061	15916450	17	10	7	1
16	15916451	15916527	12	7	5	1
16	15916528	15918307	18	13	5	1
16	15918308	18306099	9	6	3	2
16	18306100	18306404	9	6	3	2
16	18306405	18314436	13	9	4	1
16	18314437	18995223	9	6	3	1
16	18995224	19687333	4	3	1	2
16	19687334	19689359	9	6	3	1
16	19689360	19707827	5	3	2	1
16	19707828	19715145	10	7	3	1
16	19715146	19718302	9	6	3	1
16	19718303	19721925	4	2	2	1
16	19721926	19725322	10	8	2	1
16	19725323	19726669	12	7	5	1
16	19726670	21332500	9	6	3	2
16	21332501	22474925	11	8	3	2
16	22474926	22862334	8	5	3	1
16	22862335	23597561	7	4	3	2
16	23597562	24480745	4	4	0	2
16	24480746	25042174	4	4	0	2
16	25042175	26607472	4	4	0	2
16	26607473	27967274	7	7	0	1
16	27967275	28039856	9	9	0	1
16	28039857	28535025	7	7	0	2
16	28535026	28535282	6	6	0	1
16	28535283	28843741	8	7	1	2
16	28843742	28843795	8	7	1	1
16	28843796	29153802	7	7	0	2
16	29153803	31986302	8	6	2	2
16	31986303	34599999	7	5	2	2
16	34600000	38599999	NA	NA	NA	NA
16	38600000	46447499	4	2	2	2
16	46447500	48555946	6	3	3	2
16	48555947	55674135	8	6	2	2
16	55674136	67272411	2	2	0	2
16	67272412	67277678	2	2	0	2
16	67277679	68718726	2	2	0	2
16	68718727	68729750	4	4	0	2
16	68729751	68734518	7	7	0	1
16	68734519	68745775	6	6	0	1
16	68745776	72929331	2	2	0	2
16	72929332	73006277	5	5	0	2
16	73006278	73807167	2	2	0	2
16	73807168	73811714	4	4	0	2
16	73811715	73812120	2	2	0	2
16	73812121	73822976	5	5	0	1
16	73822977	88827200	2	2	0	2
16	88827201	90354752	2	2	0	2
17	12500	21170026	2	2	0	2
17	21170027	21350963	11	9	2	1
17	21350964	22199999	3	2	1	2
17	22200000	25799999	NA	NA	NA	NA
17	25800000	37232273	4	2	2	2
17	37232274	38071791	20	18	2	1
17	38071792	38113888	20	17	3	2
17	38113889	38139923	19	16	3	1
17	38139924	38329122	13	11	2	1
17	38329123	38369364	12	10	2	1
17	38369365	38369498	5	3	2	1
17	38369499	38370818	5	3	2	1
17	38370819	39371527	4	2	2	2
17	39371528	46415578	2	2	0	2
17	46415579	49649651	4	2	2	2
17	49649652	49897404	8	6	2	2
17	49897405	50250129	4	2	2	2
17	50250130	50258157	4	2	2	2
17	50258158	51102253	4	2	2	2
17	51102254	51390796	2	2	0	2
17	51390797	51400467	2	2	0	2
17	51400468	51583758	6	4	2	1
17	51583759	51805878	10	8	2	1
17	51805879	52327135	6	4	2	2
17	52327136	52606230	10	8	2	1
17	52606231	52780438	14	12	2	2
17	52780439	52865227	10	8	2	1
17	52865228	52930597	19	17	2	1
17	52930598	53044228	23	21	2	1
17	53044229	53047432	34	33	1	1
17	53047433	53077059	24	22	2	1
17	53077060	53111648	21	19	2	1
17	53111649	53601412	18	16	2	1
17	53601413	53714948	22	20	2	1
17	53714949	53735314	26	24	2	1
17	53735315	53800804	24	22	2	1
17	53800805	53900960	20	17	3	1
17	53900961	53948787	10	10	0	1
17	53948788	53960683	8	5	3	1
17	53960684	54389767	6	4	2	2
17	54389768	54527855	10	8	2	1
17	54527856	54759336	14	12	2	1
17	54759337	54805687	19	16	3	1
17	54805688	54809953	30	26	4	1
17	54809954	54810865	30	26	4	1
17	54810866	54811011	30	26	4	1
17	54811012	54812814	21	18	3	1
17	54812815	54812831	30	26	4	1
17	54812832	54834454	24	21	3	1
17	54834455	55480765	18	16	2	1
17	55480766	55487255	18	17	1	1
17	55487256	55512861	20	18	2	2
17	55512862	55584862	42	39	3	1
17	55584863	55596618	39	37	2	1
17	55596619	55631125	36	33	3	1
17	55631126	55749920	30	27	3	1
17	55749921	55754839	43	39	4	1
17	55754840	55784888	29	26	3	1
17	55784889	55785355	43	39	4	1
17	55785356	55888655	31	29	2	1
17	55888656	55891497	28	26	2	1
17	55891498	55894460	34	33	1	1
17	55894461	55896551	45	41	4	1
17	55896552	55951284	39	36	3	1
17	55951285	55986393	32	30	2	1
17	55986394	56033046	36	34	2	1
17	56033047	56051858	37	35	2	1
17	56051859	56062365	38	36	2	1
17	56062366	56096004	21	19	2	1
17	56096005	56203624	18	16	2	1
17	56203625	56207237	17	15	2	1
17	56207238	56313139	17	15	2	1
17	56313140	56462224	12	10	2	1
17	56462225	56478106	7	5	2	1
17	56478107	56532373	13	11	2	1
17	56532374	56567749	12	10	2	1
17	56567750	56697974	7	5	2	2
17	56697975	56784774	11	9	2	2
17	56784775	57433937	7	5	2	2
17	57433938	57435720	7	5	2	2
17	57435721	57443230	15	11	4	1
17	57443231	57807163	10	8	2	1
17	57807164	57910823	18	16	2	1
17	57910824	57911484	22	19	3	1
17	57911485	58181383	18	15	3	1
17	58181384	58181755	24	20	4	1
17	58181756	58394011	17	15	2	1
17	58394012	58427225	23	20	3	1
17	58427226	58527291	14	9	5	1
17	58527292	58529618	2	2	0	1
17	58529619	58708242	30	29	1	1
17	58708243	58724467	55	50	5	1
17	58724468	58760337	2	2	0	1
17	58760338	59861963	2	2	0	2
17	59861964	59902299	10	8	2	2
17	59902300	60879311	2	2	0	2
17	60879312	60902671	10	8	2	1
17	60902672	60903233	33	24	9	1
17	60903234	60981564	11	7	4	1
17	60981565	61023267	33	24	9	1
17	61023268	61024594	33	24	9	1
17	61024595	61035139	33	24	9	1
17	61035140	61035370	33	24	9	1
17	61035371	61035515	33	24	9	1
17	61035516	61055793	33	24	9	1
17	61055794	61114668	33	24	9	1
17	61114669	61382137	19	16	3	1
17	61382138	61687805	22	19	3	1
17	61687806	61701415	25	22	3	1
17	61701416	61798215	23	21	2	1
17	61798216	61817360	21	18	3	1
17	61817361	61825947	4	2	2	2
17	61825948	63024409	5	3	2	1
17	63024410	63558072	2	2	0	2
17	63558073	63562339	6	4	2	1
17	63562340	63562433	6	4	2	1
17	63562434	63930969	6	4	2	2
17	63930970	64073427	2	2	0	2
17	64073428	64077178	2	2	0	2
17	64077179	64083672	4	3	1	1
17	64083673	64083730	6	3	3	1
17	64083731	64083809	6	3	3	1
17	64083810	64507508	5	3	2	2
17	64507509	64625209	13	11	2	2
17	64625210	64625759	12	10	2	1
17	64625760	64644248	6	4	2	1
17	64644249	64698051	2	2	0	2
17	64698052	64739176	14	12	2	1
17	64739177	64817263	19	17	2	1
17	64817264	64898789	21	18	3	1
17	64898790	65100669	18	16	2	1
17	65100670	65294045	13	10	3	1
17	65294046	66074153	5	3	2	1
17	66074154	66086556	7	4	3	2
17	66086557	67014910	5	3	2	1
17	67014911	69857003	2	2	0	2
17	69857004	69867085	2	2	0	2
17	69867086	69870029	2	2	0	2
17	69870030	69874415	2	2	0	2
17	69874416	69874463	2	2	0	2
17	69874464	71117501	2	2	0	3
17	71117502	71433201	5	3	2	1
17	71433202	78425675	2	2	0	2
17	78425676	78434179	5	3	2	2
17	78434180	78434384	5	3	2	2
17	78434385	78721808	5	3	2	2
17	78721809	78894155	2	2	0	2
17	78894156	79531579	5	3	2	2
17	79531580	80611917	5	3	2	1
17	80611918	80621763	5	3	2	1
17	80621764	80621813	2	2	0	1
18	27500	73349	30	25	5	1
18	73350	228604	18	16	2	2
18	228605	236615	23	20	3	1
18	236616	1292623	6	4	2	2
18	1292624	2681026	4	2	2	2
18	2681027	2716163	2	2	0	2
18	2716164	2895980	11	9	2	1
18	2895981	2941757	25	23	2	1
18	2941758	2984175	31	28	3	1
18	2984176	3058777	26	24	2	1
18	3058778	3548938	2	2	0	2
18	3548939	3550367	2	2	0	2
18	3550368	3592797	2	2	0	2
18	3592798	7540013	5	3	2	2
18	7540014	12640989	3	2	1	3
18	12640990	12645303	3	2	1	2
18	12645304	13112765	2	2	0	2
18	13112766	14084693	4	2	2	2
18	14084694	14088350	2	2	0	2
18	14088351	14089088	4	4	0	1
18	14089089	15399999	2	2	0	2
18	15400000	18999999	NA	NA	NA	NA
18	19000000	26974088	4	2	2	2
18	26974089	26978092	6	4	2	1
18	26978093	27109310	7	4	3	2
18	27109311	27870687	4	2	2	2
18	27870688	27907499	8	5	3	1
18	27907500	28106912	7	5	2	2
18	28106913	28423804	11	9	2	2
18	28423805	31481986	9	7	2	1
18	31481987	31483000	9	7	2	1
18	31483001	33582033	6	4	2	2
18	33582034	34004289	6	4	2	2
18	34004290	38281781	5	3	2	2
18	38281782	41179993	7	4	3	2
18	41179994	43380378	7	5	2	2
18	43380379	44312339	6	4	2	1
18	44312340	46768232	5	3	2	2
18	46768233	47142633	6	4	2	2
18	47142634	47597499	5	3	2	2
18	47597500	48094130	4	2	2	2
18	48094131	50332972	5	3	2	2
18	50332973	52783988	5	3	2	2
18	52783989	54667026	4	2	2	2
18	54667027	59725418	5	3	2	2
18	59725419	62163150	3	2	1	3
18	62163151	70251508	4	2	2	2
18	70251509	72025171	5	3	2	1
18	72025172	73213658	4	2	2	2
18	73213659	73605808	3	2	1	3
18	73605809	74577799	4	2	2	2
18	74577800	77797684	5	3	2	2
18	77797685	77804089	3	2	1	1
19	260137	3937542	2	2	0	2
19	3937543	3943264	6	6	0	2
19	3943265	3954740	2	2	0	2
19	3954741	3956320	2	2	0	2
19	3956321	18499707	2	2	0	2
19	18499708	18500537	2	2	0	2
19	18500538	18555350	10	7	3	1
19	18555351	18563754	8	5	3	1
19	18563755	18567092	12	8	4	1
19	18567093	18571640	11	8	3	1
19	18571641	18852306	7	4	3	1
19	18852307	19197925	8	5	3	1
19	19197926	19384756	8	5	3	1
19	19384757	19762382	7	4	3	1
19	19762383	19804908	4	3	1	1
19	19804909	19914877	3	2	1	2
19	19914878	19919214	2	1	1	2
19	19919215	19940900	7	6	1	1
19	19940901	19967630	5	4	1	1
19	19967631	20025267	7	6	1	1
19	20025268	20100021	6	4	2	1
19	20100022	20261738	6	5	1	2
19	20261739	20289666	7	6	1	2
19	20289667	21029986	8	7	1	2
19	21029987	21044846	9	7	2	1
19	21044847	21188185	7	6	1	2
19	21188186	21319161	7	6	1	2
19	21319162	21399345	21	20	1	1
19	21399346	21425459	23	22	1	1
19	21425460	21431504	29	28	1	1
19	21431505	21553064	22	21	1	1
19	21553065	21696504	16	15	1	1
19	21696505	21786557	8	7	1	2
19	21786558	22195906	5	4	1	2
19	22195907	22329539	6	5	1	2
19	22329540	22755488	6	5	1	2
19	22755489	23036542	5	5	0	2
19	23036543	23060889	2	2	0	1
19	23060890	23074642	17	15	2	1
19	23074643	23096309	13	12	1	1
19	23096310	23357348	19	18	1	1
19	23357349	23357870	17	16	1	1
19	23357871	23357890	20	18	2	1
19	23357891	23358516	20	18	2	1
19	23358517	23371772	14	13	1	1
19	23371773	23392521	14	13	1	1
19	23392522	23681683	15	13	2	1
19	23681684	23698815	14	12	2	2
19	23698816	23848338	13	11	2	1
19	23848339	23848702	13	11	2	1
19	23848703	23908278	13	11	2	1
19	23908279	23921170	14	11	3	1
19	23921171	23954786	15	12	3	1
19	23954787	23956151	13	11	2	1
19	23956152	23962882	14	12	2	1
19	23962883	24069680	12	10	2	1
19	24069681	24160065	14	12	2	1
19	24160066	24372768	7	4	3	1
19	24372769	24382499	17	16	1	1
19	24382500	24393949	14	13	1	1
19	24393950	24399999	17	16	1	1
19	24400000	28599999	NA	NA	NA	NA
19	28600000	29174140	5	4	1	2
19	29174141	29665923	3	2	1	3
19	29665924	29763962	4	2	2	1
19	29763963	29777750	3	2	1	2
19	29777751	30161860	4	2	2	2
19	30161861	35128177	3	2	1	2
19	35128178	35619148	2	2	0	2
19	35619149	37669608	2	2	0	2
19	37669609	37749643	2	2	0	2
19	37749644	38062423	2	2	0	2
19	38062424	43750004	3	3	0	2
19	43750005	59128982	3	3	0	2
20	24545	25599999	4	2	2	2
20	25600000	29512499	4	2	2	2
20	29512500	29989887	4	2	2	2
20	29989888	42120801	5	3	2	2
20	42120802	44567277	3	2	1	2
20	44567278	52510587	4	2	2	2
20	52510588	59363150	4	2	2	2
20	59363151	59372206	3	2	1	2
20	59372207	62432500	4	2	2	2
21	1	9417499	NA	NA	NA	NA
21	9417500	10899999	NA	NA	NA	NA
21	10900000	14681510	3	3	0	1
21	14681511	18596604	5	3	2	2
21	18596605	19097487	6	4	2	2
21	19097488	19099652	5	3	2	2
21	19099653	38963842	5	3	2	2
21	38963843	44806063	5	3	2	2
21	44806064	44951743	7	4	3	1
21	44951744	46944200	6	4	2	2
21	46944201	48129894	6	4	2	2
22	1	12199999	4	3	1	1
22	12200000	17899999	NA	NA	NA	NA
22	17900000	26196296	3	2	1	2
22	26196297	26477881	7	4	3	2
22	26477882	26698535	7	5	2	2
22	26698536	26698592	6	4	2	1
22	26698593	26911163	3	2	1	2
22	26911164	26923188	5	3	2	1
22	26923189	27113277	7	5	2	2
22	27113278	29765968	5	3	2	2
22	29765969	30839098	5	3	2	2
22	30839099	30839477	6	3	3	2
22	30839478	31850044	6	4	2	2
22	31850045	33171397	4	4	0	2
22	33171398	35984014	2	2	0	2
22	35984015	36024942	4	4	0	2
22	36024943	36205168	2	2	0	2
22	36205169	36205324	2	2	0	2
22	36205325	37170181	1	1	0	2
22	37170182	38589378	2	2	0	2
22	38589379	40470481	5	5	0	2
22	40470482	41775043	4	4	0	2
22	41775044	42789268	3	3	0	2
22	42789269	42803732	2	2	0	2
22	42803733	44155066	1	1	0	2
22	44155067	44608709	6	5	1	2
22	44608710	44631834	6	5	1	2
22	44631835	44647511	6	6	0	1
22	44647512	44876310	6	5	1	2
22	44876311	45027897	6	5	1	2
22	45027898	45093458	5	4	1	2
22	45093459	45123640	5	3	2	2
22	45123641	45266490	2	2	0	2
22	45266491	45954393	1	1	0	2
22	45954394	47784264	2	2	0	2
22	47784265	50770881	1	1	0	2
22	50770882	50988526	4	4	0	1
X	1	25323510	3	2	1	2
X	25323511	26864804	2	2	0	1
X	26864805	27545117	2	1	1	2
X	27545118	27559012	2	1	1	2
X	27559013	27559030	2	1	1	2
X	27559031	27559045	2	1	1	2
X	27559046	28262899	2	1	1	2
X	28262900	28272673	2	1	1	2
X	28272674	28405032	2	1	1	2
X	28405033	34809711	2	2	0	2
X	34809712	41494810	2	2	0	2
X	41494811	41526721	2	2	0	1
X	41526722	41540607	1	1	0	1
X	41540608	58099999	4	2	2	2
X	58100000	62999999	NA	NA	NA	NA
X	63000000	64496750	3	2	1	2
X	64496751	105658670	2	2	0	2
X	105658671	105682723	3	3	0	1
X	105682724	106119307	3	3	0	1
X	106119308	107981854	3	2	1	2
X	107981855	109084800	3	2	1	2
X	109084801	110826912	4	2	2	2
X	110826913	111841621	2	1	1	2
X	111841622	111865048	2	1	1	2
X	111865049	113010434	2	1	1	2
X	113010435	114170897	3	2	1	1
X	114170898	114172170	3	2	1	1
X	114172171	114754690	2	2	0	2
X	114754691	125518867	2	2	0	2
X	125518868	128393647	3	2	1	2
X	128393648	154913600	2	2	0	2
