chromosome	start	end	total_cn	major_cn	minor_cn	star
1	10001	4315127	3	2	1	2
1	4315128	4337956	3	2	1	2
1	4337957	5442526	3	2	1	2
1	5442527	5471740	2	2	0	2
1	5471741	9873572	1	1	0	2
1	9873573	14658561	3	2	1	2
1	14658562	14663296	3	2	1	2
1	14663297	14678616	3	2	1	2
1	14678617	15073253	2	1	1	2
1	15073254	15108918	3	2	1	2
1	15108919	15123084	4	3	1	2
1	15123085	15124374	3	2	1	1
1	15124375	24168661	3	2	1	2
1	24168662	24210076	5	4	1	2
1	24210077	27870043	4	2	2	1
1	27870044	27906652	4	2	2	2
1	27906653	29208415	4	2	2	1
1	29208416	29340633	4	2	2	2
1	29340634	29381168	4	2	2	2
1	29381169	30153374	2	2	0	2
1	30153375	30154114	6	4	2	1
1	30154115	30161014	6	4	2	1
1	30161015	31879307	6	4	2	2
1	31879308	31908935	6	4	2	1
1	31908936	33399988	6	4	2	2
1	33399989	34870473	4	2	2	2
1	34870474	34891414	6	4	2	1
1	34891415	37120248	4	2	2	2
1	37120249	37120490	4	2	2	2
1	37120491	37125538	4	2	2	1
1	37125539	37379810	6	4	2	2
1	37379811	37413315	16	15	1	1
1	37413316	40828752	4	2	2	2
1	40828753	41066498	2	2	0	2
1	41066499	41066635	2	2	0	1
1	41066636	41066693	NA	NA	NA	NA
1	41066694	41067037	NA	NA	NA	NA
1	41067038	41071543	9	7	2	1
1	41071544	41072997	9	7	2	1
1	41072998	41766749	9	7	2	2
1	41766750	43893951	6	4	2	2
1	43893952	44482241	2	2	0	2
1	44482242	44607717	6	4	2	2
1	44607718	44642356	6	4	2	1
1	44642357	45138615	6	3	3	1
1	45138616	45155132	6	3	3	1
1	45155133	45925438	6	4	2	2
1	45925439	45926621	6	3	3	1
1	45926622	46069057	6	3	3	1
1	46069058	46369611	8	7	1	1
1	46369612	47444971	5	3	2	2
1	47444972	47657343	18	16	2	1
1	47657344	47657472	18	16	2	1
1	47657473	47658664	18	16	2	1
1	47658665	48687273	18	16	2	1
1	48687274	48892106	22	20	2	1
1	48892107	48892150	11	9	2	1
1	48892151	48956527	4	2	2	1
1	48956528	49070288	2	2	0	2
1	49070289	49953009	5	3	2	2
1	49953010	49953048	5	3	2	2
1	49953049	50067979	1	1	0	2
1	50067980	50072448	1	1	0	1
1	50072449	50074774	NA	NA	NA	NA
1	50074775	50480224	4	3	1	1
1	50480225	53386295	2	2	0	2
1	53386296	54470011	5	3	2	2
1	54470012	55445691	2	2	0	1
1	55445692	56348074	4	2	2	1
1	56348075	56471309	2	2	0	2
1	56471310	56474529	2	2	0	2
1	56474530	60429924	2	2	0	2
1	60429925	60644440	7	5	2	2
1	60644441	61289758	4	2	2	2
1	61289759	62233717	7	5	2	2
1	62233718	62358578	4	2	2	2
1	62358579	62359158	4	2	2	2
1	62359159	62376227	4	2	2	2
1	62376228	62794215	6	4	2	2
1	62794216	62794444	2	2	0	1
1	62794445	62794571	2	2	0	1
1	62794572	62880237	2	2	0	2
1	62880238	62886941	0	0	0	1
1	62886942	62887008	NA	NA	NA	NA
1	62887009	63232591	4	2	2	2
1	63232592	63232619	3	2	1	2
1	63232620	63233175	2	2	0	1
1	63233176	63233230	2	2	0	1
1	63233231	68163941	2	2	0	2
1	68163942	68271616	4	4	0	2
1	68271617	69083799	2	2	0	2
1	69083800	69271092	7	5	2	2
1	69271093	70935856	2	2	0	2
1	70935857	71239087	5	3	2	2
1	71239088	107830371	2	2	0	2
1	107830372	121499999	5	3	2	2
1	121500000	128899999	NA	NA	NA	NA
1	128900000	143516938	4	2	2	2
1	143516939	162042500	4	2	2	2
1	162042501	174893063	5	3	2	2
1	174893064	174897467	5	3	2	2
1	174897468	185318812	5	3	2	2
1	185318813	196392681	5	3	2	2
1	196392682	198115849	7	5	2	1
1	198115850	198140698	8	6	2	1
1	198140699	198652153	7	5	2	2
1	198652154	199043155	4	2	2	2
1	199043156	227606021	7	5	2	2
1	227606022	227619082	8	6	2	1
1	227619083	233114505	8	6	2	2
1	233114506	233278033	8	6	2	2
1	233278034	244562169	8	6	2	1
1	244562170	247249600	7	6	1	1
1	247249601	249250620	9	7	2	2
2	14004	39476424	3	2	1	2
2	39476425	40643036	4	2	2	2
2	40643037	40733283	4	3	1	2
2	40733284	90499999	3	2	1	2
2	90500000	96799999	NA	NA	NA	NA
2	96800000	140517781	3	2	1	2
2	140517782	141133866	5	4	1	2
2	141133867	242802500	3	2	1	2
2	242802501	243017718	3	2	1	2
3	111945	3724650	2	2	0	2
3	3724651	3906637	4	4	0	2
3	3906638	87899999	2	2	0	2
3	87900000	93899999	NA	NA	NA	NA
3	93900000	175463110	2	2	0	2
3	175463111	176370145	4	4	0	2
3	176370146	198022429	2	2	0	2
4	47884	74956	2	2	0	1
4	74957	46307409	2	2	0	2
4	46307410	48199999	5	3	2	2
4	48200000	52699999	NA	NA	NA	NA
4	52700000	63579486	2	2	0	2
4	63579487	69160723	2	2	0	2
4	69160724	90631489	3	2	1	2
4	90631490	91179383	5	4	1	2
4	91179384	130192777	3	2	1	2
4	130192778	130194455	4	2	2	1
4	130194456	191154275	4	2	2	1
5	22500	46099999	4	2	2	2
5	46100000	50699999	4	2	2	2
5	50700000	162355658	4	2	2	2
5	162355659	162361765	4	2	2	2
5	162361766	180685900	4	2	2	2
6	39681	205799	1	1	0	1
6	205800	5750164	2	2	0	2
6	5750165	5751792	2	2	0	1
6	5751793	5751848	1	1	0	1
6	5751849	6410741	4	2	2	2
6	6410742	6415431	2	2	0	1
6	6415432	6415934	2	2	0	1
6	6415935	6672552	2	2	0	2
6	6672553	6675832	2	2	0	2
6	6675833	9495425	2	2	0	2
6	9495426	9497097	3	2	1	2
6	9497098	9497168	3	2	1	1
6	9497169	10317341	4	2	2	2
6	10317342	10561187	2	2	0	2
6	10561188	24374384	4	2	2	2
6	24374385	32947129	2	2	0	2
6	32947130	34283620	4	4	0	2
6	34283621	58699999	2	2	0	2
6	58700000	63527683	NA	NA	NA	NA
6	63527684	66452288	4	2	2	2
6	66452289	66453307	2	2	0	2
6	66453308	66453350	2	2	0	1
6	66453351	66467498	2	2	0	2
6	66467499	66472649	2	2	0	1
6	66472650	70801611	2	2	0	2
6	70801612	70802161	2	2	0	2
6	70802162	70808550	4	2	2	1
6	70808551	70811570	4	2	2	2
6	70811571	70811629	4	2	2	2
6	70811630	72921809	4	2	2	2
6	72921810	72923805	4	2	2	2
6	72923806	72925581	4	2	2	1
6	72925582	74279395	2	2	0	2
6	74279396	74281127	2	2	0	1
6	74281128	74281244	NA	NA	NA	NA
6	74281245	74282560	4	2	2	1
6	74282561	74282662	4	2	2	1
6	74282663	76967913	4	2	2	2
6	76967914	78631257	2	2	0	2
6	78631258	78631292	2	2	0	1
6	78631293	78632005	1	1	0	1
6	78632006	78632054	NA	NA	NA	NA
6	78632055	79263578	4	2	2	2
6	79263579	86265302	4	2	2	2
6	86265303	86638573	1	1	0	2
6	86638574	86646107	2	2	0	1
6	86646108	86650536	2	1	1	1
6	86650537	86650567	2	1	1	1
6	86650568	86660153	NA	NA	NA	NA
6	86660154	86663822	NA	NA	NA	NA
6	86663823	86667048	NA	NA	NA	NA
6	86667049	86691635	2	1	1	1
6	86691636	86697578	1	1	0	1
6	86697579	86697601	NA	NA	NA	NA
6	86697602	86715549	2	1	1	1
6	86715550	86741642	3	2	1	1
6	86741643	88212859	2	2	0	2
6	88212860	88224280	4	2	2	2
6	88224281	88225558	4	2	2	1
6	88225559	89150835	4	2	2	2
6	89150836	89152410	4	2	2	1
6	89152411	98239590	2	2	0	2
6	98239591	98240081	2	2	0	2
6	98240082	98251292	2	2	0	1
6	98251293	98264234	2	2	0	1
6	98264235	98294156	2	2	0	2
6	98294157	98306960	4	2	2	2
6	98306961	98654938	2	2	0	2
6	98654939	98659234	2	2	0	1
6	98659235	98661746	4	2	2	1
6	98661747	98665736	4	2	2	1
6	98665737	98665759	4	2	2	1
6	98665760	98672671	4	2	2	1
6	98672672	106870393	4	2	2	2
6	106870394	106886119	4	2	2	2
6	106886120	106959727	4	2	2	2
6	106959728	106972117	4	2	2	2
6	106972118	107565157	4	2	2	2
6	107565158	109127499	2	2	0	2
6	109127500	109279082	3	2	1	2
6	109279083	109287482	4	2	2	1
6	109287483	109288872	4	2	2	1
6	109288873	109295872	4	2	2	1
6	109295873	109298361	NA	NA	NA	NA
6	109298362	109298522	NA	NA	NA	NA
6	109298523	109301110	NA	NA	NA	NA
6	109301111	109508832	2	1	1	1
6	109508833	109511908	2	2	0	1
6	109511909	109626593	3	3	0	1
6	109626594	109628005	3	3	0	1
6	109628006	109636719	3	3	0	1
6	109636720	109637755	2	2	0	1
6	109637756	109974498	2	2	0	1
6	109974499	112533323	4	2	2	2
6	112533324	112551507	6	5	1	1
6	112551508	120579829	4	2	2	2
6	120579830	120823047	2	2	0	2
6	120823048	120825315	2	2	0	1
6	120825316	120825421	3	2	1	1
6	120825422	124134689	4	2	2	2
6	124134690	125708618	3	2	1	2
6	125708619	130127934	3	2	1	2
6	130127935	130170898	3	2	1	1
6	130170899	153505605	3	2	1	2
6	153505606	155722977	4	2	2	2
6	155722978	155723219	4	2	2	1
6	155723220	155724398	3	2	1	1
6	155724399	155726253	4	3	1	1
6	155726254	155726492	2	2	0	1
6	155726493	155726791	NA	NA	NA	NA
6	155726792	155726832	NA	NA	NA	NA
6	155726833	155726876	NA	NA	NA	NA
6	155726877	155921004	2	2	0	2
6	155921005	155924810	2	2	0	1
6	155924811	155926110	5	3	2	1
6	155926111	155937174	4	2	2	2
6	155937175	155946545	4	2	2	1
6	155946546	156334674	4	2	2	2
6	156334675	156338901	4	2	2	1
6	156338902	156340270	2	2	0	1
6	156340271	157209357	2	2	0	2
6	157209358	157211956	2	2	0	2
6	157211957	170895134	4	2	2	2
6	170895135	170903868	4	2	2	1
6	170903869	170904136	3	3	0	1
7	40386	16915152	8	6	2	2
7	16915153	25948784	5	3	2	2
7	25948785	26238058	6	4	2	2
7	26238059	28264313	5	3	2	2
7	28264314	28311328	6	4	2	2
7	28311329	28317119	6	4	2	2
7	28317120	55680171	5	3	2	2
7	55680172	57682630	4	2	2	2
7	57682631	61699999	NA	NA	NA	NA
7	61700000	78240927	4	2	2	2
7	78240928	85303593	3	2	1	2
7	85303594	85305783	3	2	1	2
7	85305784	93327191	3	2	1	2
7	93327192	93332280	3	2	1	2
7	93332281	155089762	3	2	1	2
7	155089763	158821400	2	2	0	2
8	10001	161465	1	1	0	1
8	161466	6369973	2	2	0	2
8	6369974	7016815	4	4	0	2
8	7016816	43099999	2	2	0	2
8	43100000	48099999	2	2	0	1
8	48100000	86737500	2	2	0	2
8	86737501	87983424	4	2	2	2
8	87983425	88028193	8	6	2	1
8	88028194	89329848	4	2	2	2
8	89329849	89332043	4	2	2	1
8	89332044	93075412	6	4	2	2
8	93075413	93215502	5	3	2	2
8	93215503	94838773	6	4	2	2
8	94838774	109756017	5	3	2	2
8	109756018	110723224	2	2	0	2
8	110723225	113706869	3	2	1	2
8	113706870	116988526	6	4	2	2
8	116988527	119418989	18	16	2	1
8	119418990	119744038	8	6	2	2
8	119744039	119749220	18	16	2	1
8	119749221	120558048	18	16	2	1
8	120558049	122848242	5	3	2	2
8	122848243	123515815	2	2	0	2
8	123515816	124383807	3	2	1	2
8	124383808	125560975	2	2	0	2
8	125560976	125904406	4	2	2	2
8	125904407	125921354	4	2	2	2
8	125921355	125921787	4	2	2	1
8	125921788	126102019	4	2	2	1
8	126102020	141756033	2	2	0	2
8	141756034	142525531	3	2	1	2
8	142525532	143161594	3	2	1	2
8	143161595	143328444	2	2	0	2
8	143328445	146364021	4	2	2	2
9	10001	203359	3	2	1	1
9	203360	5922481	3	2	1	2
9	5922482	5946448	3	2	1	2
9	5946449	31975244	3	2	1	2
9	31975245	32023396	0	0	0	2
9	32023397	47299999	2	2	0	2
9	47300000	50699999	2	2	0	2
9	50700000	140273200	2	2	0	2
9	140273201	141038316	2	2	0	2
10	94426	34489956	4	2	2	2
10	34489957	37999999	3	2	1	2
10	38000000	42403098	NA	NA	NA	NA
10	42403099	68727385	4	2	2	2
10	68727386	68777101	6	4	2	2
10	68777102	68828064	6	4	2	2
10	68828065	99149983	4	2	2	2
10	99149984	99340981	6	4	2	2
10	99340982	101771004	4	2	2	2
10	101771005	101771241	4	2	2	1
10	101771242	101771372	4	2	2	1
10	101771373	101800795	4	2	2	1
10	101800796	103365788	4	2	2	2
10	103365789	103563038	2	1	1	1
10	103563039	108076437	4	2	2	2
10	108076438	110026808	5	3	2	2
10	110026809	111365024	2	2	0	2
10	111365025	111426564	4	2	2	1
10	111426565	112664784	2	2	0	2
10	112664785	115092672	4	2	2	2
10	115092673	115903876	6	4	2	2
10	115903877	115944277	6	4	2	2
10	115944278	123198396	2	2	0	2
10	123198397	124107825	4	2	2	1
10	124107826	127487759	2	2	0	2
10	127487760	130768294	5	3	2	2
10	130768295	135389924	2	2	0	2
11	199673	43615593	4	2	2	2
11	43615594	43680435	7	4	3	2
11	43680436	51599999	4	2	2	2
11	51600000	55699999	4	2	2	2
11	55700000	82910102	4	2	2	2
11	82910103	83195932	2	2	0	2
11	83195933	120824659	4	2	2	2
11	120824660	121225809	6	4	2	2
11	121225810	134452200	4	2	2	2
12	22500	22841296	4	3	1	2
12	22841297	22843889	4	3	1	1
12	22843890	33139621	4	3	1	2
12	33139622	38199999	NA	NA	NA	NA
12	38200000	132349400	3	2	1	2
12	132349401	133851894	3	2	1	2
13	1	16299999	0	0	0	1
13	16300000	19499999	NA	NA	NA	NA
13	19500000	21450495	1	1	0	2
13	21450496	25656716	1	1	0	2
13	25656717	27282683	2	2	0	2
13	27282684	32357499	1	1	0	2
13	32357500	35329934	2	2	0	2
13	35329935	48782544	1	1	0	2
13	48782545	49181413	0	0	0	2
13	49181414	63032567	1	1	0	2
13	63032568	63032864	1	1	0	1
13	63032865	63035086	0	0	0	1
13	63035087	63621406	0	0	0	2
13	63621407	63626701	0	0	0	2
13	63626702	63626729	0	0	0	1
13	63626730	71939880	3	2	1	2
13	71939881	72042480	1	1	0	2
13	72042481	104713477	2	1	1	1
13	104713478	105203916	0	0	0	2
13	105203917	114142800	1	1	0	2
13	114142801	115169877	1	1	0	2
14	1	16099999	3	3	0	1
14	16100000	19099999	NA	NA	NA	NA
14	19100000	20437923	4	2	2	1
14	20437924	21062958	4	2	2	2
14	21062959	37087267	6	4	2	2
14	37087268	38047499	7	5	2	2
14	38047500	50135540	6	4	2	2
14	50135541	50482299	8	4	4	2
14	50482300	60520442	6	4	2	2
14	60520443	60780083	8	4	4	2
14	60780084	77112056	6	4	2	2
14	77112057	77113902	6	3	3	1
14	77113903	77681072	6	4	2	1
14	77681073	77803614	7	6	1	2
14	77803615	106368400	6	4	2	2
15	1	15799999	3	2	1	1
15	15800000	20699999	NA	NA	NA	NA
15	20700000	100363158	4	2	2	2
15	100363159	102365913	4	2	2	2
16	9999	87375	6	3	3	1
16	87376	34599999	4	2	2	2
16	34600000	38599999	NA	NA	NA	NA
16	38600000	46467499	3	2	1	1
16	46467500	88827200	2	2	0	2
16	88827201	90120069	2	2	0	2
17	12500	22199999	2	2	0	2
17	22200000	25799999	NA	NA	NA	NA
17	25800000	48031016	2	2	0	2
17	48031017	79991840	4	4	0	2
17	79991841	81195209	6	6	0	1
18	27500	125370	4	3	1	1
18	125371	14168227	4	3	1	2
18	14168228	15399999	4	3	1	2
18	15400000	18999999	NA	NA	NA	NA
18	19000000	68280798	2	1	1	2
18	68280799	68750274	3	2	1	2
18	68750275	76117000	2	1	1	2
18	76117001	78077247	2	1	1	1
19	102500	271880	2	2	0	1
19	271881	24399999	2	2	0	2
19	24400000	28599999	2	2	0	2
19	28600000	51580659	2	2	0	2
19	51580660	51582694	2	2	0	1
19	51582695	59128982	4	4	0	2
20	29234	25599999	4	2	2	2
20	25600000	29399999	4	2	2	1
20	29400000	62432500	4	2	2	2
21	1	9417499	NA	NA	NA	NA
21	9417500	10899999	NA	NA	NA	NA
21	10900000	15273816	3	3	0	1
21	15273817	17917865	4	4	0	2
21	17917866	27908368	4	4	0	2
21	27908369	40246153	3	3	0	2
21	40246154	43128051	6	3	3	2
21	43128052	43455105	9	6	3	2
21	43455106	44072306	6	3	3	2
21	44072307	44349579	10	6	4	2
21	44349580	45735437	6	3	3	2
21	45735438	45737564	6	3	3	2
21	45737565	45953172	6	3	3	2
21	45953173	47551606	9	6	3	2
21	47551607	47552147	9	6	3	1
22	1	12199999	1	1	0	1
22	12200000	17899999	NA	NA	NA	NA
22	17900000	44624304	3	3	0	2
22	44624305	49687500	3	3	0	2
22	49687501	51304565	3	3	0	1
X	1	58099999	5	3	2	2
X	58100000	62999999	NA	NA	NA	NA
X	63000000	155229748	5	3	2	2
