chromosome	start	end	total_cn	major_cn	minor_cn	star
1	1	3781494	3	3	0	2
1	3781495	3781668	3	3	0	2
1	3781669	22672080	3	3	0	3
1	22672081	37632368	2	2	0	2
1	37632369	37653208	2	2	0	2
1	37653209	37854922	2	2	0	2
1	37854923	37886750	2	2	0	2
1	37886751	87125777	2	2	0	2
1	87125778	87258625	0	0	0	2
1	87258626	102385341	2	2	0	2
1	102385342	102402684	2	2	0	2
1	102402685	112132768	2	2	0	3
1	112132769	116867231	4	2	2	3
1	116867232	116867267	4	2	2	3
1	116867268	116867667	4	2	2	2
1	116867668	116867730	4	2	2	2
1	116867731	116868028	4	2	2	2
1	116868029	116868137	4	2	2	2
1	116868138	119256080	4	2	2	3
1	119256081	119256115	4	2	2	2
1	119256116	121499999	4	2	2	2
1	121500000	128899999	4	2	2	2
1	128900000	142727499	4	2	2	2
1	142727500	149018742	4	2	2	2
1	149018743	149300979	4	2	2	2
1	149300980	154117864	5	4	1	2
1	154117865	168256643	4	3	1	2
1	168256644	168369810	4	3	1	2
1	168369811	182585194	5	4	1	2
1	182585195	183683428	6	5	1	2
1	183683429	196756400	5	4	1	1
1	196756401	202436267	6	5	1	2
1	202436268	209531077	7	7	0	1
1	209531078	209545577	7	6	1	2
1	209545578	209662349	9	8	1	2
1	209662350	209682266	8	8	0	1
1	209682267	215992207	7	7	0	1
1	215992208	217357431	10	9	1	1
1	217357432	217357844	8	7	1	2
1	217357845	217635104	4	3	1	2
1	217635105	217635118	9	9	0	2
1	217635119	217843230	9	8	1	1
1	217843231	219100476	4	3	1	2
1	219100477	219102007	9	8	1	2
1	219102008	222388090	4	3	1	2
1	222388091	229029966	3	2	1	2
1	229029967	229030459	10	9	1	2
1	229030460	233535547	10	9	1	1
1	233535548	233581702	2	2	0	2
1	233581703	235153665	11	10	1	1
1	235153666	235175644	2	2	0	2
1	235175645	239549101	3	2	1	2
1	239549102	239551782	16	15	1	2
1	239551783	247050096	10	9	1	1
1	247050097	247286993	4	3	1	2
1	247286994	248665006	8	8	0	2
1	248665007	248850035	10	10	0	1
2	20016	9509504	2	2	0	2
2	9509505	9529847	2	2	0	2
2	9529848	12411835	2	2	0	2
2	12411836	12416130	2	2	0	2
2	12416131	16077671	2	2	0	2
2	16077672	23777519	4	2	2	2
2	23777520	23778593	4	2	2	2
2	23778594	31098038	4	2	2	2
2	31098039	31098569	4	2	2	2
2	31098570	31098819	4	2	2	2
2	31098820	31099084	4	2	2	2
2	31099085	82838236	4	2	2	2
2	82838237	82840222	4	2	2	2
2	82840223	90499999	4	2	2	2
2	90500000	96799999	NA	NA	NA	NA
2	96800000	102817133	2	2	0	2
2	102817134	102818341	2	2	0	2
2	102818342	104431482	2	2	0	2
2	104431483	104433685	2	2	0	2
2	104433686	106686528	2	2	0	2
2	106686529	107329780	4	2	2	2
2	107329781	144450291	2	2	0	2
2	144450292	170528229	1	1	0	2
2	170528230	170535131	1	1	0	2
2	170535132	170574486	1	1	0	2
2	170574487	170581775	1	1	0	2
2	170581776	177194020	1	1	0	2
2	177194021	180944170	2	2	0	2
2	180944171	180990053	3	3	0	2
2	180990054	183582050	2	2	0	2
2	183582051	183701211	3	3	0	2
2	183701212	195016063	2	2	0	2
2	195016064	197263692	4	4	0	2
2	197263693	197264174	4	4	0	2
2	197264175	199364881	4	4	0	2
2	199364882	199378331	4	4	0	2
2	199378332	200791331	4	4	0	2
2	200791332	200791909	4	4	0	2
2	200791910	202573918	4	4	0	2
2	202573919	202593881	5	4	1	2
2	202593882	203131200	4	4	0	2
2	203131201	204080616	6	4	2	2
2	204080617	204080640	6	4	2	2
2	204080641	204083298	4	4	0	2
2	204083299	204335042	4	4	0	2
2	204335043	204336770	4	4	0	2
2	204336771	204349343	4	4	0	2
2	204349344	204356131	6	4	2	2
2	204356132	208957909	4	4	0	2
2	208957910	208958192	4	4	0	2
2	208958193	208958237	4	4	0	2
2	208958238	208959565	4	4	0	2
2	208959566	208960040	3	3	0	2
2	208960041	208960186	3	3	0	2
2	208960187	208960441	3	3	0	2
2	208960442	208960504	3	3	0	2
2	208960505	208961303	3	3	0	2
2	208961304	208961327	4	4	0	2
2	208961328	208962531	4	4	0	2
2	208962532	210014407	4	4	0	2
2	210014408	210441916	5	5	0	2
2	210441917	210443916	5	5	0	2
2	210443917	214905962	5	5	0	2
2	214905963	217610720	4	4	0	2
2	217610721	224980947	4	4	0	2
2	224980948	226931245	3	3	0	2
2	226931246	227818405	5	3	2	1
2	227818406	227822377	3	3	0	2
2	227822378	227825965	4	2	2	2
2	227825966	227883492	3	3	0	2
2	227883493	234093126	4	2	2	2
2	234093127	234105834	4	2	2	2
2	234105835	236646559	5	3	2	2
2	236646560	242725915	3	3	0	2
2	242725916	242731938	2	2	0	2
2	242731939	242735493	2	2	0	2
2	242735494	242757219	2	2	0	2
3	60596	42329787	3	2	1	2
3	42329788	42850070	6	5	1	2
3	42850071	42856785	6	5	1	2
3	42856786	44425922	3	2	1	2
3	44425923	44516559	1	1	0	2
3	44516560	44526270	1	1	0	2
3	44526271	44535985	1	1	0	1
3	44535986	44538471	0	0	0	1
3	44538472	44539407	3	2	1	1
3	44539408	44539436	3	2	1	2
3	44539437	44546537	3	2	1	2
3	44546538	53225874	1	1	0	3
3	53225875	55971884	3	2	1	2
3	55971885	56322383	1	1	0	2
3	56322384	56322463	1	1	0	2
3	56322464	56322677	3	2	1	1
3	56322678	56323211	3	2	1	1
3	56323212	56329713	3	2	1	1
3	56329714	56442663	3	2	1	2
3	56442664	56448940	1	1	0	3
3	56448941	56449464	1	1	0	3
3	56449465	64605105	1	1	0	3
3	64605106	64605936	1	1	0	2
3	64605937	64605971	1	1	0	2
3	64605972	65748756	3	2	1	2
3	65748757	65780414	1	1	0	2
3	65780415	65781252	1	1	0	2
3	65781253	65781294	1	1	0	2
3	65781295	65794267	1	1	0	2
3	65794268	65862649	3	2	1	2
3	65862650	65862708	3	2	1	2
3	65862709	65875507	3	2	1	2
3	65875508	65875549	3	2	1	1
3	65875550	65881018	1	1	0	1
3	65881019	65881125	3	2	1	1
3	65881126	65884681	3	2	1	1
3	65884682	65884780	1	1	0	2
3	65884781	65893262	1	1	0	2
3	65893263	65895230	1	1	0	2
3	65895231	66060132	1	1	0	2
3	66060133	66063396	1	1	0	2
3	66063397	66065100	1	1	0	2
3	66065101	66065722	1	1	0	2
3	66065723	66065799	1	1	0	2
3	66065800	66066308	1	1	0	2
3	66066309	75739183	1	1	0	2
3	75739184	79557139	1	1	0	3
3	79557140	79557247	1	1	0	3
3	79557248	79560432	1	1	0	2
3	79560433	83150601	3	2	1	2
3	83150602	83153245	1	1	0	2
3	83153246	83155409	1	1	0	2
3	83155410	85216625	1	1	0	3
3	85216626	85291716	1	1	0	2
3	85291717	85291729	1	1	0	2
3	85291730	85293554	1	1	0	2
3	85293555	85295151	1	1	0	2
3	85295152	85301710	1	1	0	2
3	85301711	85305357	1	1	0	1
3	85305358	85320613	2	2	0	1
3	85320614	85320657	1	1	0	2
3	85320658	85653562	1	1	0	2
3	85653563	85673352	1	1	0	2
3	85673353	85673901	1	1	0	2
3	85673902	85674561	1	1	0	2
3	85674562	85685415	1	1	0	2
3	85685416	85686460	1	1	0	2
3	85686461	85686509	1	1	0	2
3	85686510	86386369	1	1	0	2
3	86386370	86386630	1	1	0	2
3	86386631	86387738	1	1	0	2
3	86387739	86389789	5	5	0	1
3	86389790	86390046	5	5	0	1
3	86390047	86390639	5	5	0	1
3	86390640	86391434	3	2	1	1
3	86391435	86517845	3	2	1	2
3	86517846	86517895	3	2	1	1
3	86517896	86760873	1	1	0	2
3	86760874	87899999	3	2	1	2
3	87900000	93899999	NA	NA	NA	NA
3	93900000	103353847	4	2	2	2
3	103353848	103355323	3	2	1	2
3	103355324	115389973	4	2	2	2
3	115389974	140993563	4	2	2	2
3	140993564	162975498	4	2	2	2
3	162975499	163029148	3	2	1	2
3	163029149	163921865	4	2	2	2
3	163921866	163925170	4	2	2	2
3	163925171	165131991	4	2	2	2
3	165131992	165134508	4	2	2	2
3	165134509	172004221	4	2	2	2
3	172004222	172009432	4	2	2	2
3	172009433	173162641	4	2	2	2
3	173162642	178861554	2	2	0	2
3	178861555	178861787	2	2	0	2
3	178861788	178862019	2	2	0	2
3	178862020	186201226	4	2	2	2
3	186201227	186201238	4	2	2	2
3	186201239	186201949	4	2	2	2
3	186201950	186201979	4	2	2	2
3	186201980	186202531	4	2	2	1
3	186202532	186202574	4	2	2	1
3	186202575	186203200	3	2	1	1
3	186203201	186203255	3	2	1	1
3	186203256	186204556	3	2	1	2
3	186204557	186205510	3	2	1	1
3	186205511	186205610	5	4	1	1
3	186205611	186205671	5	4	1	1
3	186205672	186205985	5	4	1	1
3	186205986	186206500	5	4	1	1
3	186206501	186206601	5	4	1	1
3	186206602	188916139	2	2	0	2
3	188916140	188916337	2	2	0	2
3	188916338	188918123	1	1	0	2
3	188918124	188918278	6	4	2	2
3	188918279	188918358	6	4	2	2
3	188918359	188919197	2	2	0	2
3	188919198	188919450	6	4	2	2
3	188919451	188919469	6	4	2	2
3	188919470	188919579	6	4	2	2
3	188919580	197854277	6	4	2	2
4	72048	25293282	1	1	0	2
4	25293283	27901123	1	1	0	2
4	27901124	27906521	2	2	0	2
4	27906522	30372990	3	3	0	2
4	30372991	30376413	3	3	0	2
4	30376414	30376528	3	3	0	1
4	30376529	46612421	2	2	0	2
4	46612422	48199999	3	2	1	2
4	48200000	52699999	3	2	1	2
4	52700000	54050894	3	2	1	2
4	54050895	54052573	3	2	1	2
4	54052574	60898993	3	2	1	2
4	60898994	60900163	3	2	1	2
4	60900164	64059490	3	2	1	2
4	64059491	64060419	3	2	1	2
4	64060420	77055646	3	2	1	2
4	77055647	89325213	2	1	1	2
4	89325214	89367919	1	1	0	2
4	89367920	101408284	2	1	1	2
4	101408285	101422458	1	1	0	2
4	101422459	108722606	2	1	1	2
4	108722607	108731214	2	1	1	2
4	108731215	129472540	2	1	1	2
4	129472541	129492326	2	1	1	2
4	129492327	134390345	2	1	1	2
4	134390346	134391300	4	2	2	2
4	134391301	138056631	2	1	1	2
4	138056632	138056959	2	1	1	2
4	138056960	138225638	2	1	1	2
4	138225639	138726466	2	1	1	2
4	138726467	138772943	1	1	0	2
4	138772944	158874182	2	1	1	2
4	158874183	180127350	1	1	0	2
4	180127351	180140322	1	1	0	2
4	180140323	181544241	1	1	0	2
4	181544242	181545690	1	1	0	2
4	181545691	181546183	2	2	0	1
4	181546184	181614011	2	2	0	2
4	181614012	191154275	1	1	0	2
5	22500	857921	4	2	2	2
5	857922	11405025	4	2	2	2
5	11405026	12282286	4	2	2	2
5	12282287	12286452	4	2	2	2
5	12286453	22619156	4	2	2	2
5	22619157	22621054	4	2	2	2
5	22621055	27542938	4	2	2	2
5	27542939	27549375	2	2	0	2
5	27549376	45667896	4	2	2	2
5	45667897	45669086	4	2	2	2
5	45669087	50699999	4	2	2	2
5	50700000	55775382	4	2	2	2
5	55775383	55829300	2	2	0	2
5	55829301	59303803	4	2	2	2
5	59303804	60780782	4	2	2	2
5	60780783	61422802	8	6	2	2
5	61422803	61424297	6	3	3	1
5	61424298	61444082	4	2	2	2
5	61444083	61444401	4	2	2	2
5	61444402	62703859	4	2	2	2
5	62703860	62705527	4	2	2	2
5	62705528	62709714	2	2	0	2
5	62709715	73566916	2	2	0	2
5	73566917	74301692	4	2	2	2
5	74301693	74902622	2	2	0	2
5	74902623	77964647	4	2	2	2
5	77964648	96487965	2	2	0	2
5	96487966	96499213	2	2	0	2
5	96499214	137742190	2	2	0	2
5	137742191	146220684	4	2	2	3
5	146220685	175899974	2	2	0	2
5	175899975	179286086	4	2	2	2
5	179286087	179303273	4	2	2	2
5	179303274	180340619	4	2	2	2
5	180340620	180341376	4	2	2	2
5	180341377	180341588	4	2	2	2
5	180341589	180710431	4	2	2	2
6	39681	212499	2	2	0	2
6	212500	8611632	2	2	0	2
6	8611633	8834386	1	1	0	2
6	8834387	21434655	2	2	0	2
6	21434656	27258211	4	2	2	2
6	27258212	41370321	4	2	2	2
6	41370322	41383243	2	2	0	2
6	41383244	46757344	4	2	2	2
6	46757345	52127323	3	2	1	3
6	52127324	52128374	3	2	1	3
6	52128375	58699999	3	2	1	3
6	58700000	63299999	3	2	1	3
6	63300000	70026067	3	2	1	3
6	70026068	82301442	2	2	0	2
6	82301443	82301765	2	2	0	2
6	82301766	85229073	2	2	0	2
6	85229074	85234617	2	2	0	2
6	85234618	95643198	2	2	0	2
6	95643199	95644745	2	2	0	3
6	95644746	96733816	2	2	0	3
6	96733817	96739711	2	2	0	2
6	96739712	100622763	2	2	0	2
6	100622764	100622807	2	2	0	2
6	100622808	103403365	2	2	0	2
6	103403366	120546514	2	2	0	2
6	120546515	136514531	3	3	0	2
6	136514532	136524226	3	3	0	2
6	136524227	136528392	2	2	0	2
6	136528393	141301829	3	3	0	2
6	141301830	141301946	3	3	0	2
6	141301947	141302277	3	3	0	2
6	141302278	141302584	3	3	0	2
6	141302585	146079325	3	3	0	2
6	146079326	147383045	4	4	0	2
6	147383046	150875127	3	3	0	2
6	150875128	150883208	4	4	0	2
6	150883209	150883328	3	3	0	2
6	150883329	150883470	3	3	0	2
6	150883471	151007401	3	3	0	2
6	151007402	151013623	4	4	0	2
6	151013624	151020901	3	3	0	2
6	151020902	151516993	4	4	0	2
6	151516994	151533266	4	4	0	2
6	151533267	152729850	4	4	0	2
6	152729851	154328649	3	3	0	2
6	154328650	155740468	2	2	0	2
6	155740469	157043925	3	3	0	2
6	157043926	157226829	2	2	0	2
6	157226830	170919735	1	1	0	2
7	40386	5276580	4	2	2	2
7	5276581	5280261	4	2	2	2
7	5280262	29795835	4	2	2	2
7	29795836	29795848	4	2	2	2
7	29795849	36004005	4	2	2	2
7	36004006	36010087	4	2	2	2
7	36010088	44075420	4	2	2	2
7	44075421	50777352	4	2	2	2
7	50777353	50778140	4	2	2	2
7	50778141	56048482	4	2	2	2
7	56048483	56048617	4	2	2	2
7	56048618	56048998	4	2	2	2
7	56048999	56049048	4	2	2	2
7	56049049	57999999	3	2	1	2
7	58000000	61742499	NA	NA	NA	NA
7	61742500	62114905	4	2	2	2
7	62114906	62616652	5	3	2	2
7	62616653	62620089	4	2	2	2
7	62620090	88642725	3	2	1	2
7	88642726	118752364	3	2	1	2
7	118752365	118754120	3	2	1	2
7	118754121	121612669	3	2	1	2
7	121612670	132453200	2	1	1	2
7	132453201	132467612	2	1	1	2
7	132467613	154536087	2	1	1	2
7	154536088	154536762	2	1	1	2
7	154536763	158821400	2	1	1	2
8	10001	156629	1	1	0	2
8	156630	39631443	1	1	0	2
8	39631444	40092286	4	3	1	2
8	40092287	40262953	1	1	0	2
8	40262954	43099999	2	2	0	2
8	43100000	48099999	NA	NA	NA	NA
8	48100000	60300249	5	3	2	2
8	60300250	60301293	4	2	2	2
8	60301294	61026004	4	2	2	2
8	61026005	61088737	4	2	2	2
8	61088738	73050719	5	3	2	2
8	73050720	73052962	4	2	2	2
8	73052963	74185207	5	3	2	2
8	74185208	74205714	2	2	0	2
8	74205715	74205956	2	2	0	2
8	74205957	74227321	2	2	0	2
8	74227322	75820552	4	2	2	2
8	75820553	92378967	2	2	0	2
8	92378968	95660225	3	3	0	2
8	95660226	96645259	5	3	2	2
8	96645260	99176377	5	3	2	2
8	99176378	106917394	7	4	3	2
8	106917395	106917608	7	4	3	1
8	106917609	106917624	5	3	2	2
8	106917625	106917649	5	3	2	2
8	106917650	106917758	5	3	2	2
8	106917759	106945957	5	3	2	2
8	106945958	106946859	7	4	3	1
8	106946860	106946873	8	4	4	1
8	106946874	107657017	7	4	3	2
8	107657018	107657453	7	4	3	2
8	107657454	109071222	7	4	3	2
8	109071223	110368307	9	6	3	1
8	110368308	110805806	8	5	3	2
8	110805807	110840321	8	5	3	2
8	110840322	110907145	10	7	3	2
8	110907146	110907306	10	7	3	2
8	110907307	110908143	11	7	4	1
8	110908144	110908184	11	7	4	1
8	110908185	110971685	5	3	2	2
8	110971686	111767512	7	4	3	2
8	111767513	111775538	8	5	3	1
8	111775539	116231172	8	5	3	2
8	116231173	117862570	10	7	3	1
8	117862571	117862789	10	7	3	1
8	117862790	117864335	11	7	4	1
8	117864336	120980186	10	7	3	1
8	120980187	120982443	10	7	3	2
8	120982444	123577001	10	7	3	1
8	123577002	130642921	10	7	3	1
8	130642922	130649467	11	8	3	1
8	130649468	130768644	11	8	3	2
8	130768645	130770191	12	9	3	1
8	130770192	130770815	NA	NA	NA	NA
8	130770816	130790109	7	4	3	1
8	130790110	138706849	7	4	3	2
8	138706850	138717385	3	3	0	2
8	138717386	139234538	6	3	3	2
8	139234539	139290492	7	4	3	2
8	139290493	139290787	7	4	3	1
8	139290788	143417977	7	4	3	2
8	143417978	143420375	9	5	4	1
8	143420376	143420392	9	5	4	1
8	143420393	143420922	4	2	2	1
8	143420923	146364021	6	3	3	2
9	59810	6552525	3	2	1	2
9	6552526	6554008	3	2	1	2
9	6554009	13462893	3	2	1	2
9	13462894	13462941	3	2	1	1
9	13462942	13463425	3	2	1	2
9	13463426	29350929	3	2	1	2
9	29350930	29374934	1	1	0	2
9	29374935	29375600	1	1	0	2
9	29375601	29396319	1	1	0	3
9	29396320	39037922	4	3	1	2
9	39037923	47299999	4	3	1	2
9	47300000	50699999	NA	NA	NA	NA
9	50700000	66486485	3	2	1	2
9	66486486	77244495	3	2	1	2
9	77244496	77320952	2	2	0	2
9	77320953	78833596	6	3	3	2
9	78833597	82776008	3	3	0	1
9	82776009	83325985	3	2	1	2
9	83325986	83326234	3	2	1	2
9	83326235	93171443	3	2	1	2
9	93171444	93209020	4	3	1	2
9	93209021	96567179	3	2	1	2
9	96567180	120358095	2	2	0	2
9	120358096	120358134	2	2	0	2
9	120358135	120358503	2	2	0	2
9	120358504	120358549	2	2	0	2
9	120358550	120358768	2	2	0	2
9	120358769	120358906	2	2	0	2
9	120358907	120359217	2	2	0	2
9	120359218	131472240	2	2	0	2
9	131472241	131475447	2	2	0	2
9	131475448	132638225	2	2	0	2
9	132638226	132672235	0	0	0	2
9	132672236	140273200	2	2	0	2
10	102500	3326136	6	3	3	2
10	3326137	3341572	5	3	2	2
10	3341573	19839646	5	3	2	2
10	19839647	37398954	4	2	2	2
10	37398955	42299999	NA	NA	NA	NA
10	42300000	49926328	5	3	2	2
10	49926329	51781880	7	4	3	2
10	51781881	55456048	7	4	3	2
10	55456049	55473250	7	4	3	2
10	55473251	70039891	7	4	3	2
10	70039892	70043435	7	4	3	2
10	70043436	77536898	7	4	3	2
10	77536899	77975966	7	4	3	2
10	77975967	77975997	7	4	3	2
10	77975998	77976201	7	4	3	2
10	77976202	77976861	7	4	3	2
10	77976862	77977126	7	4	3	2
10	77977127	77977304	7	4	3	2
10	77977305	77978395	7	4	3	2
10	77978396	77979850	7	4	3	2
10	77979851	79999239	7	4	3	2
10	79999240	79999283	7	4	3	2
10	79999284	83411912	5	3	2	2
10	83411913	83415740	4	4	0	1
10	83415741	83542201	3	3	0	2
10	83542202	83547644	3	3	0	2
10	83547645	89703412	3	3	0	2
10	89703413	89723052	3	3	0	2
10	89723053	97057795	3	3	0	2
10	97057796	103857347	4	3	1	2
10	103857348	103858195	4	3	1	2
10	103858196	111900247	4	3	1	2
10	111900248	111909501	3	2	1	2
10	111909502	116989230	4	3	1	2
10	116989231	117021193	1	1	0	2
10	117021194	130386556	4	3	1	2
10	130386557	135534746	4	3	1	2
11	20721	202071	2	2	0	2
11	202072	15254819	2	2	0	2
11	15254820	15283589	2	2	0	2
11	15283590	25171281	2	2	0	2
11	25171282	25172019	2	2	0	2
11	25172020	28416077	2	2	0	2
11	28416078	28416332	2	2	0	2
11	28416333	28453977	2	2	0	2
11	28453978	28816486	4	2	2	2
11	28816487	28931411	2	2	0	2
11	28931412	28944470	4	2	2	2
11	28944471	32796849	2	2	0	2
11	32796850	32797406	2	2	0	2
11	32797407	32811050	2	2	0	2
11	32811051	33397106	4	2	2	3
11	33397107	33398171	4	2	2	2
11	33398172	40389888	4	2	2	2
11	40389889	40423315	4	2	2	2
11	40423316	41251564	4	2	2	2
11	41251565	41251608	4	2	2	2
11	41251609	41852601	2	2	0	2
11	41852602	50782642	4	2	2	3
11	50782643	55699999	NA	NA	NA	NA
11	55700000	59248726	2	2	0	2
11	59248727	64326050	4	2	2	3
11	64326051	64970294	6	4	2	2
11	64970295	64976291	4	3	1	2
11	64976292	65014891	7	5	2	1
11	65014892	66219580	4	2	2	2
11	66219581	67091080	7	5	2	1
11	67091081	68314776	4	2	2	2
11	68314777	68628209	2	2	0	2
11	68628210	68773763	5	3	2	2
11	68773764	68810091	19	17	2	1
11	68810092	68815313	11	8	3	1
11	68815314	68962882	22	21	1	1
11	68962883	68977633	45	43	2	2
11	68977634	68982097	45	43	2	2
11	68982098	69198400	45	43	2	2
11	69198401	69594476	31	30	1	1
11	69594477	69605364	25	23	2	2
11	69605365	69965058	28	26	2	2
11	69965059	70007112	25	21	4	1
11	70007113	70018756	36	34	2	2
11	70018757	70059467	25	24	1	1
11	70059468	70246492	36	34	2	2
11	70246493	70599686	19	17	2	1
11	70599687	70780870	36	34	2	2
11	70780871	71002803	22	21	1	1
11	71002804	76308307	2	2	0	3
11	76308308	76803022	19	17	2	2
11	76803023	76807599	26	25	1	1
11	76807600	77224412	13	11	2	2
11	77224413	77229998	13	10	3	1
11	77229999	77347592	14	14	0	1
11	77347593	77515467	19	18	1	1
11	77515468	77516139	19	18	1	1
11	77516140	77531797	19	17	2	1
11	77531798	77539334	19	17	2	2
11	77539335	78303642	17	15	2	2
11	78303643	78514071	6	4	2	2
11	78514072	78518540	7	4	3	2
11	78518541	78616222	19	19	0	1
11	78616223	78629446	13	12	1	1
11	78629447	78726571	17	15	2	2
11	78726572	78726725	20	19	1	1
11	78726726	78777142	17	16	1	1
11	78777143	78782856	17	16	1	1
11	78782857	78813094	22	20	2	1
11	78813095	78824083	25	24	1	1
11	78824084	78824406	35	34	1	1
11	78824407	78827807	27	25	2	1
11	78827808	78835112	20	19	1	1
11	78835113	78864267	25	24	1	1
11	78864268	78864315	31	29	2	2
11	78864316	78951037	31	29	2	2
11	78951038	78952536	4	2	2	2
11	78952537	79068080	17	15	2	1
11	79068081	79129675	19	17	2	2
11	79129676	79129804	21	20	1	1
11	79129805	79129824	20	18	2	1
11	79129825	79130008	20	18	2	1
11	79130009	79139998	17	16	1	1
11	79139999	79140147	17	16	1	1
11	79140148	79168727	17	16	1	1
11	79168728	79568485	13	11	2	2
11	79568486	79982733	8	6	2	2
11	79982734	79998744	14	13	1	1
11	79998745	80001483	14	13	1	1
11	80001484	80029360	14	12	2	1
11	80029361	80036620	15	12	3	2
11	80036621	80056230	14	12	2	1
11	80056231	80058855	28	27	1	1
11	80058856	80060404	28	27	1	1
11	80060405	80079290	25	24	1	1
11	80079291	82738835	2	2	0	2
11	82738836	82739906	2	2	0	2
11	82739907	85833989	2	2	0	2
11	85833990	85877119	0	0	0	2
11	85877120	102254763	2	2	0	2
11	102254764	102255517	2	2	0	2
11	102255518	102256211	2	2	0	2
11	102256212	134452200	2	2	0	2
12	110107	2475174	5	3	2	2
12	2475175	27121530	4	2	2	2
12	27121531	27128403	4	2	2	2
12	27128404	33299999	5	3	2	2
12	33300000	38199999	NA	NA	NA	NA
12	38200000	43039594	5	3	2	2
12	43039595	43044877	5	3	2	2
12	43044878	48057404	5	3	2	2
12	48057405	48063426	5	3	2	2
12	48063427	54241347	3	2	1	2
12	54241348	54242175	3	2	1	2
12	54242176	54243187	4	2	2	2
12	54243188	56952650	4	2	2	2
12	56952651	56958752	4	2	2	2
12	56958753	88620801	4	2	2	2
12	88620802	95996982	4	2	2	2
12	95996983	123361965	2	2	0	2
12	123361966	123362416	2	2	0	2
12	123362417	123697349	2	2	0	2
12	123697350	123699861	2	2	0	2
12	123699862	132349400	2	2	0	2
12	132349401	133851894	2	2	0	2
13	1	16299999	2	2	0	1
13	16300000	19499999	2	2	0	2
13	19500000	44735590	2	2	0	2
13	44735591	44741961	2	2	0	2
13	44741962	44749067	4	4	0	1
13	44749068	44751571	4	4	0	1
13	44751572	45359116	4	4	0	3
13	45359117	45917722	3	3	0	3
13	45917723	45917791	3	3	0	3
13	45917792	45918028	3	3	0	2
13	45918029	45918730	3	3	0	2
13	45918731	45918890	3	3	0	2
13	45918891	45919249	3	3	0	2
13	45919250	45919282	3	3	0	2
13	45919283	46048945	3	3	0	3
13	46048946	46060532	2	2	0	1
13	46060533	46066672	1	1	0	3
13	46066673	46109559	1	1	0	2
13	46109560	46109679	1	1	0	2
13	46109680	46111070	1	1	0	2
13	46111071	46127954	1	1	0	2
13	46127955	78386752	2	2	0	2
13	78386753	88318102	3	2	1	2
13	88318103	92154492	2	2	0	2
13	92154493	99619714	3	2	1	2
13	99619715	99621034	3	2	1	2
13	99621035	111570756	3	2	1	2
13	111570757	111571678	3	2	1	2
13	111571679	114142800	3	2	1	2
13	114142801	115169877	5	3	2	2
14	1	16099999	4	2	2	1
14	16100000	19099999	4	2	2	1
14	19100000	20460539	4	2	2	2
14	20460540	23011095	4	2	2	2
14	23011096	23463794	4	2	2	2
14	23463795	32309602	4	2	2	2
14	32309603	32315937	4	2	2	2
14	32315938	46030229	4	2	2	2
14	46030230	46128994	2	2	0	2
14	46128995	46378504	4	2	2	2
14	46378505	46378528	4	2	2	2
14	46378529	46379821	3	2	1	1
14	46379822	46380235	3	2	1	2
14	46380236	57708868	3	2	1	2
14	57708869	92575050	2	2	0	3
14	92575051	92577952	2	2	0	3
14	92577953	94668119	2	2	0	3
14	94668120	94676548	2	2	0	2
14	94676549	106368400	2	2	0	3
15	1	15799999	2	2	0	1
15	15800000	20699999	2	2	0	2
15	20700000	24687500	2	2	0	3
15	24687501	31716490	2	2	0	3
15	31716491	40234987	1	1	0	2
15	40234988	40235271	1	1	0	2
15	40235272	41906581	1	1	0	2
15	41906582	57609782	3	2	1	2
15	57609783	57610005	3	2	1	2
15	57610006	57610483	3	2	1	2
15	57610484	57610800	3	2	1	2
15	57610801	57611293	3	2	1	2
15	57611294	63478159	3	2	1	2
15	63478160	63513428	3	2	1	2
15	63513429	67554270	3	2	1	2
15	67554271	67554327	3	2	1	2
15	67554328	67554561	3	2	1	2
15	67554562	67554591	3	2	1	2
15	67554592	67582200	3	2	1	2
15	67582201	67582524	3	2	1	2
15	67582525	67582623	3	2	1	2
15	67582624	67582930	3	2	1	2
15	67582931	67582961	3	2	1	2
15	67582962	67584064	3	2	1	2
15	67584065	67584466	3	2	1	2
15	67584467	67584545	3	2	1	2
15	67584546	67584715	3	2	1	2
15	67584716	67584736	3	2	1	2
15	67584737	73322624	3	2	1	2
15	73322625	73328319	3	2	1	2
15	73328320	77810800	3	2	1	2
15	77810801	77843629	2	2	0	2
15	77843630	78162846	3	2	1	2
15	78162847	78168467	1	1	0	2
15	78168468	78213703	1	1	0	2
15	78213704	78289703	1	1	0	2
15	78289704	83921041	3	2	1	2
15	83921042	91923222	4	3	1	2
15	91923223	91924752	2	1	1	1
15	91924753	99582967	4	3	1	2
15	99582968	99583871	4	3	1	2
15	99583872	100338800	4	3	1	2
15	100338801	102399919	4	3	1	2
16	84870	10415636	4	2	2	2
16	10415637	10415995	4	2	2	2
16	10415996	10416168	4	2	2	2
16	10416169	10983659	4	2	2	2
16	10983660	11108554	2	2	0	2
16	11108555	24831415	4	2	2	2
16	24831416	24833598	4	2	2	2
16	24833599	28575847	4	2	2	2
16	28575848	28583297	4	2	2	2
16	28583298	34599999	4	2	2	2
16	34600000	38599999	4	2	2	2
16	38600000	46447499	4	2	2	2
16	46447500	54699058	4	2	2	2
16	54699059	54706222	4	2	2	2
16	54706223	71495707	4	2	2	2
16	71495708	71496984	4	2	2	2
16	71496985	88827200	4	2	2	2
16	88827201	90354752	4	2	2	2
17	12500	7570410	2	2	0	3
17	7570411	7575062	2	2	0	3
17	7575063	14105450	2	2	0	3
17	14105451	14109161	25	25	0	1
17	14109162	14159954	25	25	0	1
17	14159955	14229517	19	17	2	2
17	14229518	14350487	25	23	2	2
17	14350488	14808598	23	21	2	1
17	14808599	14962638	23	21	2	2
17	14962639	15113925	19	18	1	1
17	15113926	15192046	15	13	2	2
17	15192047	15202697	23	22	1	1
17	15202698	15475087	15	14	1	1
17	15475088	15616892	10	8	2	1
17	15616893	17774714	6	4	2	2
17	17774715	17774973	6	4	2	2
17	17774974	17782069	7	5	2	1
17	17782070	17988474	4	2	2	2
17	17988475	18019227	10	9	1	1
17	18019228	18104409	4	2	2	2
17	18104410	18105408	11	9	2	1
17	18105409	18106156	6	4	2	1
17	18106157	18106210	6	4	2	1
17	18106211	18107671	6	4	2	1
17	18107672	18108434	6	4	2	1
17	18108435	18659251	6	4	2	2
17	18659252	18834744	17	15	2	2
17	18834745	19152780	5	3	2	2
17	19152781	19154693	8	6	2	2
17	19154694	19154852	8	6	2	2
17	19154853	19748999	8	6	2	2
17	19749000	20007615	11	9	2	2
17	20007616	21552499	6	4	2	2
17	21552500	25799999	NA	NA	NA	NA
17	25800000	27754001	6	4	2	2
17	27754002	29481721	4	2	2	2
17	29481722	31516510	4	2	2	2
17	31516511	31516564	4	2	2	2
17	31516565	31517114	4	2	2	2
17	31517115	31517398	4	2	2	2
17	31517399	31517446	4	2	2	2
17	31517447	31517944	4	2	2	2
17	31517945	31518092	4	2	2	2
17	31518093	38267106	4	2	2	2
17	38267107	38267197	4	2	2	2
17	38267198	38267601	4	2	2	2
17	38267602	38268145	4	2	2	2
17	38268146	56449434	4	2	2	2
17	56449435	56458853	4	2	2	2
17	56458854	58139719	4	2	2	2
17	58139720	59277231	4	2	2	2
17	59277232	59291958	2	2	0	2
17	59291959	78787996	4	2	2	2
17	78787997	81195209	4	2	2	2
18	27500	8272758	3	2	1	2
18	8272759	15399999	3	2	1	2
18	15400000	18999999	3	2	1	2
18	19000000	19226167	3	2	1	2
18	19226168	24516799	5	3	2	2
18	24516800	24517865	5	3	2	2
18	24517866	28718893	5	3	2	2
18	28718894	28721396	5	3	2	2
18	28721397	28721946	5	3	2	2
18	28721947	31126562	5	3	2	2
18	31126563	31154060	5	3	2	2
18	31154061	31739735	5	3	2	2
18	31739736	51857459	2	2	0	3
18	51857460	51861394	2	2	0	3
18	51861395	53139898	2	2	0	3
18	53139899	53140856	2	2	0	2
18	53140857	53141818	2	2	0	2
18	53141819	53142207	2	2	0	2
18	53142208	53146386	2	2	0	2
18	53146387	55816637	5	5	0	2
18	55816638	55823146	5	5	0	2
18	55823147	57324219	5	5	0	2
18	57324220	57325623	5	5	0	2
18	57325624	76117000	5	5	0	2
18	76117001	78077247	5	5	0	2
19	102500	260136	4	2	2	2
19	260137	13465585	4	2	2	2
19	13465586	13571970	2	2	0	3
19	13571971	19286444	4	2	2	2
19	19286445	19287311	4	2	2	2
19	19287312	24399999	4	2	2	2
19	24400000	28622204	NA	NA	NA	NA
19	28622205	28689851	2	2	0	2
19	28689852	38879730	4	2	2	2
19	38879731	59128982	3	2	1	2
20	17500	4928193	3	2	1	2
20	4928194	4928968	3	2	1	2
20	4928969	25599999	3	2	1	2
20	25600000	29447500	3	2	1	2
20	29447501	29809398	3	2	1	2
20	29809399	30969633	4	2	2	2
20	30969634	31578826	6	4	2	2
20	31578827	31605904	2	2	0	2
20	31605905	31613410	6	4	2	1
20	31613411	32077961	2	2	0	3
20	32077962	32099539	2	2	0	2
20	32099540	32636246	2	2	0	3
20	32636247	53714774	4	2	2	2
20	53714775	53714808	4	2	2	2
20	53714809	62432500	4	2	2	2
20	62432501	62909988	4	2	2	2
21	1	10633443	NA	NA	NA	NA
21	10633444	10899999	NA	NA	NA	NA
21	10900000	15273231	2	2	0	2
21	15273232	46937500	2	2	0	3
21	46937501	48129894	2	2	0	2
22	1	12199999	4	2	2	1
22	12200000	17899999	4	2	2	2
22	17900000	50219331	4	2	2	2
22	50219332	50235536	4	2	2	2
22	50235537	51304565	4	2	2	2
X	415197	1453499	4	3	1	1
X	1453500	19004050	3	2	1	2
X	19004051	19004899	2	1	1	2
X	19004900	21585128	4	3	1	1
X	21585129	21586579	2	1	1	2
X	21586580	27395542	4	3	1	1
X	27395543	27460999	3	3	0	1
X	27461000	30387823	4	3	1	1
X	30387824	30396012	4	3	1	1
X	30396013	36473636	4	3	1	1
X	36473637	36473649	4	3	1	1
X	36473650	36473683	2	2	0	1
X	36473684	36473856	2	2	0	1
X	36473857	55535030	1	1	0	2
X	55535031	55758404	3	2	1	1
X	55758405	56807719	2	2	0	2
X	56807720	58099999	4	3	1	1
X	58100000	62999999	4	3	1	2
X	63000000	86066108	4	3	1	2
X	86066109	86066161	4	3	1	1
X	86066162	92762342	1	1	0	2
X	92762343	92762369	1	1	0	2
X	92762370	101131616	1	1	0	2
X	101131617	101143912	1	1	0	2
X	101143913	130017299	1	1	0	2
X	130017300	130017547	1	1	0	2
X	130017548	134407708	1	1	0	2
X	134407709	154913600	1	1	0	2
