chromosome	start	end	total_cn	major_cn	minor_cn	star
1	1	790008	2	2	0	2
1	790009	17089420	2	2	0	2
1	17089421	17276477	2	2	0	2
1	17276478	72769209	2	2	0	3
1	72769210	93393591	2	2	0	3
1	93393592	93393778	2	2	0	2
1	93393779	121346938	2	2	0	3
1	121346939	128899999	NA	NA	NA	NA
1	128900000	145779202	4	2	2	2
1	145779203	151413271	4	2	2	2
1	151413272	151424996	4	2	2	1
1	151424997	158280021	4	2	2	2
1	158280022	158769625	3	2	1	2
1	158769626	159727328	3	2	1	2
1	159727329	159727862	3	2	1	2
1	159727863	159727873	3	2	1	2
1	159727874	159728539	3	2	1	2
1	159728540	160081483	4	2	2	2
1	160081484	160082247	3	2	1	2
1	160082248	160160748	4	2	2	2
1	160160749	161815722	5	3	2	2
1	161815723	162308965	4	2	2	2
1	162308966	162387408	4	2	2	2
1	162387409	162497096	4	2	2	2
1	162497097	162738909	4	2	2	2
1	162738910	162797363	4	2	2	2
1	162797364	162929545	4	2	2	2
1	162929546	164924632	3	2	1	2
1	164924633	227651133	4	2	2	2
1	227651134	227864991	5	3	2	2
1	227864992	227866900	5	3	2	2
1	227866901	228190600	5	3	2	2
1	228190601	228219896	5	3	2	2
1	228219897	230522090	4	2	2	2
1	230522091	231152500	5	3	2	2
1	231152501	232922568	4	2	2	2
1	232922569	232923615	4	2	2	2
1	232923616	234603200	5	3	2	2
1	234603201	234864621	5	3	2	2
1	234864622	235018024	6	4	2	2
1	235018025	235121532	6	4	2	2
1	235121533	235127425	6	4	2	2
1	235127426	235522095	6	4	2	2
1	235522096	235526097	7	4	3	1
1	235526098	236734502	5	3	2	1
1	236734503	237823601	4	2	2	2
1	237823602	238297500	5	3	2	2
1	238297501	238366629	5	3	2	2
1	238366630	239573314	4	2	2	2
1	239573315	239690402	5	3	2	1
1	239690403	240406176	4	2	2	2
1	240406177	240407914	4	2	2	2
1	240407915	240408024	4	2	2	2
1	240408025	241077660	4	2	2	2
1	241077661	241146401	4	2	2	2
1	241146402	241147147	4	2	2	2
1	241147148	241152233	4	2	2	2
1	241152234	242471948	4	2	2	2
1	242471949	243388772	5	3	2	2
1	243388773	243428049	6	4	2	2
1	243428050	243429306	6	4	2	2
1	243429307	243486606	7	5	2	2
1	243486607	243584781	6	4	2	2
1	243584782	243970790	7	5	2	2
1	243970791	243970856	7	5	2	2
1	243970857	243977951	7	5	2	2
1	243977952	245413137	7	5	2	2
1	245413138	245455344	7	5	2	2
1	245455345	245870228	7	5	2	2
1	245870229	245970242	8	6	2	2
1	245970243	246032063	8	6	2	2
1	246032064	246754616	9	7	2	2
1	246754617	246755432	10	8	2	1
1	246755433	246761746	10	8	2	1
1	246761747	246859684	10	8	2	2
1	246859685	246899949	4	2	2	2
1	246899950	247442824	10	8	2	2
1	247442825	247779690	10	8	2	2
1	247779691	248435014	7	5	2	2
2	30428	82198625	3	2	1	3
2	82198626	82329914	3	2	1	2
2	82329915	90499999	3	2	1	3
2	90500000	96799999	3	2	1	2
2	96800000	154280608	3	2	1	3
2	154280609	154714427	3	2	1	2
2	154714428	155162213	2	2	0	2
2	155162214	189397830	3	2	1	3
2	189397831	190008417	3	2	1	2
2	190008418	193731573	3	2	1	2
2	193731574	200171677	3	2	1	2
2	200171678	200173412	3	2	1	2
2	200173413	210202460	3	2	1	3
2	210202461	213352802	2	2	0	2
2	213352803	242951000	3	2	1	3
3	62437	2136201	3	2	1	2
3	2136202	35834259	4	2	2	3
3	35834260	35877338	3	2	1	2
3	35877339	75423402	2	2	0	3
3	75423403	75801201	2	2	0	2
3	75801202	87899999	2	2	0	3
3	87900000	93899999	NA	NA	NA	NA
3	93900000	191890010	3	2	1	3
3	191890011	197847500	4	2	2	2
4	27500	48199999	3	2	1	3
4	48200000	52699999	3	2	1	2
4	52700000	135686286	3	2	1	3
4	135686287	135770466	3	2	1	3
4	135770467	137581094	3	2	1	3
4	137581095	139292633	1	1	0	3
4	139292634	151455007	3	2	1	3
4	151455008	151815750	2	2	0	1
4	151815751	176048118	3	2	1	3
4	176048119	176061350	3	2	1	3
4	176061351	191154275	3	2	1	3
5	22500	17025753	4	2	2	2
5	17025754	17026249	4	2	2	2
5	17026250	17106109	4	2	2	2
5	17106110	17110559	4	2	2	2
5	17110560	20404786	4	2	2	2
5	20404787	20406541	4	2	2	2
5	20406542	46099999	4	2	2	2
5	46100000	50699999	NA	NA	NA	NA
5	50700000	180711553	3	2	1	3
6	39681	202451	3	2	1	1
6	202452	12308536	3	2	1	2
6	12308537	12415566	3	2	1	2
6	12415567	13435802	4	2	2	2
6	13435803	25249950	3	2	1	2
6	25249951	32453392	3	2	1	2
6	32453393	36792696	3	2	1	2
6	36792697	37458068	4	2	2	2
6	37458069	37729523	4	2	2	2
6	37729524	38373624	3	2	1	3
6	38373625	40363008	4	2	2	2
6	40363009	41221671	3	2	1	2
6	41221672	44780222	4	2	2	2
6	44780223	48383600	3	2	1	3
6	48383601	55003847	3	2	1	2
6	55003848	58044313	3	2	1	2
6	58044314	63299999	3	2	1	2
6	63300000	63501194	3	2	1	3
6	63501195	63535174	3	2	1	2
6	63535175	64734441	4	3	1	2
6	64734442	64736766	3	2	1	2
6	64736767	65491753	3	2	1	2
6	65491754	76039991	2	1	1	2
6	76039992	76040115	3	2	1	2
6	76040116	76465331	3	2	1	2
6	76465332	76467525	3	2	1	2
6	76467526	76467868	3	2	1	2
6	76467869	76468123	3	2	1	2
6	76468124	112689347	2	1	1	2
6	112689348	112689432	2	1	1	2
6	112689433	112689701	1	1	0	1
6	112689702	112689783	2	1	1	1
6	112689784	112690146	2	1	1	1
6	112690147	112690474	2	1	1	2
6	112690475	112690536	2	1	1	2
6	112690537	112690852	4	2	2	1
6	112690853	113226044	3	2	1	2
6	113226045	113347561	4	3	1	2
6	113347562	113347573	4	2	2	2
6	113347574	113347666	4	2	2	2
6	113347667	114446876	4	2	2	2
6	114446877	148519949	3	2	1	2
6	148519950	158284417	3	2	1	2
6	158284418	158431467	3	2	1	2
6	158431468	170899800	3	2	1	2
7	40386	57999999	3	2	1	2
7	58000000	61699999	3	2	1	2
7	61700000	69430243	3	2	1	2
7	69430244	69490580	3	2	1	1
7	69490581	77301890	3	2	1	2
7	77301891	78642474	4	3	1	2
7	78642475	115564275	3	2	1	2
7	115564276	156459743	3	2	1	2
7	156459744	156460112	3	2	1	2
7	156460113	156482508	3	2	1	2
7	156482509	156483066	4	2	2	2
7	156483067	156484151	4	2	2	2
7	156484152	156486233	4	2	2	2
7	156486234	157531127	4	2	2	2
7	157531128	158821400	2	1	1	2
8	1	165404	1	1	0	2
8	165405	526800	1	1	0	2
8	526801	541110	6	5	1	1
8	541111	13181024	1	1	0	3
8	13181025	13191892	7	6	1	1
8	13191893	13219352	6	5	1	2
8	13219353	13252240	8	7	1	2
8	13252241	13280831	6	5	1	2
8	13280832	13486066	1	1	0	3
8	13486067	13500528	7	6	1	2
8	13500529	13513092	5	4	1	2
8	13513093	13519979	1	1	0	2
8	13519980	13690041	1	1	0	2
8	13690042	13766094	6	5	1	2
8	13766095	13821100	1	1	0	2
8	13821101	16652772	1	1	0	3
8	16652773	16681248	7	6	1	2
8	16681249	16875476	1	1	0	3
8	16875477	16905952	7	6	1	2
8	16905953	16937182	7	6	1	2
8	16937183	21110877	1	1	0	3
8	21110878	21149061	3	3	0	1
8	21149062	21197481	3	2	1	2
8	21197482	21448776	1	1	0	3
8	21448777	21482968	7	6	1	2
8	21482969	21499402	7	6	1	2
8	21499403	21500099	1	1	0	2
8	21500100	22679210	1	1	0	3
8	22679211	24812897	1	1	0	3
8	24812898	26373996	1	1	0	3
8	26373997	26402927	1	1	0	2
8	26402928	37370771	1	1	0	3
8	37370772	37371501	19	19	0	1
8	37371502	37758777	8	8	0	1
8	37758778	37870906	1	1	0	1
8	37870907	38048933	18	11	7	1
8	38048934	38368801	8	8	0	1
8	38368802	38813867	8	8	0	1
8	38813868	38815875	4	4	0	1
8	38815876	39236920	8	8	0	2
8	39236921	39844753	6	6	0	2
8	39844754	39905351	7	7	0	2
8	39905352	39905439	7	7	0	1
8	39905440	42565539	6	6	0	2
8	42565540	42802500	4	4	0	1
8	42802501	43099999	4	4	0	1
8	43100000	48099999	NA	NA	NA	NA
8	48100000	118852436	6	3	3	2
8	118852437	119345494	8	4	4	2
8	119345495	146364021	6	3	3	2
9	47500	18223544	1	1	0	2
9	18223545	19223419	3	3	0	2
9	19223420	19279453	7	7	0	2
9	19279454	19772712	3	3	0	2
9	19772713	23527145	1	1	0	2
9	23527146	32967601	3	3	0	2
9	32967602	34150035	2	2	0	2
9	34150036	36543400	3	3	0	2
9	36543401	39033771	2	2	0	2
9	39033772	43475805	3	2	1	1
9	43475806	44056601	4	2	2	1
9	44056602	44861813	2	2	0	1
9	44861814	47299999	4	3	1	1
9	47300000	50699999	NA	NA	NA	NA
9	50700000	66588401	3	2	1	2
9	66588402	68457500	4	2	2	2
9	68457501	73011781	4	2	2	3
9	73011782	73060386	4	2	2	2
9	73060387	76459990	4	2	2	3
9	76459991	76619835	2	2	0	1
9	76619836	77449330	4	2	2	3
9	77449331	77457172	2	2	0	2
9	77457173	77507171	2	2	0	2
9	77507172	84751975	4	2	2	3
9	84751976	85139216	4	2	2	3
9	85139217	89125596	4	2	2	2
9	89125597	89821518	1	1	0	2
9	89821519	89821621	1	1	0	2
9	89821622	89857352	1	1	0	1
9	89857353	89961146	2	2	0	1
9	89961147	93841046	4	2	2	2
9	93841047	95797012	4	2	2	2
9	95797013	95813615	4	2	2	2
9	95813616	99002587	4	2	2	2
9	99002588	100017395	4	2	2	3
9	100017396	100023032	4	2	2	2
9	100023033	100023702	4	2	2	2
9	100023703	100052863	6	6	0	1
9	100052864	100054516	4	2	2	1
9	100054517	100166601	2	2	0	1
9	100166602	100842025	4	2	2	3
9	100842026	104336682	4	2	2	2
9	104336683	104337001	3	2	1	2
9	104337002	104805782	3	2	1	2
9	104805783	105570402	4	2	2	3
9	105570403	112978369	3	2	1	1
9	112978370	116210593	4	2	2	3
9	116210594	120380502	4	2	2	2
9	120380503	121628971	3	2	1	2
9	121628972	123487401	4	2	2	2
9	123487402	128100313	4	2	2	2
9	128100314	129088254	4	2	2	2
9	129088255	130514868	5	3	2	2
9	130514869	138032099	4	2	2	2
9	138032100	140301662	4	2	2	2
10	90127	35080757	3	2	1	2
10	35080758	35083915	3	2	1	2
10	35083916	37781845	3	2	1	2
10	37781846	37999999	5	3	2	2
10	38000000	42387499	NA	NA	NA	NA
10	42387500	64442950	3	2	1	2
10	64442951	64443279	3	2	1	2
10	64443280	69420040	3	2	1	2
10	69420041	123637383	4	2	2	2
10	123637384	123646413	4	2	2	2
10	123646414	134548750	4	2	2	2
10	134548751	134648802	1	1	0	1
10	134648803	135243001	2	1	1	1
10	135243002	135389924	4	2	2	2
11	20721	197336	1	1	0	1
11	197337	2020870	4	2	2	2
11	2020871	2423268	2	2	0	2
11	2423269	2578804	2	2	0	1
11	2578805	2861286	2	2	0	2
11	2861287	2873826	3	2	1	2
11	2873827	2936068	1	1	0	1
11	2936069	2949800	1	1	0	1
11	2949801	3098222	2	2	0	2
11	3098223	3220885	4	2	2	2
11	3220886	3221073	4	2	2	2
11	3221074	3254194	4	2	2	2
11	3254195	9468546	4	2	2	3
11	9468547	9472142	1	1	0	1
11	9472143	9537043	4	2	2	2
11	9537044	10309420	2	2	0	3
11	10309421	10333793	2	2	0	2
11	10333794	13572072	2	2	0	2
11	13572073	13574569	2	2	0	2
11	13574570	13689769	2	2	0	2
11	13689770	13738400	4	2	2	2
11	13738401	13886333	3	2	1	2
11	13886334	14580128	2	2	0	3
11	14580129	14764930	4	2	2	3
11	14764931	14815362	2	2	0	3
11	14815363	14815547	2	2	0	2
11	14815548	16659708	2	2	0	3
11	16659709	22238260	4	2	2	2
11	22238261	22285801	2	1	1	2
11	22285802	22337781	2	2	0	2
11	22337782	50736409	4	2	2	3
11	50736410	55699999	NA	NA	NA	NA
11	55700000	62531221	2	2	0	3
11	62531222	62533135	2	2	0	2
11	62533136	62536902	1	1	0	1
11	62536903	62546207	1	1	0	1
11	62546208	62546574	2	2	0	2
11	62546575	63519847	2	2	0	3
11	63519848	63535763	1	1	0	1
11	63535764	63546637	1	1	0	1
11	63546638	63548168	1	1	0	1
11	63548169	64435913	2	2	0	2
11	64435914	64443800	1	1	0	1
11	64443801	64448616	1	1	0	1
11	64448617	64448937	1	1	0	1
11	64448938	64453823	1	1	0	1
11	64453824	64454854	1	1	0	1
11	64454855	64465165	1	1	0	1
11	64465166	65174988	1	1	0	1
11	65174989	65591271	2	2	0	2
11	65591272	65592706	1	1	0	1
11	65592707	65602406	1	1	0	1
11	65602407	65604720	1	1	0	1
11	65604721	65662854	1	1	0	1
11	65662855	65723562	1	1	0	1
11	65723563	65723967	1	1	0	1
11	65723968	65771845	1	1	0	1
11	65771846	65810439	6	4	2	2
11	65810440	66032863	6	4	2	2
11	66032864	66481097	4	2	2	2
11	66481098	67225601	6	4	2	2
11	67225602	67660609	4	2	2	2
11	67660610	67772292	3	3	0	1
11	67772293	69259685	2	2	0	2
11	69259686	69265694	5	3	2	1
11	69265695	69265733	10	8	2	1
11	69265734	71266518	8	6	2	1
11	71266519	74693568	2	2	0	2
11	74693569	74693766	2	2	0	2
11	74693767	74696039	2	2	0	2
11	74696040	74705765	4	2	2	2
11	74705766	74752154	4	2	2	2
11	74752155	78352707	2	2	0	2
11	78352708	78394981	5	4	1	1
11	78394982	78604020	2	2	0	2
11	78604021	78604122	2	2	0	2
11	78604123	78606702	2	2	0	2
11	78606703	78613204	2	2	0	2
11	78613205	78618672	3	2	1	1
11	78618673	78621764	4	2	2	1
11	78621765	78621931	2	2	0	1
11	78621932	78647181	2	2	0	2
11	78647182	78653686	2	2	0	2
11	78653687	78921196	8	6	2	1
11	78921197	78940907	4	2	2	2
11	78940908	78941099	4	2	2	1
11	78941100	78945191	4	2	2	1
11	78945192	78950175	8	7	1	1
11	78950176	79023232	2	2	0	2
11	79023233	79023905	2	2	0	2
11	79023906	79028514	2	2	0	2
11	79028515	79030106	2	2	0	2
11	79030107	79058088	2	2	0	2
11	79058089	79073144	2	2	0	2
11	79073145	79136385	4	2	2	2
11	79136386	79173597	2	2	0	2
11	79173598	79183709	4	2	2	2
11	79183710	79194081	8	7	1	1
11	79194082	79194249	2	2	0	2
11	79194250	79194920	1	1	0	1
11	79194921	79194955	2	2	0	2
11	79194956	79615707	2	2	0	3
11	79615708	79622754	2	2	0	2
11	79622755	82839675	2	2	0	3
11	82839676	89642496	2	2	0	3
11	89642497	89668728	2	2	0	2
11	89668729	91258551	2	2	0	3
11	91258552	91280960	5	3	2	1
11	91280961	93860147	2	2	0	2
11	93860148	94457513	4	2	2	2
11	94457514	95865444	2	2	0	2
11	95865445	95954700	5	3	2	2
11	95954701	96054401	6	4	2	2
11	96054402	96054715	6	4	2	2
11	96054716	96095278	5	3	2	1
11	96095279	96099712	7	5	2	2
11	96099713	96517079	5	3	2	2
11	96517080	96546474	8	6	2	1
11	96546475	96643928	7	5	2	2
11	96643929	96691527	8	6	2	2
11	96691528	96841001	8	6	2	1
11	96841002	96892729	7	5	2	1
11	96892730	98760272	2	2	0	2
11	98760273	104910152	2	2	0	2
11	104910153	105572580	8	6	2	1
11	105572581	105602801	8	6	2	1
11	105602802	105638784	8	7	1	1
11	105638785	107330316	2	2	0	2
11	107330317	110005450	2	2	0	2
11	110005451	110049532	2	2	0	2
11	110049533	110081948	10	8	2	1
11	110081949	110391259	2	2	0	2
11	110391260	134452200	2	2	0	2
12	110107	203850	2	2	0	2
12	203851	24327260	2	2	0	3
12	24327261	24357951	2	2	0	2
12	24357952	33299999	4	2	2	2
12	33300000	38199999	4	2	2	2
12	38200000	51491840	4	2	2	2
12	51491841	72444163	4	2	2	2
12	72444164	74705572	3	2	1	2
12	74705573	74794359	4	2	2	2
12	74794360	74806300	3	2	1	1
12	74806301	74955559	4	2	2	2
12	74955560	75704841	3	2	1	2
12	75704842	100154236	4	2	2	2
12	100154237	100249775	3	2	1	2
12	100249776	100271167	4	2	2	2
12	100271168	100271243	4	2	2	2
12	100271244	103457073	4	2	2	2
12	103457074	105884673	4	2	2	2
12	105884674	106149508	3	2	1	1
12	106149509	113039484	5	3	2	2
12	113039485	114513131	4	2	2	2
12	114513132	114522910	4	2	2	2
12	114522911	114676395	4	2	2	2
12	114676396	118850051	5	3	2	2
12	118850052	120102535	3	2	1	2
12	120102536	120665286	3	2	1	2
12	120665287	122992196	4	3	1	2
12	122992197	122992248	4	3	1	2
12	122992249	123009179	4	3	1	2
12	123009180	130870378	3	2	1	2
12	130870379	132228971	4	2	2	1
12	132228972	132235453	4	2	2	2
12	132235454	133356866	4	2	2	2
13	1	16299999	2	2	0	1
13	16300000	19499999	NA	NA	NA	NA
13	19500000	114142800	2	2	0	3
13	114142801	115169877	2	2	0	2
14	1	16099999	1	1	0	1
14	16100000	19425602	1	1	0	1
14	19425603	19924602	1	1	0	1
14	19924603	20469711	1	1	0	2
14	20469712	32164941	2	2	0	2
14	32164942	32323705	4	2	2	2
14	32323706	106052223	2	2	0	3
14	106052224	106181602	2	2	0	2
14	106181603	106390272	2	2	0	2
14	106390273	106555004	2	2	0	2
15	1	15799999	3	2	1	1
15	15800000	20699999	3	2	1	2
15	20700000	27730103	3	2	1	2
15	27730104	28052893	4	2	2	2
15	28052894	28054426	3	2	1	2
15	28054427	31110971	3	2	1	2
15	31110972	100338800	3	2	1	2
15	100338801	102399919	3	2	1	2
16	86010	9304208	5	3	2	2
16	9304209	18717401	5	3	2	1
16	18717402	30798688	5	3	2	1
16	30798689	30850241	3	3	0	1
16	30850242	34599999	5	3	2	2
16	34600000	38599999	NA	NA	NA	NA
16	38600000	46447499	4	2	2	2
16	46447500	82665412	2	2	0	2
16	82665413	82715412	4	2	2	2
16	82715413	87658246	2	2	0	2
16	87658247	88382563	5	3	2	2
16	88382564	88827200	2	2	0	2
16	88827201	90124082	3	3	0	1
17	24324	16677500	2	2	0	2
17	16677501	18320431	2	2	0	2
17	18320432	22199999	2	2	0	3
17	22200000	25799999	2	2	0	3
17	25800000	36217500	2	2	0	3
17	36217501	41379817	2	2	0	2
17	41379818	41396375	2	2	0	2
17	41396376	44162500	2	2	0	2
17	44162501	46379985	2	2	0	2
17	46379986	78774600	4	2	2	2
17	78774601	81195209	5	3	2	1
18	27500	11309319	3	2	1	2
18	11309320	13149989	3	2	1	2
18	13149990	15397499	4	2	2	2
18	15397500	18999999	NA	NA	NA	NA
18	19000000	21886851	3	2	1	2
18	21886852	21898969	3	2	1	2
18	21898970	39661705	2	1	1	2
18	39661706	76117000	1	1	0	2
18	76117001	78077247	1	1	0	2
19	102500	293345	3	2	1	2
19	293346	5915288	3	2	1	2
19	5915289	5915496	3	2	1	2
19	5915497	24399999	3	2	1	2
19	24400000	28599999	NA	NA	NA	NA
19	28600000	29569982	4	2	2	2
19	29569983	30190027	3	2	1	2
19	30190028	32204488	4	2	2	2
19	32204489	34577035	3	2	1	2
19	34577036	34747355	2	2	0	2
19	34747356	40666342	4	3	1	2
19	40666343	42867752	4	3	1	2
19	42867753	43060508	3	3	0	2
19	43060509	43825400	2	2	0	2
19	43825401	44203407	2	2	0	2
19	44203408	44287112	3	2	1	2
19	44287113	44338839	4	2	2	2
19	44338840	49284983	2	2	0	2
19	49284984	49836450	5	3	2	2
19	49836451	50029226	3	3	0	2
19	50029227	50030161	3	3	0	1
19	50030162	51411781	3	2	1	2
19	51411782	51443831	3	2	1	2
19	51443832	51694345	3	2	1	2
19	51694346	51712877	3	2	1	2
19	51712878	51772729	3	2	1	2
19	51772730	51773391	2	2	0	2
19	51773392	51779483	3	2	1	2
19	51779484	52244708	3	2	1	2
19	52244709	53425027	3	2	1	2
19	53425028	54156975	2	2	0	3
19	54156976	54175476	3	2	1	1
19	54175477	54176069	2	2	0	2
19	54176070	54220047	4	3	1	2
19	54220048	54220385	3	2	1	2
19	54220386	54814058	4	3	1	2
19	54814059	59128982	3	2	1	2
20	32139	20000785	4	2	2	2
20	20000786	25599999	4	2	2	2
20	25600000	29399999	4	2	2	2
20	29400000	62432500	4	2	2	2
21	1	10899999	NA	NA	NA	NA
21	10900000	15273816	3	2	1	2
21	15273817	19365025	3	2	1	2
21	19365026	20350650	2	2	0	3
21	20350651	46937500	3	2	1	3
21	46937501	48129894	3	2	1	2
22	1	12199999	3	2	1	1
22	12200000	17899999	3	2	1	2
22	17900000	20514928	3	2	1	2
22	20514929	49687500	3	2	1	3
22	49687501	51304565	3	2	1	2
X	1	28713523	2	1	1	3
X	28713524	28902214	3	2	1	2
X	28902215	31965403	2	1	1	3
X	31965404	51886139	1	1	0	2
X	51886140	58099999	2	2	0	3
X	58100000	62999999	2	2	0	2
X	63000000	65366343	2	2	0	2
X	65366344	65372180	2	2	0	2
X	65372181	77617403	2	2	0	2
X	77617404	77619910	3	2	1	2
X	77619911	83542354	2	2	0	2
X	83542355	83563168	3	2	1	1
X	83563169	83707157	2	2	0	1
X	83707158	83707410	2	2	0	1
X	83707411	88772602	2	2	0	2
X	88772603	114820113	2	1	1	2
X	114820114	115808964	1	1	0	2
X	115808965	116639620	2	1	1	2
X	116639621	116844880	3	2	1	2
X	116844881	118069319	2	1	1	2
X	118069320	121478649	3	2	1	2
X	121478650	121480975	2	1	1	2
X	121480976	121935217	3	2	1	2
X	121935218	128741932	2	1	1	2
X	128741933	131210045	2	1	1	2
X	131210046	144782635	3	2	1	2
X	144782636	145181698	3	2	1	2
X	145181699	145181743	2	1	1	2
X	145181744	154913600	2	2	0	3
