chromosome	start	end	total_cn	major_cn	minor_cn	star
1	1	817029	5	3	2	2
1	817030	5052500	5	3	2	2
1	5052501	6179114	6	4	2	2
1	6179115	12838602	6	4	2	2
1	12838603	12974001	5	3	2	1
1	12974002	17192499	6	4	2	2
1	17192500	27611037	6	4	2	2
1	27611038	71474269	6	4	2	2
1	71474270	71491937	6	3	3	2
1	71491938	71561602	6	4	2	2
1	71561603	71561767	5	3	2	1
1	71561768	71841441	6	4	2	2
1	71841442	71842114	5	3	2	2
1	71842115	71854908	5	3	2	2
1	71854909	71855126	1	1	0	1
1	71855127	71855332	1	1	0	1
1	71855333	71855544	5	3	2	1
1	71855545	71916969	5	3	2	2
1	71916970	71916980	5	3	2	2
1	71916981	71917994	5	3	2	2
1	71917995	71918297	5	3	2	2
1	71918298	71922968	5	3	2	2
1	71922969	72104921	5	3	2	2
1	72104922	72104997	5	3	2	2
1	72104998	72105362	5	3	2	2
1	72105363	84514374	6	4	2	2
1	84514375	84578576	4	4	0	2
1	84578577	86152500	6	4	2	2
1	86152501	86339149	6	4	2	2
1	86339150	87328399	6	4	2	2
1	87328400	93208509	6	4	2	2
1	93208510	93209664	6	4	2	2
1	93209665	93210117	6	4	2	2
1	93210118	93214964	6	4	2	2
1	93214965	93214983	6	4	2	2
1	93214984	93215026	6	4	2	2
1	93215027	120582500	6	4	2	2
1	120582501	121431938	5	3	2	2
1	121431939	128899999	NA	NA	NA	NA
1	128900000	143117801	1	1	0	1
1	143117802	143242601	1	1	0	1
1	143242602	143536938	4	3	1	2
1	143536939	148628602	6	4	2	2
1	148628603	148982500	1	1	0	1
1	148982501	149607742	6	4	2	1
1	149607743	179416822	7	5	2	2
1	179416823	179432282	5	5	0	2
1	179432283	184192500	7	5	2	2
1	184192501	184254110	7	5	2	2
1	184254111	184352460	5	5	0	2
1	184352461	184637639	7	5	2	2
1	184637640	184640822	2	2	0	1
1	184640823	196371828	2	2	0	2
1	196371829	196825942	1	1	0	3
1	196825943	210876153	2	2	0	2
1	210876154	210876195	2	2	0	2
1	210876196	213162213	1	1	0	2
1	213162214	213651180	2	2	0	2
1	213651181	217270625	1	1	0	2
1	217270626	217272573	1	1	0	3
1	217272574	220918517	1	1	0	3
1	220918518	220994929	3	3	0	2
1	220994930	221693954	1	1	0	3
1	221693955	221807485	2	2	0	2
1	221807486	222160456	2	2	0	2
1	222160457	222461341	1	1	0	2
1	222461342	222464845	1	1	0	2
1	222464846	222465592	2	2	0	2
1	222465593	222470194	3	3	0	2
1	222470195	222707526	1	1	0	2
1	222707527	223980926	3	3	0	2
1	223980927	223988012	3	3	0	2
1	223988013	224345863	3	3	0	2
1	224345864	224346164	3	3	0	2
1	224346165	224390950	3	3	0	2
1	224390951	224978816	1	1	0	3
1	224978817	225367314	3	3	0	2
1	225367315	225380997	1	1	0	2
1	225380998	226438498	3	3	0	2
1	226438499	228519852	1	1	0	2
1	228519853	228611447	3	3	0	2
1	228611448	228919476	1	1	0	3
1	228919477	229608702	3	3	0	2
1	229608703	232423317	1	1	0	2
1	232423318	232462940	3	3	0	2
1	232462941	232609361	4	4	0	2
1	232609362	232610525	2	2	0	1
1	232610526	233048263	1	1	0	2
1	233048264	233048524	1	1	0	2
1	233048525	233048647	1	1	0	2
1	233048648	233049952	1	1	0	1
1	233049953	233454393	2	2	0	2
1	233454394	246994992	1	1	0	2
1	246994993	247387997	3	3	0	2
1	247387998	247399783	3	3	0	2
1	247399784	247492850	3	3	0	2
1	247492851	247495777	1	1	0	2
1	247495778	247570861	2	2	0	2
1	247570862	247806787	3	3	0	2
1	247806788	248379994	2	2	0	2
2	20016	21093918	4	2	2	2
2	21093919	21250983	5	3	2	2
2	21250984	67181494	4	2	2	2
2	67181495	67197034	4	2	2	2
2	67197035	90499999	4	2	2	2
2	90500000	96799999	4	2	2	2
2	96800000	97972500	4	2	2	2
2	97972501	98164144	8	6	2	2
2	98164145	99137341	8	6	2	2
2	99137342	99194846	2	2	0	2
2	99194847	99195897	1	1	0	1
2	99195898	99195942	2	2	0	1
2	99195943	99217982	2	2	0	1
2	99217983	99218118	2	2	0	1
2	99218119	99228395	7	4	3	1
2	99228396	99241984	2	2	0	1
2	99241985	99260705	4	2	2	2
2	99260706	200264906	2	2	0	2
2	200264907	200827391	0	0	0	2
2	200827392	242985493	2	2	0	2
3	100074	59485286	4	2	2	3
3	59485287	59579987	3	2	1	2
3	59579988	67099848	4	2	2	3
3	67099849	67265511	6	4	2	2
3	67265512	87899999	4	2	2	3
3	87900000	93899999	4	2	2	3
3	93900000	116302722	4	2	2	3
3	116302723	116675344	2	2	0	3
3	116675345	116734673	4	2	2	3
3	116734674	116734700	4	2	2	2
3	116734701	116772213	2	2	0	2
3	116772214	116772334	2	2	0	2
3	116772335	116775051	2	2	0	2
3	116775052	116775783	4	2	2	2
3	116775784	116776846	3	2	1	1
3	116776847	119680767	4	2	2	3
3	119680768	119715219	4	2	2	3
3	119715220	149180426	4	2	2	3
3	149180427	153232585	4	2	2	3
3	153232586	157859354	4	2	2	3
3	157859355	157944656	6	4	2	2
3	157944657	197847500	4	2	2	3
4	43008	309123	3	2	1	2
4	309124	48199999	3	2	1	2
4	48200000	52699999	NA	NA	NA	NA
4	52700000	88124800	4	2	2	2
4	88124801	88192312	2	2	0	2
4	88192313	190915650	4	2	2	2
5	22500	28447480	4	2	2	2
5	28447481	28485475	4	2	2	2
5	28485476	46099999	4	2	2	2
5	46100000	50699999	NA	NA	NA	NA
5	50700000	165046212	2	2	0	2
5	165046213	165464952	0	0	0	2
5	165464953	180380400	2	2	0	2
5	180380401	180663035	2	2	0	2
6	39681	205799	4	2	2	1
6	205800	58699999	4	2	2	2
6	58700000	63299999	4	2	2	2
6	63300000	65181257	4	2	2	2
6	65181258	65228174	4	2	2	2
6	65228175	96320514	4	2	2	2
6	96320515	96388589	4	2	2	2
6	96388590	107667391	4	2	2	2
6	107667392	107677601	4	2	2	2
6	107677602	112043280	4	2	2	2
6	112043281	112043334	4	2	2	2
6	112043335	112044059	2	2	0	2
6	112044060	112044193	2	2	0	2
6	112044194	112514911	2	2	0	2
6	112514912	112577276	4	2	2	2
6	112577277	112594730	2	2	0	2
6	112594731	125909429	4	2	2	2
6	125909430	126540025	4	2	2	2
6	126540026	170899800	2	2	0	2
7	40386	57957025	4	2	2	2
7	57957026	61699999	4	2	2	2
7	61700000	70172162	4	2	2	2
7	70172163	70202018	3	2	1	1
7	70202019	127457439	4	2	2	2
7	127457440	127636209	3	2	1	2
7	127636210	146602933	4	2	2	2
7	146602934	146811537	2	2	0	2
7	146811538	147233717	4	2	2	2
7	147233718	147412444	3	2	1	2
7	147412445	158821400	4	2	2	2
8	155450	2371634	3	2	1	2
8	2371635	2371762	3	2	1	2
8	2371763	2372127	3	2	1	2
8	2372128	2372217	1	1	0	1
8	2372218	2372444	1	1	0	1
8	2372445	2376163	4	2	2	1
8	2376164	2380678	3	2	1	2
8	2380679	2381926	5	3	2	2
8	2381927	2381967	7	5	2	2
8	2381968	2382051	7	5	2	2
8	2382052	2382219	7	5	2	2
8	2382220	2558022	7	5	2	2
8	2558023	2558780	7	5	2	1
8	2558781	2574139	7	5	2	2
8	2574140	32294843	3	2	1	2
8	32294844	43099999	4	2	2	2
8	43100000	48099999	4	2	2	2
8	48100000	96860974	4	2	2	2
8	96860975	96932688	5	3	2	2
8	96932689	96932970	1	1	0	1
8	96932971	96933276	5	3	2	1
8	96933277	102661378	4	2	2	3
8	102661379	102708382	5	3	2	2
8	102708383	103325556	4	2	2	3
8	103325557	103340896	5	3	2	1
8	103340897	103342113	7	5	2	1
8	103342114	103359460	8	6	2	2
8	103359461	103361890	7	5	2	1
8	103361891	103756432	4	2	2	2
8	103756433	103756732	4	2	2	2
8	103756733	103756764	4	2	2	2
8	103756765	103806571	4	2	2	2
8	103806572	104342714	5	3	2	2
8	104342715	105196290	4	2	2	2
8	105196291	105196650	4	2	2	2
8	105196651	105197172	4	2	2	2
8	105197173	105197220	4	2	2	2
8	105197221	105856019	4	2	2	2
8	105856020	106407302	5	3	2	2
8	106407303	107147195	4	2	2	3
8	107147196	107163887	4	2	2	2
8	107163888	107171769	4	2	2	2
8	107171770	107256903	4	2	2	2
8	107256904	108069090	4	2	2	3
8	108069091	108069645	4	2	2	2
8	108069646	108069754	1	1	0	1
8	108069755	108069945	5	3	2	1
8	108069946	116158542	5	3	2	2
8	116158543	116840989	7	5	2	2
8	116840990	116868875	9	7	2	1
8	116868876	119510010	7	5	2	1
8	119510011	123688863	8	6	2	2
8	123688864	124151567	7	5	2	1
8	124151568	124151580	6	4	2	1
8	124151581	124151612	6	4	2	2
8	124151613	124151772	6	4	2	2
8	124151773	124151946	4	3	1	1
8	124151947	124151970	6	4	2	1
8	124151971	124339449	6	4	2	2
8	124339450	124388780	6	4	2	2
8	124388781	124564997	6	4	2	2
8	124564998	126025374	6	4	2	2
8	126025375	127397780	4	2	2	2
8	127397781	127408252	5	3	2	1
8	127408253	127408272	4	2	2	2
8	127408273	127874617	4	2	2	3
8	127874618	127887458	3	2	1	2
8	127887459	130491761	3	2	1	3
8	130491762	131247582	2	2	0	3
8	131247583	131654562	4	2	2	3
8	131654563	131674849	5	3	2	2
8	131674850	131674880	5	3	2	2
8	131674881	131675243	1	1	0	1
8	131675244	131676285	6	4	2	2
8	131676286	131686668	5	3	2	1
8	131686669	131686766	5	3	2	1
8	131686767	131686865	5	3	2	1
8	131686866	131687042	5	3	2	2
8	131687043	131687960	5	3	2	2
8	131687961	131687984	5	3	2	2
8	131687985	131688100	5	3	2	2
8	131688101	131688210	5	3	2	2
8	131688211	131688291	5	3	2	2
8	131688292	131688354	5	3	2	2
8	131688355	131688716	5	3	2	2
8	131688717	131867406	6	4	2	1
8	131867407	131877467	4	2	2	1
8	131877468	131877564	1	1	0	1
8	131877565	131877927	4	2	2	1
8	131877928	131880477	4	2	2	1
8	131880478	131915620	4	2	2	3
8	131915621	131962821	2	2	0	2
8	131962822	131963997	2	2	0	2
8	131963998	133129567	2	2	0	3
8	133129568	133324366	4	2	2	3
8	133324367	133942543	2	2	0	3
8	133942544	133946265	3	2	1	2
8	133946266	134256127	2	2	0	3
8	134256128	134256529	2	2	0	2
8	134256530	134813895	2	2	0	3
8	134813896	134933656	2	2	0	3
8	134933657	134939949	3	2	1	2
8	134939950	134940065	3	2	1	2
8	134940066	134940157	3	2	1	2
8	134940158	134940354	3	2	1	2
8	134940355	134940512	3	2	1	2
8	134940513	134940527	3	2	1	2
8	134940528	134940700	3	2	1	2
8	134940701	134941122	3	2	1	2
8	134941123	134941304	3	2	1	2
8	134941305	134941386	3	2	1	2
8	134941387	134941618	3	2	1	2
8	134941619	134941841	3	2	1	2
8	134941842	134941882	3	2	1	2
8	134941883	135046175	3	2	1	2
8	135046176	135950101	2	2	0	3
8	135950102	135984555	3	2	1	2
8	135984556	135989981	2	2	0	2
8	135989982	136686415	2	2	0	3
8	136686416	136686667	2	2	0	2
8	136686668	136686711	1	1	0	1
8	136686712	139189713	2	2	0	3
8	139189714	139200926	4	2	2	2
8	139200927	139462344	2	2	0	2
8	139462345	139605909	4	2	2	3
8	139605910	139676202	2	2	0	2
8	139676203	139725839	4	2	2	3
8	139725840	139774110	2	2	0	3
8	139774111	139777350	2	2	0	2
8	139777351	140253633	2	2	0	3
8	140253634	140259708	2	2	0	2
8	140259709	140259755	2	2	0	1
8	140259756	140294384	3	2	1	1
8	140294385	140402498	2	2	0	3
8	140402499	140413064	4	2	2	2
8	140413065	140413107	2	2	0	2
8	140413108	140858493	2	2	0	3
8	140858494	140858836	2	2	0	2
8	140858837	140887166	2	2	0	3
8	140887167	140887480	2	2	0	2
8	140887481	140897420	2	2	0	2
8	140897421	140998780	3	2	1	2
8	140998781	141784669	2	2	0	3
8	141784670	141784741	2	2	0	2
8	141784742	141840663	2	2	0	2
8	141840664	141876509	4	2	2	2
8	141876510	141914020	2	2	0	3
8	141914021	141949618	4	2	2	2
8	141949619	141963004	2	2	0	2
8	141963005	141970727	4	2	2	2
8	141970728	142343720	2	2	0	3
8	142343721	143030723	4	2	2	2
8	143030724	143117124	6	4	2	2
8	143117125	143285145	4	2	2	2
8	143285146	143285324	4	2	2	2
8	143285325	143285375	4	2	2	2
8	143285376	143285754	4	2	2	2
8	143285755	143287120	1	1	0	1
8	143287121	143444356	4	2	2	2
8	143444357	143646807	5	3	2	2
8	143646808	143850231	3	2	1	2
8	143850232	143875566	5	3	2	2
8	143875567	143875767	5	3	2	2
8	143875768	143875801	5	3	2	2
8	143875802	143887708	5	3	2	2
8	143887709	143895905	7	4	3	1
8	143895906	144419227	5	3	2	2
8	144419228	144613537	3	2	1	2
8	144613538	144707729	1	1	0	1
8	144707730	145113707	3	2	1	2
8	145113708	146364021	2	2	0	3
9	47500	161724	3	2	1	2
9	161725	47299999	3	2	1	2
9	47300000	50699999	NA	NA	NA	NA
9	50700000	67297499	4	2	2	2
9	67297500	114288506	3	2	1	2
9	114288507	114736577	2	1	1	2
9	114736578	140273200	3	2	1	2
10	94426	472499	3	2	1	2
10	472500	615222	3	2	1	2
10	615223	37999999	4	2	2	2
10	38000000	42607043	NA	NA	NA	NA
10	42607044	55509953	2	2	0	2
10	55509954	55533419	4	4	0	2
10	55533420	107135182	2	2	0	2
10	107135183	107196345	4	4	0	2
10	107196346	110679947	2	2	0	2
10	110679948	112874302	3	2	1	2
10	112874303	112889045	3	2	1	2
10	112889046	112891027	3	2	1	2
10	112891028	112983153	3	2	1	3
10	112983154	112984980	3	2	1	2
10	112984981	113000816	3	2	1	2
10	113000817	113001669	1	1	0	1
10	113001670	113005724	2	1	1	2
10	113005725	113015457	3	2	1	2
10	113015458	113015744	3	2	1	2
10	113015745	113920768	3	2	1	2
10	113920769	113929227	3	2	1	2
10	113929228	135389924	3	2	1	2
11	20721	202546	1	1	0	1
11	202547	721821	3	2	1	2
11	721822	773297	3	2	1	2
11	773298	51198640	3	2	1	2
11	51198641	51593038	5	4	1	3
11	51593039	55699999	NA	NA	NA	NA
11	55700000	55885107	6	4	2	2
11	55885108	56336290	6	4	2	2
11	56336291	60157300	6	4	2	2
11	60157301	60169027	4	4	0	2
11	60169028	60840737	6	6	0	2
11	60840738	67152310	4	4	0	2
11	67152311	134452200	2	2	0	2
11	134452201	134762672	2	2	0	2
12	22500	259503	7	5	2	2
12	259504	300989	7	5	2	2
12	300990	10455201	7	5	2	2
12	10455202	10602076	6	4	2	2
12	10602077	11482659	7	5	2	2
12	11482660	11514943	8	6	2	2
12	11514944	11849953	7	5	2	2
12	11849954	28331890	6	4	2	2
12	28331891	28725702	10	8	2	2
12	28725703	31374602	6	4	2	2
12	31374603	32198281	6	4	2	2
12	32198282	32224947	5	3	2	2
12	32224948	33299999	3	2	1	2
12	33300000	38199999	3	2	1	2
12	38200000	51365172	3	2	1	2
12	51365173	51501237	5	3	2	2
12	51501238	132342500	3	2	1	2
12	132342501	133851894	3	2	1	2
13	1	16299999	2	2	0	1
13	16300000	19499999	2	2	0	2
13	19500000	48856508	2	2	0	2
13	48856509	51576246	0	0	0	2
13	51576247	70730082	2	2	0	2
13	70730083	92003386	4	2	2	2
13	92003387	96338055	2	2	0	2
13	96338056	114142800	4	2	2	2
13	114142801	115169877	4	2	2	2
14	1	16099999	4	2	2	1
14	16100000	19099999	NA	NA	NA	NA
14	19100000	19128201	4	2	2	2
14	19128202	22980033	4	2	2	3
14	22980034	32689058	4	2	2	3
14	32689059	32710804	5	3	2	1
14	32710805	32970582	4	2	2	2
14	32970583	33185491	5	3	2	1
14	33185492	37431641	4	2	2	3
14	37431642	37795658	4	2	2	3
14	37795659	58782501	6	4	2	2
14	58782502	58925692	4	2	2	2
14	58925693	69070619	6	4	2	2
14	69070620	69279635	4	2	2	2
14	69279636	106368400	6	4	2	2
15	1	15799999	4	2	2	1
15	15800000	20699999	4	2	2	2
15	20700000	21902499	4	2	2	2
15	21902500	100338800	4	2	2	2
15	100338801	101310735	4	2	2	2
15	101310736	102399919	3	2	1	2
16	109665	14954125	2	2	0	2
16	14954126	20804482	2	2	0	2
16	20804483	32315918	3	2	1	3
16	32315919	33994993	3	2	1	2
16	33994994	38599999	NA	NA	NA	NA
16	38600000	46442499	2	1	1	1
16	46442500	88827200	2	1	1	3
16	88827201	90354752	2	1	1	2
17	828	18328627	3	3	0	2
17	18328628	21472500	3	3	0	2
17	21472501	25799999	NA	NA	NA	NA
17	25800000	64321033	4	2	2	2
17	64321034	64716926	2	2	0	2
17	64716927	78774600	4	2	2	2
17	78774601	81195209	4	2	2	2
18	28104	152600	4	2	2	2
18	152601	14227039	4	2	2	2
18	14227040	15399999	4	2	2	2
18	15400000	18999999	4	2	2	2
18	19000000	76117000	4	2	2	2
18	76117001	78077247	3	2	1	1
19	102500	246016	1	1	0	2
19	246017	424993	1	1	0	2
19	424994	11730117	2	2	0	2
19	11730118	11819228	4	4	0	2
19	11819229	24399999	2	2	0	2
19	24400000	28599999	NA	NA	NA	NA
19	28600000	30100302	3	2	1	2
19	30100303	31510035	3	2	1	2
19	31510036	59128982	2	1	1	2
20	17500	25599999	3	2	1	2
20	25600000	29522499	3	2	1	2
20	29522500	43963734	3	2	1	2
20	43963735	50843485	3	2	1	2
20	50843486	50847974	2	1	1	2
20	50847975	62432500	3	2	1	2
21	1	9417499	NA	NA	NA	NA
21	9417500	10370202	NA	NA	NA	NA
21	10370203	10850436	NA	NA	NA	NA
21	10850437	10899999	4	2	2	1
21	10900000	14447402	4	2	2	1
21	14447403	15293290	4	2	2	2
21	15293291	46937500	4	2	2	3
21	46937501	48129894	4	2	2	2
22	1	12199999	2	2	0	1
22	12200000	17899999	2	2	0	3
22	17900000	19850010	2	2	0	3
22	19850011	50578994	4	2	2	3
22	50578995	50579160	4	2	2	2
22	50579161	50580196	4	2	2	1
X	1	58099999	3	2	1	2
X	58100000	62999999	3	2	1	2
X	63000000	154913600	3	2	1	2
