chromosome	start	end	total_cn	major_cn	minor_cn	star
1	1	63908525	4	2	2	3
1	63908526	63910900	4	2	2	2
1	63910901	72148534	4	2	2	3
1	72148535	72249743	4	2	2	2
1	72249744	72430922	4	2	2	2
1	72430923	72469419	4	2	2	2
1	72469420	77997545	4	2	2	3
1	77997546	88998971	2	2	0	3
1	88998972	89677759	3	2	1	3
1	89677760	93135925	2	2	0	3
1	93135926	94105483	3	2	1	2
1	94105484	99896894	2	2	0	3
1	99896895	100169065	3	2	1	2
1	100169066	111571765	2	2	0	3
1	111571766	111578336	3	2	1	2
1	111578337	111643319	3	2	1	2
1	111643320	111834357	4	2	2	2
1	111834358	112010009	2	2	0	2
1	112010010	112311350	1	1	0	2
1	112311351	112440048	1	1	0	2
1	112440049	112496796	2	2	0	2
1	112496797	112499540	1	1	0	2
1	112499541	113013592	1	1	0	2
1	113013593	113779027	3	3	0	2
1	113779028	113781355	3	3	0	2
1	113781356	113836372	3	3	0	2
1	113836373	113836834	3	3	0	2
1	113836835	114065308	3	3	0	2
1	114065309	114132445	4	4	0	2
1	114132446	114169150	3	3	0	2
1	114169151	114169317	3	3	0	2
1	114169318	114169908	3	3	0	2
1	114169909	114303663	4	4	0	2
1	114303664	115141546	3	3	0	2
1	115141547	115144948	4	4	0	2
1	115144949	115145616	4	4	0	2
1	115145617	115770708	4	4	0	2
1	115770709	117126892	6	4	2	2
1	117126893	117142219	5	3	2	2
1	117142220	117168818	8	6	2	2
1	117168819	117425606	6	4	2	2
1	117425607	117442176	10	8	2	1
1	117442177	117498067	10	8	2	1
1	117498068	117508924	10	8	2	1
1	117508925	117516163	10	8	2	1
1	117516164	117538337	10	8	2	1
1	117538338	117547869	7	5	2	1
1	117547870	118472899	7	5	2	2
1	118472900	118477829	5	3	2	2
1	118477830	119776855	5	3	2	2
1	119776856	120561918	6	4	2	2
1	120561919	121179985	6	4	2	2
1	121179986	121388600	7	5	2	2
1	121388601	128899999	NA	NA	NA	NA
1	128900000	142571401	4	2	2	2
1	142571402	143496401	4	2	2	2
1	143496402	144822499	4	2	2	2
1	144822500	145062001	4	2	2	2
1	145062002	177798990	4	2	2	2
1	177798991	178280721	3	2	1	1
1	178280722	197814563	4	2	2	2
1	197814564	197815633	4	2	2	2
1	197815634	246350488	4	2	2	2
1	246350489	246545313	3	2	1	2
1	246545314	247249600	4	2	2	2
1	247249601	249250620	4	2	2	2
2	20016	35657171	4	2	2	2
2	35657172	35672521	2	2	0	2
2	35672522	51189193	4	2	2	2
2	51189194	51193964	4	2	2	2
2	51193965	57760993	4	2	2	2
2	57760994	57761030	4	2	2	2
2	57761031	76968084	4	2	2	2
2	76968085	76968138	4	2	2	2
2	76968139	78666850	4	2	2	2
2	78666851	90499999	4	2	2	2
2	90500000	96799999	4	2	2	2
2	96800000	101749590	4	2	2	2
2	101749591	101751591	4	2	2	2
2	101751592	120948305	4	2	2	2
2	120948306	128401586	4	2	2	2
2	128401587	141993949	4	2	2	2
2	141993950	142026358	4	2	2	2
2	142026359	161391386	4	2	2	2
2	161391387	161407902	4	2	2	2
2	161407903	166332353	4	2	2	2
2	166332354	166333142	4	2	2	2
2	166333143	211141651	4	2	2	2
2	211141652	213526964	2	2	0	2
2	213526965	242852391	3	2	1	1
2	242852392	242951000	2	1	1	2
3	100074	3006828	2	2	0	2
3	3006829	3010004	2	2	0	2
3	3010005	59809335	2	2	0	2
3	59809336	59809350	2	2	0	2
3	59809351	75557500	1	1	0	2
3	75557501	78470021	1	1	0	2
3	78470022	78470059	1	1	0	2
3	78470060	85788108	1	1	0	2
3	85788109	85799197	1	1	0	2
3	85799198	87044150	1	1	0	2
3	87044151	87899999	4	2	2	2
3	87900000	93899999	NA	NA	NA	NA
3	93900000	101447364	4	2	2	2
3	101447365	103263190	2	2	0	3
3	103263191	104094738	4	2	2	2
3	104094739	116161839	4	2	2	2
3	116161840	116264441	3	2	1	2
3	116264442	116306663	1	1	0	2
3	116306664	116334327	2	2	0	2
3	116334328	116519129	1	1	0	3
3	116519130	116532786	1	1	0	2
3	116532787	116548787	4	2	2	2
3	116548788	116714478	3	2	1	2
3	116714479	116797715	4	2	2	2
3	116797716	116858819	2	2	0	2
3	116858820	122054141	4	2	2	2
3	122054142	122054161	4	2	2	2
3	122054162	130822715	4	2	2	2
3	130822716	130822762	4	2	2	2
3	130822763	198022429	4	2	2	2
4	9997	64072	3	3	0	2
4	64073	1628585	3	3	0	2
4	1628586	1955600	4	4	0	2
4	1955601	3779676	6	4	2	2
4	3779677	4116017	2	2	0	2
4	4116018	4123797	2	2	0	2
4	4123798	27501519	2	2	0	2
4	27501520	29766158	4	2	2	2
4	29766159	29772032	4	2	2	2
4	29772033	39961177	4	2	2	2
4	39961178	39981921	2	2	0	2
4	39981922	41002032	4	2	2	2
4	41002033	41016237	4	2	2	3
4	41016238	48199999	4	2	2	2
4	48200000	52699999	4	2	2	2
4	52700000	58676374	4	2	2	2
4	58676375	58679996	4	2	2	2
4	58679997	61520838	4	2	2	2
4	61520839	68655327	2	2	0	2
4	68655328	68657776	2	2	0	2
4	68657777	83111600	4	4	0	2
4	83111601	84454373	6	4	2	2
4	84454374	85460098	4	4	0	2
4	85460099	85462107	4	4	0	2
4	85462108	90541739	4	4	0	2
4	90541740	90541790	4	4	0	2
4	90541791	119770884	2	2	0	2
4	119770885	119772586	2	2	0	2
4	119772587	121993227	2	2	0	2
4	121993228	127339997	4	2	2	2
4	127339998	127349960	5	3	2	2
4	127349961	150429935	2	2	0	2
4	150429936	151176497	0	0	0	2
4	151176498	187851851	2	2	0	2
4	187851852	188102607	1	1	0	2
4	188102608	189400002	2	2	0	2
4	189400003	189709993	1	1	0	2
4	189709994	191154275	2	2	0	2
5	22500	1460723	3	2	1	2
5	1460724	26475257	2	2	0	2
5	26475258	27644032	3	2	1	2
5	27644033	28312053	3	2	1	1
5	28312054	32865142	3	2	1	2
5	32865143	33335145	4	2	2	2
5	33335146	33365674	4	2	2	1
5	33365675	37051614	4	2	2	1
5	37051615	37051645	4	2	2	1
5	37051646	37061921	4	2	2	2
5	37061922	37082754	4	2	2	2
5	37082755	37084862	4	2	2	2
5	37084863	41001429	4	2	2	2
5	41001430	46099999	3	2	1	2
5	46100000	50699999	3	2	1	1
5	50700000	86591059	3	2	1	2
5	86591060	119867520	3	2	1	2
5	119867521	119876420	2	2	0	2
5	119876421	119876435	3	2	1	2
5	119876436	165432994	2	2	0	1
5	165432995	172452600	2	2	0	2
5	172452601	180689978	2	2	0	1
6	39681	242500	4	2	2	1
6	242501	399995	4	2	2	2
6	399996	655386	4	2	2	2
6	655387	20471828	5	3	2	2
6	20471829	20476638	5	3	2	2
6	20476639	32985566	5	3	2	1
6	32985567	51925731	4	2	2	2
6	51925732	57312802	5	3	2	2
6	57312803	58699999	5	3	2	2
6	58700000	63773862	NA	NA	NA	NA
6	63773863	65737561	2	2	0	2
6	65737562	77431699	3	3	0	2
6	77431700	77462190	3	3	0	2
6	77462191	101611918	3	3	0	2
6	101611919	101633601	7	7	0	2
6	101633602	101683601	4	4	0	1
6	101683602	101736907	3	3	0	2
6	101736908	101738916	3	3	0	2
6	101738917	105863258	3	3	0	2
6	105863259	150098328	2	2	0	3
6	150098329	150101265	2	2	0	3
6	150101266	170921585	2	2	0	3
7	40386	1315731	7	5	2	2
7	1315732	1319055	6	4	2	2
7	1319056	20906202	7	5	2	2
7	20906203	43498753	6	4	2	2
7	43498754	43841386	4	2	2	2
7	43841387	43844438	4	2	2	2
7	43844439	45697500	8	6	2	2
7	45697501	45755618	6	4	2	2
7	45755619	46317559	4	2	2	3
7	46317560	46317949	4	2	2	3
7	46317950	46542314	4	2	2	2
7	46542315	46552687	4	2	2	2
7	46552688	50280477	4	2	2	2
7	50280478	50280968	4	2	2	2
7	50280969	50280979	4	2	2	1
7	50280980	50282032	4	2	2	1
7	50282033	50282129	6	4	2	1
7	50282130	52862134	6	4	2	2
7	52862135	57999999	4	2	2	2
7	58000000	61699999	4	2	2	2
7	61700000	86793418	4	2	2	3
7	86793419	86876979	4	2	2	3
7	86876980	86876990	4	2	2	3
7	86876991	147310160	4	2	2	3
7	147310161	147310600	4	2	2	2
7	147310601	158821400	4	2	2	3
8	156434	28865527	2	2	0	2
8	28865528	43099999	4	2	2	2
8	43100000	48099999	4	2	2	2
8	48100000	89800401	4	2	2	2
8	89800402	130601776	5	3	2	2
8	130601777	130683838	4	2	2	2
8	130683839	138684302	5	3	2	1
8	138684303	138686329	5	3	2	1
8	138686330	146364021	5	3	2	2
9	47500	245331	4	2	2	2
9	245332	47299999	4	2	2	2
9	47300000	50699999	4	2	2	2
9	50700000	66486485	4	2	2	2
9	66486486	129875332	4	2	2	2
9	129875333	134373617	4	2	2	2
9	134373618	134373636	3	2	1	2
9	134373637	140273200	3	2	1	2
10	94426	4230919	2	2	0	3
10	4230920	35059947	2	2	0	3
10	35059948	35274401	3	3	0	1
10	35274402	37999999	2	2	0	3
10	38000000	42355001	NA	NA	NA	NA
10	42355002	53875343	4	2	2	2
10	53875344	54079085	3	2	1	2
10	54079086	57739633	4	2	2	2
10	57739634	57741296	4	2	2	2
10	57741297	58725305	4	2	2	2
10	58725306	59011284	5	3	2	2
10	59011285	59011363	5	3	2	2
10	59011364	60614197	4	2	2	2
10	60614198	60669993	5	3	2	2
10	60669994	64129997	5	3	2	2
10	64129998	69874430	4	2	2	2
10	69874431	81992500	2	2	0	2
10	81992501	84905442	1	1	0	3
10	84905443	85077372	3	2	1	2
10	85077373	86407926	1	1	0	2
10	86407927	89064867	2	2	0	2
10	89064868	135389304	1	1	0	3
11	20721	197556	2	2	0	2
11	197557	28886417	2	2	0	2
11	28886418	42676542	4	2	2	2
11	42676543	50625864	3	2	1	1
11	50625865	50626442	4	2	2	2
11	50626443	50632683	4	2	2	2
11	50632684	55699999	4	2	2	2
11	55700000	60327500	4	2	2	3
11	60327501	60440071	5	3	2	2
11	60440072	60560899	5	3	2	2
11	60560900	60562423	5	3	2	1
11	60562424	66603778	3	2	1	1
11	66603779	70081761	4	2	2	2
11	70081762	83603915	4	2	2	2
11	83603916	83659281	4	2	2	2
11	83659282	84411233	4	2	2	2
11	84411234	85184702	4	2	2	2
11	85184703	85219254	4	2	2	2
11	85219255	134452200	4	2	2	2
12	22500	188284	2	2	0	2
12	188285	9631628	2	2	0	3
12	9631629	10748619	2	2	0	3
12	10748620	11009371	2	2	0	3
12	11009372	16518657	2	2	0	3
12	16518658	16518988	2	2	0	2
12	16518989	33299999	2	2	0	2
12	33300000	38199999	NA	NA	NA	NA
12	38200000	124126647	4	2	2	3
12	124126648	129612008	2	2	0	2
12	129612009	129905002	7	5	2	2
12	129905003	130055494	15	13	2	1
12	130055495	130126857	15	13	2	1
12	130126858	130129303	8	6	2	1
12	130129304	130397932	9	7	2	1
12	130397933	130450065	8	6	2	2
12	130450066	130452541	8	6	2	2
12	130452542	130452786	8	6	2	2
12	130452787	130668011	7	5	2	2
12	130668012	130677296	5	3	2	2
12	130677297	131003874	8	6	2	2
12	131003875	132349400	2	2	0	2
12	132349401	133851894	2	2	0	2
13	1	16299999	5	3	2	1
13	16300000	19499999	NA	NA	NA	NA
13	19500000	20019609	4	2	2	2
13	20019610	20141210	4	2	2	2
13	20141211	21999520	2	2	0	3
13	21999521	21999738	2	2	0	3
13	21999739	26186734	2	2	0	3
13	26186735	28406938	3	2	1	2
13	28406939	28465260	2	2	0	3
13	28465261	29234738	3	2	1	3
13	29234739	29543837	2	2	0	3
13	29543838	29543880	2	2	0	3
13	29543881	89725412	2	2	0	3
13	89725413	89725438	2	2	0	3
13	89725439	94293767	2	2	0	3
13	94293768	94298709	2	2	0	2
13	94298710	94602052	2	2	0	3
13	94602053	94611705	2	2	0	2
13	94611706	95866002	2	2	0	3
13	95866003	114142800	3	3	0	2
13	114142801	115169877	3	3	0	2
14	1	16099999	3	2	1	1
14	16100000	19099999	NA	NA	NA	NA
14	19100000	19159201	3	2	1	2
14	19159202	75402460	3	2	1	2
14	75402461	75459059	3	2	1	2
14	75459060	106368400	3	2	1	2
15	1	15799999	2	2	0	1
15	15800000	20699999	NA	NA	NA	NA
15	20700000	22596200	5	3	2	1
15	22596201	23165454	2	2	0	2
15	23165455	23167722	2	2	0	2
15	23167723	23168296	2	2	0	1
15	23168297	23178929	2	2	0	1
15	23178930	23210222	2	2	0	1
15	23210223	23213962	2	2	0	1
15	23213963	26295422	2	2	0	2
15	26295423	26307013	5	3	2	2
15	26307014	26309543	4	2	2	2
15	26309544	26309807	4	2	2	2
15	26309808	26309914	4	2	2	2
15	26309915	26479859	4	2	2	2
15	26479860	26661297	6	4	2	2
15	26661298	26918093	5	3	2	2
15	26918094	26918135	2	2	0	2
15	26918136	28482825	2	2	0	3
15	28482826	28483899	2	2	0	3
15	28483900	64854247	2	2	0	3
15	64854248	88985973	4	2	2	3
15	88985974	88986752	4	2	2	3
15	88986753	101999498	4	2	2	3
15	101999499	101999545	4	2	2	2
16	83807	1430884	4	2	2	2
16	1430885	32094801	2	2	0	3
16	32094802	33427500	2	2	0	2
16	33427501	33786401	3	2	1	1
16	33786402	34599999	2	2	0	2
16	34600000	38599999	2	2	0	2
16	38600000	88827200	2	2	0	2
16	88827201	90354752	2	2	0	2
17	3104	7577436	2	2	0	3
17	7577437	14025088	2	2	0	3
17	14025089	14027133	2	2	0	2
17	14027134	14074060	32	30	2	1
17	14074061	14193116	32	30	2	1
17	14193117	14197151	38	36	2	1
17	14197152	14197633	38	36	2	1
17	14197634	14560658	38	36	2	1
17	14560659	14576050	33	31	2	2
17	14576051	14577127	38	35	3	1
17	14577128	14625188	40	38	2	1
17	14625189	14626568	35	33	2	2
17	14626569	14648114	35	33	2	1
17	14648115	14658284	35	33	2	1
17	14658285	14687098	35	33	2	1
17	14687099	14749703	31	29	2	2
17	14749704	14750694	35	33	2	1
17	14750695	14751956	35	33	2	1
17	14751957	14803098	39	37	2	1
17	14803099	14861741	39	37	2	1
17	14861742	15054821	41	39	2	1
17	15054822	15075318	37	35	2	1
17	15075319	15082176	37	35	2	1
17	15082177	15155421	32	30	2	2
17	15155422	15156141	32	30	2	2
17	15156142	15156306	37	35	2	1
17	15156307	15284531	36	34	2	1
17	15284532	15284810	36	34	2	1
17	15284811	15287220	32	30	2	1
17	15287221	15364875	28	26	2	2
17	15364876	15365119	37	35	2	1
17	15365120	15765553	37	35	2	1
17	15765554	15816051	38	36	2	1
17	15816052	15886437	36	34	2	1
17	15886438	15886859	36	34	2	1
17	15886860	15902547	33	31	2	1
17	15902548	15934855	35	33	2	1
17	15934856	16154501	28	26	2	1
17	16154502	16155793	29	27	2	1
17	16155794	16159486	29	27	2	1
17	16159487	16227907	29	27	2	1
17	16227908	16290335	32	30	2	1
17	16290336	16307281	37	35	2	1
17	16307282	16387807	37	35	2	1
17	16387808	16433196	34	32	2	2
17	16433197	16511866	34	32	2	1
17	16511867	16529610	41	39	2	1
17	16529611	16844001	41	39	2	1
17	16844002	16879814	37	35	2	2
17	16879815	16885090	34	32	2	1
17	16885091	16890045	34	32	2	1
17	16890046	16956282	34	32	2	1
17	16956283	16963589	39	37	2	1
17	16963590	17005038	39	37	2	1
17	17005039	17055917	39	37	2	1
17	17055918	17058653	39	37	2	1
17	17058654	17195937	36	34	2	1
17	17195938	17303624	21	19	2	2
17	17303625	17304656	25	23	2	1
17	17304657	17311828	27	25	2	1
17	17311829	17313339	27	25	2	1
17	17313340	17462347	27	25	2	1
17	17462348	17618346	34	32	2	1
17	17618347	17623074	34	32	2	1
17	17623075	17675689	38	36	2	1
17	17675690	17842175	38	36	2	1
17	17842176	17881375	29	27	2	2
17	17881376	18088373	30	28	2	1
17	18088374	18178727	26	24	2	2
17	18178728	18282951	29	27	2	1
17	18282952	18344648	29	27	2	1
17	18344649	18371269	29	27	2	1
17	18371270	18889178	25	22	3	1
17	18889179	19284901	25	24	1	2
17	19284902	19313593	25	24	1	2
17	19313594	19404044	29	27	2	1
17	19404045	19404078	29	27	2	1
17	19404079	19516857	29	27	2	1
17	19516858	19518412	29	27	2	1
17	19518413	19541283	22	20	2	1
17	19541284	19577948	22	20	2	1
17	19577949	19584314	16	14	2	1
17	19584315	20189988	16	14	2	1
17	20189989	20744959	7	5	2	2
17	20744960	20828202	8	6	2	1
17	20828203	20828462	8	6	2	1
17	20828463	20871485	8	6	2	1
17	20871486	21035552	11	9	2	1
17	21035553	21037119	11	9	2	1
17	21037120	21080728	11	9	2	1
17	21080729	21097750	11	9	2	1
17	21097751	21106814	11	9	2	1
17	21106815	21322499	5	3	2	2
17	21322500	21541994	9	7	2	1
17	21541995	21548327	9	7	2	1
17	21548328	21837717	14	12	2	1
17	21837718	21837819	14	12	2	1
17	21837820	22077426	11	9	2	1
17	22077427	22077652	11	9	2	2
17	22077653	22095438	13	11	2	1
17	22095439	22199999	12	10	2	2
17	22200000	25799999	NA	NA	NA	NA
17	25800000	34249489	3	2	1	2
17	34249490	34254373	3	2	1	2
17	34254374	43079512	3	2	1	2
17	43079513	43082167	3	2	1	2
17	43082168	45832965	3	2	1	2
17	45832966	45839858	3	2	1	2
17	45839859	78774600	3	2	1	2
17	78774601	81195209	3	2	1	2
18	27500	2048398	3	2	1	2
18	2048399	2048414	3	2	1	3
18	2048415	4580616	3	2	1	3
18	4580617	4582650	3	2	1	2
18	4582651	15399999	3	2	1	3
18	15400000	18999999	3	2	1	2
18	19000000	77755926	3	2	1	3
18	77755927	77755959	3	2	1	2
19	226776	24399999	4	2	2	2
19	24400000	28599999	4	2	2	2
19	28600000	33809951	4	2	2	2
19	33809952	36005787	4	2	2	2
19	36005788	49578926	4	2	2	2
19	49578927	50675164	4	2	2	2
19	50675165	50675954	4	2	2	2
19	50675955	50680580	4	2	2	2
19	50680581	50681892	4	2	2	2
19	50681893	50682951	4	2	2	2
19	50682952	51787641	4	2	2	2
19	51787642	51827216	4	2	2	2
19	51827217	51828767	4	2	2	2
19	51828768	52271071	4	2	2	2
19	52271072	54717896	4	2	2	2
19	54717897	59128982	4	2	2	2
20	32012	5574379	4	2	2	2
20	5574380	5583311	4	2	2	1
20	5583312	9812284	4	2	2	2
20	9812285	10755976	5	3	2	2
20	10755977	11676907	5	3	2	2
20	11676908	12505067	4	2	2	2
20	12505068	12505489	4	2	2	2
20	12505490	14242288	4	2	2	2
20	14242289	14896380	5	3	2	2
20	14896381	14896734	5	3	2	2
20	14896735	14901770	4	2	2	2
20	14901771	21702554	4	2	2	2
20	21702555	21743598	6	4	2	2
20	21743599	22249987	4	2	2	2
20	22249988	22556459	5	3	2	2
20	22556460	25599999	4	2	2	2
20	25600000	29399999	NA	NA	NA	NA
20	29400000	31560039	5	3	2	2
20	31560040	31861500	4	2	2	2
20	31861501	62432500	2	2	0	3
21	1	9417499	NA	NA	NA	NA
21	9417500	10720000	NA	NA	NA	NA
21	10720001	10899999	5	3	2	1
21	10900000	15273231	NA	NA	NA	NA
21	15273232	32480448	5	3	2	1
21	32480449	33345505	4	2	2	3
21	33345506	44213784	5	3	2	2
21	44213785	44215291	5	3	2	2
21	44215292	46882571	4	2	2	2
21	46882572	46932328	5	3	2	2
21	46932329	48129894	5	3	2	2
22	1	12199999	2	2	0	1
22	12200000	17899999	2	2	0	3
22	17900000	20333001	2	2	0	3
22	20333002	49687500	2	2	0	3
22	49687501	51304565	2	2	0	2
X	1	2700026	1	1	0	2
X	2700027	22511209	2	2	0	1
X	22511210	58099999	2	2	0	1
X	58100000	62999999	2	2	0	1
X	63000000	118560879	2	2	0	1
X	118560880	118560916	2	2	0	1
X	118560917	155270559	2	2	0	1
Y	1	6118002	4	4	0	1
Y	6118003	11599999	4	4	0	1
Y	11600000	13399999	NA	NA	NA	NA
Y	13400000	59373565	0	0	0	1
