chromosome	start	end	total_cn	major_cn	minor_cn	star
1	10001	182499	4	2	2	2
1	182500	712600	4	2	2	2
1	712601	7893687	4	2	2	2
1	7893688	8051987	5	3	2	2
1	8051988	8303045	6	4	2	2
1	8303046	8318311	5	3	2	2
1	8318312	11916304	4	2	2	2
1	11916305	12032561	5	3	2	2
1	12032562	28198359	4	2	2	2
1	28198360	28259605	5	3	2	2
1	28259606	32038294	4	2	2	2
1	32038295	32038970	2	1	1	2
1	32038971	32052161	5	3	2	2
1	32052162	32055496	5	3	2	2
1	32055497	32055875	5	3	2	2
1	32055876	32118065	5	3	2	2
1	32118066	32383689	5	3	2	2
1	32383690	36616842	4	2	2	2
1	36616843	50713069	3	2	1	2
1	50713070	93119894	4	2	2	2
1	93119895	93122231	4	2	2	2
1	93122232	93737389	6	4	2	2
1	93737390	93784473	5	3	2	2
1	93784474	93852167	4	2	2	1
1	93852168	93852630	4	2	2	1
1	93852631	93853015	4	2	2	2
1	93853016	100036637	4	2	2	3
1	100036638	100137302	4	2	2	2
1	100137303	121499999	4	2	2	2
1	121500000	128899999	4	2	2	1
1	128900000	142579938	4	2	2	1
1	142579939	142731200	3	2	1	2
1	142731201	142967201	3	2	1	2
1	142967202	143502499	3	2	1	2
1	143502500	144920086	4	2	2	1
1	144920087	162095645	4	2	2	2
1	162095646	162103123	4	2	2	2
1	162103124	167675950	4	2	2	2
1	167675951	172048217	3	2	1	2
1	172048218	172053561	4	3	1	2
1	172053562	172082074	3	2	1	2
1	172082075	172090193	2	1	1	2
1	172090194	197615251	3	2	1	2
1	197615252	197616219	3	2	1	2
1	197616220	205682591	3	2	1	2
1	205682592	205709953	2	1	1	2
1	205709954	214454327	3	2	1	2
1	214454328	214479133	2	1	1	2
1	214479134	241668077	3	2	1	2
1	241668078	245562316	4	2	2	2
1	245562317	245564664	3	2	1	2
1	245564665	245812842	3	2	1	2
1	245812843	245942095	2	1	1	2
1	245942096	246135135	3	2	1	2
1	246135136	249145490	4	2	2	2
1	249145491	249167933	3	2	1	1
2	20016	7075778	3	2	1	2
2	7075779	7106630	2	1	1	2
2	7106631	13639612	3	2	1	2
2	13639613	14176065	2	1	1	2
2	14176066	14176481	2	1	1	2
2	14176482	14406722	2	1	1	2
2	14406723	22910002	3	2	1	2
2	22910003	23533269	2	1	1	2
2	23533270	27984791	3	2	1	2
2	27984792	28079929	4	3	1	2
2	28079930	49891362	3	2	1	2
2	49891363	49907959	2	1	1	2
2	49907960	49910659	2	1	1	2
2	49910660	50343892	2	1	1	2
2	50343893	52792927	3	2	1	2
2	52792928	52818393	3	2	1	1
2	52818394	57972233	3	2	1	2
2	57972234	58054181	3	2	1	2
2	58054182	69090114	3	2	1	2
2	69090115	69278178	4	3	1	2
2	69278179	86280818	3	2	1	2
2	86280819	86361875	2	1	1	3
2	86361876	90499999	3	2	1	2
2	90500000	96799999	3	2	1	2
2	96800000	97857526	3	2	1	2
2	97857527	101299176	4	3	1	3
2	101299177	102461722	5	4	1	2
2	102461723	102591164	6	5	1	2
2	102591165	102700456	7	6	1	2
2	102700457	102712246	6	5	1	2
2	102712247	103069493	5	4	1	2
2	103069494	103094257	4	3	1	2
2	103094258	103100535	4	3	1	1
2	103100536	106153566	4	3	1	2
2	106153567	106452934	3	2	1	2
2	106452935	107145968	4	3	1	2
2	107145969	107160354	3	2	1	2
2	107160355	107243947	4	3	1	2
2	107243948	109391705	3	2	1	2
2	109391706	109640002	4	3	1	2
2	109640003	110304402	3	2	1	2
2	110304403	114774918	2	1	1	2
2	114774919	121908882	2	1	1	2
2	121908883	132483171	2	1	1	3
2	132483172	133029177	3	2	1	3
2	133029178	133031721	2	1	1	1
2	133031722	133033302	2	1	1	1
2	133033303	187070443	2	1	1	3
2	187070444	187082850	2	1	1	3
2	187082851	199762881	2	1	1	3
2	199762882	199799644	1	1	0	3
2	199799645	206110248	2	1	1	2
2	206110249	206168015	1	1	0	2
2	206168016	226827699	2	1	1	2
2	226827700	226871148	3	2	1	3
2	226871149	242980952	2	1	1	3
3	62226	1460010	1	1	0	2
3	1460011	38004228	2	2	0	3
3	38004229	38245589	2	2	0	1
3	38245590	54242917	2	2	0	3
3	54242918	54470032	1	1	0	3
3	54470033	60324262	2	2	0	3
3	60324263	60368485	1	1	0	2
3	60368486	60606928	2	2	0	2
3	60606929	60935161	1	1	0	3
3	60935162	74859041	2	2	0	3
3	74859042	76292167	3	3	0	3
3	76292168	76334519	3	3	0	2
3	76334520	76517690	3	3	0	2
3	76517691	78849727	2	2	0	3
3	78849728	78854426	3	2	1	2
3	78854427	80618630	3	2	1	3
3	80618631	82623846	2	2	0	3
3	82623847	84998569	3	2	1	3
3	84998570	85459500	4	2	2	3
3	85459501	85472610	4	2	2	1
3	85472611	86593086	4	2	2	3
3	86593087	86733895	2	2	0	3
3	86733896	87899999	3	2	1	3
3	87900000	93899999	NA	NA	NA	NA
3	93900000	94309881	3	2	1	2
3	94309882	115804017	2	1	1	3
3	115804018	116282794	1	1	0	3
3	116282795	116395336	0	0	0	2
3	116395337	117327459	1	1	0	3
3	117327460	117340268	2	1	1	2
3	117340269	117409686	1	1	0	2
3	117409687	133084900	2	1	1	3
3	133084901	133085600	2	1	1	3
3	133085601	133154735	2	1	1	3
3	133154736	133204051	2	1	1	2
3	133204052	171110130	2	1	1	3
3	171110131	171193769	1	1	0	2
3	171193770	197779891	2	1	1	3
4	27062	27499	2	1	1	2
4	27500	5240399	4	2	2	2
4	5240400	5255065	4	2	2	2
4	5255066	19986211	4	2	2	2
4	19986212	19988033	4	2	2	1
4	19988034	20082775	6	4	2	2
4	20082776	20090200	4	2	2	2
4	20090201	32889954	4	2	2	2
4	32889955	32943401	4	2	2	2
4	32943402	33690254	4	2	2	2
4	33690255	33792187	4	2	2	2
4	33792188	44865166	4	2	2	2
4	44865167	47489995	5	3	2	2
4	47489996	48199999	4	2	2	2
4	48200000	52699999	NA	NA	NA	NA
4	52700000	91200483	3	2	1	3
4	91200484	91201135	3	2	1	2
4	91201136	92604817	2	1	1	2
4	92604818	92605181	2	1	1	2
4	92605182	113459952	2	1	1	2
4	113459953	114299566	3	2	1	2
4	114299567	114399739	2	1	1	2
4	114399740	119555050	3	2	1	2
4	119555051	122130602	2	1	1	2
4	122130603	122159400	2	1	1	1
4	122159401	124349216	2	1	1	2
4	124349217	127397684	3	2	1	2
4	127397685	151725701	2	1	1	2
4	151725702	151877448	2	1	1	2
4	151877449	169365017	2	1	1	2
4	169365018	169605689	3	2	1	2
4	169605690	176169869	2	1	1	2
4	176169870	176308912	3	2	1	2
4	176308913	178274864	2	1	1	2
4	178274865	178276563	2	1	1	2
4	178276564	190987500	2	1	1	2
5	22500	696987	2	2	0	2
5	696988	799503	2	2	0	2
5	799504	34516471	2	2	0	2
5	34516472	34527142	7	5	2	2
5	34527143	34710751	7	5	2	2
5	34710752	36311098	8	6	2	2
5	36311099	36367262	10	8	2	1
5	36367263	36375314	8	6	2	2
5	36375315	36408792	10	8	2	2
5	36408793	36878557	9	7	2	2
5	36878558	36878577	9	7	2	2
5	36878578	42343600	3	2	1	3
5	42343601	43173272	3	2	1	3
5	43173273	46090039	2	2	0	3
5	46090040	50699999	NA	NA	NA	NA
5	50700000	65239081	3	2	1	3
5	65239082	65240637	3	2	1	3
5	65240638	66537364	3	2	1	3
5	66537365	66628245	4	3	1	3
5	66628246	88179326	3	2	1	2
5	88179327	88201795	3	2	1	2
5	88201796	95227462	3	2	1	2
5	95227463	95263095	3	2	1	2
5	95263096	96113011	3	2	1	3
5	96113012	96235277	2	1	1	2
5	96235278	112353059	3	2	1	2
5	112353060	150702403	2	2	0	2
5	150702404	150878629	3	3	0	2
5	150878630	150878812	3	3	0	2
5	150878813	151354174	3	3	0	2
5	151354175	151354212	3	3	0	2
5	151354213	151417861	2	2	0	1
5	151417862	151477214	2	2	0	1
5	151477215	151477790	2	2	0	2
5	151477791	180709589	2	2	0	3
6	39681	250040	2	1	1	3
6	250041	382966	2	1	1	2
6	382967	5790424	2	1	1	3
6	5790425	5792662	2	1	1	2
6	5792663	5794193	4	3	1	2
6	5794194	5794205	4	3	1	2
6	5794206	6051903	4	3	1	2
6	6051904	6098013	3	2	1	3
6	6098014	6099117	3	2	1	2
6	6099118	37197166	2	1	1	3
6	37197167	37199436	2	1	1	3
6	37199437	58699999	2	1	1	3
6	58700000	63299999	2	1	1	3
6	63300000	86129999	2	1	1	3
6	86130000	86147222	1	1	0	2
6	86147223	102175654	2	1	1	3
6	102175655	102290002	1	1	0	2
6	102290003	122138461	2	1	1	3
6	122138462	122250999	2	1	1	1
6	122251000	137978747	2	1	1	3
6	137978748	137990349	1	1	0	2
6	137990350	158425761	2	1	1	3
6	158425762	158427729	2	1	1	2
6	158427730	158446109	2	1	1	2
6	158446110	158574537	1	1	0	3
6	158574538	162832627	2	1	1	3
6	162832628	162875108	1	1	0	2
6	162875109	164424593	2	1	1	3
6	164424594	164526311	3	2	1	2
6	164526312	170921585	2	1	1	2
7	40386	1575594	2	1	1	3
7	1575595	1590198	1	1	0	2
7	1590199	8183041	2	1	1	3
7	8183042	9103925	3	2	1	3
7	9103926	11705097	2	1	1	3
7	11705098	11995786	1	1	0	3
7	11995787	19023480	2	1	1	3
7	19023481	19081207	2	1	1	2
7	19081208	19319332	2	1	1	2
7	19319333	19319816	2	1	1	2
7	19319817	21134047	2	1	1	3
7	21134048	21148071	2	1	1	1
7	21148072	21148358	2	1	1	1
7	21148359	21151624	2	1	1	1
7	21151625	27715803	2	1	1	3
7	27715804	27716720	2	1	1	2
7	27716721	27716760	2	1	1	1
7	27716761	27717022	2	1	1	1
7	27717023	27842983	8	7	1	2
7	27842984	27844258	8	7	1	2
7	27844259	27844447	8	7	1	1
7	27844448	27844487	8	7	1	1
7	27844488	27844672	8	7	1	1
7	27844673	27844686	8	7	1	1
7	27844687	27844886	8	7	1	1
7	27844887	27964674	10	9	1	2
7	27964675	28046629	11	10	1	2
7	28046630	28403833	8	7	1	2
7	28403834	28404017	8	7	1	2
7	28404018	28404071	8	7	1	2
7	28404072	28404390	8	7	1	2
7	28404391	28414409	6	5	1	1
7	28414410	28505552	6	5	1	2
7	28505553	28540770	9	8	1	2
7	28540771	28543498	4	3	1	2
7	28543499	28545581	9	8	1	1
7	28545582	28593915	9	8	1	2
7	28593916	28600002	8	7	1	2
7	28600003	28611354	6	5	1	1
7	28611355	28611566	6	5	1	1
7	28611567	28611957	6	5	1	2
7	28611958	28612084	6	5	1	2
7	28612085	28612096	6	5	1	2
7	28612097	28612143	6	5	1	2
7	28612144	28612252	6	5	1	2
7	28612253	28612283	6	5	1	2
7	28612284	28612621	6	5	1	2
7	28612622	28612660	6	5	1	2
7	28612661	28612916	6	5	1	2
7	28612917	30206973	6	5	1	3
7	30206974	31322467	4	3	1	2
7	31322468	31323279	4	3	1	2
7	31323280	31383457	4	3	1	3
7	31383458	31675801	5	4	1	3
7	31675802	32073540	5	4	1	3
7	32073541	32745344	4	3	1	3
7	32745345	32801920	2	1	1	2
7	32801921	33230558	3	2	1	3
7	33230559	33231741	2	1	1	2
7	33231742	35701806	2	1	1	3
7	35701807	35742964	5	4	1	2
7	35742965	35798958	4	3	1	3
7	35798959	36058986	2	1	1	3
7	36058987	37064872	4	3	1	2
7	37064873	37064918	4	3	1	2
7	37064919	37276013	2	1	1	3
7	37276014	37276141	2	1	1	2
7	37276142	37279353	2	1	1	2
7	37279354	37299169	2	1	1	2
7	37299170	52040007	2	1	1	3
7	52040008	57999987	3	2	1	3
7	57999988	61699999	3	2	1	2
7	61700000	69401150	3	2	1	3
7	69401151	69754451	2	1	1	2
7	69754452	69838854	2	1	1	3
7	69838855	69880918	1	1	0	2
7	69880919	69904081	2	1	1	2
7	69904082	70029961	2	1	1	2
7	70029962	70138683	1	1	0	2
7	70138684	70175920	2	1	1	2
7	70175921	77654358	3	2	1	3
7	77654359	77678416	2	1	1	2
7	77678417	82005198	3	2	1	3
7	82005199	82449837	3	2	1	2
7	82449838	87740945	3	2	1	3
7	87740946	87875717	2	1	1	3
7	87875718	88002702	3	2	1	2
7	88002703	88044859	2	1	1	3
7	88044860	110563851	3	2	1	3
7	110563852	110597298	3	2	1	1
7	110597299	110900004	3	2	1	3
7	110900005	111526921	4	2	2	3
7	111526922	130926089	3	2	1	3
7	130926090	130926314	3	2	1	3
7	130926315	135415840	3	2	1	3
7	135415841	135473665	4	3	1	3
7	135473666	158821400	3	2	1	3
8	161424	576633	1	1	0	2
8	576634	606505	8	7	1	1
8	606506	801086	8	7	1	2
8	801087	832088	9	8	1	2
8	832089	900011	4	3	1	2
8	900012	907138	10	9	1	2
8	907139	924418	10	9	1	1
8	924419	925923	10	9	1	1
8	925924	1322799	8	7	1	2
8	1322800	1385154	8	7	1	1
8	1385155	1483431	8	7	1	2
8	1483432	2703711	7	6	1	2
8	2703712	3327841	8	7	1	2
8	3327842	3329753	8	7	1	1
8	3329754	3492035	10	9	1	1
8	3492036	3493273	9	8	1	2
8	3493274	3533449	9	8	1	2
8	3533450	3572135	8	7	1	2
8	3572136	4016121	7	6	1	2
8	4016122	4848171	8	7	1	2
8	4848172	4868524	7	6	1	2
8	4868525	7212159	1	1	0	3
8	7212160	7827500	1	1	0	2
8	7827501	39230024	1	1	0	3
8	39230025	40756958	1	1	0	2
8	40756959	43099999	2	2	0	3
8	43100000	48099999	NA	NA	NA	NA
8	48100000	48464298	4	3	1	2
8	48464299	49036416	5	3	2	3
8	49036417	49137204	7	5	2	3
8	49137205	50156371	5	3	2	3
8	50156372	50488566	5	3	2	2
8	50488567	50490059	5	3	2	2
8	50490060	50525058	4	3	1	1
8	50525059	50581903	6	3	3	2
8	50581904	50653378	4	3	1	1
8	50653379	50706490	4	3	1	1
8	50706491	50706606	4	3	1	1
8	50706607	67665940	3	3	0	2
8	67665941	67982602	2	2	0	3
8	67982603	78140737	3	3	0	2
8	78140738	79128404	3	3	0	2
8	79128405	79128510	3	2	1	1
8	79128511	99889337	4	3	1	2
8	99889338	130259183	3	2	1	2
8	130259184	130727525	4	3	1	2
8	130727526	145173819	3	2	1	2
8	145173820	146364021	3	2	1	2
9	10001	44868874	2	2	0	2
9	44868875	47299999	3	2	1	2
9	47300000	50699999	3	2	1	2
9	50700000	66487499	3	2	1	2
9	66487500	116341493	3	2	1	3
9	116341494	116428480	4	2	2	3
9	116428481	123535323	3	2	1	3
9	123535324	123621890	2	1	1	3
9	123621891	123865844	1	1	0	2
9	123865845	123876517	2	1	1	2
9	123876518	137549975	3	2	1	3
9	137549976	140273200	4	3	1	2
9	140273201	141069420	4	3	1	2
10	94426	37999999	1	1	0	2
10	38000000	42387499	NA	NA	NA	NA
10	42387500	42552488	2	1	1	2
10	42552489	62585310	2	1	1	3
10	62585311	62633753	3	2	1	2
10	62633754	64941933	2	1	1	3
10	64941934	65404874	1	1	0	3
10	65404875	135057792	2	1	1	3
10	135057793	135389304	1	1	0	3
11	20721	197336	1	1	0	2
11	197337	1609752	1	1	0	2
11	1609753	2226294	1	1	0	3
11	2226295	2228355	1	1	0	2
11	2228356	2306721	2	1	1	2
11	2306722	3022166	2	1	1	2
11	3022167	3279017	1	1	0	3
11	3279018	3637064	2	1	1	1
11	3637065	3720782	1	1	0	2
11	3720783	3956317	1	1	0	2
11	3956318	4055712	1	1	0	2
11	4055713	4521502	1	1	0	2
11	4521503	5353730	2	1	1	2
11	5353731	5402500	2	1	1	2
11	5402501	5415495	2	1	1	2
11	5415496	9376866	3	2	1	2
11	9376867	11202478	1	1	0	3
11	11202479	14436969	1	1	0	2
11	14436970	15212670	1	1	0	3
11	15212671	15898582	2	1	1	2
11	15898583	15934978	2	1	1	2
11	15934979	15944891	2	1	1	2
11	15944892	15952907	3	2	1	2
11	15952908	15956983	3	2	1	1
11	15956984	16579594	3	2	1	2
11	16579595	16584447	2	1	1	2
11	16584448	18702172	2	1	1	2
11	18702173	18789966	4	3	1	2
11	18789967	25582104	1	1	0	3
11	25582105	26380082	2	1	1	2
11	26380083	27707877	3	2	1	3
11	27707878	27910021	4	3	1	2
11	27910022	35961228	3	2	1	2
11	35961229	36090583	2	2	0	2
11	36090584	38310987	3	2	1	3
11	38310988	38356843	4	3	1	2
11	38356844	42533282	3	2	1	3
11	42533283	42533560	3	2	1	3
11	42533561	42630097	3	2	1	3
11	42630098	42630362	3	2	1	1
11	42630363	46794915	4	3	1	2
11	46794916	47814879	5	3	2	2
11	47814880	48022105	5	3	2	2
11	48022106	50700801	4	2	2	2
11	50700802	55699999	NA	NA	NA	NA
11	55700000	72830296	3	2	1	2
11	72830297	73162637	4	2	2	2
11	73162638	83984841	3	2	1	2
11	83984842	84129009	2	2	0	2
11	84129010	84620019	3	2	1	2
11	84620020	84663478	2	2	0	2
11	84663479	92584005	3	2	1	2
11	92584006	92647242	2	2	0	2
11	92647243	124175833	3	2	1	2
11	124175834	124299874	4	3	1	2
11	124299875	124525041	3	2	1	3
11	124525042	134452200	2	1	1	3
12	110107	1914689	1	1	0	3
12	1914690	33299999	2	1	1	3
12	33300000	38199999	NA	NA	NA	NA
12	38200000	38269206	2	2	0	2
12	38269207	44768536	3	2	1	3
12	44768537	44782442	3	2	1	3
12	44782443	121997415	3	2	1	3
12	121997416	132349400	2	1	1	2
12	132349401	133851894	2	1	1	2
13	1	16299999	2	1	1	1
13	16300000	19499999	2	1	1	2
13	19500000	21689727	2	1	1	2
13	21689728	21875874	1	1	0	3
13	21875875	22020699	2	1	1	2
13	22020700	22031695	2	1	1	2
13	22031696	24036372	2	1	1	2
13	24036373	60569082	1	1	0	2
13	60569083	60692824	1	1	0	2
13	60692825	114142800	1	1	0	2
13	114142801	115169877	1	1	0	3
14	1	16099999	NA	NA	NA	NA
14	16100000	19099999	2	1	1	1
14	19100000	20325508	2	1	1	1
14	20325509	20444392	2	1	1	1
14	20444393	22478972	3	2	1	3
14	22478973	22914030	5	3	2	1
14	22914031	22916912	5	3	2	2
14	22916913	22939423	12	11	1	2
14	22939424	22941092	14	13	1	1
14	22941093	23021486	4	3	1	2
14	23021487	23022296	6	5	1	1
14	23022297	23024434	6	5	1	1
14	23024435	23030033	6	5	1	1
14	23030034	23032956	6	5	1	1
14	23032957	23036788	6	5	1	1
14	23036789	23039141	6	5	1	2
14	23039142	23092051	6	5	1	2
14	23092052	23092888	6	5	1	2
14	23092889	27714821	4	3	1	2
14	27714822	31186169	5	4	1	2
14	31186170	31215116	4	3	1	2
14	31215117	31282963	5	4	1	2
14	31282964	31438748	5	4	1	2
14	31438749	31584644	5	4	1	2
14	31584645	36618026	2	1	1	2
14	36618027	36634402	4	3	1	3
14	36634403	36634617	4	3	1	2
14	36634618	36641378	3	2	1	2
14	36641379	36642926	3	2	1	2
14	36642927	36976312	3	2	1	2
14	36976313	36982353	3	2	1	2
14	36982354	37014419	2	1	1	2
14	37014420	37268667	4	3	1	3
14	37268668	62033051	2	1	1	3
14	62033052	68963852	4	3	1	3
14	68963853	69126325	7	6	1	2
14	69126326	74614881	4	3	1	3
14	74614882	74615025	4	3	1	2
14	74615026	74621875	5	4	1	2
14	74621876	74622383	6	5	1	2
14	74622384	74908042	6	5	1	2
14	74908043	74908069	6	5	1	2
14	74908070	74910320	6	5	1	1
14	74910321	79839590	4	3	1	3
14	79839591	79874783	4	3	1	1
14	79874784	90437141	4	3	1	3
14	90437142	90452068	4	3	1	3
14	90452069	106368400	4	3	1	3
15	1	15799999	1	1	0	1
15	15800000	20699999	NA	NA	NA	NA
15	20700000	21289914	1	1	0	2
15	21289915	34712806	1	1	0	3
15	34712807	34867500	1	1	0	2
15	34867501	63393902	1	1	0	3
15	63393903	63503773	1	1	0	2
15	63503774	63762895	1	1	0	1
15	63762896	64360785	2	1	1	2
15	64360786	64596704	3	2	1	2
15	64596705	64954070	1	1	0	3
15	64954071	64961914	2	1	1	1
15	64961915	65106658	3	2	1	2
15	65106659	65242101	2	1	1	2
15	65242102	71839929	2	1	1	3
15	71839930	72462453	3	2	1	3
15	72462454	73059974	2	1	1	3
15	73059975	73060132	2	1	1	2
15	73060133	77776541	2	1	1	3
15	77776542	77865713	6	5	1	2
15	77865714	77983108	5	4	1	2
15	77983109	79626966	3	2	1	3
15	79626967	84300332	2	1	1	3
15	84300333	84304398	2	1	1	2
15	84304399	87297109	2	1	1	2
15	87297110	87300755	44	43	1	1
15	87300756	87544657	44	43	1	1
15	87544658	87971058	44	43	1	1
15	87971059	87971100	44	43	1	1
15	87971101	87971808	44	43	1	1
15	87971809	87974145	9	8	1	1
15	87974146	88038387	8	7	1	2
15	88038388	88038762	8	7	1	2
15	88038763	88099033	2	1	1	1
15	88099034	88690577	2	1	1	2
15	88690578	88695591	2	1	1	2
15	88695592	88925001	6	5	1	2
15	88925002	90719763	4	3	1	2
15	90719764	93589739	5	4	1	2
15	93589740	93590079	5	4	1	2
15	93590080	93636604	2	1	1	1
15	93636605	93884501	2	1	1	2
15	93884502	93985003	9	8	1	2
15	93985004	98178605	2	1	1	3
15	98178606	98370102	3	2	1	3
15	98370103	98405666	7	6	1	2
15	98405667	98423622	8	7	1	2
15	98423623	98648436	8	7	1	2
15	98648437	99068737	6	5	1	2
15	99068738	99068817	6	5	1	2
15	99068818	99068868	6	5	1	2
15	99068869	99069012	6	5	1	1
15	99069013	99069062	6	5	1	1
15	99069063	99069292	6	5	1	1
15	99069293	99076277	41	40	1	1
15	99076278	99174252	41	40	1	1
15	99174253	99280326	43	42	1	2
15	99280327	99289207	46	45	1	1
15	99289208	99297970	46	45	1	1
15	99297971	99425171	46	45	1	1
15	99425172	100039003	46	45	1	1
15	100039004	100061690	2	1	1	1
15	100061691	100338800	2	1	1	2
15	100338801	102531391	2	1	1	3
16	84859	153918	1	1	0	2
16	153919	235489	1	1	0	2
16	235490	1841543	2	1	1	3
16	1841544	2123303	1	1	0	2
16	2123304	3219599	2	1	1	2
16	3219600	5624620	1	1	0	2
16	5624621	12806975	2	1	1	3
16	12806976	13181374	1	1	0	2
16	13181375	13409994	2	1	1	2
16	13409995	14939417	1	1	0	2
16	14939418	18530002	2	1	1	2
16	18530003	19024509	1	1	0	2
16	19024510	28332078	2	1	1	2
16	28332079	28336741	2	1	1	2
16	28336742	28337191	2	1	1	2
16	28337192	28337415	2	1	1	2
16	28337416	28348722	2	1	1	2
16	28348723	30279935	2	1	1	2
16	30279936	30496904	3	2	1	2
16	30496905	30543292	3	2	1	2
16	30543293	30593291	3	2	1	2
16	30593292	30655953	2	1	1	2
16	30655954	30658037	2	1	1	2
16	30658038	31037500	2	1	1	2
16	31037501	33751797	3	2	1	2
16	33751798	34173201	3	2	1	2
16	34173202	38599999	NA	NA	NA	NA
16	38600000	46430529	1	1	0	2
16	46430530	55644484	1	1	0	3
16	55644485	55668918	7	6	1	1
16	55668919	58820502	7	6	1	3
16	58820503	59404115	9	8	1	2
16	59404116	59405074	9	8	1	2
16	59405075	59446579	7	6	1	1
16	59446580	60344434	7	6	1	2
16	60344435	65333208	8	7	1	2
16	65333209	65335543	8	7	1	2
16	65335544	66033662	8	7	1	2
16	66033663	66140149	9	8	1	2
16	66140150	66226037	10	9	1	2
16	66226038	66605845	9	8	1	2
16	66605846	67310063	8	7	1	2
16	67310064	67983096	6	5	1	2
16	67983097	68007970	8	7	1	1
16	68007971	68063903	8	7	1	2
16	68063904	68091233	7	6	1	2
16	68091234	70180018	6	5	1	2
16	70180019	70346127	6	5	1	2
16	70346128	88827200	1	1	0	3
16	88827201	90354752	1	1	0	3
17	21509	7491645	2	2	0	2
17	7491646	7491692	2	2	0	2
17	7491693	7583848	1	1	0	2
17	7583849	7583860	1	1	0	2
17	7583861	10951159	2	2	0	2
17	10951160	12719258	2	2	0	2
17	12719259	13393866	3	2	1	2
17	13393867	14497499	2	2	0	3
17	14497500	15040000	2	2	0	2
17	15040001	22192461	3	2	1	2
17	22192462	25799999	NA	NA	NA	NA
17	25800000	45884299	4	2	2	2
17	45884300	45992104	5	3	2	2
17	45992105	67212413	4	2	2	2
17	67212414	67322051	3	2	1	3
17	67322052	71400471	4	2	2	2
17	71400472	71424734	5	3	2	2
17	71424735	73391520	4	2	2	2
17	73391521	73426724	4	2	2	2
17	73426725	78774600	4	2	2	2
17	78774601	81104002	4	2	2	3
18	27500	156005	3	2	1	2
18	156006	15399999	3	2	1	3
18	15400000	18999999	3	2	1	2
18	19000000	27331212	3	2	1	2
18	27331213	27776718	4	3	1	2
18	27776719	27777730	4	3	1	2
18	27777731	28959983	4	3	1	2
18	28959984	33920097	3	2	1	2
18	33920098	34290354	2	2	0	2
18	34290355	35762016	3	2	1	2
18	35762017	43850273	4	3	1	2
18	43850274	43859376	4	3	1	2
18	43859377	43859835	4	3	1	2
18	43859836	43861960	4	3	1	2
18	43861961	43862218	4	3	1	2
18	43862219	45995255	4	3	1	2
18	45995256	46039247	4	3	1	2
18	46039248	50020052	4	3	1	2
18	50020053	50167835	3	2	1	2
18	50167836	55720974	4	3	1	2
18	55720975	57450022	3	2	1	3
18	57450023	64689975	2	1	1	3
18	64689976	67923531	3	2	1	2
18	67923532	68283675	2	1	1	3
18	68283676	69016802	3	2	1	2
18	69016803	73094154	2	1	1	2
18	73094155	74788134	3	2	1	2
18	74788135	77905176	2	2	0	3
19	102500	245630	2	2	0	2
19	245631	617737	2	2	0	2
19	617738	634127	2	2	0	1
19	634128	13080259	2	2	0	2
19	13080260	14207948	8	6	2	2
19	14207949	14761503	8	6	2	2
19	14761504	14820029	4	2	2	2
19	14820030	15170031	7	5	2	2
19	15170032	15276727	4	2	2	2
19	15276728	15987292	7	5	2	2
19	15987293	15999379	5	3	2	2
19	15999380	16007658	6	4	2	1
19	16007659	16052499	5	3	2	2
19	16052500	16136883	4	2	2	2
19	16136884	16953156	7	5	2	2
19	16953157	17678854	7	5	2	2
19	17678855	17686021	4	2	2	2
19	17686022	19574818	7	5	2	2
19	19574819	19664387	4	2	2	1
19	19664388	19664432	4	2	2	2
19	19664433	19664671	4	2	2	1
19	19664672	19921241	3	2	1	2
19	19921242	19936778	3	2	1	2
19	19936779	19963604	3	2	1	1
19	19963605	19971921	6	4	2	2
19	19971922	20756985	3	2	1	2
19	20756986	20760189	4	2	2	2
19	20760190	20762705	3	2	1	2
19	20762706	20763069	3	2	1	2
19	20763070	20770901	3	2	1	2
19	20770902	20771664	5	3	2	2
19	20771665	20821382	5	3	2	2
19	20821383	20836425	3	2	1	2
19	20836426	20943072	4	2	2	2
19	20943073	20967996	4	2	2	2
19	20967997	20983206	3	2	1	1
19	20983207	21005851	3	2	1	1
19	21005852	21006267	3	2	1	2
19	21006268	22670733	3	2	1	2
19	22670734	22671819	3	2	1	2
19	22671820	22676137	4	2	2	2
19	22676138	22796188	4	2	2	2
19	22796189	22822935	3	2	1	2
19	22822936	22980726	4	2	2	2
19	22980727	23272712	3	2	1	2
19	23272713	23872069	4	2	2	2
19	23872070	23872207	4	2	2	2
19	23872208	24145878	4	2	2	2
19	24145879	24374186	7	5	2	2
19	24374187	24399999	7	5	2	2
19	24400000	28599999	NA	NA	NA	NA
19	28600000	30455061	8	7	1	2
19	30455062	30457115	8	7	1	2
19	30457116	30459018	5	4	1	2
19	30459019	31716859	6	5	1	2
19	31716860	32672751	7	6	1	2
19	32672752	34537628	6	5	1	2
19	34537629	34745021	1	1	0	2
19	34745022	35649459	6	5	1	2
19	35649460	36046468	5	4	1	2
19	36046469	36093434	5	4	1	2
19	36093435	36519850	6	5	1	2
19	36519851	37426305	5	4	1	2
19	37426306	37476718	4	3	1	2
19	37476719	37524090	4	3	1	2
19	37524091	37569200	3	3	0	2
19	37569201	37570810	3	3	0	2
19	37570811	37585572	2	2	0	1
19	37585573	37608709	2	2	0	2
19	37608710	37692362	3	3	0	3
19	37692363	37710707	5	4	1	1
19	37710708	37846938	5	4	1	3
19	37846939	37893905	7	6	1	2
19	37893906	38491540	7	6	1	2
19	38491541	38914065	9	8	1	2
19	38914066	39358544	1	1	0	2
19	39358545	42042337	2	2	0	2
19	42042338	42661770	1	1	0	2
19	42661771	43242500	1	1	0	2
19	43242501	43552499	0	0	0	2
19	43552500	58453191	1	1	0	2
19	58453192	58489229	1	1	0	2
19	58489230	58542020	1	1	0	3
19	58542021	58543429	1	1	0	3
19	58543430	58573492	1	1	0	2
20	24347	5002500	3	2	1	2
20	5002501	6999948	4	2	2	2
20	6999949	7087818	7	5	2	2
20	7087819	7089188	7	5	2	2
20	7089189	7216484	5	3	2	2
20	7216485	8679463	4	2	2	2
20	8679464	8803639	4	2	2	2
20	8803640	11748291	4	2	2	2
20	11748292	11900057	5	3	2	1
20	11900058	12266467	4	2	2	2
20	12266468	12374998	5	3	2	2
20	12374999	12376605	3	2	1	2
20	12376606	14649433	3	2	1	2
20	14649434	15144671	2	2	0	2
20	15144672	25599999	3	2	1	3
20	25600000	29399999	3	2	1	3
20	29400000	48004965	3	2	1	3
20	48004966	48362456	4	3	1	3
20	48362457	48397825	5	4	1	3
20	48397826	48445849	5	4	1	3
20	48445850	61939392	3	2	1	3
20	61939393	62329511	2	1	1	2
20	62329512	62432500	3	2	1	3
21	1	10899999	NA	NA	NA	NA
21	10900000	14437120	2	2	0	1
21	14437121	15282500	4	2	2	2
21	15282501	34446130	4	2	2	3
21	34446131	34456943	4	2	2	2
21	34456944	34464440	4	2	2	2
21	34464441	34470209	3	2	1	2
21	34470210	34470567	4	2	2	2
21	34470568	34702203	3	2	1	2
21	34702204	34703278	4	2	2	2
21	34703279	34703348	4	2	2	2
21	34703349	34709287	4	2	2	2
21	34709288	34713010	4	2	2	2
21	34713011	46937500	4	2	2	2
21	46937501	48129894	4	2	2	3
22	1	12199999	2	1	1	1
22	12200000	17899999	2	1	1	3
22	17900000	24223481	2	1	1	3
22	24223482	24264989	3	2	1	2
22	24264990	24997505	2	1	1	2
22	24997506	25000774	2	1	1	2
22	25000775	28666136	2	1	1	2
22	28666137	28834895	1	1	0	2
22	28834896	28834947	1	1	0	2
22	28834948	28841616	1	1	0	2
22	28841617	29553238	1	1	0	2
22	29553239	29563317	1	1	0	2
22	29563318	34359990	1	1	0	2
22	34359991	35278502	2	2	0	2
22	35278503	35283010	4	4	0	2
22	35283011	35338844	4	4	0	3
22	35338845	37169358	2	2	0	2
22	37169359	37291169	4	4	0	2
22	37291170	37302861	3	3	0	2
22	37302862	37334852	3	3	0	2
22	37334853	38251543	2	2	0	2
22	38251544	41776983	3	2	1	2
22	41776984	41777165	3	2	1	2
22	41777166	41833195	3	2	1	2
22	41833196	49691400	1	1	0	2
22	49691401	51304565	1	1	0	3
X	584660	612506	1	1	0	2
X	612507	1953032	1	1	0	2
X	1953033	2399453	1	1	0	2
X	2399454	2399484	1	1	0	2
X	2399485	2400405	1	1	0	2
X	2400406	2401441	1	1	0	2
X	2401442	2447743	1	1	0	2
X	2447744	2457138	1	1	0	2
X	2457139	2458484	1	1	0	2
X	2458485	2501933	1	1	0	2
X	2501934	58099999	2	2	0	1
X	58100000	62999999	2	2	0	1
X	63000000	76908956	2	2	0	1
X	76908957	76909263	1	1	0	2
X	76909264	76909275	1	1	0	2
X	76909276	76909592	2	2	0	1
X	76909593	77001211	3	3	0	2
X	77001212	77276183	4	4	0	2
X	77276184	77276219	1	1	0	2
X	77276220	77276665	4	4	0	1
X	77276666	77354588	3	3	0	2
X	77354589	77360005	2	2	0	1
X	77360006	77372696	3	3	0	2
X	77372697	96199510	2	2	0	2
X	96199511	96327761	2	2	0	1
X	96327762	96347010	1	1	0	2
X	96347011	96352498	2	2	0	1
X	96352499	96442604	2	2	0	2
X	96442605	96498548	1	1	0	3
X	96498549	142201534	2	2	0	2
X	142201535	142446561	3	3	0	1
X	142446562	155170324	2	2	0	1
Y	1	2653089	2	2	0	1
Y	2653090	3191002	1	1	0	1
Y	3191003	5594601	2	2	0	2
Y	5594602	8291602	4	4	0	2
Y	8291603	11599999	2	2	0	1
Y	11600000	13695034	NA	NA	NA	NA
Y	13695035	14439937	2	2	0	1
Y	14439938	15333202	1	1	0	2
Y	15333203	17658284	2	2	0	1
Y	17658285	19624801	1	1	0	2
Y	19624802	24385602	2	2	0	1
Y	24385603	59373565	1	1	0	2
