chromosome	start	end	total_cn	major_cn	minor_cn	star
1	1	8319615	2	1	1	2
1	8319616	8319892	2	1	1	2
1	8319893	8320127	2	1	1	2
1	8320128	8320145	2	1	1	2
1	8320146	8487296	2	1	1	2
1	8487297	8524393	2	1	1	2
1	8524394	9618221	2	1	1	3
1	9618222	9974263	2	1	1	3
1	9974264	10002697	2	1	1	3
1	10002698	10219277	2	1	1	3
1	10219278	10219292	2	1	1	2
1	10219293	10219530	2	1	1	2
1	10219531	10986245	2	1	1	2
1	10986246	11032285	2	1	1	2
1	11032286	11949996	2	1	1	2
1	11949997	34094085	3	2	1	2
1	34094086	34095162	3	2	1	2
1	34095163	86026466	3	2	1	2
1	86026467	86080771	2	2	0	2
1	86080772	107785646	3	2	1	3
1	107785647	107799491	3	2	1	3
1	107799492	108136266	3	2	1	3
1	108136267	110416339	3	2	1	2
1	110416340	121499999	3	2	1	2
1	121500000	128899999	3	2	1	2
1	128900000	143530938	3	2	1	2
1	143530939	146240402	3	2	1	2
1	146240403	146556485	4	2	2	2
1	146556486	149007402	3	2	1	2
1	149007403	150149521	4	2	2	2
1	150149522	150418046	6	4	2	1
1	150418047	151272596	4	2	2	2
1	151272597	154422876	3	2	1	2
1	154422877	155173176	4	2	2	3
1	155173177	155290878	4	2	2	2
1	155290879	160058046	4	2	2	2
1	160058047	171773251	4	2	2	3
1	171773252	174930003	4	2	2	2
1	174930004	180311897	3	2	1	2
1	180311898	180549019	5	4	1	2
1	180549020	181707402	3	2	1	2
1	181707403	182489227	4	2	2	2
1	182489228	187477428	3	2	1	2
1	187477429	187729135	5	4	1	2
1	187729136	189969694	3	2	1	2
1	189969695	194395012	2	2	0	2
1	194395013	195499954	3	2	1	2
1	195499955	213254067	2	2	0	2
1	213254068	213267913	2	2	0	2
1	213267914	219046024	2	2	0	2
1	219046025	220887205	2	2	0	2
1	220887206	220902935	3	2	1	2
1	220902936	220928052	2	1	1	1
1	220928053	221339262	4	4	0	2
1	221339263	230685879	2	2	0	2
1	230685880	237276544	2	2	0	2
1	237276545	239519256	2	2	0	2
1	239519257	239561572	1	1	0	2
1	239561573	246886191	2	2	0	2
1	246886192	246886678	2	2	0	2
1	246886679	247144023	4	4	0	2
1	247144024	247352415	2	2	0	2
1	247352416	247386068	3	3	0	2
1	247386069	247389042	3	3	0	2
1	247389043	247517841	3	3	0	2
1	247517842	249250620	2	2	0	2
2	20016	3174811	2	2	0	2
2	3174812	5332158	2	2	0	2
2	5332159	5383572	3	2	1	2
2	5383573	5383692	3	2	1	2
2	5383693	5412852	3	2	1	2
2	5412853	5412917	3	2	1	2
2	5412918	37430047	3	2	1	2
2	37430048	46893724	2	2	0	2
2	46893725	46894810	4	2	2	2
2	46894811	51149783	2	2	0	2
2	51149784	52874690	4	2	2	2
2	52874691	52875114	4	2	2	2
2	52875115	53060600	4	2	2	2
2	53060601	53364905	2	2	0	2
2	53364906	53961225	4	2	2	2
2	53961226	54189995	2	2	0	2
2	54189996	54190227	2	2	0	2
2	54190228	54190467	2	2	0	2
2	54190468	54602317	3	2	1	2
2	54602318	55069595	2	2	0	2
2	55069596	55071338	2	2	0	2
2	55071339	55105028	2	2	0	2
2	55105029	55105225	2	2	0	2
2	55105226	55684283	2	2	0	2
2	55684284	55695010	2	2	0	2
2	55695011	68727818	4	2	2	2
2	68727819	69087660	3	2	1	2
2	69087661	83717777	3	2	1	2
2	83717778	83717881	3	2	1	2
2	83717882	90499999	3	2	1	2
2	90500000	96799999	3	2	1	2
2	96800000	120546229	3	2	1	2
2	120546230	120546344	3	2	1	2
2	120546345	125723074	3	2	1	2
2	125723075	125723392	3	2	1	2
2	125723393	153484957	3	2	1	2
2	153484958	187589407	2	2	0	2
2	187589408	187760616	3	3	0	2
2	187760617	194630078	2	2	0	2
2	194630079	218286578	1	1	0	2
2	218286579	218574538	1	1	0	2
2	218574539	228101609	1	1	0	2
2	228101610	228444242	2	1	1	2
2	228444243	229261185	3	2	1	2
2	229261186	242951000	1	1	0	2
2	242951001	243025325	1	1	0	3
3	104440	534948	4	3	1	2
3	534949	563530	2	1	1	2
3	563531	1052926	4	3	1	2
3	1052927	1488485	1	1	0	2
3	1488486	1494814	2	1	1	1
3	1494815	1494859	4	2	2	2
3	1494860	2032067	2	1	1	2
3	2032068	2278801	3	2	1	3
3	2278802	2959537	2	1	1	2
3	2959538	2959576	2	1	1	2
3	2959577	5943232	2	1	1	2
3	5943233	39639936	2	1	1	3
3	39639937	44704700	2	1	1	2
3	44704701	44704730	2	1	1	2
3	44704731	50342703	2	1	1	3
3	50342704	50342748	2	1	1	2
3	50342749	57357137	3	2	1	3
3	57357138	57357160	3	2	1	3
3	57357161	59104361	3	2	1	2
3	59104362	59104383	3	2	1	2
3	59104384	64505493	4	2	2	3
3	64505494	64505563	4	2	2	2
3	64505564	64509115	4	2	2	2
3	64509116	76993120	4	2	2	3
3	76993121	76993226	4	2	2	3
3	76993227	77884164	4	2	2	3
3	77884165	78396001	2	2	0	3
3	78396002	82472498	3	2	1	3
3	82472499	87899999	2	2	0	3
3	87900000	93899999	2	2	0	3
3	93900000	116531380	2	2	0	3
3	116531381	116591976	0	0	0	2
3	116591977	152196373	2	2	0	3
3	152196374	153323218	3	2	1	3
3	153323219	162507996	2	2	0	3
3	162507997	167563824	2	2	0	3
3	167563825	168477735	3	2	1	3
3	168477736	168477784	3	2	1	3
3	168477785	174811992	3	2	1	3
3	174811993	174843096	3	2	1	2
3	174843097	198022429	3	2	1	3
4	27500	59540	2	1	1	2
4	59541	1120051	2	1	1	2
4	1120052	5978673	3	2	1	2
4	5978674	5996160	4	2	2	2
4	5996161	18733688	3	2	1	2
4	18733689	18734596	3	2	1	2
4	18734597	19160206	3	2	1	2
4	19160207	28634031	3	2	1	2
4	28634032	32528271	3	2	1	2
4	32528272	34629405	3	2	1	2
4	34629406	34645292	3	2	1	2
4	34645293	35516018	3	2	1	2
4	35516019	35601825	3	2	1	2
4	35601826	48199999	3	2	1	2
4	48200000	52699999	3	2	1	2
4	52700000	77503678	3	2	1	2
4	77503679	79802305	3	2	1	2
4	79802306	88597750	3	2	1	2
4	88597751	88732875	4	2	2	2
4	88732876	107938017	3	2	1	2
4	107938018	107953683	3	2	1	2
4	107953684	129227808	3	2	1	2
4	129227809	152690653	3	2	1	2
4	152690654	152755671	4	2	2	2
4	152755672	156552352	3	2	1	2
4	156552353	169484482	4	2	2	2
4	169484483	169794812	3	2	1	2
4	169794813	183607054	4	2	2	2
4	183607055	190987500	3	2	1	2
5	57457	857921	1	1	0	3
5	857922	4320965	1	1	0	3
5	4320966	4374177	5	4	1	2
5	4374178	4436853	6	5	1	2
5	4436854	4929983	6	5	1	2
5	4929984	5944295	5	4	1	2
5	5944296	6492072	6	5	1	2
5	6492073	6502640	6	5	1	2
5	6502641	6506069	6	5	1	2
5	6506070	7960884	6	5	1	2
5	7960885	8044841	7	6	1	2
5	8044842	8045162	6	5	1	2
5	8045163	8187746	6	5	1	2
5	8187747	8188990	6	5	1	2
5	8188991	8240431	6	5	1	2
5	8240432	8260860	6	5	1	2
5	8260861	8407392	6	5	1	3
5	8407393	8457813	5	4	1	2
5	8457814	8741783	7	6	1	2
5	8741784	9063410	7	6	1	2
5	9063411	9117476	7	6	1	2
5	9117477	9128507	6	5	1	2
5	9128508	9183620	6	5	1	2
5	9183621	9638064	5	4	1	2
5	9638065	10019665	4	3	1	2
5	10019666	10019721	4	3	1	2
5	10019722	10051656	1	1	0	2
5	10051657	10051912	1	1	0	2
5	10051913	10063786	5	4	1	2
5	10063787	10092386	5	4	1	2
5	10092387	10446578	6	5	1	2
5	10446579	10623809	7	6	1	2
5	10623810	10768814	7	6	1	2
5	10768815	11378904	6	5	1	2
5	11378905	11379050	5	4	1	2
5	11379051	12422998	5	4	1	2
5	12422999	12535064	4	3	1	2
5	12535065	13714752	6	5	1	2
5	13714753	13918475	6	5	1	2
5	13918476	14749880	5	4	1	2
5	14749881	14767185	6	5	1	2
5	14767186	15103718	7	6	1	2
5	15103719	15120589	6	5	1	2
5	15120590	15145809	6	5	1	2
5	15145810	15175688	5	4	1	2
5	15175689	15988080	5	4	1	2
5	15988081	16344172	6	5	1	2
5	16344173	16348458	5	4	1	2
5	16348459	16396897	6	5	1	2
5	16396898	16397992	5	4	1	2
5	16397993	16699957	6	5	1	2
5	16699958	17028119	7	6	1	2
5	17028120	17522002	6	5	1	2
5	17522003	18025993	5	4	1	2
5	18025994	18553569	6	5	1	2
5	18553570	18558382	6	5	1	2
5	18558383	18785232	6	5	1	2
5	18785233	19404083	5	4	1	2
5	19404084	19490009	6	5	1	2
5	19490010	20370096	6	5	1	2
5	20370097	20987389	5	4	1	2
5	20987390	21412974	4	3	1	2
5	21412975	22069847	5	4	1	2
5	22069848	22070240	5	4	1	2
5	22070241	22088624	4	3	1	2
5	22088625	23311826	4	3	1	2
5	23311827	23333487	5	4	1	2
5	23333488	23339354	3	2	1	2
5	23339355	23389652	3	2	1	2
5	23389653	23646946	4	3	1	2
5	23646947	24191076	3	2	1	2
5	24191077	24263661	3	2	1	2
5	24263662	24267648	3	2	1	2
5	24267649	25152548	4	3	1	2
5	25152549	27076294	3	2	1	2
5	27076295	27079457	3	2	1	2
5	27079458	27298570	3	2	1	2
5	27298571	27564514	4	3	1	2
5	27564515	28133556	4	3	1	2
5	28133557	28139746	3	2	1	2
5	28139747	28181839	4	3	1	2
5	28181840	28666600	3	2	1	2
5	28666601	28770121	4	2	2	2
5	28770122	29391598	3	2	1	2
5	29391599	29596135	4	2	2	2
5	29596136	29648855	3	2	1	2
5	29648856	30318977	4	3	1	2
5	30318978	30422644	5	4	1	2
5	30422645	30944817	5	4	1	2
5	30944818	30967196	4	3	1	2
5	30967197	30991271	4	3	1	2
5	30991272	31121580	4	3	1	2
5	31121581	31126712	5	3	2	2
5	31126713	31173721	5	3	2	3
5	31173722	31196545	4	3	1	2
5	31196546	31673555	4	3	1	2
5	31673556	32346633	5	4	1	2
5	32346634	32349415	5	3	2	2
5	32349416	32430941	6	4	2	2
5	32430942	32434823	5	3	2	2
5	32434824	32503063	4	2	2	2
5	32503064	32629002	6	4	2	2
5	32629003	32762446	5	4	1	2
5	32762447	32803010	6	4	2	2
5	32803011	32853222	6	4	2	2
5	32853223	32959262	5	4	1	2
5	32959263	34217858	5	4	1	2
5	34217859	34420874	7	6	1	1
5	34420875	34421198	4	3	1	2
5	34421199	34450406	4	3	1	2
5	34450407	34500025	7	6	1	2
5	34500026	34572017	7	4	3	1
5	34572018	34613112	6	5	1	2
5	34613113	34617653	6	4	2	2
5	34617654	34770872	6	4	2	2
5	34770873	34792595	5	4	1	2
5	34792596	34831133	6	4	2	2
5	34831134	34952279	5	4	1	2
5	34952280	34966559	5	4	1	2
5	34966560	34966864	5	4	1	2
5	34966865	34984153	5	4	1	2
5	34984154	35035642	5	4	1	2
5	35035643	35266693	6	5	1	2
5	35266694	35491082	6	5	1	2
5	35491083	35543063	6	5	1	2
5	35543064	35759773	5	4	1	2
5	35759774	35766764	5	4	1	2
5	35766765	35970126	5	4	1	2
5	35970127	36089003	4	3	1	2
5	36089004	36205647	5	4	1	2
5	36205648	36506707	4	3	1	3
5	36506708	37114967	4	3	1	2
5	37114968	37475249	5	3	2	2
5	37475250	37550884	4	3	1	2
5	37550885	39692929	4	3	1	3
5	39692930	39742250	5	3	2	2
5	39742251	39859225	4	3	1	3
5	39859226	39887030	5	3	2	2
5	39887031	39943142	4	2	2	3
5	39943143	40080870	3	2	1	2
5	40080871	40418582	4	2	2	3
5	40418583	40695154	3	2	1	2
5	40695155	40794283	4	2	2	2
5	40794284	40824299	3	2	1	2
5	40824300	40845329	4	2	2	2
5	40845330	41809668	3	2	1	2
5	41809669	41874565	4	2	2	2
5	41874566	42001681	3	2	1	2
5	42001682	42100131	4	2	2	3
5	42100132	42116381	5	3	2	2
5	42116382	42316795	4	2	2	2
5	42316796	42515844	5	3	2	3
5	42515845	42565778	4	3	1	3
5	42565779	42615777	4	3	1	3
5	42615778	42671850	5	3	2	1
5	42671851	42681790	5	3	2	1
5	42681791	42831798	5	3	2	1
5	42831799	42945226	4	3	1	3
5	42945227	43004698	5	3	2	2
5	43004699	43147801	4	3	1	2
5	43147802	43170138	5	3	2	2
5	43170139	43351036	4	2	2	3
5	43351037	44055219	3	2	1	2
5	44055220	44297607	4	2	2	3
5	44297608	44332450	3	2	1	1
5	44332451	44468408	4	2	2	2
5	44468409	44553154	3	2	1	3
5	44553155	44561473	5	3	2	2
5	44561474	44667328	3	3	0	1
5	44667329	44759991	4	2	2	2
5	44759992	46099999	3	2	1	3
5	46100000	50699999	NA	NA	NA	NA
5	50700000	111016201	2	2	0	2
5	111016202	152514201	3	2	1	2
5	152514202	176737853	3	2	1	2
5	176737854	180719705	3	2	1	2
6	39681	242500	3	3	0	2
6	242501	4215253	3	3	0	2
6	4215254	4805853	3	3	0	2
6	4805854	52161745	2	2	0	2
6	52161746	58699999	3	3	0	2
6	58700000	63299999	3	3	0	3
6	63300000	152969372	3	3	0	2
6	152969373	155571102	3	3	0	2
6	155571103	157189732	3	3	0	2
6	157189733	157204307	3	3	0	2
6	157204308	161753718	3	3	0	2
6	161753719	168916024	3	3	0	2
6	168916025	170921585	3	3	0	2
7	40386	3613249	3	2	1	2
7	3613250	8452782	4	2	2	2
7	8452783	43449621	3	2	1	2
7	43449622	44216896	3	2	1	2
7	44216897	44760862	3	2	1	2
7	44760863	44852100	3	2	1	2
7	44852101	47341549	3	2	1	2
7	47341550	47623639	3	2	1	2
7	47623640	47985060	3	2	1	2
7	47985061	48670300	3	2	1	2
7	48670301	49180379	3	2	1	2
7	49180380	49184945	3	2	1	2
7	49184946	51158631	3	2	1	2
7	51158632	52288425	3	2	1	2
7	52288426	52292911	3	2	1	2
7	52292912	52956249	3	2	1	2
7	52956250	57999999	3	2	1	2
7	58000000	61699999	NA	NA	NA	NA
7	61700000	68494149	2	1	1	2
7	68494150	79628781	2	1	1	2
7	79628782	85947249	3	2	1	2
7	85947250	85962482	3	2	1	2
7	85962483	114954872	3	2	1	2
7	114954873	115318607	3	2	1	2
7	115318608	118318902	3	2	1	2
7	118318903	118321070	3	2	1	2
7	118321071	118580264	3	2	1	2
7	118580265	127080001	3	2	1	2
7	127080002	127686426	4	3	1	2
7	127686427	127800335	5	4	1	2
7	127800336	133204929	4	3	1	2
7	133204930	133279002	4	3	1	2
7	133279003	140294792	4	3	1	2
7	140294793	140311899	3	2	1	2
7	140311900	147592623	4	3	1	2
7	147592624	147777871	5	4	1	2
7	147777872	148090315	4	3	1	2
7	148090316	148099959	5	3	2	2
7	148099960	152082202	5	3	2	2
7	152082203	152506631	4	2	2	2
7	152506632	157967147	4	3	1	2
7	157967148	158821400	4	3	1	2
8	159286	43099999	2	2	0	2
8	43100000	48703138	NA	NA	NA	NA
8	48703139	48985271	5	3	2	1
8	48985272	50114465	5	3	2	2
8	50114466	50126040	6	4	2	2
8	50126041	50126085	6	4	2	2
8	50126086	50128152	6	4	2	1
8	50128153	51060926	6	4	2	2
8	51060927	51422686	6	4	2	2
8	51422687	51450285	6	4	2	2
8	51450286	53876359	6	4	2	2
8	53876360	53944781	5	3	2	2
8	53944782	53963860	6	4	2	2
8	53963861	53965968	5	3	2	2
8	53965969	53975463	6	4	2	1
8	53975464	53975665	5	3	2	2
8	53975666	53975966	5	3	2	2
8	53975967	57902728	5	3	2	2
8	57902729	57902819	5	3	2	2
8	57902820	58127390	5	3	2	2
8	58127391	58780116	4	2	2	2
8	58780117	58875272	5	3	2	2
8	58875273	68151801	4	2	2	2
8	68151802	68701182	5	3	2	2
8	68701183	69263154	4	2	2	2
8	69263155	69530021	5	3	2	2
8	69530022	73663754	4	2	2	2
8	73663755	75165315	5	3	2	2
8	75165316	80679944	4	2	2	2
8	80679945	82568396	5	3	2	2
8	82568397	114244792	4	2	2	2
8	114244793	114657938	4	2	2	2
8	114657939	114671788	4	2	2	2
8	114671789	114952218	4	2	2	2
8	114952219	114952237	4	2	2	2
8	114952238	115496486	4	2	2	2
8	115496487	116310322	4	2	2	2
8	116310323	116310613	4	2	2	2
8	116310614	116641602	4	2	2	2
8	116641603	116641698	4	2	2	2
8	116641699	118480147	4	2	2	2
8	118480148	118526261	4	2	2	2
8	118526262	118526593	4	2	2	2
8	118526594	118530004	4	2	2	2
8	118530005	118532914	5	3	2	2
8	118532915	118979632	4	2	2	2
8	118979633	119615746	4	2	2	2
8	119615747	119619925	4	2	2	2
8	119619926	119646150	4	2	2	3
8	119646151	119655891	4	2	2	2
8	119655892	122084822	4	2	2	2
8	122084823	122085344	4	2	2	2
8	122085345	122085958	4	2	2	2
8	122085959	122086720	4	2	2	2
8	122086721	122087196	4	2	2	2
8	122087197	122319909	5	3	2	2
8	122319910	127429845	4	2	2	2
8	127429846	127436405	4	2	2	2
8	127436406	127436559	4	2	2	2
8	127436560	127436786	4	2	2	2
8	127436787	127437174	4	2	2	2
8	127437175	127437397	4	2	2	2
8	127437398	127443486	4	2	2	2
8	127443487	129221143	4	2	2	2
8	129221144	129221530	4	2	2	2
8	129221531	129681046	4	2	2	2
8	129681047	130705055	4	2	2	2
8	130705056	130756465	4	2	2	2
8	130756466	130840306	4	2	2	1
8	130840307	130923096	3	2	1	2
8	130923097	130981896	5	3	2	1
8	130981897	130983040	4	2	2	2
8	130983041	131569114	4	2	2	2
8	131569115	131569451	4	2	2	2
8	131569452	131569497	4	2	2	2
8	131569498	131569914	4	2	2	2
8	131569915	131609017	4	2	2	2
8	131609018	131609418	4	2	2	2
8	131609419	131862983	4	2	2	2
8	131862984	134714530	4	2	2	2
8	134714531	134745425	4	2	2	2
8	134745426	135700321	4	2	2	2
8	135700322	136106070	5	3	2	2
8	136106071	136505617	5	3	2	2
8	136505618	136964354	4	2	2	2
8	136964355	136964853	4	2	2	2
8	136964854	136971337	5	3	2	2
8	136971338	136971657	4	2	2	2
8	136971658	136971754	4	2	2	2
8	136971755	136972310	4	2	2	2
8	136972311	137558579	5	3	2	2
8	137558580	137563849	4	2	2	2
8	137563850	138015105	4	2	2	2
8	138015106	138015194	4	2	2	2
8	138015195	138434523	4	2	2	2
8	138434524	138437452	4	2	2	2
8	138437453	138644481	4	2	2	2
8	138644482	139470020	4	2	2	2
8	139470021	139717931	5	3	2	2
8	139717932	139723245	5	3	2	2
8	139723246	139723447	5	3	2	2
8	139723448	140433255	5	3	2	2
8	140433256	140544391	5	3	2	2
8	140544392	140545480	5	3	2	2
8	140545481	140550869	5	3	2	2
8	140550870	141023148	5	3	2	2
8	141023149	141188608	4	2	2	2
8	141188609	141215130	3	2	1	2
8	141215131	141480264	4	2	2	2
8	141480265	141832091	4	2	2	2
8	141832092	142250239	5	3	2	2
8	142250240	142254525	4	2	2	2
8	142254526	142372830	4	2	2	2
8	142372831	143090006	4	2	2	2
8	143090007	143472449	5	3	2	2
8	143472450	143487776	4	2	2	2
8	143487777	143722652	5	3	2	2
8	143722653	145059960	4	2	2	2
8	145059961	145216402	5	3	2	2
8	145216403	145242880	5	3	2	2
8	145242881	145627125	5	3	2	2
8	145627126	146003607	5	3	2	2
9	47500	203760	3	2	1	2
9	203761	22026202	3	2	1	2
9	22026203	22119325	2	1	1	2
9	22119326	22131793	3	2	1	2
9	22131794	23264564	3	2	1	2
9	23264565	23947175	3	2	1	2
9	23947176	23947188	1	1	0	1
9	23947189	23947358	2	1	1	1
9	23947359	24569059	3	2	1	2
9	24569060	24590756	3	2	1	2
9	24590757	24602032	3	2	1	1
9	24602033	24602106	1	1	0	1
9	24602107	24603338	1	1	0	1
9	24603339	24603734	4	2	2	2
9	24603735	27938931	3	2	1	2
9	27938932	27939618	3	2	1	1
9	27939619	27949710	3	2	1	2
9	27949711	27976247	4	3	1	2
9	27976248	27989395	4	3	1	2
9	27989396	28626133	3	2	1	2
9	28626134	29329324	3	2	1	2
9	29329325	29890364	3	2	1	2
9	29890365	29897757	4	2	2	2
9	29897758	31689335	3	2	1	2
9	31689336	33271107	3	2	1	2
9	33271108	44093208	2	1	1	2
9	44093209	47299999	4	3	1	2
9	47300000	50699999	NA	NA	NA	NA
9	50700000	103383090	3	2	1	2
9	103383091	140273200	3	2	1	2
9	140273201	141069420	3	2	1	2
10	130013	30279237	1	1	0	2
10	30279238	30413362	2	2	0	2
10	30413363	30415295	1	1	0	2
10	30415296	30459067	2	2	0	2
10	30459068	30686905	1	1	0	2
10	30686906	31047262	2	2	0	2
10	31047263	31055495	2	2	0	2
10	31055496	31055640	2	2	0	2
10	31055641	31140221	2	2	0	2
10	31140222	37999999	1	1	0	2
10	38000000	42427407	1	1	0	2
10	42427408	52796712	1	1	0	2
10	52796713	53020603	1	1	0	2
10	53020604	82700407	1	1	0	2
10	82700408	82701478	1	1	0	2
10	82701479	96578196	1	1	0	2
10	96578197	99847329	1	1	0	2
10	99847330	99850610	1	1	0	2
10	99850611	102553195	1	1	0	2
10	102553196	102894522	2	2	0	2
10	102894523	102924040	3	3	0	2
10	102924041	135204669	2	2	0	2
10	135204670	135389304	2	2	0	3
11	20721	199152	2	1	1	2
11	199153	43870742	2	1	1	2
11	43870743	47802652	1	1	0	2
11	47802653	47802934	1	1	0	2
11	47802935	50777725	1	1	0	2
11	50777726	55699999	NA	NA	NA	NA
11	55700000	71052995	2	1	1	3
11	71052996	71054665	1	1	0	2
11	71054666	71055654	2	1	1	2
11	71055655	71069269	1	1	0	2
11	71069270	80233841	2	1	1	3
11	80233842	80566008	1	1	0	2
11	80566009	98367349	2	1	1	3
11	98367350	98610655	4	3	1	2
11	98610656	98615552	4	3	1	2
11	98615553	98619632	4	3	1	2
11	98619633	98637422	4	3	1	2
11	98637423	99088399	4	3	1	2
11	99088400	99090741	1	1	0	1
11	99090742	101190278	5	4	1	2
11	101190279	101320284	7	6	1	2
11	101320285	102064503	7	6	1	2
11	102064504	102065452	7	6	1	2
11	102065453	102337653	7	6	1	2
11	102337654	102361963	5	4	1	2
11	102361964	102411963	5	4	1	2
11	102411964	102477716	5	4	1	2
11	102477717	118330492	2	1	1	3
11	118330493	119002092	3	2	1	2
11	119002093	134452200	2	1	1	3
12	110107	18147030	3	2	1	2
12	18147031	18148111	3	2	1	2
12	18148112	27188244	3	2	1	2
12	27188245	29520763	4	2	2	2
12	29520764	33299999	4	2	2	2
12	33300000	38199999	4	2	2	2
12	38200000	38655662	4	2	2	2
12	38655663	42027895	3	2	1	2
12	42027896	42031018	4	2	2	2
12	42031019	44918062	2	1	1	2
12	44918063	47961818	2	1	1	2
12	47961819	52704981	2	1	1	2
12	52704982	54236513	2	1	1	3
12	54236514	57922115	2	1	1	3
12	57922116	63401731	2	1	1	3
12	63401732	133248370	3	2	1	2
12	133248371	133296821	2	1	1	2
13	1	16299999	1	1	0	1
13	16300000	19499999	1	1	0	2
13	19500000	21514195	1	1	0	2
13	21514196	21577068	2	2	0	2
13	21577069	27166851	1	1	0	2
13	27166852	27168013	1	1	0	2
13	27168014	28262440	1	1	0	2
13	28262441	28263594	1	1	0	2
13	28263595	30511670	1	1	0	2
13	30511671	30512397	1	1	0	2
13	30512398	32301792	1	1	0	2
13	32301793	33771617	2	2	0	2
13	33771618	45973894	1	1	0	2
13	45973895	45975063	1	1	0	2
13	45975064	48914583	1	1	0	2
13	48914584	48918876	1	1	0	2
13	48918877	48975656	1	1	0	2
13	48975657	48981644	0	0	0	2
13	48981645	49547706	0	0	0	2
13	49547707	51029098	0	0	0	2
13	51029099	51561633	2	2	0	2
13	51561634	52297277	3	2	1	2
13	52297278	75251857	1	1	0	2
13	75251858	75252825	1	1	0	2
13	75252826	98496835	1	1	0	2
13	98496836	98740141	0	0	0	2
13	98740142	99131506	1	1	0	2
13	99131507	99272791	0	0	0	2
13	99272792	100044822	1	1	0	2
13	100044823	100045884	1	1	0	2
13	100045885	114142800	1	1	0	2
13	114142801	115169877	1	1	0	3
14	1	16099999	4	2	2	1
14	16100000	19099999	4	2	2	2
14	19100000	20375050	4	2	2	2
14	20375051	22675396	4	2	2	2
14	22675397	22759832	5	3	2	2
14	22759833	24368301	4	2	2	2
14	24368302	30941001	3	2	1	2
14	30941002	40882090	3	2	1	2
14	40882091	40900251	4	2	2	2
14	40900252	41446813	4	2	2	2
14	41446814	41448358	5	3	2	2
14	41448359	41460603	2	1	1	1
14	41460604	45960551	3	2	1	2
14	45960552	45972580	4	3	1	2
14	45972581	49610058	3	2	1	2
14	49610059	50053041	4	2	2	2
14	50053042	50214173	3	2	1	2
14	50214174	65831017	3	2	1	2
14	65831018	75305244	3	2	1	2
14	75305245	75329916	4	3	1	2
14	75329917	75330419	5	3	2	2
14	75330420	75449478	4	3	1	2
14	75449479	75449529	4	3	1	1
14	75449530	79206036	3	2	1	2
14	79206037	79209286	3	2	1	2
14	79209287	79907809	3	2	1	2
14	79907810	81188712	4	3	1	2
14	81188713	90786670	3	2	1	2
14	90786671	106368400	3	2	1	2
15	1	15799999	3	2	1	1
15	15800000	20699999	3	2	1	2
15	20700000	42458068	3	2	1	2
15	42458069	42496418	3	2	1	2
15	42496419	44707244	3	2	1	2
15	44707245	44716858	3	2	1	2
15	44716859	45553127	3	2	1	2
15	45553128	48771979	3	2	1	2
15	48771980	52656879	3	2	1	2
15	52656880	53177500	3	2	1	2
15	53177501	67056272	3	2	1	2
15	67056273	67198575	4	3	1	2
15	67198576	67498434	3	2	1	2
15	67498435	68745936	3	2	1	2
15	68745937	70895786	3	2	1	2
15	70895787	70898053	3	2	1	2
15	70898054	70985082	3	2	1	2
15	70985083	70997295	3	2	1	2
15	70997296	88307916	3	2	1	2
15	88307917	94236884	3	2	1	2
15	94236885	94579938	3	2	1	2
15	94579939	95570863	3	2	1	2
15	95570864	95805038	3	2	1	3
15	95805039	96817825	3	2	1	2
15	96817826	99197847	3	2	1	3
15	99197848	99991666	3	2	1	2
15	99991667	101019403	3	2	1	2
15	101019404	102531391	3	2	1	2
16	117927	120475	3	2	1	2
16	120476	2821058	2	1	1	2
16	2821059	2822207	2	1	1	1
16	2822208	4454890	2	1	1	2
16	4454891	4560867	3	2	1	1
16	4560868	11117893	2	1	1	2
16	11117894	18975066	1	1	0	3
16	18975067	19028952	2	1	1	2
16	19028953	21220795	2	1	1	3
16	21220796	21222277	2	1	1	1
16	21222278	21228808	2	1	1	3
16	21228809	25374664	2	1	1	3
16	25374665	25402796	3	2	1	2
16	25402797	25403001	3	2	1	2
16	25403002	25403603	3	2	1	1
16	25403604	25404041	3	2	1	1
16	25404042	25408719	4	3	1	2
16	25408720	25409320	4	3	1	2
16	25409321	25435698	4	3	1	2
16	25435699	25441850	2	1	1	2
16	25441851	25576624	4	3	1	2
16	25576625	25577179	4	3	1	1
16	25577180	25596218	4	3	1	2
16	25596219	25607306	4	3	1	3
16	25607307	25616639	4	3	1	2
16	25616640	26877402	2	1	1	3
16	26877403	26884953	3	2	1	1
16	26884954	26931664	4	3	1	3
16	26931665	26931878	4	3	1	2
16	26931879	26938730	4	3	1	3
16	26938731	26939218	4	3	1	2
16	26939219	26956310	4	3	1	2
16	26956311	27558855	3	2	1	2
16	27558856	27558904	3	2	1	2
16	27558905	27588681	3	2	1	2
16	27588682	27598381	2	1	1	2
16	27598382	27727413	3	2	1	2
16	27727414	27735570	4	3	1	2
16	27735571	28052010	3	2	1	2
16	28052011	28084792	3	2	1	2
16	28084793	29499200	3	2	1	2
16	29499201	31560796	2	1	1	2
16	31560797	32083682	2	1	1	2
16	32083683	32086797	2	1	1	2
16	32086798	32170858	3	2	1	2
16	32170859	33387451	3	2	1	2
16	33387452	34599999	3	2	1	2
16	34600000	38599999	3	2	1	2
16	38600000	46447499	3	2	1	2
16	46447500	46899784	2	1	1	3
16	46899785	72606374	2	1	1	3
16	72606375	72607220	2	1	1	3
16	72607221	75301326	2	1	1	3
16	75301327	75302217	2	1	1	3
16	75302218	85626844	2	1	1	3
16	85626845	85628445	2	1	1	3
16	85628446	85637208	2	1	1	2
16	85637209	85638500	2	1	1	2
16	85638501	88827200	2	1	1	3
16	88827201	90354752	2	1	1	2
17	12500	4636293	2	2	0	2
17	4636294	4637415	2	2	0	1
17	4637416	7582678	2	2	0	2
17	7582679	10017040	3	3	0	2
17	10017041	10055707	4	4	0	2
17	10055708	10055757	1	1	0	1
17	10055758	10057652	1	1	0	1
17	10057653	10057781	3	3	0	2
17	10057782	10322434	3	3	0	2
17	10322435	11030051	4	4	0	2
17	11030052	11032198	4	4	0	2
17	11032199	13393822	2	2	0	3
17	13393823	18775928	4	2	2	2
17	18775929	18776443	4	2	2	2
17	18776444	19293580	4	2	2	2
17	19293581	19708457	5	3	2	2
17	19708458	20451756	4	2	2	2
17	20451757	21294896	4	2	2	2
17	21294897	21299481	4	2	2	2
17	21299482	25799999	4	2	2	2
17	25800000	26125234	4	2	2	2
17	26125235	26130864	2	2	0	2
17	26130865	26289101	4	2	2	2
17	26289102	26351095	5	3	2	2
17	26351096	26770386	3	2	1	2
17	26770387	26795917	2	2	0	2
17	26795918	27234326	2	2	0	2
17	27234327	27595020	4	2	2	2
17	27595021	27979775	1	1	0	2
17	27979776	28493254	3	2	1	2
17	28493255	29570558	1	1	0	2
17	29570559	29683772	0	0	0	2
17	29683773	29767644	2	2	0	2
17	29767645	29962980	3	2	1	2
17	29962981	31319159	1	1	0	2
17	31319160	32554422	2	2	0	2
17	32554423	32557241	5	3	2	2
17	32557242	34904244	2	2	0	2
17	34904245	36075755	3	2	1	2
17	36075756	36104856	3	2	1	2
17	36104857	36945007	3	2	1	2
17	36945008	37859783	2	1	1	3
17	37859784	38064186	2	1	1	2
17	38064187	40521239	2	1	1	2
17	40521240	40999112	2	1	1	2
17	40999113	44159668	2	1	1	3
17	44159669	45206383	2	1	1	2
17	45206384	46444000	2	1	1	2
17	46444001	46540137	2	1	1	2
17	46540138	46547656	2	1	1	2
17	46547657	46548061	2	1	1	2
17	46548062	46986054	2	1	1	2
17	46986055	47002931	2	1	1	2
17	47002932	56461729	2	1	1	3
17	56461730	57301216	2	1	1	2
17	57301217	57806873	2	1	1	2
17	57806874	57924809	2	1	1	2
17	57924810	57991835	2	1	1	2
17	57991836	60741966	2	1	1	3
17	60741967	64401282	3	2	1	2
17	64401283	71298457	4	2	2	2
17	71298458	73582951	4	2	2	2
17	73582952	73585546	5	3	2	2
17	73585547	73621350	4	2	2	2
17	73621351	73641328	3	2	1	2
17	73641329	73653959	4	2	2	2
17	73653960	78774600	3	2	1	2
17	78774601	81195209	3	2	1	2
18	27500	125370	3	2	1	2
18	125371	1708116	3	2	1	2
18	1708117	5859928	3	2	1	2
18	5859929	14135173	4	3	1	2
18	14135174	15399999	4	3	1	2
18	15400000	18999999	NA	NA	NA	NA
18	19000000	58766572	2	1	1	3
18	58766573	58768130	2	1	1	2
18	58768131	58806639	2	1	1	2
18	58806640	58808557	2	1	1	2
18	58808558	61634440	2	1	1	2
18	61634441	61637373	2	1	1	2
18	61637374	61637725	1	1	0	2
18	61637726	61672068	1	1	0	2
18	61672069	71018904	2	1	1	3
18	71018905	72751019	2	1	1	3
18	72751020	76117000	1	1	0	3
18	76117001	78077247	1	1	0	3
19	108847	7474960	2	2	0	2
19	7474961	7608704	4	2	2	2
19	7608705	7611174	4	2	2	2
19	7611175	7624732	2	2	0	1
19	7624733	7770767	2	2	0	2
19	7770768	8169283	4	2	2	2
19	8169284	12716435	2	2	0	2
19	12716436	12724214	4	2	2	1
19	12724215	13611878	2	2	0	2
19	13611879	13614013	2	2	0	2
19	13614014	13614311	2	2	0	2
19	13614312	13616124	3	2	1	1
19	13616125	13686505	2	2	0	2
19	13686506	17283656	4	2	2	2
19	17283657	23015848	3	2	1	2
19	23015849	23028309	4	2	2	1
19	23028310	24157338	4	2	2	2
19	24157339	24161000	4	2	2	2
19	24161001	24161268	4	2	2	2
19	24161269	24167702	4	2	2	2
19	24167703	24270768	4	2	2	2
19	24270769	24399999	4	2	2	2
19	24400000	28599999	NA	NA	NA	NA
19	28600000	37313955	3	2	1	2
19	37313956	37570181	2	2	0	2
19	37570182	56638583	3	2	1	2
19	56638584	58419291	4	2	2	2
19	58419292	58735155	4	2	2	2
20	70404	15443148	1	1	0	2
20	15443149	15443195	1	1	0	2
20	15443196	25599999	2	2	0	2
20	25600000	29399999	2	2	0	2
20	29400000	62432500	2	2	0	2
21	1	10899999	NA	NA	NA	NA
21	10900000	15223231	2	1	1	2
21	15223232	46937500	2	1	1	2
21	46937501	48129894	1	1	0	2
22	1	12199999	4	3	1	1
22	12200000	17899999	NA	NA	NA	NA
22	17900000	18209351	4	3	1	2
22	18209352	18211244	3	2	1	1
22	18211245	19594928	3	2	1	2
22	19594929	19642713	4	2	2	2
22	19642714	21955631	3	2	1	2
22	21955632	22340487	3	2	1	2
22	22340488	22343298	4	2	2	2
22	22343299	30022234	4	2	2	2
22	30022235	41927041	4	2	2	2
22	41927042	41927624	4	2	2	2
22	41927625	42999161	4	2	2	2
22	42999162	49687500	3	2	1	2
22	49687501	51304565	3	2	1	2
X	441119	442064	1	1	0	2
X	442065	557664	1	1	0	2
X	557665	558026	1	1	0	2
X	558027	558042	1	1	0	2
X	558043	5413237	1	1	0	2
X	5413238	6363342	2	2	0	2
X	6363343	12339249	1	1	0	2
X	12339250	38960943	2	2	0	2
X	38960944	42754606	2	2	0	2
X	42754607	55728987	2	2	0	2
X	55728988	55763862	3	3	0	1
X	55763863	58099999	2	2	0	1
X	58100000	62999999	2	2	0	1
X	63000000	155202410	2	2	0	1
X	155202411	155203506	1	1	0	1
Y	1	11599999	1	1	0	1
Y	11600000	13399999	1	1	0	1
Y	13400000	14439937	1	1	0	1
Y	14439938	16734438	2	2	0	1
Y	16734439	17508878	2	2	0	1
Y	17508879	19088881	2	2	0	1
Y	19088882	19098670	1	1	0	1
Y	19098671	19194754	2	2	0	1
Y	19194755	21323067	1	1	0	1
Y	21323068	22693357	1	1	0	1
Y	22693358	22910191	1	1	0	1
Y	22910192	22914585	1	1	0	1
Y	22914586	22943539	1	1	0	1
Y	22943540	59373565	2	2	0	1
