chromosome	start	end	total_cn	major_cn	minor_cn	star
1	1	790008	4	2	2	2
1	790009	28696576	5	3	2	2
1	28696577	32262797	2	2	0	2
1	32262798	32289553	5	3	2	2
1	32289554	32320843	3	3	0	2
1	32320844	32321877	4	3	1	1
1	32321878	32403776	3	3	0	2
1	32403777	73328139	6	3	3	2
1	73328140	73461905	7	4	3	2
1	73461906	78046199	6	3	3	2
1	78046200	78258472	7	4	3	2
1	78258473	84517931	6	3	3	2
1	84517932	113960005	6	3	3	2
1	113960006	121499999	5	3	2	2
1	121500000	128899999	NA	NA	NA	NA
1	128900000	142546938	3	2	1	1
1	142546939	142761800	3	2	1	1
1	142761801	143663938	3	2	1	1
1	143663939	144889332	7	5	2	2
1	144889333	145117601	7	5	2	2
1	145117602	145210017	7	5	2	2
1	145210018	149722499	8	6	2	2
1	149722500	150025007	8	5	3	2
1	150025008	150515104	6	4	2	2
1	150515105	159551349	8	6	2	2
1	159551350	160306737	8	6	2	1
1	160306738	164770063	8	6	2	2
1	164770064	164812915	8	6	2	1
1	164812916	165287586	8	6	2	2
1	165287587	167419759	8	6	2	1
1	167419760	168127093	5	3	2	2
1	168127094	168138945	5	3	2	2
1	168138946	168195571	5	3	2	2
1	168195572	173873091	10	8	2	2
1	173873092	173882029	8	6	2	2
1	173882030	173882665	7	5	2	2
1	173882666	175915902	8	6	2	2
1	175915903	216346575	4	2	2	2
1	216346576	216650343	3	2	1	1
1	216650344	216939029	3	2	1	2
1	216939030	219913405	7	5	2	2
1	219913406	221681930	6	5	1	2
1	221681931	224748830	3	2	1	1
1	224748831	231685097	6	5	1	1
1	231685098	238876843	6	5	1	1
1	238876844	239205377	6	4	2	2
1	239205378	240384328	7	5	2	2
1	240384329	240384618	3	2	1	1
1	240384619	240385464	3	2	1	1
1	240385465	240385586	1	1	0	1
1	240385587	240410647	2	2	0	1
1	240410648	240413831	2	2	0	2
1	240413832	240878238	2	2	0	2
1	240878239	243277601	3	2	1	2
1	243277602	243380058	3	2	1	2
1	243380059	243981457	1	1	0	2
1	243981458	243981556	2	2	0	2
1	243981557	243986990	2	2	0	2
1	243986991	243987115	2	2	0	2
1	243987116	243987127	2	2	0	2
1	243987128	243987336	2	2	0	2
1	243987337	243987440	2	2	0	2
1	243987441	243988581	2	2	0	2
1	243988582	244034290	2	2	0	2
1	244034291	244035251	7	5	2	1
1	244035252	244035398	3	2	1	1
1	244035399	244035578	NA	NA	NA	NA
1	244035579	244068301	6	5	1	2
1	244068302	244068454	3	2	1	1
1	244068455	244069416	6	5	1	1
1	244069417	244142273	2	2	0	1
1	244142274	244233913	6	5	1	2
1	244233914	244489598	2	2	0	2
1	244489599	244535830	6	5	1	2
1	244535831	244535874	6	5	1	1
1	244535875	244599058	2	2	0	1
1	244599059	245563959	7	5	2	2
1	245563960	245564568	2	2	0	1
1	245564569	245564615	2	2	0	2
1	245564616	245564626	2	2	0	1
1	245564627	245814053	2	2	0	2
1	245814054	245906948	6	5	1	2
1	245906949	245915888	6	5	1	2
1	245915889	245940984	6	5	1	2
1	245940985	245989303	2	2	0	1
1	245989304	248591873	7	5	2	2
1	248591874	248690362	3	2	1	2
1	248690363	248690485	3	2	1	2
1	248690486	248714169	1	1	0	1
2	45043	24796809	4	2	2	2
2	24796810	55800553	4	2	2	2
2	55800554	55804454	4	2	2	2
2	55804455	71017649	4	2	2	2
2	71017650	71130855	4	2	2	2
2	71130856	90499999	4	2	2	2
2	90500000	96799999	4	2	2	2
2	96800000	242999968	4	2	2	2
3	12226	60595	4	3	1	1
3	60596	14661875	4	3	1	2
3	14661876	27675000	3	2	1	2
3	27675001	32220091	4	2	2	2
3	32220092	34348900	3	2	1	2
3	34348901	34349232	3	2	1	1
3	34349233	38032159	4	2	2	2
3	38032160	38160684	5	3	2	2
3	38160685	38664494	4	2	2	2
3	38664495	39361424	3	2	1	2
3	39361425	50062912	4	2	2	2
3	50062913	50065458	3	2	1	1
3	50065459	50076461	5	3	2	1
3	50076462	53260019	5	3	2	1
3	53260020	54117621	4	2	2	2
3	54117622	87899999	4	2	2	2
3	87900000	93899999	4	2	2	2
3	93900000	104305741	4	2	2	2
3	104305742	104351221	4	2	2	2
3	104351222	104365275	4	2	2	2
3	104365276	104420527	4	2	2	2
3	104420528	116250399	4	2	2	2
3	116250400	116268521	2	2	0	2
3	116268522	116851983	0	0	0	2
3	116851984	116854826	3	3	0	1
3	116854827	116855358	1	1	0	1
3	116855359	116857578	2	2	0	2
3	116857579	132020704	4	2	2	2
3	132020705	132022812	5	3	2	1
3	132022813	175142173	4	2	2	2
3	175142174	175276009	2	2	0	2
3	175276010	193404983	4	2	2	2
3	193404984	193872186	4	2	2	2
3	193872187	193873038	4	2	2	2
3	193873039	195630305	4	2	2	2
3	195630306	195632361	4	2	2	2
3	195632362	195633245	4	2	2	2
3	195633246	198022429	4	2	2	2
4	40024	60743	4	2	2	1
4	60744	8943725	5	3	2	2
4	8943726	13716402	4	2	2	2
4	13716403	17012909	4	2	2	2
4	17012910	17032431	4	2	2	2
4	17032432	24400932	4	2	2	2
4	24400933	48199999	4	2	2	2
4	48200000	52699999	4	2	2	2
4	52700000	191154275	4	2	2	2
5	22500	12294452	4	2	2	2
5	12294453	12295345	4	2	2	2
5	12295346	23291109	4	2	2	2
5	23291110	23487885	6	3	3	1
5	23487886	45290009	4	2	2	2
5	45290010	50699999	NA	NA	NA	NA
5	50700000	180662500	3	2	1	2
6	39681	226283	4	2	2	1
6	226284	57332500	4	2	2	2
6	57332501	58078401	2	2	0	2
6	58078402	63299999	2	2	0	2
6	63300000	113431930	2	2	0	2
6	113431931	170858332	2	2	0	2
7	40386	57999999	4	2	2	2
7	58000000	61699999	4	2	2	2
7	61700000	126150405	4	2	2	2
7	126150406	126190203	3	3	0	1
7	126190204	146204453	4	2	2	2
7	146204454	146332177	2	2	0	2
7	146332178	146332983	3	2	1	1
7	146332984	146333489	4	2	2	2
7	146333490	150042120	4	2	2	2
7	150042121	150160720	5	3	2	1
7	150160721	158821400	4	2	2	2
8	10001	180398	4	2	2	2
8	180399	28641627	4	2	2	2
8	28641628	28652715	3	2	1	1
8	28652716	43099999	4	2	2	2
8	43100000	48099999	4	2	2	2
8	48100000	146364021	4	2	2	2
9	47500	172098	4	2	2	1
9	172099	366280	8	6	2	2
9	366281	767789	10	9	1	1
9	767790	7635563	8	6	2	2
9	7635564	9193495	8	7	1	1
9	9193496	11925344	8	7	1	1
9	11925345	12385521	11	9	2	1
9	12385522	14638767	8	7	1	1
9	14638768	14878040	7	5	2	2
9	14878041	15188194	5	3	2	2
9	15188195	15325660	8	6	2	1
9	15325661	15394258	8	7	1	1
9	15394259	15394669	11	9	2	1
9	15394670	15399441	7	4	3	1
9	15399442	15403559	6	4	2	2
9	15403560	18777152	6	4	2	2
9	18777153	18777677	5	3	2	2
9	18777678	18798248	5	3	2	2
9	18798249	23361805	7	5	2	2
9	23361806	23517805	7	5	2	2
9	23517806	23537114	8	7	1	1
9	23537115	23602161	7	5	2	2
9	23602162	23602411	7	5	2	2
9	23602412	23704912	7	5	2	2
9	23704913	23965509	8	7	1	1
9	23965510	26210029	7	5	2	2
9	26210030	26392655	8	7	1	1
9	26392656	33808347	7	5	2	2
9	33808348	34150035	7	5	2	2
9	34150036	47299999	4	2	2	2
9	47300000	50699999	4	2	2	2
9	50700000	140273200	4	2	2	2
10	95662	37999999	3	2	1	2
10	38000000	42299999	NA	NA	NA	NA
10	42300000	59301597	4	2	2	2
10	59301598	59356597	4	2	2	1
10	59356598	98899899	4	2	2	2
10	98899900	99079124	4	2	2	2
10	99079125	135235689	4	2	2	2
10	135235690	135389304	4	2	2	2
11	20721	216737	4	2	2	2
11	216738	51599999	4	2	2	2
11	51600000	55699999	4	2	2	2
11	55700000	134452200	4	2	2	2
12	110107	33299999	4	2	2	2
12	33300000	38199999	4	2	2	2
12	38200000	53678405	4	2	2	2
12	53678406	53678579	4	2	2	2
12	53678580	58804799	4	2	2	2
12	58804800	58981674	5	3	2	1
12	58981675	132349400	4	2	2	2
12	132349401	133851894	4	2	2	2
13	1	16299999	NA	NA	NA	NA
13	16300000	19499999	5	3	2	2
13	19500000	44114028	5	3	2	2
13	44114029	47446150	3	3	0	2
13	47446151	47463728	0	0	0	2
13	47463729	48934557	2	2	0	2
13	48934558	49098196	3	2	1	1
13	49098197	57797078	3	3	0	2
13	57797079	64416137	3	3	0	2
13	64416138	64423310	2	2	0	1
13	64423311	64425279	2	2	0	1
13	64425280	64660671	3	3	0	2
13	64660672	65337815	2	2	0	1
13	65337816	76793719	2	2	0	2
13	76793720	83456942	4	2	2	2
13	83456943	83458360	4	3	1	1
13	83458361	84054069	4	2	2	2
13	84054070	84055186	4	2	2	2
13	84055187	86310012	4	2	2	2
13	86310013	86694403	3	2	1	2
13	86694404	87016920	5	3	2	2
13	87016921	114142800	5	3	2	2
13	114142801	115169877	5	3	2	2
14	1	16099999	NA	NA	NA	NA
14	16100000	19099999	4	3	1	1
14	19100000	86144432	4	2	2	2
14	86144433	86172483	5	3	2	2
14	86172484	86492652	5	3	2	2
14	86492653	99116218	4	2	2	2
14	99116219	99141030	5	3	2	1
14	99141031	106368400	4	2	2	2
15	1	15799999	NA	NA	NA	NA
15	15800000	20699999	4	2	2	2
15	20700000	74454687	4	2	2	2
15	74454688	75553103	6	4	2	2
15	75553104	77548196	4	2	2	2
15	77548197	80172773	6	4	2	2
15	80172774	80926614	4	2	2	2
15	80926615	82497881	5	3	2	2
15	82497882	85150151	6	4	2	2
15	85150152	85617093	4	2	2	2
15	85617094	90316823	6	4	2	2
15	90316824	94253207	6	4	2	1
15	94253208	100920661	6	4	2	2
15	100920662	101511612	6	5	1	1
15	101511613	102262743	7	5	2	2
15	102262744	102444095	6	5	1	1
16	90024	32520029	3	2	1	1
16	32520030	34599999	4	2	2	2
16	34600000	38599999	4	2	2	2
16	38600000	46447499	4	2	2	1
16	46447500	88827200	4	2	2	2
16	88827201	90354752	4	2	2	2
17	1665	5021569	5	3	2	2
17	5021570	5386132	3	3	0	2
17	5386133	5386182	2	2	0	2
17	5386183	7524331	2	2	0	2
17	7524332	7524353	2	2	0	1
17	7524354	7540324	2	2	0	2
17	7540325	7591870	2	2	0	2
17	7591871	7956620	2	2	0	2
17	7956621	7960158	2	2	0	2
17	7960159	7960408	2	2	0	2
17	7960409	7989869	2	2	0	2
17	7989870	8000502	2	2	0	2
17	8000503	8020187	2	1	1	1
17	8020188	16662499	2	2	0	2
17	16662500	16757237	2	2	0	1
17	16757238	22199999	2	2	0	2
17	22200000	25799999	2	2	0	2
17	25800000	29537593	2	2	0	2
17	29537594	29586860	1	1	0	1
17	29586861	41341980	2	2	0	2
17	41341981	58832809	4	2	2	2
17	58832810	61713584	4	2	2	2
17	61713585	61713635	4	2	2	1
17	61713636	62828655	5	3	2	2
17	62828656	63106548	5	3	2	2
17	63106549	63106593	3	2	1	1
17	63106594	63178410	4	2	2	2
17	63178411	63663287	4	2	2	2
17	63663288	64101989	2	2	0	2
17	64101990	73860054	4	2	2	2
17	73860055	73951076	5	3	2	1
17	73951077	78774600	4	2	2	2
17	78774601	81195209	4	2	2	2
18	10626	15399999	6	4	2	2
18	15400000	18999999	NA	NA	NA	NA
18	19000000	34376396	4	2	2	2
18	34376397	34911692	3	2	1	2
18	34911693	37221350	4	2	2	2
18	37221351	76780000	3	2	1	2
18	76780001	77601181	2	2	0	2
18	77601182	77665423	2	2	0	2
19	102500	255095	3	2	1	2
19	255096	24182463	3	2	1	2
19	24182464	28599999	NA	NA	NA	NA
19	28600000	38970282	4	2	2	2
19	38970283	39023031	5	3	2	2
19	39023032	39038779	4	2	2	2
19	39038780	39083154	4	2	2	2
19	39083155	59128982	4	2	2	2
20	17500	25599999	4	2	2	2
20	25600000	29512499	4	2	2	2
20	29512500	49611237	4	2	2	2
20	49611238	49980641	4	2	2	2
20	49980642	62432500	4	2	2	2
21	1	9417499	NA	NA	NA	NA
21	9417500	10899999	NA	NA	NA	NA
21	10900000	14299999	4	2	2	2
21	14300000	25493176	4	2	2	2
21	25493177	25551340	3	2	1	2
21	25551341	37905081	4	2	2	2
21	37905082	37905227	4	2	2	2
21	37905228	38372288	4	2	2	2
21	38372289	38530458	8	7	1	1
21	38530459	38596931	3	2	1	1
21	38596932	38643631	8	7	1	2
21	38643632	39104933	3	2	1	2
21	39104934	39225133	3	2	1	2
21	39225134	39293044	8	7	1	1
21	39293045	39330686	5	3	2	1
21	39330687	39502698	8	7	1	1
21	39502699	40867766	8	7	1	2
21	40867767	41013413	6	5	1	2
21	41013414	41098738	7	6	1	2
21	41098739	42529402	6	5	1	2
21	42529403	43395594	8	7	1	2
21	43395595	47958759	7	6	1	2
22	1	12199999	NA	NA	NA	NA
22	12200000	17899999	4	2	2	2
22	17900000	49687500	4	2	2	2
22	49687501	51304565	4	2	2	2
X	1	20752866	4	2	2	2
X	20752867	20754622	5	3	2	1
X	20754623	58099999	4	2	2	2
X	58100000	62999999	4	2	2	1
X	63000000	65557684	4	2	2	2
X	65557685	65602663	6	4	2	1
X	65602664	76629593	4	2	2	2
X	76629594	76633364	2	1	1	2
X	76633365	76633464	2	1	1	2
X	76633465	76636108	2	1	1	2
X	76636109	76636153	2	1	1	2
X	76636154	77127652	2	2	0	2
X	77127653	86758792	4	2	2	2
X	86758793	86798372	5	3	2	2
X	86798373	92379999	2	1	1	2
X	92380000	96259858	4	2	2	1
X	96259859	108197499	5	3	2	1
X	108197500	112023231	5	3	2	1
X	112023232	112172751	4	3	1	2
X	112172752	112183587	2	1	1	2
X	112183588	112195029	2	1	1	2
X	112195030	112720846	2	1	1	2
X	112720847	112768544	6	3	3	2
X	112768545	116217787	5	3	2	1
X	116217788	116227226	NA	NA	NA	NA
X	116227227	119578817	3	2	1	2
X	119578818	119840046	4	3	1	2
X	119840047	154913600	3	2	1	2
