chromosome	start	end	total_cn	major_cn	minor_cn	star
1	1	793404	3	2	1	2
1	793405	72047448	3	2	1	3
1	72047449	72099123	2	1	1	2
1	72099124	73163209	3	2	1	3
1	73163210	83761534	3	2	1	3
1	83761535	84505098	2	1	1	3
1	84505099	84509667	3	2	1	2
1	84509668	94605078	2	1	1	3
1	94605079	98544728	3	2	1	3
1	98544729	98677117	3	2	1	2
1	98677118	103633380	3	2	1	3
1	103633381	103715087	5	3	2	2
1	103715088	103756881	4	2	2	2
1	103756882	107184724	3	2	1	3
1	107184725	108494830	2	1	1	3
1	108494831	111799888	3	2	1	3
1	111799889	121350938	2	1	1	3
1	121350939	128899999	NA	NA	NA	NA
1	128900000	145129865	3	2	1	2
1	145129866	146540100	4	2	2	2
1	146540101	146691687	5	3	2	2
1	146691688	146773283	4	2	2	2
1	146773284	146867152	5	3	2	2
1	146867153	149815059	4	2	2	2
1	149815060	152339997	5	3	2	2
1	152339998	152375890	5	3	2	2
1	152375891	152500616	4	2	2	2
1	152500617	157457503	5	3	2	2
1	157457504	157457839	5	3	2	2
1	157457840	157459693	5	3	2	2
1	157459694	159989974	4	2	2	2
1	159989975	164538312	5	3	2	2
1	164538313	164615455	4	2	2	2
1	164615456	164709304	5	3	2	2
1	164709305	164991081	4	2	2	2
1	164991082	165172789	4	2	2	2
1	165172790	165176269	5	3	2	2
1	165176270	166424504	5	3	2	2
1	166424505	166719199	4	2	2	2
1	166719200	170839941	3	2	1	2
1	170839942	171076305	4	2	2	2
1	171076306	172764951	5	3	2	2
1	172764952	172850524	4	2	2	2
1	172850525	175465607	5	3	2	2
1	175465608	175683568	4	2	2	2
1	175683569	175793171	5	3	2	2
1	175793172	176227601	4	2	2	2
1	176227602	176534346	3	2	1	2
1	176534347	177296181	4	2	2	2
1	177296182	178037201	4	2	2	2
1	178037202	181701939	5	3	2	2
1	181701940	182133617	4	2	2	2
1	182133618	182249582	5	3	2	2
1	182249583	182292839	4	2	2	2
1	182292840	182612639	5	3	2	2
1	182612640	182789791	4	2	2	2
1	182789792	183266159	4	2	2	2
1	183266160	185382312	3	2	1	2
1	185382313	185771698	4	2	2	2
1	185771699	185821698	4	2	2	2
1	185821699	186609987	4	2	2	2
1	186609988	187147666	3	2	1	2
1	187147667	187948694	3	2	1	2
1	187948695	188823310	4	2	2	2
1	188823311	189014215	4	2	2	2
1	189014216	189024298	5	3	2	2
1	189024299	189155193	4	2	2	2
1	189155194	195646880	3	2	1	2
1	195646881	197430381	4	2	2	2
1	197430382	197446495	5	3	2	2
1	197446496	197740452	4	2	2	2
1	197740453	199652109	5	3	2	2
1	199652110	199904060	4	2	2	2
1	199904061	200034251	4	2	2	2
1	200034252	200052064	4	2	2	2
1	200052065	200310690	4	2	2	2
1	200310691	207559513	5	3	2	2
1	207559514	207857186	4	2	2	2
1	207857187	207964402	5	3	2	2
1	207964403	208210005	4	2	2	2
1	208210006	208327689	3	2	1	2
1	208327690	210459546	4	2	2	2
1	210459547	210499455	5	3	2	2
1	210499456	211589953	4	2	2	2
1	211589954	215112629	5	3	2	2
1	215112630	215259040	5	3	2	2
1	215259041	215841696	4	2	2	2
1	215841697	218825730	4	2	2	2
1	218825731	218933786	5	3	2	2
1	218933787	218949034	4	2	2	2
1	218949035	218999034	4	2	2	2
1	218999035	219083467	3	2	1	2
1	219083468	219129542	4	2	2	2
1	219129543	219159035	4	2	2	2
1	219159036	219412474	4	2	2	2
1	219412475	219441058	5	3	2	2
1	219441059	220258248	4	2	2	2
1	220258249	220804801	3	2	1	2
1	220804802	221079896	4	2	2	2
1	221079897	221422404	3	2	1	2
1	221422405	221525388	4	2	2	2
1	221525389	221617111	5	3	2	2
1	221617112	230076788	4	2	2	2
1	230076789	231552862	4	2	2	2
1	231552863	231599995	4	2	2	1
1	231599996	232004696	4	2	2	2
1	232004697	232005351	4	2	2	2
1	232005352	236430140	4	2	2	2
1	236430141	236494014	3	2	1	2
1	236494015	236600190	4	2	2	2
1	236600191	236652590	5	3	2	2
1	236652591	240259851	4	2	2	2
1	240259852	240889393	2	2	0	3
1	240889394	241819408	4	2	2	2
1	241819409	241913026	5	3	2	2
1	241913027	244232172	4	2	2	2
1	244232173	244254521	5	3	2	2
1	244254522	244568039	4	2	2	2
1	244568040	246049862	4	2	2	2
1	246049863	246458089	5	3	2	2
1	246458090	247147348	4	2	2	2
1	247147349	247284919	3	2	1	2
1	247284920	247647524	4	2	2	2
1	247647525	247869799	2	2	0	2
1	247869800	247871141	2	2	0	1
1	247871142	247872581	2	2	0	1
1	247872582	249085990	4	2	2	2
1	249085991	249090421	4	2	2	2
2	20016	4339642	3	2	1	2
2	4339643	6747237	4	2	2	2
2	6747238	18912846	4	2	2	2
2	18912847	19905727	5	3	2	2
2	19905728	21540825	4	2	2	2
2	21540826	21681937	3	2	1	3
2	21681938	31433770	4	2	2	2
2	31433771	33384140	5	3	2	2
2	33384141	35236610	4	2	2	2
2	35236611	36865477	5	3	2	2
2	36865478	38328334	4	2	2	2
2	38328335	44449855	5	3	2	2
2	44449856	50172400	4	2	2	2
2	50172401	50208499	3	2	1	3
2	50208500	50955490	4	2	2	2
2	50955491	53367497	5	3	2	2
2	53367498	55114466	4	2	2	2
2	55114467	58784125	3	2	1	2
2	58784126	60470283	4	2	2	2
2	60470284	60754037	4	2	2	2
2	60754038	60972175	3	2	1	2
2	60972176	62586518	3	2	1	2
2	62586519	65657548	4	2	2	2
2	65657549	65677132	4	2	2	2
2	65677133	67836562	4	2	2	2
2	67836563	74494745	3	2	1	2
2	74494746	83276902	4	2	2	2
2	83276903	83328777	4	2	2	2
2	83328778	84633642	4	2	2	2
2	84633643	90499999	3	2	1	2
2	90500000	96799999	NA	NA	NA	NA
2	96800000	124061724	4	2	2	2
2	124061725	124090038	6	3	3	1
2	124090039	141837202	4	2	2	2
2	141837203	141963858	3	2	1	2
2	141963859	142131814	2	1	1	2
2	142131815	142142499	4	2	2	2
2	142142500	185126571	4	2	2	2
2	185126572	186982069	4	2	2	2
2	186982070	187072084	4	2	2	2
2	187072085	237784953	4	2	2	2
2	237784954	237787040	4	2	2	1
2	237787041	237788175	4	2	2	2
2	237788176	237789227	3	2	1	2
2	237789228	237949278	3	2	1	2
2	237949279	237949618	4	2	2	2
2	237949619	242985493	4	2	2	2
3	62614	74056018	2	2	0	3
3	74056019	75600638	1	1	0	3
3	75600639	76124817	1	1	0	3
3	76124818	76145058	1	1	0	3
3	76145059	76870025	2	2	0	3
3	76870026	78199278	2	2	0	3
3	78199279	78273248	3	2	1	3
3	78273249	83413644	2	2	0	3
3	83413645	83547206	3	2	1	3
3	83547207	84081584	2	2	0	3
3	84081585	84086825	3	2	1	2
3	84086826	84099388	2	2	0	2
3	84099389	84808818	3	2	1	2
3	84808819	86119104	2	2	0	3
3	86119105	86119332	2	2	0	1
3	86119333	86119582	2	2	0	1
3	86119583	86139952	2	2	0	2
3	86139953	87899999	2	2	0	3
3	87900000	93899999	2	2	0	2
3	93900000	116500227	2	2	0	3
3	116500228	116540908	1	1	0	2
3	116540909	117202573	0	0	0	2
3	117202574	117310126	1	1	0	2
3	117310127	117312045	2	2	0	2
3	117312046	117312545	2	2	0	1
3	117312546	129757916	2	2	0	3
3	129757917	162489965	2	2	0	3
3	162489966	191385208	2	2	0	3
3	191385209	191472098	1	1	0	3
3	191472099	198022429	2	2	0	3
4	50084	48199999	4	2	2	2
4	48200000	52699999	NA	NA	NA	NA
4	52700000	69373001	4	3	1	2
4	69373002	131942602	4	3	1	2
4	131942603	132307500	3	2	1	2
4	132307501	133124871	4	3	1	2
4	133124872	133390523	3	2	1	3
4	133390524	161339383	4	3	1	2
4	161339384	164457447	3	2	1	2
4	164457448	165030057	3	2	1	2
4	165030058	173888987	4	2	2	2
4	173888988	182065831	5	3	2	2
4	182065832	182105468	4	3	1	2
4	182105469	182397207	3	2	1	2
4	182397208	182577587	4	2	2	2
4	182577588	182690545	5	3	2	2
4	182690546	182691352	5	3	2	2
4	182691353	184187123	5	3	2	2
4	184187124	184738282	3	2	1	2
4	184738283	190987500	5	3	2	2
5	40199	8251062	4	2	2	2
5	8251063	8310142	2	2	0	2
5	8310143	30379320	4	2	2	2
5	30379321	30412868	3	2	1	2
5	30412869	45904201	4	2	2	2
5	45904202	45934001	6	3	3	1
5	45934002	46099999	8	4	4	1
5	46100000	50699999	NA	NA	NA	NA
5	50700000	98568001	2	2	0	2
5	98568002	100713602	2	2	0	2
5	100713603	180380201	2	2	0	2
5	180380202	180385001	2	2	0	2
5	180385002	180620053	2	2	0	3
5	180620054	180662500	4	2	2	1
6	242501	57314201	4	2	2	2
6	57314202	57340008	2	2	0	2
6	57340009	58037201	2	2	0	2
6	58037202	58137801	2	2	0	2
6	58137802	63299999	2	2	0	2
6	63300000	67004183	2	2	0	2
6	67004184	124267001	2	2	0	2
6	124267002	124356252	0	0	0	2
6	124356253	170899800	2	2	0	2
7	40386	6875214	4	2	2	2
7	6875215	8575177	4	2	2	2
7	8575178	11789943	4	2	2	2
7	11789944	11906322	4	2	2	2
7	11906323	16002555	3	2	1	2
7	16002556	16795637	2	2	0	2
7	16795638	16845496	2	2	0	2
7	16845497	42194047	3	2	1	2
7	42194048	42291878	3	2	1	2
7	42291879	57949987	3	2	1	2
7	57949988	57999999	6	4	2	1
7	58000000	61859201	NA	NA	NA	NA
7	61859202	62317351	6	4	2	1
7	62317352	62429962	6	4	2	1
7	62429963	62458002	5	3	2	1
7	62458003	72088910	3	2	1	2
7	72088911	131864359	4	2	2	2
7	131864360	132202216	3	2	1	3
7	132202217	141603949	4	2	2	2
7	141603950	141666757	3	2	1	2
7	141666758	146513175	4	2	2	2
7	146513176	146850208	3	2	1	2
7	146850209	152122499	4	2	2	2
7	152122500	152125314	4	2	2	2
7	152125315	158821400	4	2	2	2
8	10001	165404	4	2	2	2
8	165405	40814436	4	2	2	2
8	40814437	43099999	4	2	2	2
8	43100000	48099999	4	2	2	2
8	48100000	82926664	4	2	2	2
8	82926665	82944775	4	2	2	2
8	82944776	84950722	4	2	2	2
8	84950723	85895005	4	2	2	2
8	85895006	86547350	5	3	2	2
8	86547351	90045433	6	4	2	2
8	90045434	90874478	5	3	2	2
8	90874479	92839921	4	2	2	2
8	92839922	93983818	5	3	2	2
8	93983819	94397659	6	4	2	2
8	94397660	112831802	5	3	2	2
8	112831803	118627601	5	3	2	2
8	118627602	121801781	5	3	2	2
8	121801782	123010426	4	2	2	2
8	123010427	123010715	4	2	2	1
8	123010716	123316450	5	3	2	2
8	123316451	123373314	5	3	2	2
8	123373315	123892140	5	3	2	2
8	123892141	124163729	5	3	2	2
8	124163730	124230154	4	2	2	2
8	124230155	124230180	4	2	2	2
8	124230181	124230217	4	2	2	2
8	124230218	124230610	4	2	2	2
8	124230611	124230651	4	2	2	2
8	124230652	124240962	4	2	2	2
8	124240963	125193123	4	2	2	2
8	125193124	129157156	5	3	2	2
8	129157157	129157314	5	3	2	2
8	129157315	130716348	5	3	2	2
8	130716349	131987765	4	2	2	2
8	131987766	132010436	5	3	2	2
8	132010437	132010921	5	3	2	2
8	132010922	132017816	5	3	2	2
8	132017817	132017876	4	2	2	2
8	132017877	132024667	4	2	2	2
8	132024668	134076195	5	3	2	2
8	134076196	139369192	4	2	2	2
8	139369193	139371516	4	2	2	2
8	139371517	143667999	4	2	2	2
8	143668000	146364021	3	2	1	2
9	10001	202003	2	2	0	2
9	202004	44390201	2	2	0	2
9	44390202	47299999	2	2	0	2
9	47300000	50699999	2	2	0	2
9	50700000	65845319	2	2	0	2
9	65845320	120976085	2	2	0	2
9	120976086	120996688	1	1	0	2
9	120996689	120999193	2	2	0	1
9	120999194	121001182	2	2	0	2
9	121001183	140273200	2	2	0	3
9	140273201	141049150	2	2	0	2
10	143226	37999999	2	2	0	2
10	38000000	42451332	2	2	0	2
10	42451333	42489601	2	2	0	2
10	42489602	42556684	2	2	0	2
10	42556685	47092500	2	2	0	3
10	47092501	135389304	2	2	0	3
11	20721	203234	3	2	1	2
11	203235	48682801	3	2	1	2
11	48682802	50354400	3	2	1	2
11	50354401	50642703	3	2	1	2
11	50642704	51554317	4	2	2	2
11	51554318	55699999	4	2	2	2
11	55700000	79281513	4	2	2	2
11	79281514	79638860	3	2	1	2
11	79638861	79945220	4	2	2	2
11	79945221	79945516	4	2	2	2
11	79945517	80086005	3	2	1	2
11	80086006	80418153	2	2	0	2
11	80418154	80584627	3	2	1	2
11	80584628	80584841	4	2	2	2
11	80584842	80623107	4	2	2	2
11	80623108	80713364	3	2	1	2
11	80713365	82089996	4	2	2	2
11	82089997	84112291	4	2	2	2
11	84112292	84672500	4	2	2	2
11	84672501	134452200	4	2	2	2
12	110107	2029719	2	2	0	2
12	2029720	2038698	2	2	0	1
12	2038699	20910577	2	2	0	2
12	20910578	26708684	2	2	0	2
12	26708685	29112604	3	2	1	2
12	29112605	29118268	2	2	0	2
12	29118269	33299999	2	2	0	2
12	33300000	38199999	NA	NA	NA	NA
12	38200000	38419180	1	1	0	2
12	38419181	40155557	1	1	0	3
12	40155558	132349400	2	1	1	3
12	132349401	133851894	2	1	1	2
13	1	16299999	2	2	0	1
13	16300000	19499999	2	2	0	3
13	19500000	53100601	2	2	0	3
13	53100602	89109508	2	2	0	3
13	89109509	89116844	2	2	0	2
13	89116845	92118175	2	2	0	3
13	92118176	92157780	0	0	0	2
13	92157781	104966970	2	2	0	3
13	104966971	109526405	4	4	0	2
13	109526406	110845514	3	3	0	2
13	110845515	110878608	4	4	0	2
13	110878609	110879879	4	4	0	2
13	110879880	114142800	4	4	0	2
13	114142801	115169877	4	4	0	2
14	1	16099999	2	1	1	1
14	16100000	19099999	2	1	1	2
14	19100000	19190524	2	1	1	2
14	19190525	37898409	2	1	1	3
14	37898410	38158051	3	2	1	2
14	38158052	106368400	2	1	1	3
15	1	15799999	2	1	1	1
15	15800000	20699999	2	1	1	2
15	20700000	23650073	2	1	1	2
15	23650074	23651496	2	1	1	2
15	23651497	25500515	2	1	1	3
15	25500516	25502739	2	1	1	2
15	25502740	25766004	2	1	1	2
15	25766005	25953332	2	1	1	3
15	25953333	25957088	2	1	1	2
15	25957089	26053420	4	3	1	3
15	26053421	33299267	2	1	1	3
15	33299268	33302373	2	1	1	2
15	33302374	33333134	2	1	1	2
15	33333135	33333260	2	1	1	2
15	33333261	33333307	2	1	1	2
15	33333308	33333323	2	1	1	2
15	33333324	34139993	2	1	1	3
15	34139994	34143112	2	1	1	2
15	34143113	35657866	2	1	1	3
15	35657867	35667823	2	1	1	2
15	35667824	47473368	2	1	1	3
15	47473369	47473603	2	1	1	2
15	47473604	47474919	2	1	1	2
15	47474920	47475112	2	1	1	2
15	47475113	47485058	2	1	1	2
15	47485059	47631473	4	3	1	3
15	47631474	47891535	2	1	1	2
15	47891536	47891622	2	1	1	2
15	47891623	47982335	2	1	1	2
15	47982336	48283000	6	5	1	2
15	48283001	48320222	2	1	1	2
15	48320223	48320481	2	1	1	2
15	48320482	50444053	2	1	1	3
15	50444054	50447900	2	1	1	1
15	50447901	64165827	2	1	1	3
15	64165828	64407268	1	1	0	3
15	64407269	66366518	2	1	1	3
15	66366519	66369610	2	1	1	1
15	66369611	66369835	6	5	1	1
15	66369836	66370005	6	5	1	1
15	66370006	66597569	6	5	1	3
15	66597570	68325383	2	1	1	3
15	68325384	68406248	4	3	1	2
15	68406249	69945457	5	4	1	3
15	69945458	70056773	7	6	1	2
15	70056774	71042716	3	2	1	3
15	71042717	71500020	4	3	1	3
15	71500021	71634916	6	5	1	2
15	71634917	71819256	8	7	1	2
15	71819257	71849978	11	10	1	1
15	71849979	71864456	9	8	1	1
15	71864457	71917041	8	7	1	1
15	71917042	71917129	8	7	1	1
15	71917130	71917150	8	7	1	1
15	71917151	71917717	8	7	1	1
15	71917718	72190423	4	3	1	3
15	72190424	72192468	4	3	1	2
15	72192469	93376639	2	1	1	3
15	93376640	93398616	3	2	1	2
15	93398617	94191506	2	1	1	2
15	94191507	94306438	3	2	1	3
15	94306439	94470769	2	1	1	2
15	94470770	94489873	2	1	1	2
15	94489874	94689554	2	1	1	3
15	94689555	94752439	3	2	1	2
15	94752440	94918434	2	1	1	2
15	94918435	98372534	3	2	1	3
15	98372535	101226775	5	4	1	3
15	101226776	101228660	1	1	0	2
15	101228661	101446269	1	1	0	2
15	101446270	102397372	2	1	1	2
16	84870	6009858	2	1	1	3
16	6009859	6380166	3	2	1	2
16	6380167	6414297	4	3	1	2
16	6414298	6487038	3	2	1	3
16	6487039	32539801	2	1	1	3
16	32539802	33873800	2	1	1	2
16	33873801	34599999	2	1	1	2
16	34600000	38599999	NA	NA	NA	NA
16	38600000	46409200	3	2	1	2
16	46409201	72948674	3	2	1	2
16	72948675	72998590	3	2	1	2
16	72998591	78756736	3	2	1	2
16	78756737	79062622	2	1	1	3
16	79062623	79124050	1	1	0	2
16	79124051	79162251	2	1	1	2
16	79162252	88827200	3	2	1	2
16	88827201	90354752	3	2	1	2
17	1880	12729456	2	2	0	3
17	12729457	16499035	17	15	2	1
17	16499036	16602500	22	20	2	1
17	16602501	16750152	26	14	12	1
17	16750153	17177185	24	22	2	1
17	17177186	18352202	22	20	2	1
17	18352203	19555646	21	19	2	1
17	19555647	19555752	21	19	2	1
17	19555753	19582361	20	18	2	1
17	19582362	19631139	18	18	0	1
17	19631140	19970752	20	18	2	1
17	19970753	20055784	5	3	2	2
17	20055785	20357279	21	19	2	1
17	20357280	20554297	22	20	2	1
17	20554298	21082359	29	27	2	1
17	21082360	21294154	27	25	2	1
17	21294155	21344153	16	14	2	1
17	21344154	21350222	16	14	2	1
17	21350223	21391275	16	14	2	1
17	21391276	21527402	16	14	2	1
17	21527403	22199999	16	14	2	1
17	22200000	25799999	NA	NA	NA	NA
17	25800000	34438339	2	2	0	3
17	34438340	34756487	2	2	0	2
17	34756488	36337500	2	2	0	3
17	36337501	44164802	2	2	0	3
17	44164803	44369201	3	3	0	1
17	44369202	44605602	2	2	0	2
17	44605603	78774600	2	2	0	2
17	78774601	81195209	2	2	0	2
18	27500	2176068	2	2	0	2
18	2176069	2408556	3	2	1	3
18	2408557	2593110	2	2	0	3
18	2593111	2636201	3	2	1	3
18	2636202	4058752	2	2	0	3
18	4058753	4116072	2	2	0	1
18	4116073	5990546	2	2	0	3
18	5990547	6422976	3	2	1	3
18	6422977	6423927	3	2	1	2
18	6423928	6434142	5	3	2	2
18	6434143	6628599	4	2	2	3
18	6628600	7065276	3	2	1	3
18	7065277	7072963	2	2	0	2
18	7072964	7100044	3	2	1	2
18	7100045	9349674	2	2	0	3
18	9349675	9350630	2	2	0	2
18	9350631	9351956	2	2	0	2
18	9351957	9360816	2	2	0	2
18	9360817	13550709	2	2	0	3
18	13550710	13628973	3	2	1	3
18	13628974	13884410	2	2	0	3
18	13884411	13888445	3	2	1	2
18	13888446	13907975	3	2	1	3
18	13907976	13923206	2	2	0	2
18	13923207	14553633	3	2	1	3
18	14553634	15087803	3	2	1	2
18	15087804	15087907	3	2	1	2
18	15087908	15091307	2	2	0	1
18	15091308	15157858	2	2	0	2
18	15157859	18999999	2	2	0	3
18	19000000	76117000	2	2	0	3
18	76117001	78077247	2	2	0	2
19	108847	775018	3	2	1	2
19	775019	2085346	2	1	1	2
19	2085347	2525484	4	3	1	2
19	2525485	2531374	5	3	2	2
19	2531375	2553854	5	3	2	2
19	2553855	2679076	5	3	2	2
19	2679077	2970947	5	4	1	2
19	2970948	3910681	4	3	1	2
19	3910682	4495381	5	4	1	2
19	4495382	4501247	6	5	1	2
19	4501248	5932175	5	4	1	2
19	5932176	6707697	4	3	1	2
19	6707698	7062470	6	5	1	2
19	7062471	7105976	44	42	2	1
19	7105977	7253801	28	26	2	1
19	7253802	7443698	33	31	2	1
19	7443699	7551016	31	29	2	1
19	7551017	8452044	6	5	1	2
19	8452045	8685270	5	3	2	2
19	8685271	8767505	5	3	2	2
19	8767506	9161378	4	3	1	2
19	9161379	9166834	5	3	2	2
19	9166835	9698047	4	3	1	2
19	9698048	11017231	3	2	1	2
19	11017232	11070955	3	2	1	2
19	11070956	12633000	3	2	1	2
19	12633001	13058295	3	2	1	2
19	13058296	13108372	44	43	1	1
19	13108373	13128028	44	43	1	1
19	13128029	13128083	44	43	1	1
19	13128084	13134370	44	43	1	1
19	13134371	13134919	44	43	1	1
19	13134920	13135158	44	43	1	1
19	13135159	13135272	44	43	1	1
19	13135273	13137107	44	43	1	1
19	13137108	13137858	44	43	1	1
19	13137859	13142813	44	43	1	1
19	13142814	13143103	44	43	1	1
19	13143104	13144111	44	43	1	1
19	13144112	13144163	44	43	1	1
19	13144164	13144823	44	43	1	1
19	13144824	13145157	44	43	1	1
19	13145158	13148313	44	43	1	1
19	13148314	13148367	44	43	1	1
19	13148368	13148472	44	43	1	1
19	13148473	13148898	44	43	1	1
19	13148899	13149698	44	43	1	1
19	13149699	13149852	44	43	1	1
19	13149853	13155724	44	43	1	1
19	13155725	13157702	36	35	1	1
19	13157703	13181439	36	35	1	1
19	13181440	13228303	22	20	2	1
19	13228304	13598724	5	3	2	2
19	13598725	13636289	4	3	1	2
19	13636290	14453552	4	3	1	2
19	14453553	14925661	5	4	1	2
19	14925662	14987426	5	3	2	2
19	14987427	14991301	4	3	1	2
19	14991302	14991392	5	3	2	2
19	14991393	14991481	5	3	2	2
19	14991482	14991570	5	3	2	2
19	14991571	14992053	5	3	2	2
19	14992054	14992112	5	3	2	2
19	14992113	15256527	5	3	2	2
19	15256528	15851770	5	4	1	2
19	15851771	15894967	5	3	2	2
19	15894968	16311629	3	2	1	2
19	16311630	16467326	4	3	1	2
19	16467327	16467728	5	3	2	1
19	16467729	16470962	4	3	1	2
19	16470963	16471610	5	3	2	1
19	16471611	16471874	5	3	2	1
19	16471875	16578433	5	3	2	2
19	16578434	16595542	3	2	1	2
19	16595543	16601891	3	2	1	2
19	16601892	16606480	3	2	1	2
19	16606481	18075141	3	2	1	2
19	18075142	18439675	4	3	1	2
19	18439676	18878814	4	2	2	2
19	18878815	18889849	5	3	2	1
19	18889850	18891340	1	1	0	1
19	18891341	18891599	NA	NA	NA	NA
19	18891600	18993437	6	4	2	2
19	18993438	19016014	5	4	1	2
19	19016015	19022681	11	8	3	1
19	19022682	19055603	11	8	3	1
19	19055604	19701792	4	2	2	2
19	19701793	19706041	4	2	2	1
19	19706042	19853335	4	3	1	2
19	19853336	20738672	5	3	2	2
19	20738673	20800952	4	3	1	2
19	20800953	20811284	4	3	1	2
19	20811285	20957163	5	4	1	2
19	20957164	20963110	5	4	1	2
19	20963111	21192459	7	6	1	2
19	21192460	21484842	7	5	2	2
19	21484843	21534841	7	5	2	2
19	21534842	21539736	4	2	2	2
19	21539737	21613159	6	5	1	2
19	21613160	21618860	5	3	2	1
19	21618861	21618871	5	3	2	1
19	21618872	21621308	5	3	2	1
19	21621309	22534498	4	3	1	2
19	22534499	22534832	5	3	2	2
19	22534833	22928446	5	4	1	2
19	22928447	23452406	4	3	1	2
19	23452407	23776032	2	1	1	2
19	23776033	23820246	8	7	1	2
19	23820247	24342499	2	1	1	2
19	24342500	24399999	4	2	2	1
19	24400000	28599999	NA	NA	NA	NA
19	28600000	29632321	5	3	2	2
19	29632322	29791225	5	4	1	2
19	29791226	29792535	6	4	2	1
19	29792536	29894119	15	13	2	2
19	29894120	30070591	15	14	1	2
19	30070592	30120037	15	14	1	2
19	30120038	30125512	9	7	2	1
19	30125513	30174673	15	14	1	2
19	30174674	30346943	15	13	2	2
19	30346944	30350871	14	12	2	1
19	30350872	31129868	3	2	1	2
19	31129869	31363153	16	14	2	1
19	31363154	31363208	24	22	2	2
19	31363209	31379598	24	22	2	2
19	31379599	31405135	24	22	2	2
19	31405136	31598147	24	22	2	2
19	31598148	31607042	24	22	2	2
19	31607043	31896219	16	14	2	1
19	31896220	31920406	24	22	2	2
19	31920407	31966082	12	11	1	2
19	31966083	32003869	20	18	2	2
19	32003870	32034941	20	18	2	2
19	32034942	32109975	20	18	2	2
19	32109976	32125868	13	11	2	1
19	32125869	32334799	3	2	1	2
19	32334800	32487616	20	18	2	2
19	32487617	32519637	12	10	2	1
19	32519638	32521871	20	18	2	2
19	32521872	32526727	20	18	2	2
19	32526728	32686940	3	2	1	2
19	32686941	32893076	3	2	1	2
19	32893077	33316322	9	8	1	2
19	33316323	33590541	7	6	1	2
19	33590542	33593154	7	6	1	2
19	33593155	59128982	2	1	1	2
20	32217	25599999	3	2	1	2
20	25600000	29399999	3	2	1	2
20	29400000	31913886	3	2	1	2
20	31913887	55146762	2	2	0	2
20	55146763	56103075	3	2	1	2
20	56103076	56113083	4	2	2	2
20	56113084	56137666	4	2	2	3
20	56137667	62432500	3	2	1	2
21	1	9417499	NA	NA	NA	NA
21	9417500	10215402	NA	NA	NA	NA
21	10215403	10899999	NA	NA	NA	NA
21	10900000	14449401	3	2	1	1
21	14449402	46937500	4	2	2	2
21	46937501	48129894	4	2	2	2
22	1	12199999	3	2	1	1
22	12200000	17899999	3	2	1	2
22	17900000	23680142	3	2	1	2
22	23680143	23732102	3	2	1	2
22	23732103	30282201	3	2	1	3
22	30282202	30610972	4	2	2	2
22	30610973	33496660	3	2	1	3
22	33496661	33604295	4	2	2	2
22	33604296	33643200	4	2	2	2
22	33643201	49687500	3	2	1	3
22	49687501	51304565	3	2	1	2
X	378191	31656630	1	1	0	2
X	31656631	31695703	2	2	0	1
X	31695704	31697571	2	2	0	1
X	31697572	31812338	2	2	0	1
X	31812339	31973459	2	2	0	1
X	31973460	32383172	2	2	0	1
X	32383173	32612840	2	2	0	1
X	32612841	32710836	2	2	0	1
X	32710837	33076783	2	2	0	1
X	33076784	33734445	2	2	0	1
X	33734446	33738546	2	2	0	1
X	33738547	34002304	2	2	0	1
X	34002305	58099999	2	2	0	1
X	58100000	62999999	2	2	0	1
X	63000000	155270559	2	2	0	1
Y	1	8363458	NA	NA	NA	NA
Y	8363459	11599999	NA	NA	NA	NA
Y	11600000	13659184	NA	NA	NA	NA
Y	13659185	14979417	NA	NA	NA	NA
Y	14979418	16748303	NA	NA	NA	NA
Y	16748304	16780261	NA	NA	NA	NA
Y	16780262	20802566	NA	NA	NA	NA
Y	20802567	21996682	NA	NA	NA	NA
Y	21996683	22042499	NA	NA	NA	NA
Y	22042500	22057219	NA	NA	NA	NA
Y	22057220	22097601	NA	NA	NA	NA
Y	22097602	22721926	NA	NA	NA	NA
Y	22721927	22756013	NA	NA	NA	NA
Y	22756014	24388401	NA	NA	NA	NA
Y	24388402	59373565	NA	NA	NA	NA
