chromosome	start	end	total_cn	major_cn	minor_cn	star
1	1	5100446	4	2	2	2
1	5100447	5102255	4	2	2	2
1	5102256	8827788	4	2	2	2
1	8827789	8829748	4	2	2	2
1	8829749	11370486	4	2	2	2
1	11370487	11372472	4	2	2	2
1	11372473	11968166	4	2	2	2
1	11968167	11969883	4	2	2	2
1	11969884	14921748	4	2	2	2
1	14921749	14923544	4	2	2	2
1	14923545	18321353	4	2	2	2
1	18321354	18323270	4	2	2	2
1	18323271	21090569	4	2	2	2
1	21090570	21092691	4	2	2	2
1	21092692	23159840	4	2	2	2
1	23159841	23161688	4	2	2	2
1	23161689	26261290	4	2	2	2
1	26261291	26263073	4	2	2	2
1	26263074	30125933	4	2	2	2
1	30125934	30127408	4	2	2	2
1	30127409	30329498	4	2	2	3
1	30329499	30332333	4	2	2	2
1	30332334	38980882	4	2	2	2
1	38980883	38983473	4	2	2	2
1	38983474	41693050	4	2	2	2
1	41693051	41695700	4	2	2	2
1	41695701	48042968	4	2	2	2
1	48042969	48045340	4	2	2	2
1	48045341	59263963	4	2	2	2
1	59263964	59267025	4	2	2	2
1	59267026	62704508	4	2	2	2
1	62704509	62706068	4	2	2	2
1	62706069	72183502	4	2	2	2
1	72183503	72343529	2	2	0	2
1	72343530	73467786	4	2	2	3
1	73467787	73470518	4	2	2	2
1	73470519	74078206	4	2	2	3
1	74078207	74084025	4	2	2	3
1	74084026	85041081	4	2	2	3
1	85041082	85043365	4	2	2	2
1	85043366	121499999	4	2	2	3
1	121500000	128899999	4	2	2	2
1	128900000	142548938	4	2	2	2
1	142548939	143520402	4	2	2	1
1	143520403	174952779	4	2	2	2
1	174952780	174996589	6	4	2	1
1	174996590	187204097	4	2	2	2
1	187204098	247249600	5	3	2	2
1	247249601	249250620	5	3	2	2
2	20016	12275237	2	2	0	2
2	12275238	12319641	4	4	0	2
2	12319642	27982021	2	2	0	2
2	27982022	30571101	2	2	0	2
2	30571102	30920071	2	2	0	2
2	30920072	32776216	4	2	2	3
2	32776217	32778062	4	2	2	3
2	32778063	34926008	4	2	2	3
2	34926009	34927738	4	2	2	2
2	34927739	86706699	4	2	2	3
2	86706700	86708044	4	2	2	2
2	86708045	90499999	4	2	2	2
2	90500000	96799999	4	2	2	2
2	96800000	117349445	4	2	2	2
2	117349446	137103031	4	2	2	2
2	137103032	137106111	3	2	1	1
2	137106112	141799188	3	2	1	1
2	141799189	141824953	4	2	2	2
2	141824954	141844805	2	2	0	2
2	141844806	141998860	2	2	0	2
2	141998861	142011088	3	2	1	2
2	142011089	156491310	4	3	1	1
2	156491311	156576103	5	3	2	2
2	156576104	242985695	4	3	1	2
3	60363	24620010	2	2	0	2
3	24620011	24626412	2	2	0	2
3	24626413	77348076	2	2	0	2
3	77348077	77371379	2	2	0	2
3	77371380	78440009	2	2	0	2
3	78440010	79425684	4	4	0	2
3	79425685	79425746	4	4	0	2
3	79425747	79427429	4	4	0	1
3	79427430	79642270	2	2	0	2
3	79642271	79643728	2	2	0	2
3	79643729	80241906	2	2	0	2
3	80241907	80262499	4	4	0	2
3	80262500	80369679	4	4	0	2
3	80369680	80404522	2	2	0	2
3	80404523	80526131	2	2	0	1
3	80526132	80580270	2	2	0	2
3	80580271	80580298	2	2	0	2
3	80580299	80604078	0	0	0	2
3	80604079	81420228	0	0	0	2
3	81420229	81420445	0	0	0	2
3	81420446	81713622	0	0	0	2
3	81713623	81880418	2	2	0	2
3	81880419	82001575	4	4	0	2
3	82001576	82594000	2	2	0	2
3	82594001	82710351	2	2	0	1
3	82710352	82727885	0	0	0	2
3	82727886	82729357	3	3	0	1
3	82729358	82732998	3	3	0	1
3	82732999	82752211	3	3	0	1
3	82752212	82752452	3	3	0	1
3	82752453	82789834	0	0	0	2
3	82789835	82790194	0	0	0	1
3	82790195	82792761	2	2	0	2
3	82792762	82952001	2	2	0	2
3	82952002	84366414	2	2	0	2
3	84366415	84551306	2	2	0	2
3	84551307	84727568	4	4	0	1
3	84727569	85351460	2	2	0	2
3	85351461	85615955	10	10	0	2
3	85615956	86577450	2	2	0	2
3	86577451	86579599	2	2	0	1
3	86579600	86659788	3	3	0	2
3	86659789	87431219	2	2	0	2
3	87431220	87460726	2	2	0	2
3	87460727	87682365	0	0	0	2
3	87682366	87899999	8	8	0	1
3	87900000	94736304	NA	NA	NA	NA
3	94736305	94818325	4	4	0	2
3	94818326	97694662	2	2	0	2
3	97694663	97719780	4	4	0	1
3	97719781	98087081	2	2	0	2
3	98087082	98936040	4	4	0	2
3	98936041	116593302	2	2	0	2
3	116593303	116609554	2	2	0	2
3	116609555	116629074	2	2	0	2
3	116629075	116834980	0	0	0	2
3	116834981	120009998	2	2	0	2
3	120009999	129580187	4	2	2	2
3	129580188	129580341	4	2	2	2
3	129580342	185320387	4	2	2	2
3	185320388	185320574	3	2	1	1
3	185320575	187174631	4	2	2	2
3	187174632	187176013	3	2	1	1
3	187176014	198022429	3	2	1	1
4	27500	8100825	3	2	1	2
4	8100826	8103178	3	2	1	2
4	8103179	22908341	3	2	1	2
4	22908342	22909675	3	2	1	2
4	22909676	34781862	3	2	1	2
4	34781863	48199999	3	2	1	2
4	48200000	52699999	3	2	1	2
4	52700000	57215179	3	2	1	2
4	57215180	58539995	3	2	1	2
4	58539996	58672601	3	2	1	2
4	58672602	65071291	2	2	0	2
4	65071292	65924748	3	2	1	2
4	65924749	65929298	3	2	1	2
4	65929299	65952986	3	2	1	2
4	65952987	66211388	3	2	1	2
4	66211389	66597500	4	2	2	2
4	66597501	66960017	3	2	1	3
4	66960018	67240008	4	2	2	2
4	67240009	67436113	3	2	1	2
4	67436114	69744123	4	2	2	2
4	69744124	70427904	3	2	1	3
4	70427905	70477533	4	2	2	2
4	70477534	70771693	3	2	1	3
4	70771694	70772904	3	2	1	2
4	70772905	71021883	3	2	1	2
4	71021884	71242198	4	2	2	2
4	71242199	72019951	3	2	1	2
4	72019952	72069951	4	2	2	2
4	72069952	72700173	4	2	2	2
4	72700174	75183332	2	2	0	2
4	75183333	75519416	3	2	1	1
4	75519417	76783033	3	2	1	2
4	76783034	77754047	3	2	1	3
4	77754048	78472586	5	3	2	2
4	78472587	78905117	4	2	2	2
4	78905118	91908007	2	2	0	2
4	91908008	92246107	3	2	1	2
4	92246108	92247716	3	2	1	2
4	92247717	161164264	3	2	1	2
4	161164265	161173806	2	2	0	1
4	161173807	188297674	3	2	1	2
4	188297675	188299332	3	2	1	2
4	188299333	190987500	3	2	1	2
5	22500	46099999	4	2	2	2
5	46100000	50699999	NA	NA	NA	NA
5	50700000	79762392	3	2	1	2
5	79762393	79763677	3	2	1	3
5	79763678	180715810	3	2	1	3
6	39681	249954	2	2	0	2
6	249955	32161802	2	2	0	2
6	32161803	32778526	5	3	2	2
6	32778527	34225347	2	2	0	2
6	34225348	43201202	6	4	2	2
6	43201203	45114058	5	3	2	2
6	45114059	45130846	8	4	4	2
6	45130847	45200601	6	4	2	1
6	45200602	46241868	5	3	2	2
6	46241869	46249405	5	3	2	2
6	46249406	47089605	6	4	2	1
6	47089606	47125888	10	8	2	1
6	47125889	49139940	5	3	2	2
6	49139941	55959970	2	2	0	3
6	55959971	58040573	3	2	1	2
6	58040574	63299999	3	2	1	2
6	63300000	63522291	3	2	1	2
6	63522292	64337477	4	2	2	2
6	64337478	64339617	4	2	2	2
6	64339618	64714414	4	2	2	2
6	64714415	64772500	4	2	2	2
6	64772501	65299591	5	3	2	1
6	65299592	65409331	4	2	2	2
6	65409332	65506209	5	3	2	2
6	65506210	65545632	6	4	2	1
6	65545633	65575687	3	3	0	1
6	65575688	65639233	3	3	0	1
6	65639234	65706884	3	3	0	1
6	65706885	65707545	3	3	0	1
6	65707546	66000990	2	2	0	2
6	66000991	66001044	2	2	0	2
6	66001045	66628280	4	2	2	2
6	66628281	140517921	2	2	0	2
6	140517922	140520917	2	2	0	2
6	140520918	140529171	15	13	2	1
6	140529172	140888566	14	12	2	1
6	140888567	141608797	10	8	2	1
6	141608798	142951070	2	2	0	2
6	142951071	143811835	10	8	2	1
6	143811836	144464922	6	4	2	2
6	144464923	144946488	10	8	2	2
6	144946489	144980387	2	2	0	2
6	144980388	144982053	2	2	0	2
6	144982054	148001852	2	2	0	2
6	148001853	148002045	10	8	2	1
6	148002046	148138583	10	8	2	1
6	148138584	149019380	10	8	2	2
6	149019381	149035177	8	8	0	1
6	149035178	149038941	10	8	2	1
6	149038942	149053671	8	8	0	1
6	149053672	149053692	8	8	0	1
6	149053693	149053720	1	1	0	1
6	149053721	149066276	1	1	0	1
6	149066277	155330111	2	2	0	2
6	155330112	155330247	2	2	0	2
6	155330248	155346175	2	2	0	2
6	155346176	155346276	2	2	0	2
6	155346277	155440778	2	2	0	2
6	155440779	155440999	2	2	0	2
6	155441000	170899800	2	2	0	2
7	65454	29695608	4	2	2	2
7	29695609	29786310	5	3	2	2
7	29786311	35719431	4	2	2	2
7	35719432	35842409	2	2	0	2
7	35842410	57999999	4	2	2	2
7	58000000	61699999	4	2	2	2
7	61700000	158064258	4	2	2	2
7	158064259	158065591	4	2	2	2
7	158065592	158821400	4	2	2	2
8	10001	155756	4	4	0	2
8	155757	5963500	4	4	0	2
8	5963501	5965747	4	4	0	2
8	5965748	8038200	4	4	0	2
8	8038201	11893397	4	4	0	2
8	11893398	12184993	3	3	0	2
8	12184994	12197738	4	4	0	1
8	12197739	39230024	4	4	0	2
8	39230025	43099999	4	4	0	2
8	43100000	48099999	NA	NA	NA	NA
8	48100000	49115046	11	7	4	1
8	49115047	56639026	8	4	4	2
8	56639027	68227204	6	4	2	2
8	68227205	93032693	6	4	2	2
8	93032694	98082399	5	3	2	2
8	98082400	98131759	5	3	2	2
8	98131760	101189996	9	5	4	1
8	101189997	101545822	17	12	5	1
8	101545823	105614428	9	5	4	1
8	105614429	105619478	5	3	2	2
8	105619479	107871134	5	3	2	2
8	107871135	107873095	10	6	4	1
8	107873096	108354824	5	3	2	2
8	108354825	108361393	5	3	2	2
8	108361394	108680794	6	4	2	2
8	108680795	108694900	8	6	2	1
8	108694901	109340308	8	6	2	1
8	109340309	111866356	6	4	2	2
8	111866357	113249807	8	6	2	1
8	113249808	114265142	6	4	2	2
8	114265143	114662500	8	6	2	2
8	114662501	114966245	10	8	2	2
8	114966246	115036622	9	7	2	2
8	115036623	115848747	6	4	2	2
8	115848748	120067586	7	6	1	2
8	120067587	120073743	7	6	1	2
8	120073744	121965338	7	6	1	2
8	121965339	122446768	18	16	2	1
8	122446769	123646155	17	16	1	1
8	123646156	123670566	20	19	1	1
8	123670567	123775839	18	17	1	1
8	123775840	123779010	18	17	1	1
8	123779011	124481465	18	16	2	1
8	124481466	124576888	18	16	2	1
8	124576889	124870578	19	17	2	1
8	124870579	125053971	22	21	1	1
8	125053972	125055720	22	20	2	1
8	125055721	125198990	22	21	1	1
8	125198991	125206367	22	21	1	1
8	125206368	125217746	22	20	2	1
8	125217747	125585622	21	19	2	1
8	125585623	125645301	21	19	2	1
8	125645302	125655649	24	21	3	1
8	125655650	125892926	22	21	1	1
8	125892927	126131718	22	21	1	1
8	126131719	126156612	24	23	1	1
8	126156613	126443601	24	23	1	1
8	126443602	126490710	24	23	1	1
8	126490711	126677340	18	17	1	1
8	126677341	126895084	18	17	1	1
8	126895085	126895942	18	17	1	1
8	126895943	126937906	17	16	1	2
8	126937907	126938113	19	17	2	1
8	126938114	127105093	4	2	2	2
8	127105094	127449344	17	15	2	2
8	127449345	127514878	22	21	1	1
8	127514879	127774274	19	18	1	1
8	127774275	127809299	19	18	1	1
8	127809300	127821169	19	18	1	1
8	127821170	128154320	24	23	1	2
8	128154321	128795024	26	25	1	2
8	128795025	128795335	26	25	1	2
8	128795336	128840425	25	24	1	1
8	128840426	129511389	23	21	2	1
8	129511390	129512490	23	21	2	1
8	129512491	130124552	22	21	1	2
8	130124553	130139592	15	14	1	1
8	130139593	130907586	5	4	1	2
8	130907587	130914399	7	6	1	2
8	130914400	130922127	14	12	2	2
8	130922128	130929012	7	6	1	2
8	130929013	131053913	14	12	2	2
8	131053914	131072119	16	14	2	2
8	131072120	131077469	15	13	2	1
8	131077470	131078073	15	13	2	1
8	131078074	131091415	16	14	2	2
8	131091416	131091834	14	12	2	1
8	131091835	131242666	14	12	2	2
8	131242667	131629432	6	5	1	2
8	131629433	131738201	11	9	2	2
8	131738202	131748552	5	4	1	2
8	131748553	131862129	12	10	2	1
8	131862130	132819119	10	8	2	1
8	132819120	134042499	6	4	2	2
8	134042500	134212344	5	4	1	2
8	134212345	134220575	2	2	0	2
8	134220576	134220614	3	3	0	1
8	134220615	134221396	2	2	0	1
8	134221397	134225195	3	3	0	1
8	134225196	134225354	3	3	0	1
8	134225355	134230398	2	2	0	1
8	134230399	134230507	2	2	0	1
8	134230508	146364021	2	2	0	2
9	47500	35459644	2	2	0	2
9	35459645	35506130	4	2	2	2
9	35506131	35512152	4	2	2	2
9	35512153	39052499	4	2	2	2
9	39052500	47299999	4	2	2	2
9	47300000	50699999	4	2	2	2
9	50700000	70867601	4	2	2	2
9	70867602	85770163	3	2	1	1
9	85770164	85775059	4	2	2	2
9	85775060	130375195	3	2	1	2
9	130375196	130379779	3	2	1	2
9	130379780	140273200	3	2	1	2
9	140273201	141026318	3	2	1	1
10	98087	11670002	3	2	1	2
10	11670003	13357880	3	2	1	2
10	13357881	13401911	5	3	2	2
10	13401912	13630624	3	2	1	2
10	13630625	13674123	3	2	1	1
10	13674124	17309974	3	2	1	2
10	17309975	20054628	2	2	0	3
10	20054629	20081635	2	2	0	2
10	20081636	32248095	2	2	0	2
10	32248096	37873846	2	2	0	2
10	37873847	37877331	2	2	0	2
10	37877332	42411598	2	2	0	1
10	42411599	46909652	2	2	0	2
10	46909653	47744099	2	2	0	1
10	47744100	60256326	2	2	0	2
10	60256327	104364959	2	2	0	2
10	104364960	104378975	2	2	0	1
10	104378976	104380360	2	2	0	1
10	104380361	104392164	3	3	0	1
10	104392165	104396252	3	3	0	1
10	104396253	104400837	3	3	0	1
10	104400838	104400936	2	2	0	2
10	104400937	104402013	2	2	0	1
10	104402014	104411034	3	3	0	1
10	104411035	104411923	3	3	0	1
10	104411924	104413205	2	2	0	2
10	104413206	104414849	2	2	0	2
10	104414850	135389304	2	2	0	2
11	20721	190288	2	2	0	2
11	190289	228801	2	2	0	2
11	228802	7073049	2	2	0	2
11	7073050	7168152	2	2	0	2
11	7168153	7238525	4	2	2	2
11	7238526	7238630	4	2	2	2
11	7238631	17739373	4	2	2	3
11	17739374	22999017	6	4	2	2
11	22999018	23014994	4	2	2	2
11	23014995	23017892	4	2	2	2
11	23017893	23431403	4	2	2	2
11	23431404	25558832	2	2	0	2
11	25558833	26228889	4	2	2	2
11	26228890	28647524	2	2	0	2
11	28647525	28669372	2	2	0	2
11	28669373	28732972	2	2	0	2
11	28732973	28746757	4	2	2	2
11	28746758	30342937	2	2	0	2
11	30342938	30362839	4	2	2	2
11	30362840	31168226	2	2	0	2
11	31168227	31555296	4	2	2	2
11	31555297	31624961	2	2	0	2
11	31624962	32121878	4	2	2	2
11	32121879	32122206	4	2	2	2
11	32122207	34199060	4	2	2	2
11	34199061	34608571	6	4	2	2
11	34608572	35390886	4	2	2	3
11	35390887	35595856	6	4	2	2
11	35595857	35901313	4	2	2	2
11	35901314	36200735	12	10	2	2
11	36200736	37987065	8	6	2	2
11	37987066	40956614	14	12	2	1
11	40956615	41444154	8	6	2	2
11	41444155	41491884	6	4	2	2
11	41491885	41634750	8	6	2	2
11	41634751	41931559	10	8	2	2
11	41931560	41996569	12	10	2	1
11	41996570	41996701	12	10	2	1
11	41996702	42258374	14	12	2	1
11	42258375	42298581	15	13	2	1
11	42298582	42430374	17	15	2	1
11	42430375	42669740	15	13	2	1
11	42669741	42882099	4	2	2	2
11	42882100	43040393	20	18	2	1
11	43040394	43072024	16	15	1	1
11	43072025	43283716	14	14	0	1
11	43283717	43287945	14	14	0	1
11	43287946	43444069	21	19	2	1
11	43444070	44278851	18	16	2	1
11	44278852	44332736	22	20	2	1
11	44332737	44485876	4	2	2	2
11	44485877	44489242	16	14	2	2
11	44489243	44571961	16	14	2	2
11	44571962	44572100	16	14	2	2
11	44572101	44572182	16	14	2	1
11	44572183	44573159	20	17	3	1
11	44573160	44719800	16	14	2	1
11	44719801	44920434	16	14	2	1
11	44920435	45107070	4	2	2	2
11	45107071	45108066	17	15	2	1
11	45108067	45944216	17	15	2	2
11	45944217	46176627	16	14	2	2
11	46176628	46195997	13	12	1	1
11	46195998	46318241	11	10	1	1
11	46318242	46543132	10	8	2	2
11	46543133	50773021	2	2	0	2
11	50773022	55699999	NA	NA	NA	NA
11	55700000	83542100	4	2	2	2
11	83542101	83555051	2	2	0	2
11	83555052	112332308	3	2	1	2
11	112332309	112471751	5	3	2	2
11	112471752	134452200	3	2	1	2
12	110107	164865	3	2	1	2
12	164866	3639995	3	2	1	1
12	3639996	3784189	2	2	0	2
12	3784190	4489935	3	2	1	2
12	4489936	5284821	2	2	0	2
12	5284822	9800914	3	2	1	2
12	9800915	9801339	3	2	1	2
12	9801340	33299999	3	2	1	2
12	33300000	38831734	3	2	1	2
12	38831735	38831780	3	2	1	2
12	38831781	38832408	3	2	1	2
12	38832409	38878988	2	2	0	2
12	38878989	38936255	3	2	1	2
12	38936256	50796354	2	2	0	2
12	50796355	50827843	2	2	0	2
12	50827844	56186878	2	2	0	2
12	56186879	56294814	8	6	2	2
12	56294815	57948532	2	2	0	2
12	57948533	57962395	35	34	1	1
12	57962396	57998923	47	46	1	1
12	57998924	57999908	42	40	2	1
12	57999909	58143113	15	13	2	1
12	58143114	58144220	15	13	2	1
12	58144221	58148497	16	14	2	1
12	58148498	58157790	19	17	2	1
12	58157791	58201297	18	16	2	1
12	58201298	58206588	18	16	2	1
12	58206589	58329852	18	16	2	1
12	58329853	58355725	20	18	2	1
12	58355726	58366762	18	16	2	1
12	58366763	65777982	2	2	0	2
12	65777983	65786845	5	3	2	1
12	65786846	65792930	26	24	2	1
12	65792931	65811471	34	33	1	1
12	65811472	65821771	7	5	2	1
12	65821772	65825865	8	6	2	1
12	65825866	65896747	8	6	2	2
12	65896748	65922746	15	13	2	2
12	65922747	65927744	15	13	2	1
12	65927745	65935131	13	12	1	1
12	65935132	65998787	13	12	1	1
12	65998788	66000271	13	12	1	1
12	66000272	66033670	12	10	2	1
12	66033671	66076162	13	11	2	1
12	66076163	66093643	13	11	2	1
12	66093644	66125679	8	7	1	1
12	66125680	66133015	7	5	2	1
12	66133016	66137439	39	39	0	1
12	66137440	66142406	39	39	0	1
12	66142407	66143478	18	16	2	1
12	66143479	66147577	12	10	2	1
12	66147578	66151464	10	8	2	1
12	66151465	66185136	17	16	1	1
12	66185137	66215396	17	16	1	1
12	66215397	66276770	17	16	1	1
12	66276771	66298478	12	11	1	1
12	66298479	66307907	17	15	2	1
12	66307908	66341570	15	13	2	2
12	66341571	66410055	16	14	2	1
12	66410056	66420321	12	11	1	1
12	66420322	66467113	33	31	2	1
12	66467114	66485612	15	13	2	1
12	66485613	66553402	15	13	2	2
12	66553403	66741829	4	2	2	2
12	66741830	66746491	17	16	1	1
12	66746492	66778028	17	16	1	1
12	66778029	66809337	17	16	1	1
12	66809338	66818764	15	13	2	1
12	66818765	66821089	5	5	0	1
12	66821090	66824687	8	7	1	1
12	66824688	66829349	8	7	1	1
12	66829350	66838481	10	8	2	1
12	66838482	66883517	8	6	2	2
12	66883518	66885989	8	6	2	1
12	66885990	66886005	11	8	3	1
12	66886006	66887509	10	8	2	1
12	66887510	66981330	8	6	2	2
12	66981331	67163638	29	27	2	1
12	67163639	67164324	23	22	1	1
12	67164325	67167337	18	17	1	1
12	67167338	67213198	21	20	1	1
12	67213199	67213637	21	20	1	1
12	67213638	67221362	19	18	1	1
12	67221363	67221561	19	18	1	1
12	67221562	67262342	41	40	1	1
12	67262343	67263585	41	40	1	1
12	67263586	67263665	40	39	1	1
12	67263666	67292671	40	39	1	1
12	67292672	67292906	41	40	1	1
12	67292907	67298169	41	40	1	1
12	67298170	67398475	19	18	1	1
12	67398476	67446324	17	15	2	2
12	67446325	67496323	17	15	2	1
12	67496324	67591072	26	24	2	1
12	67591073	67595820	26	24	2	1
12	67595821	67600447	3	2	1	1
12	67600448	67600591	3	2	1	1
12	67600592	67600816	3	2	1	1
12	67600817	67609198	3	2	1	1
12	67609199	67667352	31	29	2	1
12	67667353	67679691	31	29	2	1
12	67679692	67688895	3	2	1	1
12	67688896	67701191	3	2	1	1
12	67701192	67704882	3	2	1	1
12	67704883	67714080	3	2	1	2
12	67714081	67947158	3	2	1	3
12	67947159	69455151	2	2	0	2
12	69455152	69740461	5	3	2	2
12	69740462	69847712	7	5	2	1
12	69847713	69853776	7	5	2	1
12	69853777	69869423	17	16	1	1
12	69869424	69898777	19	18	1	1
12	69898778	69925906	19	18	1	1
12	69925907	70103093	21	19	2	1
12	70103094	70187701	6	4	2	2
12	70187702	70208346	24	23	1	1
12	70208347	70547762	2	2	0	2
12	70547763	70942083	5	3	2	2
12	70942084	74920944	2	2	0	2
12	74920945	74925075	2	2	0	2
12	74925076	74976467	4	2	2	1
12	74976468	74976824	2	2	0	1
12	74976825	74978413	10	7	3	1
12	74978414	74978441	10	7	3	1
12	74978442	74978462	3	3	0	1
12	74978463	74979708	18	16	2	1
12	74979709	74990368	3	3	0	2
12	74990369	74992452	2	2	0	2
12	74992453	76512448	2	2	0	2
12	76512449	76516491	2	2	0	2
12	76516492	80244534	2	2	0	2
12	80244535	80244661	2	2	0	2
12	80244662	80447046	2	2	0	2
12	80447047	80524797	5	3	2	2
12	80524798	80711446	7	5	2	2
12	80711447	80712230	7	5	2	2
12	80712231	80877477	7	5	2	1
12	80877478	80946126	8	6	2	1
12	80946127	80954440	2	2	0	1
12	80954441	80969666	2	2	0	1
12	80969667	80973210	4	3	1	1
12	80973211	80973383	4	3	1	1
12	80973384	80999426	11	9	2	1
12	80999427	81031924	2	2	0	1
12	81031925	81113252	34	33	1	1
12	81113253	81118514	32	30	2	1
12	81118515	81137256	34	34	0	1
12	81137257	81181938	35	34	1	1
12	81181939	81201123	40	38	2	1
12	81201124	81204890	29	28	1	1
12	81204891	81223659	31	30	1	1
12	81223660	81226966	31	30	1	1
12	81226967	81249170	39	37	2	1
12	81249171	81299169	31	30	1	1
12	81299170	81359836	27	26	1	1
12	81359837	81364380	29	26	3	1
12	81364381	81399186	27	26	1	2
12	81399187	81464371	37	35	2	1
12	81464372	81479506	29	27	2	2
12	81479507	81647856	33	31	2	1
12	81647857	81701672	7	5	2	2
12	81701673	81709959	7	5	2	2
12	81709960	81713236	15	13	2	1
12	81713237	81718930	15	13	2	1
12	81718931	82086770	13	12	1	1
12	82086771	82117141	13	12	1	1
12	82117142	82126592	12	11	1	1
12	82126593	82292205	11	9	2	1
12	82292206	82310660	4	4	0	2
12	82310661	82316083	3	2	1	2
12	82316084	83015727	3	2	1	2
12	83015728	83031493	5	3	2	1
12	83031494	83069435	3	2	1	2
12	83069436	83071320	3	2	1	2
12	83071321	83313035	3	2	1	1
12	83313036	84216875	2	2	0	2
12	84216876	84498601	7	5	2	2
12	84498602	84619700	7	5	2	2
12	84619701	84628048	7	5	2	2
12	84628049	84968880	6	4	2	2
12	84968881	84984724	4	2	2	2
12	84984725	85842035	6	4	2	2
12	85842036	85844649	6	4	2	2
12	85844650	85844808	7	5	2	2
12	85844809	85888802	7	5	2	2
12	85888803	85888863	7	5	2	2
12	85888864	85938427	7	5	2	2
12	85938428	85938443	7	5	2	2
12	85938444	86172945	7	5	2	2
12	86172946	86221044	7	5	2	1
12	86221045	86242635	15	14	1	1
12	86242636	86272709	4	2	2	2
12	86272710	86293234	21	19	2	2
12	86293235	86293427	21	19	2	2
12	86293428	86298442	25	23	2	1
12	86298443	86334073	23	21	2	1
12	86334074	86354184	14	13	1	1
12	86354185	86381339	16	14	2	1
12	86381340	86388053	14	13	1	1
12	86388054	86460095	14	13	1	1
12	86460096	86478992	10	7	3	2
12	86478993	86615148	2	2	0	2
12	86615149	86649381	5	3	2	2
12	86649382	86650922	2	2	0	1
12	86650923	86996987	3	2	1	2
12	86996988	87026680	3	2	1	2
12	87026681	87029932	17	15	2	1
12	87029933	87039055	17	15	2	1
12	87039056	87065318	17	15	2	1
12	87065319	87125362	38	37	1	1
12	87125363	87125410	38	37	1	1
12	87125411	87173185	15	14	1	1
12	87173186	87174270	15	14	1	1
12	87174271	87178192	17	15	2	1
12	87178193	87178824	17	15	2	1
12	87178825	87208380	18	16	2	1
12	87208381	87222389	17	15	2	1
12	87222390	87232799	18	17	1	1
12	87232800	87286298	16	15	1	1
12	87286299	87286428	16	15	1	1
12	87286429	87434276	16	14	2	1
12	87434277	87434802	16	15	1	1
12	87434803	87461029	16	15	1	1
12	87461030	87536749	21	19	2	1
12	87536750	87543739	15	14	1	1
12	87543740	87559299	13	11	2	1
12	87559300	87690969	15	14	1	1
12	87690970	87691181	13	11	2	1
12	87691182	87724103	15	14	1	1
12	87724104	87762751	17	16	1	1
12	87762752	87763110	17	16	1	1
12	87763111	87765487	27	24	3	1
12	87765488	87804532	27	24	3	1
12	87804533	87817980	15	13	2	1
12	87817981	87885980	15	13	2	1
12	87885981	87886362	27	24	3	1
12	87886363	87890869	27	24	3	1
12	87890870	87898170	27	24	3	1
12	87898171	87899150	27	24	3	1
12	87899151	87954129	23	22	1	1
12	87954130	88087966	21	20	1	1
12	88087967	88380378	31	29	2	1
12	88380379	88427768	24	23	1	1
12	88427769	88436178	24	23	1	1
12	88436179	88446710	24	22	2	1
12	88446711	88478544	18	17	1	1
12	88478545	88488692	11	10	1	1
12	88488693	88517122	16	14	2	2
12	88517123	88547719	12	11	1	1
12	88547720	88603678	14	12	2	1
12	88603679	88927649	3	3	0	2
12	88927650	88936108	2	2	0	2
12	88936109	89032875	2	2	0	2
12	89032876	89227272	10	8	2	2
12	89227273	89259904	10	8	2	2
12	89259905	89600844	9	7	2	2
12	89600845	89651302	5	3	2	1
12	89651303	89694679	4	2	2	2
12	89694680	89943969	5	3	2	2
12	89943970	89954383	6	4	2	2
12	89954384	89961399	10	8	2	1
12	89961400	90116996	5	3	2	2
12	90116997	91199775	2	2	0	2
12	91199776	91387017	31	30	1	1
12	91387018	91399585	39	37	2	2
12	91399586	91498199	32	31	1	1
12	91498200	91510561	30	29	1	1
12	91510562	91532451	8	6	2	1
12	91532452	91775350	21	20	1	1
12	91775351	91932310	14	13	1	1
12	91932311	91936140	14	13	1	1
12	91936141	91942753	12	10	2	1
12	91942754	91942908	12	10	2	1
12	91942909	91945459	14	12	2	1
12	91945460	91950523	14	12	2	1
12	91950524	91950758	14	12	2	1
12	91950759	91955144	14	12	2	1
12	91955145	91977767	12	10	2	1
12	91977768	92036694	12	10	2	1
12	92036695	92140447	12	10	2	1
12	92140448	92144084	12	10	2	1
12	92144085	92149798	14	11	3	1
12	92149799	92150439	10	8	2	1
12	92150440	92182318	10	8	2	1
12	92182319	92371605	12	10	2	2
12	92371606	92374743	10	8	2	2
12	92374744	92456368	10	9	1	1
12	92456369	92582118	10	9	1	1
12	92582119	92610570	8	7	1	1
12	92610571	92610912	8	6	2	2
12	92610913	92610959	8	6	2	2
12	92610960	92662712	8	6	2	2
12	92662713	92727502	9	7	2	1
12	92727503	92739124	7	6	1	1
12	92739125	92770622	9	8	1	1
12	92770623	92864883	8	6	2	2
12	92864884	92908515	10	8	2	2
12	92908516	93070568	8	6	2	2
12	93070569	93070604	8	6	2	1
12	93070605	93070662	NA	NA	NA	NA
12	93070663	93072144	0	0	0	1
12	93072145	93109525	5	5	0	1
12	93109526	93117946	34	33	1	1
12	93117947	93125160	2	2	0	2
12	93125161	93126813	2	2	0	2
12	93126814	97500346	2	2	0	2
12	97500347	97506517	2	2	0	1
12	97506518	97528614	45	43	2	1
12	97528615	97540763	41	39	2	1
12	97540764	97548585	33	32	1	1
12	97548586	97560807	31	29	2	2
12	97560808	97626108	28	27	1	1
12	97626109	97635485	41	38	3	1
12	97635486	97637947	41	38	3	1
12	97637948	97639299	35	33	2	1
12	97639300	97641771	35	33	2	1
12	97641772	97644426	46	44	2	1
12	97644427	97657931	56	55	1	1
12	97657932	97658440	56	55	1	1
12	97658441	97658496	46	44	2	1
12	97658497	97670730	31	31	0	1
12	97670731	97715115	42	41	1	1
12	97715116	97725889	40	39	1	1
12	97725890	97738585	36	35	1	1
12	97738586	97764567	43	42	1	1
12	97764568	97779165	45	44	1	1
12	97779166	97804457	39	38	1	1
12	97804458	97816853	38	37	1	1
12	97816854	97818979	39	38	1	1
12	97818980	97830112	37	36	1	1
12	97830113	97849773	32	31	1	1
12	97849774	97850753	33	32	1	1
12	97850754	97852118	31	30	1	1
12	97852119	97942109	36	35	1	1
12	97942110	98006111	35	34	1	1
12	98006112	98032552	35	34	1	1
12	98032553	98066541	35	34	1	1
12	98066542	98077109	35	34	1	1
12	98077110	98081846	49	47	2	1
12	98081847	98095538	49	47	2	1
12	98095539	98106963	49	47	2	1
12	98106964	98135956	49	47	2	1
12	98135957	98181366	55	54	1	1
12	98181367	98181387	32	31	1	1
12	98181388	98245044	32	31	1	1
12	98245045	98319954	32	31	1	1
12	98319955	98332199	32	31	1	1
12	98332200	98334415	32	31	1	1
12	98334416	98373689	11	8	3	1
12	98373690	98442537	5	3	2	2
12	98442538	98446618	2	2	0	2
12	98446619	109172537	2	2	0	2
12	109172538	109246197	4	3	1	1
12	109246198	109248247	4	3	1	1
12	109248248	109251287	4	2	2	1
12	109251288	109259127	4	2	2	1
12	109259128	109285798	3	2	1	1
12	109285799	109288338	2	2	0	2
12	109288339	113726893	2	2	0	2
12	113726894	113727711	2	2	0	2
12	113727712	113844065	2	2	0	2
12	113844066	113847896	2	2	0	2
12	113847897	117786093	2	2	0	2
12	117786094	118046717	3	2	1	2
12	118046718	119246752	2	2	0	1
12	119246753	119654558	4	2	2	2
12	119654559	119704557	4	2	2	2
12	119704558	121576749	3	2	1	2
12	121576750	121714204	2	2	0	1
12	121714205	123816066	3	2	1	1
12	123816067	132349400	3	2	1	2
12	132349401	133851894	3	2	1	2
13	1	16299999	4	2	2	1
13	16300000	19499999	4	2	2	2
13	19500000	21178641	4	2	2	2
13	21178642	24259764	4	2	2	2
13	24259765	31593109	3	2	1	2
13	31593110	31717172	4	2	2	2
13	31717173	32750914	3	2	1	2
13	32750915	32889418	4	2	2	2
13	32889419	33397105	4	2	2	2
13	33397106	33804737	3	2	1	2
13	33804738	34278464	4	2	2	2
13	34278465	34278795	4	2	2	2
13	34278796	34645051	4	2	2	2
13	34645052	34645089	4	2	2	2
13	34645090	43103436	3	2	1	2
13	43103437	45470614	4	2	2	2
13	45470615	51294220	3	2	1	2
13	51294221	51296571	3	2	1	2
13	51296572	61086451	3	2	1	2
13	61086452	61087949	3	2	1	2
13	61087950	79916056	3	2	1	2
13	79916057	79982208	2	2	0	2
13	79982209	104363212	3	2	1	2
13	104363213	104364772	3	2	1	2
13	104364773	104705144	3	2	1	2
13	104705145	104900020	4	2	2	2
13	104900021	112822507	3	2	1	2
13	112822508	112823673	3	2	1	2
13	112823674	114142800	3	2	1	2
13	114142801	115169877	3	2	1	2
14	1	16099999	4	2	2	1
14	16100000	19099999	4	2	2	2
14	19100000	52970915	4	2	2	2
14	52970916	53008527	4	2	2	2
14	53008528	67991588	4	2	2	2
14	67991589	68207996	6	4	2	2
14	68207997	69802581	4	2	2	2
14	69802582	76535437	5	3	2	2
14	76535438	76537297	5	3	2	2
14	76537298	105326057	5	3	2	2
14	105326058	105326734	5	3	2	2
14	105326735	106380250	5	3	2	2
15	1	15799999	3	2	1	1
15	15800000	20699999	3	2	1	2
15	20700000	22526150	3	2	1	2
15	22526151	22527880	2	2	0	2
15	22527881	22533460	2	2	0	2
15	22533461	26254117	2	2	0	2
15	26254118	26255069	2	2	0	2
15	26255070	26611165	3	2	1	2
15	26611166	27500983	2	2	0	2
15	27500984	27598444	3	2	1	2
15	27598445	28200695	2	2	0	2
15	28200696	28201946	2	2	0	2
15	28201947	29274613	2	2	0	2
15	29274614	29275605	2	2	0	2
15	29275606	29285411	2	2	0	2
15	29285412	51331431	2	2	0	2
15	51331432	51381430	2	2	0	2
15	51381431	53948949	3	2	1	2
15	53948950	54136448	5	3	2	2
15	54136449	54136489	5	3	2	2
15	54136490	54136919	5	3	2	2
15	54136920	54137014	3	2	1	1
15	54137015	56213099	3	2	1	2
15	56213100	56278615	5	3	2	2
15	56278616	56671479	3	2	1	2
15	56671480	56672085	5	3	2	1
15	56672086	56672179	3	2	1	2
15	56672180	56672292	3	2	1	2
15	56672293	57508494	3	2	1	2
15	57508495	57634769	5	3	2	2
15	57634770	57640838	5	3	2	1
15	57640839	57640874	7	5	2	1
15	57640875	57904595	8	6	2	1
15	57904596	57928091	5	3	2	2
15	57928092	58011450	3	2	1	2
15	58011451	58201819	5	3	2	2
15	58201820	58219526	29	27	2	1
15	58219527	58248026	29	27	2	1
15	58248027	58250118	7	6	1	1
15	58250119	58271298	15	13	2	1
15	58271299	58316187	5	3	2	2
15	58316188	58996258	3	2	1	2
15	58996259	59098779	5	3	2	2
15	59098780	59944686	4	2	2	2
15	59944687	63190224	3	2	1	2
15	63190225	63201092	4	2	2	2
15	63201093	63204732	3	2	1	2
15	63204733	63207401	3	2	1	2
15	63207402	64655804	3	2	1	2
15	64655805	64656317	3	2	1	2
15	64656318	65203301	3	2	1	2
15	65203302	65250360	6	4	2	2
15	65250361	65250929	6	4	2	2
15	65250930	65696843	6	4	2	2
15	65696844	66387713	4	2	2	2
15	66387714	66389332	4	2	2	2
15	66389333	68375612	4	2	2	2
15	68375613	68375978	4	2	2	2
15	68375979	68377399	4	2	2	1
15	68377400	68712268	7	5	2	1
15	68712269	70165956	4	2	2	2
15	70165957	70225561	32	30	2	1
15	70225562	70356875	8	6	2	2
15	70356876	70647125	6	4	2	2
15	70647126	73535527	5	3	2	2
15	73535528	74618528	5	3	2	2
15	74618529	74619602	6	4	2	2
15	74619603	81343017	6	4	2	1
15	81343018	85232531	4	2	2	2
15	85232532	86484252	6	4	2	2
15	86484253	86684859	6	4	2	2
15	86684860	86710601	8	6	2	1
15	86710602	87352338	6	4	2	2
15	87352339	87400422	6	4	2	1
15	87400423	87714633	5	3	2	2
15	87714634	87715326	5	3	2	2
15	87715327	87721544	18	16	2	2
15	87721545	88194112	18	16	2	2
15	88194113	88520028	10	8	2	2
15	88520029	89394632	6	4	2	2
15	89394633	100338800	2	2	0	2
15	100338801	102431166	2	2	0	2
16	84170	3019424	4	4	0	2
16	3019425	3102175	4	4	0	2
16	3102176	4989224	4	4	0	2
16	4989225	5016772	4	4	0	2
16	5016773	6386767	4	4	0	2
16	6386768	6512880	2	2	0	2
16	6512881	7149019	2	2	0	1
16	7149020	9247850	2	2	0	2
16	9247851	10409656	2	2	0	2
16	10409657	10417050	2	2	0	2
16	10417051	12790010	2	2	0	2
16	12790011	12792402	2	2	0	2
16	12792403	12825502	7	5	2	2
16	12825503	13607107	2	2	0	2
16	13607108	13622852	2	2	0	2
16	13622853	21404990	2	2	0	2
16	21404991	22346554	7	5	2	2
16	22346555	22557800	7	5	2	2
16	22557801	22717499	7	5	2	1
16	22717500	23054324	7	5	2	2
16	23054325	23867613	7	5	2	2
16	23867614	23879677	7	5	2	2
16	23879678	26552499	7	5	2	2
16	26552500	26838969	7	5	2	2
16	26838970	27191079	7	5	2	2
16	27191080	27192049	5	3	2	2
16	27192050	27287005	7	5	2	2
16	27287006	27293589	7	5	2	2
16	27293590	27294908	7	5	2	2
16	27294909	31767500	7	5	2	2
16	31767501	31993039	6	4	2	2
16	31993040	32565353	6	4	2	1
16	32565354	32566407	3	2	1	1
16	32566408	34209201	4	4	0	2
16	34209202	34321935	3	2	1	1
16	34321936	34598628	2	2	0	2
16	34598629	34599999	2	2	0	1
16	34600000	38599999	NA	NA	NA	NA
16	38600000	46433602	4	2	2	1
16	46433603	46447499	4	2	2	2
16	46447500	49369805	4	2	2	2
16	49369806	53026048	5	3	2	2
16	53026049	66469998	4	2	2	3
16	66469999	67067846	6	4	2	2
16	67067847	86913555	2	2	0	2
16	86913556	86913706	2	2	0	2
16	86913707	89024638	2	2	0	2
16	89024639	90124082	6	4	2	2
17	12500	7590489	2	2	0	2
17	7590490	7590569	2	2	0	2
17	7590570	8384547	3	3	0	2
17	8384548	8385425	3	3	0	2
17	8385426	8386102	3	3	0	2
17	8386103	8387314	5	5	0	1
17	8387315	8387519	3	3	0	2
17	8387520	8703501	3	3	0	2
17	8703502	9713161	5	5	0	2
17	9713162	10330809	18	18	0	1
17	10330810	10331489	19	19	0	1
17	10331490	10369409	19	19	0	1
17	10369410	10404896	20	20	0	1
17	10404897	10652957	5	5	0	1
17	10652958	10738764	17	17	0	1
17	10738765	10837437	21	21	0	1
17	10837438	10837466	19	19	0	2
17	10837467	11045514	19	19	0	1
17	11045515	11128143	17	17	0	2
17	11128144	11242845	14	14	0	1
17	11242846	11253210	17	17	0	1
17	11253211	11270533	20	20	0	1
17	11270534	11275699	16	16	0	1
17	11275700	11407308	21	21	0	2
17	11407309	11459663	22	22	0	1
17	11459664	11605955	20	20	0	1
17	11605956	11617155	22	22	0	2
17	11617156	11631971	23	23	0	1
17	11631972	11777907	20	20	0	2
17	11777908	11848393	18	18	0	1
17	11848394	11900658	22	22	0	1
17	11900659	12068575	24	24	0	1
17	12068576	12237392	21	21	0	1
17	12237393	12284591	18	18	0	1
17	12284592	12768339	12	12	0	1
17	12768340	12797499	19	19	0	2
17	12797500	13006504	19	19	0	2
17	13006505	13026188	17	17	0	2
17	13026189	13047737	19	19	0	1
17	13047738	13084909	15	15	0	1
17	13084910	13112140	15	15	0	1
17	13112141	13273046	19	19	0	2
17	13273047	13274032	19	19	0	2
17	13274033	13515835	19	19	0	2
17	13515836	13536657	18	18	0	1
17	13536658	13627887	20	20	0	1
17	13627888	14064841	21	21	0	2
17	14064842	14072078	21	21	0	2
17	14072079	14072090	22	22	0	1
17	14072091	14692973	22	22	0	1
17	14692974	14715013	27	27	0	1
17	14715014	14822437	28	28	0	1
17	14822438	14825220	23	23	0	1
17	14825221	14875372	26	26	0	1
17	14875373	14908110	29	29	0	1
17	14908111	15047774	30	30	0	1
17	15047775	15068275	30	30	0	1
17	15068276	15140432	33	33	0	1
17	15140433	15350936	31	31	0	1
17	15350937	15392647	34	34	0	1
17	15392648	15414967	35	35	0	1
17	15414968	15436920	33	33	0	1
17	15436921	15691370	35	35	0	1
17	15691371	15777664	33	33	0	1
17	15777665	15786966	33	33	0	1
17	15786967	15789262	34	34	0	1
17	15789263	15812713	34	34	0	1
17	15812714	15852239	32	32	0	1
17	15852240	15857012	34	34	0	1
17	15857013	15917884	33	33	0	2
17	15917885	16069602	34	34	0	2
17	16069603	16197324	34	34	0	2
17	16197325	16213160	35	35	0	1
17	16213161	16216539	36	36	0	1
17	16216540	16256776	43	43	0	1
17	16256777	16266233	34	34	0	1
17	16266234	16318837	35	35	0	1
17	16318838	16339816	42	42	0	1
17	16339817	16377052	40	40	0	1
17	16377053	16384094	40	40	0	1
17	16384095	16385575	36	36	0	1
17	16385576	16459105	35	35	0	1
17	16459106	16555808	26	26	0	1
17	16555809	16705153	35	35	0	2
17	16705154	16724382	33	33	0	1
17	16724383	16811744	33	33	0	1
17	16811745	16897919	39	39	0	2
17	16897920	16918882	34	34	0	1
17	16918883	16936930	31	31	0	1
17	16936931	16937285	31	31	0	1
17	16937286	16940784	25	25	0	1
17	16940785	16970683	36	36	0	1
17	16970684	17050450	23	23	0	1
17	17050451	17245670	28	28	0	2
17	17245671	17257284	26	26	0	2
17	17257285	17258402	27	27	0	1
17	17258403	17273173	27	27	0	1
17	17273174	17298494	30	30	0	1
17	17298495	17317870	27	27	0	1
17	17317871	17399805	25	25	0	2
17	17399806	17401013	25	25	0	2
17	17401014	17420436	15	15	0	1
17	17420437	17424501	16	16	0	1
17	17424502	17656214	16	16	0	1
17	17656215	17664522	16	16	0	1
17	17664523	17687270	15	15	0	1
17	17687271	17714587	15	15	0	1
17	17714588	17794897	16	16	0	1
17	17794898	18097984	19	19	0	1
17	18097985	18117876	19	19	0	1
17	18117877	18134772	30	29	1	1
17	18134773	18165312	23	22	1	1
17	18165313	18198263	13	12	1	2
17	18198264	18199297	13	12	1	2
17	18199298	18262869	13	12	1	2
17	18262870	18574034	12	11	1	1
17	18574035	18725642	12	11	1	1
17	18725643	18851954	18	18	0	1
17	18851955	19166081	17	15	2	1
17	19166082	19189242	17	15	2	1
17	19189243	19198615	17	16	1	1
17	19198616	19227246	17	16	1	1
17	19227247	19271968	8	7	1	1
17	19271969	19274204	11	11	0	1
17	19274205	19274772	11	11	0	1
17	19274773	19284164	14	13	1	1
17	19284165	19284410	14	13	1	1
17	19284411	19300484	8	7	1	1
17	19300485	19309191	8	7	1	1
17	19309192	19309209	14	13	1	1
17	19309210	19309374	14	13	1	1
17	19309375	19309397	14	13	1	1
17	19309398	19309431	14	13	1	1
17	19309432	19337369	13	12	1	1
17	19337370	19369303	17	16	1	1
17	19369304	19420784	11	10	1	1
17	19420785	19420821	11	10	1	1
17	19420822	19421867	10	9	1	1
17	19421868	19421898	10	9	1	1
17	19421899	19422614	3	2	1	2
17	19422615	19422785	3	2	1	2
17	19422786	19511723	3	2	1	2
17	19511724	19511921	3	2	1	2
17	19511922	19770032	3	2	1	2
17	19770033	20570471	3	2	1	2
17	20570472	20573765	2	2	0	1
17	20573766	20641992	4	4	0	1
17	20641993	20658791	4	4	0	1
17	20658792	20663004	4	4	0	1
17	20663005	20669858	4	4	0	1
17	20669859	20682854	4	4	0	1
17	20682855	20761233	4	4	0	2
17	20761234	21144195	5	4	1	2
17	21144196	21168163	3	2	1	2
17	21168164	21183594	6	5	1	2
17	21183595	21183616	6	5	1	2
17	21183617	21183878	6	5	1	2
17	21183879	21183950	6	5	1	2
17	21183951	21198143	6	5	1	2
17	21198144	21198609	6	5	1	2
17	21198610	21217703	7	6	1	1
17	21217704	21303401	5	4	1	1
17	21303402	21485093	5	4	1	2
17	21485094	21552499	4	3	1	1
17	21552500	25799999	NA	NA	NA	NA
17	25800000	36410026	3	2	1	2
17	36410027	54334876	3	2	1	2
17	54334877	68271488	4	2	2	2
17	68271489	68285283	4	2	2	2
17	68285284	73837507	4	2	2	2
17	73837508	74281063	6	4	2	2
17	74281064	78774600	4	2	2	2
17	78774601	81195209	4	2	2	2
18	27500	15399999	2	2	0	2
18	15400000	18999999	2	2	0	2
18	19000000	50924402	2	2	0	2
18	50924403	50928722	2	2	0	2
18	50928723	50972530	2	2	0	2
18	50972531	51124379	2	2	0	1
18	51124380	77421763	2	2	0	2
19	102500	247287	2	2	0	2
19	247288	6962500	2	2	0	2
19	6962501	7066835	2	2	0	2
19	7066836	7659218	11	10	1	1
19	7659219	7659915	9	8	1	1
19	7659916	7721586	13	12	1	1
19	7721587	7766025	14	13	1	1
19	7766026	7788784	15	13	2	2
19	7788785	7789878	11	10	1	1
19	7789879	8096400	13	11	2	1
19	8096401	8511229	13	11	2	1
19	8511230	8925477	5	3	2	2
19	8925478	8943801	8	6	2	2
19	8943802	9507400	8	6	2	2
19	9507401	10817417	12	10	2	2
19	10817418	10834217	9	7	2	1
19	10834218	10912331	9	7	2	1
19	10912332	10912379	6	4	2	1
19	10912380	10949840	9	7	2	1
19	10949841	11553321	6	4	2	2
19	11553322	11674828	7	5	2	1
19	11674829	11971369	6	4	2	2
19	11971370	11989291	6	4	2	2
19	11989292	12059059	6	4	2	2
19	12059060	12383917	8	6	2	2
19	12383918	12937337	10	8	2	2
19	12937338	13183523	8	6	2	2
19	13183524	13186952	8	6	2	2
19	13186953	13292995	8	6	2	2
19	13292996	13712324	8	6	2	2
19	13712325	15612173	6	4	2	2
19	15612174	15646693	8	6	2	2
19	15646694	16719989	6	4	2	2
19	16719990	17089071	4	2	2	3
19	17089072	17117685	4	2	2	2
19	17117686	17791960	4	2	2	3
19	17791961	18887681	6	4	2	2
19	18887682	18937797	8	4	4	2
19	18937798	19404210	6	4	2	2
19	19404211	19823800	8	4	4	2
19	19823801	20425465	6	4	2	2
19	20425466	22051776	4	4	0	2
19	22051777	22367239	2	2	0	2
19	22367240	23227194	4	4	0	2
19	23227195	23235697	5	5	0	1
19	23235698	23359769	6	4	2	1
19	23359770	23705865	4	2	2	2
19	23705866	24399999	2	2	0	2
19	24400000	28599999	2	2	0	2
19	28600000	49621675	2	2	0	2
19	49621676	59128982	2	2	0	2
20	24347	18823863	4	2	2	2
20	18823864	18826776	4	2	2	2
20	18826777	25599999	4	2	2	2
20	25600000	29399999	4	2	2	2
20	29400000	33151734	4	2	2	2
20	33151735	33151931	4	2	2	2
20	33151932	47079767	4	2	2	2
20	47079768	47081856	4	2	2	2
20	47081857	62432500	4	2	2	2
21	1	9682500	NA	NA	NA	NA
21	9682501	10772253	NA	NA	NA	NA
21	10772254	10899999	4	2	2	2
21	10900000	15223534	4	2	2	2
21	15223535	29576633	4	2	2	2
21	29576634	29583585	4	2	2	2
21	29583586	32042163	4	2	2	2
21	32042164	32043523	4	2	2	2
21	32043524	35886482	4	2	2	2
21	35886483	35887492	4	2	2	2
21	35887493	46937500	4	2	2	2
21	46937501	48129894	4	2	2	2
22	1	12199999	2	2	0	1
22	12200000	17899999	2	2	0	2
22	17900000	18797500	2	2	0	2
22	18797501	19730954	3	2	1	2
22	19730955	19732345	3	2	1	1
22	19732346	23335051	3	2	1	2
22	23335052	39144143	3	2	1	2
22	39144144	40818563	6	4	2	2
22	40818564	40821485	6	4	2	2
22	40821486	48799361	5	3	2	2
22	48799362	48800727	5	3	2	2
22	48800728	49687500	6	4	2	2
22	49687501	50743546	6	4	2	2
X	1	26616557	4	2	2	2
X	26616558	26666556	4	2	2	1
X	26666557	26725802	4	2	2	1
X	26725803	26853180	4	2	2	1
X	26853181	26894085	6	4	2	1
X	26894086	32817567	4	2	2	2
X	32817568	40026067	2	2	0	2
X	40026068	42941144	2	1	1	2
X	42941145	42943812	2	1	1	2
X	42943813	52098600	3	2	1	2
X	52098601	53098834	4	3	1	1
X	53098835	53099826	4	3	1	1
X	53099827	53100958	3	3	0	1
X	53100959	53101088	3	3	0	1
X	53101089	53103060	3	3	0	1
X	53103061	53110697	3	3	0	1
X	53110698	58099999	2	1	1	2
X	58100000	63160029	NA	NA	NA	NA
X	63160030	63599946	1	1	0	2
X	63599947	65039750	3	2	1	1
X	65039751	65058254	3	2	1	1
X	65058255	65756468	3	2	1	1
X	65756469	65759795	2	1	1	2
X	65759796	65792118	4	3	1	2
X	65792119	65792734	2	1	1	2
X	65792735	68322092	3	2	1	2
X	68322093	68327044	3	2	1	2
X	68327045	68353262	3	2	1	1
X	68353263	68356187	3	2	1	1
X	68356188	71642665	3	2	1	2
X	71642666	71857500	5	4	1	2
X	71857501	73002640	2	1	1	2
X	73002641	73012138	1	1	0	2
X	73012139	75583337	3	2	1	2
X	75583338	75588933	3	2	1	2
X	75588934	75589955	2	1	1	2
X	75589956	75870068	3	2	1	2
X	75870069	76284895	1	1	0	1
X	76284896	76287915	1	1	0	2
X	76287916	77020535	1	1	0	2
X	77020536	77033182	1	1	0	2
X	77033183	77033722	1	1	0	1
X	77033723	77041067	1	1	0	1
X	77041068	78168901	1	1	0	2
X	78168902	81489744	2	1	1	2
X	81489745	81497233	3	2	1	1
X	81497234	84724523	3	2	1	2
X	84724524	86137973	1	1	0	2
X	86137974	86161014	3	2	1	2
X	86161015	115709958	1	1	0	2
X	115709959	149047000	2	1	1	2
X	149047001	154991032	6	5	1	2
X	154991033	154992459	6	5	1	2
