chromosome	start	end	total_cn	major_cn	minor_cn	star
1	10001	790502	2	2	0	2
1	790503	112706807	2	2	0	3
1	112706808	113768965	4	2	2	2
1	113768966	115402377	2	2	0	3
1	115402378	115403736	2	2	0	3
1	115403737	117069716	2	2	0	3
1	117069717	121179985	4	2	2	2
1	121179986	128899999	NA	NA	NA	NA
1	128900000	142619200	4	2	2	2
1	142619201	149991801	5	3	2	2
1	149991802	186317626	5	3	2	2
1	186317627	210774438	5	3	2	2
1	210774439	210803625	2	2	0	2
1	210803626	239152928	5	3	2	2
1	239152929	240884128	6	4	2	2
1	240884129	247247500	5	3	2	2
1	247247501	249250620	5	3	2	2
2	20016	44386537	3	2	1	3
2	44386538	44388409	3	2	1	2
2	44388410	48997310	3	2	1	2
2	48997311	49164809	5	4	1	2
2	49164810	88260108	3	2	1	3
2	88260109	89857400	3	2	1	2
2	89857401	90255470	3	2	1	2
2	90255471	90440402	3	2	1	2
2	90440403	90499999	3	2	1	2
2	90500000	96799999	3	2	1	2
2	96800000	142656887	3	2	1	3
2	142656888	143727500	4	2	2	2
2	143727501	144253956	3	2	1	2
2	144253957	166959910	2	1	1	2
2	166959911	166960623	2	1	1	1
2	166960624	242999968	4	2	2	2
3	60596	24411688	3	2	1	3
3	24411689	24986329	3	2	1	2
3	24986330	87899999	3	2	1	3
3	87900000	93899999	3	2	1	3
3	93900000	143897308	3	2	1	3
3	143897309	144067401	3	2	1	2
3	144067402	162513870	3	2	1	3
3	162513871	175029692	3	2	1	3
3	175029693	176045095	4	3	1	2
3	176045096	198022429	3	2	1	3
4	27500	50083	2	1	1	1
4	50084	48199999	2	1	1	2
4	48200000	52699999	2	1	1	2
4	52700000	103229640	2	1	1	2
4	103229641	103554383	3	2	1	2
4	103554384	108022385	2	1	1	2
4	108022386	108099018	3	2	1	2
4	108099019	190768551	2	1	1	2
5	52533	46099999	3	2	1	2
5	46100000	50699999	3	2	1	2
5	50700000	59311321	3	2	1	2
5	59311322	61906231	4	3	1	2
5	61906232	180715810	3	2	1	3
6	39681	242500	5	3	2	2
6	242501	400123	5	3	2	2
6	400124	11657825	5	3	2	2
6	11657826	31722186	4	3	1	2
6	31722187	58699999	5	3	2	2
6	58700000	63299999	5	3	2	2
6	63300000	64582222	5	3	2	2
6	64582223	64583915	4	3	1	1
6	64583916	65490825	3	2	1	2
6	65490826	65863964	4	2	2	2
6	65863965	65898290	4	2	2	2
6	65898291	66096914	3	2	1	2
6	66096915	66411415	4	2	2	2
6	66411416	170899800	3	2	1	2
7	60749	38294917	5	3	2	2
7	38294918	38421115	5	3	2	1
7	38421116	57999999	5	3	2	2
7	58000000	61699999	5	3	2	2
7	61700000	109140627	5	3	2	2
7	109140628	109142098	5	3	2	2
7	109142099	109477691	6	4	2	2
7	109477692	109482045	5	3	2	2
7	109482046	158840001	4	2	2	2
8	201487	27280902	2	1	1	2
8	27280903	27284069	3	2	1	2
8	27284070	27399010	2	1	1	2
8	27399011	27400235	2	1	1	2
8	27400236	31952647	2	1	1	2
8	31952648	32170764	3	2	1	2
8	32170765	32795816	4	3	1	2
8	32795817	32846557	2	1	1	2
8	32846558	32934679	4	3	1	2
8	32934680	33389791	4	3	1	2
8	33389792	33440384	2	1	1	2
8	33440385	35960858	3	2	1	2
8	35960859	37091495	2	1	1	2
8	37091496	37448708	4	3	1	2
8	37448709	37449683	3	2	1	2
8	37449684	39065211	3	2	1	2
8	39065212	39805167	2	1	1	2
8	39805168	39968340	3	2	1	2
8	39968341	40031249	2	1	1	2
8	40031250	43099999	3	2	1	2
8	43100000	48099999	3	2	1	2
8	48100000	61042237	3	2	1	2
8	61042238	61043521	3	2	1	2
8	61043522	107348832	3	2	1	2
8	107348833	107351759	3	2	1	2
8	107351760	146364021	3	2	1	2
9	59810	44254014	3	2	1	2
9	44254015	47299999	3	2	1	2
9	47300000	50699999	3	2	1	2
9	50700000	114000010	3	2	1	2
9	114000011	114329937	4	3	1	2
9	114329938	140305397	3	2	1	2
9	140305398	141069463	3	2	1	2
10	94426	20532923	2	2	0	3
10	20532924	20536497	4	2	2	2
10	20536498	20536536	4	2	2	2
10	20536537	20539554	4	2	2	2
10	20539555	20539732	4	2	2	2
10	20539733	20544847	4	2	2	2
10	20544848	20578528	4	2	2	3
10	20578529	20578637	4	2	2	2
10	20578638	21471252	4	2	2	3
10	21471253	21694064	6	4	2	2
10	21694065	21726333	4	2	2	2
10	21726334	21905606	6	4	2	1
10	21905607	22327951	4	2	2	2
10	22327952	22465974	6	4	2	2
10	22465975	22467642	4	2	2	2
10	22467643	22469344	4	2	2	2
10	22469345	23038900	4	2	2	3
10	23038901	23039268	4	2	2	2
10	23039269	23174535	6	4	2	2
10	23174536	23196146	2	2	0	2
10	23196147	23198503	2	2	0	2
10	23198504	25613132	2	2	0	2
10	25613133	25613338	4	2	2	2
10	25613339	25645200	4	2	2	2
10	25645201	25645283	4	2	2	2
10	25645284	25746664	7	5	2	2
10	25746665	25746804	6	4	2	2
10	25746805	26293360	6	4	2	2
10	26293361	27200751	4	2	2	2
10	27200752	28776352	2	2	0	2
10	28776353	28776370	2	2	0	2
10	28776371	28781410	2	2	0	2
10	28781411	29317538	2	2	0	3
10	29317539	29317889	4	2	2	1
10	29317890	30075799	4	2	2	2
10	30075800	31588476	4	2	2	2
10	31588477	32116401	2	2	0	3
10	32116402	32685467	4	2	2	2
10	32685468	32695938	5	3	2	2
10	32695939	32745526	4	2	2	2
10	32745527	32748299	4	2	2	2
10	32748300	32750124	2	2	0	1
10	32750125	33415227	2	2	0	2
10	33415228	37999999	4	2	2	2
10	38000000	42397372	NA	NA	NA	NA
10	42397373	73333122	4	2	2	2
10	73333123	74894375	7	5	2	2
10	74894376	79798420	4	2	2	2
10	79798421	80709796	7	5	2	2
10	80709797	82412840	4	2	2	2
10	82412841	83648063	8	6	2	2
10	83648064	85643690	4	2	2	2
10	85643691	85762189	7	5	2	2
10	85762190	87322919	4	2	2	2
10	87322920	89636240	2	2	0	3
10	89636241	89636276	1	1	0	1
10	89636277	89874885	1	1	0	2
10	89874886	89878352	1	1	0	1
10	89878353	89878437	3	2	1	1
10	89878438	89878534	3	2	1	1
10	89878535	89878724	3	2	1	1
10	89878725	89878916	3	2	1	1
10	89878917	89879073	3	2	1	1
10	89879074	89879207	3	2	1	1
10	89879208	90089965	3	2	1	2
10	90089966	90089994	3	2	1	2
10	90089995	90094577	3	2	1	1
10	90094578	90094667	1	1	0	2
10	90094668	90094733	1	1	0	2
10	90094734	90094856	1	1	0	2
10	90094857	90426206	1	1	0	3
10	90426207	90450646	3	2	1	2
10	90450647	90450686	3	2	1	2
10	90450687	90802000	3	2	1	2
10	90802001	90802198	3	2	1	2
10	90802199	90802372	3	2	1	2
10	90802373	90898840	1	1	0	2
10	90898841	90904214	3	2	1	2
10	90904215	90904362	3	2	1	2
10	90904363	90988820	3	2	1	2
10	90988821	91004192	3	2	1	2
10	91004193	97898797	1	1	0	3
10	97898798	104222627	2	2	0	2
10	104222628	107500326	1	1	0	3
10	107500327	107788055	3	2	1	2
10	107788056	107788100	3	2	1	2
10	107788101	111479801	1	1	0	2
10	111479802	111484627	3	2	1	2
10	111484628	111484842	1	1	0	2
10	111484843	111485067	1	1	0	2
10	111485068	111485807	1	1	0	2
10	111485808	111655306	1	1	0	2
10	111655307	111660661	3	2	1	2
10	111660662	111660829	3	2	1	2
10	111660830	111661128	3	2	1	2
10	111661129	111736559	3	2	1	3
10	111736560	111987863	1	1	0	2
10	111987864	111988630	4	3	1	2
10	111988631	111988805	1	1	0	2
10	111988806	111988996	3	2	1	2
10	111988997	111989238	3	2	1	2
10	111989239	111994485	3	2	1	2
10	111994486	111994699	3	2	1	1
10	111994700	111994775	3	2	1	1
10	111994776	112007628	3	2	1	2
10	112007629	112111899	1	1	0	2
10	112111900	112112542	4	3	1	2
10	112112543	112113717	4	3	1	1
10	112113718	112426422	3	2	1	2
10	112426423	112445418	1	1	0	2
10	112445419	113411992	3	2	1	2
10	113411993	113509132	1	1	0	3
10	113509133	118590768	3	2	1	2
10	118590769	118591159	3	2	1	2
10	118591160	122650125	3	2	1	2
10	122650126	124166580	6	5	1	2
10	124166581	124352369	3	2	1	2
10	124352370	124424304	5	4	1	2
10	124424305	126863451	10	9	1	1
10	126863452	126867485	9	8	1	2
10	126867486	127441014	6	5	1	2
10	127441015	127547785	3	2	1	2
10	127547786	135389924	1	1	0	3
11	202072	51599999	3	2	1	3
11	51600000	55699999	3	2	1	2
11	55700000	64755621	3	2	1	2
11	64755622	64757232	1	1	0	1
11	64757233	134452200	3	2	1	2
12	110107	190101	4	2	2	2
12	190102	19587728	4	2	2	2
12	19587729	19591618	4	2	2	2
12	19591619	33299999	4	2	2	2
12	33300000	38199999	4	2	2	2
12	38200000	49299060	4	2	2	2
12	49299061	49596796	6	4	2	2
12	49596797	132349400	4	2	2	2
12	132349401	133851894	4	2	2	3
13	1	16299999	5	4	1	1
13	16300000	19499999	5	4	1	2
13	19500000	31258315	5	4	1	2
13	31258316	31266846	3	2	1	2
13	31266847	114142800	2	1	1	3
13	114142801	115169877	2	1	1	2
14	1	16099999	4	2	2	1
14	16100000	19099999	4	2	2	1
14	19100000	21683148	4	2	2	2
14	21683149	21685156	4	2	2	2
14	21685157	23010072	5	3	2	2
14	23010073	30702843	4	2	2	2
14	30702844	35050198	7	5	2	2
14	35050199	37100156	4	2	2	2
14	37100157	37426066	7	5	2	2
14	37426067	37738302	4	2	2	2
14	37738303	38557442	7	5	2	2
14	38557443	38872974	8	4	4	2
14	38872975	39895513	7	5	2	2
14	39895514	40652924	4	2	2	2
14	40652925	41241244	7	5	2	2
14	41241245	42356735	4	2	2	2
14	42356736	45795038	7	5	2	2
14	45795039	46608379	4	2	2	2
14	46608380	47617063	7	5	2	2
14	47617064	49692781	2	2	0	2
14	49692782	56310602	7	5	2	2
14	56310603	56602516	2	2	0	3
14	56602517	58197395	7	5	2	2
14	58197396	58200176	6	4	2	2
14	58200177	58202583	2	2	0	2
14	58202584	59086781	2	2	0	3
14	59086782	59504898	7	5	2	2
14	59504899	59505153	7	5	2	1
14	59505154	60215711	7	5	2	2
14	60215712	60721366	4	2	2	2
14	60721367	63409165	7	5	2	2
14	63409166	63409942	7	5	2	2
14	63409943	63465127	7	5	2	2
14	63465128	63543444	2	2	0	2
14	63543445	65698307	7	5	2	2
14	65698308	65836853	2	2	0	2
14	65836854	67038581	4	2	2	2
14	67038582	67153518	7	5	2	2
14	67153519	75918275	2	2	0	2
14	75918276	106368400	4	2	2	3
15	1	15799999	3	2	1	1
15	15800000	20699999	3	2	1	2
15	20700000	63868446	3	2	1	2
15	63868447	64284213	4	2	2	2
15	64284214	100338800	3	2	1	2
15	100338801	102531391	3	2	1	2
16	34053	83806	7	5	2	1
16	83807	18539954	7	5	2	2
16	18539955	30875760	7	5	2	2
16	30875761	31196586	8	4	4	2
16	31196587	33667500	7	5	2	2
16	33667501	34599999	7	5	2	2
16	34600000	38599999	NA	NA	NA	NA
16	38600000	46447499	7	5	2	1
16	46447500	47276634	8	6	2	2
16	47276635	47334727	11	9	2	2
16	47334728	47334822	11	9	2	2
16	47334823	47395607	11	9	2	2
16	47395608	47395853	11	9	2	1
16	47395854	47396773	11	9	2	1
16	47396774	47396788	11	9	2	1
16	47396789	47501713	11	9	2	1
16	47501714	48136811	11	9	2	1
16	48136812	48637455	8	6	2	2
16	48637456	48637727	9	7	2	2
16	48637728	48637978	9	7	2	2
16	48637979	48642168	9	7	2	2
16	48642169	48642435	9	7	2	1
16	48642436	48845684	6	4	2	2
16	48845685	48845993	6	4	2	2
16	48845994	48849385	6	4	2	2
16	48849386	48851610	4	2	2	2
16	48851611	48861601	4	2	2	1
16	48861602	48862007	4	2	2	2
16	48862008	48862154	4	2	2	1
16	48862155	48863625	4	2	2	2
16	48863626	49523082	4	2	2	2
16	49523083	49523113	4	2	2	2
16	49523114	49591117	4	2	2	2
16	49591118	49616081	2	2	0	2
16	49616082	49616644	3	3	0	1
16	49616645	49631910	4	2	2	2
16	49631911	88827200	2	2	0	2
16	88827201	90158005	2	2	0	2
17	21509	4240183	2	2	0	2
17	4240184	4240356	2	2	0	2
17	4240357	22199999	2	2	0	2
17	22200000	25799999	2	2	0	2
17	25800000	78774600	2	2	0	2
17	78774601	81195209	2	2	0	2
18	27500	15399999	2	1	1	3
18	15400000	18999999	2	1	1	3
18	19000000	51006111	2	1	1	3
18	51006112	76117000	2	1	1	3
18	76117001	78077247	2	1	1	3
19	102500	226775	3	2	1	2
19	226776	6418148	3	2	1	2
19	6418149	6592217	5	4	1	2
19	6592218	24399999	3	2	1	2
19	24400000	28599999	3	2	1	2
19	28600000	49413899	3	2	1	2
19	49413900	49427258	2	1	1	2
19	49427259	59128982	3	2	1	2
20	28565	25599999	5	3	2	2
20	25600000	29517175	NA	NA	NA	NA
20	29517176	62432500	5	3	2	2
21	1	10518713	NA	NA	NA	NA
21	10518714	10698072	NA	NA	NA	NA
21	10698073	10772925	NA	NA	NA	NA
21	10772926	10899999	4	2	2	2
21	10900000	14299999	4	2	2	2
21	14300000	46937500	4	2	2	2
21	46937501	48129894	4	2	2	2
22	1	12199999	3	3	0	1
22	12200000	17899999	3	3	0	2
22	17900000	29065857	3	3	0	2
22	29065858	29066171	5	3	2	2
22	29066172	49687500	2	2	0	2
22	49687501	51304565	2	2	0	2
X	1	58099999	4	3	1	2
X	58100000	62999999	4	3	1	2
X	63000000	63110194	4	3	1	2
X	63110195	67537030	6	5	1	2
X	67537031	70829202	4	3	1	2
X	70829203	94659833	3	2	1	2
X	94659834	94772480	2	1	1	2
X	94772481	154913600	3	2	1	2
