chromosome	start	end	total_cn	major_cn	minor_cn	star
1	1	840502	1	1	0	2
1	840503	1562932	1	1	0	1
1	1562933	1564704	2	2	0	1
1	1564705	20608959	2	2	0	3
1	20608960	20611353	2	2	0	2
1	20611354	20611382	2	2	0	2
1	20611383	20612151	2	2	0	2
1	20612152	22517678	2	2	0	3
1	22517679	22526022	2	2	0	2
1	22526023	22526620	2	2	0	2
1	22526621	22526909	2	2	0	2
1	22526910	23098290	2	2	0	3
1	23098291	24460412	4	2	2	2
1	24460413	33924217	2	2	0	3
1	33924218	33978003	4	2	2	2
1	33978004	34778974	2	2	0	3
1	34778975	35376460	4	2	2	3
1	35376461	35376490	4	2	2	2
1	35376491	36038369	4	2	2	3
1	36038370	36047841	4	2	2	2
1	36047842	38170598	2	2	0	3
1	38170599	38170944	2	2	0	2
1	38170945	40845353	2	2	0	3
1	40845354	40845812	2	2	0	2
1	40845813	40845840	4	2	2	1
1	40845841	43842091	4	2	2	3
1	43842092	43864428	4	2	2	1
1	43864429	44112485	3	3	0	1
1	44112486	65958963	4	2	2	3
1	65958964	66265040	2	2	0	2
1	66265041	71321768	4	2	2	3
1	71321769	71739259	2	2	0	3
1	71739260	97492885	4	2	2	3
1	97492886	97506057	4	2	2	2
1	97506058	120752039	4	2	2	3
1	120752040	128899999	NA	NA	NA	NA
1	128900000	142679201	5	3	2	1
1	142679202	142811938	9	6	3	1
1	142811939	143529938	4	2	2	2
1	143529939	150171175	5	3	2	2
1	150171176	150174109	5	3	2	2
1	150174110	198422955	5	3	2	2
1	198422956	198443663	5	3	2	2
1	198443664	213931361	5	3	2	2
1	213931362	213949475	5	3	2	2
1	213949476	235353574	5	3	2	2
1	235353575	235355417	3	2	1	1
1	235355418	240139663	5	3	2	2
1	240139664	240151540	5	3	2	1
1	240151541	242614967	5	3	2	2
1	242614968	242617449	5	3	2	2
1	242617450	247249600	5	3	2	2
1	247249601	249250620	5	3	2	2
2	55115	84572524	4	2	2	3
2	84572525	84583848	4	2	2	2
2	84583849	90499999	4	2	2	3
2	90500000	96799999	4	2	2	3
2	96800000	132189994	4	2	2	3
2	132189995	141398989	4	2	2	3
2	141398990	141743897	2	2	0	3
2	141743898	156847845	4	2	2	3
2	156847846	156854617	4	2	2	2
2	156854618	173298353	4	2	2	3
2	173298354	173299277	4	2	2	2
2	173299278	243199372	4	2	2	3
3	62226	87899999	4	2	2	3
3	87900000	93899999	4	2	2	3
3	93900000	152143107	4	2	2	3
3	152143108	152152560	4	2	2	2
3	152152561	197847500	4	2	2	3
4	27500	51445	5	4	1	1
4	51446	2635377	6	4	2	2
4	2635378	2637591	6	4	2	2
4	2637592	9406804	6	4	2	2
4	9406805	12505200	6	4	2	3
4	12505201	12515879	6	4	2	2
4	12515880	14490711	6	4	2	3
4	14490712	14505097	6	4	2	2
4	14505098	48199999	6	4	2	3
4	48200000	52710401	6	4	2	2
4	52710402	57240289	6	4	2	3
4	57240290	57241022	6	4	2	2
4	57241023	57507370	14	12	2	2
4	57507371	57526378	8	8	0	1
4	57526379	57539661	8	8	0	1
4	57539662	57550590	8	8	0	1
4	57550591	57782499	8	8	0	1
4	57782500	57921090	8	8	0	1
4	57921091	57922283	33	31	2	1
4	57922284	81468274	2	2	0	3
4	81468275	81475683	2	2	0	2
4	81475684	191154275	2	2	0	3
5	22500	341800	4	2	2	2
5	341801	1971800	4	2	2	2
5	1971801	43921223	4	2	2	2
5	43921224	43940417	4	2	2	2
5	43940418	46099999	4	2	2	2
5	46100000	50699999	4	2	2	2
5	50700000	56441774	4	2	2	2
5	56441775	56444331	4	2	2	2
5	56444332	104195349	4	2	2	2
5	104195350	104442519	2	2	0	3
5	104442520	180689978	4	2	2	3
6	39681	250403	4	2	2	2
6	250404	58699999	3	2	1	2
6	58700000	63299999	3	2	1	2
6	63300000	70418009	3	2	1	3
6	70418010	70418027	3	2	1	2
6	70418028	145831847	3	2	1	2
6	145831848	145847984	3	2	1	2
6	145847985	169404363	3	2	1	2
6	169404364	169439543	3	2	1	2
6	169439544	171115066	3	2	1	2
7	40386	3210013	5	3	2	2
7	3210014	10390695	4	2	2	2
7	10390696	10417415	4	2	2	2
7	10417416	57999999	4	2	2	2
7	58000000	61699999	4	2	2	2
7	61700000	76174025	4	2	2	2
7	76174026	86332614	4	2	2	2
7	86332615	86333819	4	2	2	2
7	86333820	92677196	4	2	2	2
7	92677197	92715410	2	2	0	2
7	92715411	158821400	4	2	2	3
8	10001	170011	2	2	0	2
8	170012	21225739	2	2	0	3
8	21225740	25135542	4	2	2	2
8	25135543	25875971	6	4	2	2
8	25875972	25985188	4	2	2	2
8	25985189	43099999	2	2	0	3
8	43100000	48099999	NA	NA	NA	NA
8	48100000	50952015	6	4	2	2
8	50952016	50953378	6	4	2	2
8	50953379	58650827	6	4	2	2
8	58650828	58671996	6	4	2	2
8	58671997	77405757	6	4	2	2
8	77405758	77409525	6	4	2	2
8	77409526	79071536	6	4	2	2
8	79071537	79096513	6	4	2	2
8	79096514	128086215	6	4	2	2
8	128086216	146364021	6	4	2	2
9	47500	153760	2	2	0	2
9	153761	31443477	2	2	0	2
9	31443478	41969025	4	2	2	2
9	41969026	47299999	4	2	2	3
9	47300000	50699999	4	2	2	2
9	50700000	71030092	4	2	2	2
9	71030093	75197049	4	2	2	2
9	75197050	79813867	6	4	2	2
9	79813868	79815248	6	4	2	2
9	79815249	91742290	6	4	2	2
9	91742291	91756099	6	4	2	2
9	91756100	140315015	6	4	2	2
10	130013	37999999	3	2	1	3
10	38000000	42299999	3	2	1	3
10	42300000	92308455	3	2	1	3
10	92308456	92368253	3	2	1	3
10	92368254	109490437	3	2	1	3
10	109490438	109532205	3	2	1	3
10	109532206	135389924	3	2	1	3
11	20721	198985	3	2	1	2
11	198986	24620018	3	2	1	3
11	24620019	24665454	4	2	2	2
11	24665455	26298949	3	2	1	3
11	26298950	39464001	4	2	2	3
11	39464002	42354915	5	3	2	3
11	42354916	42390385	5	3	2	2
11	42390386	44031797	5	3	2	3
11	44031798	44033909	5	3	2	2
11	44033910	51599999	5	3	2	3
11	51600000	55699999	5	3	2	3
11	55700000	58565334	5	3	2	3
11	58565335	58580302	5	3	2	3
11	58580303	81169810	5	3	2	2
11	81169811	81430160	5	3	2	2
11	81430161	81443752	5	3	2	2
11	81443753	134492301	5	3	2	2
12	22500	33299999	4	2	2	3
12	33300000	38199999	4	2	2	2
12	38200000	59667103	4	2	2	3
12	59667104	59693802	4	2	2	2
12	59693803	73236976	4	2	2	3
12	73236977	73247646	4	2	2	2
12	73247647	100469103	4	2	2	3
12	100469104	100476229	4	2	2	2
12	100476230	132349400	4	2	2	3
12	132349401	133851894	4	2	2	2
13	1	16299999	4	2	2	1
13	16300000	19499999	4	2	2	2
13	19500000	68730974	4	2	2	2
13	68730975	68753262	4	2	2	2
13	68753263	84036813	4	2	2	2
13	84036814	90345418	3	2	1	2
13	90345419	104439764	4	2	2	2
13	104439765	104459979	4	2	2	2
13	104459980	114142800	4	2	2	2
13	114142801	115169877	4	2	2	2
14	1	16099999	4	2	2	1
14	16100000	19099999	4	2	2	2
14	19100000	59220714	4	2	2	3
14	59220715	59220837	4	2	2	2
14	59220838	106368400	4	2	2	3
15	1	15799999	4	2	2	1
15	15800000	20699999	4	2	2	2
15	20700000	100338800	4	2	2	2
15	100338801	102367870	4	2	2	2
16	94168	2914657	1	1	0	2
16	2914658	10994082	2	2	0	3
16	10994083	13214324	1	1	0	3
16	13214325	34599999	2	2	0	3
16	34600000	38599999	2	2	0	2
16	38600000	63566744	2	2	0	2
16	63566745	81179946	4	2	2	2
16	81179947	88827200	4	2	2	2
16	88827201	90354752	3	2	1	2
17	7	18320431	2	2	0	3
17	18320432	22199999	2	2	0	3
17	22200000	25799999	NA	NA	NA	NA
17	25800000	29580011	4	2	2	2
17	29580012	32264476	3	2	1	3
17	32264477	32264696	3	2	1	2
17	32264697	44827485	3	2	1	3
17	44827486	59710320	3	2	1	3
17	59710321	59716192	3	2	1	3
17	59716193	78799310	3	2	1	3
17	78799311	81195209	3	2	1	2
18	27500	80030	4	2	2	2
18	80031	4885907	4	2	2	3
18	4885908	4893633	4	2	2	2
18	4893634	15399999	4	2	2	3
18	15400000	18999999	4	2	2	2
18	19000000	76117000	4	2	2	3
18	76117001	78077247	4	2	2	2
19	226776	14329949	2	2	0	2
19	14329950	14506869	5	4	1	1
19	14506870	16127549	5	3	2	2
19	16127550	17893553	6	4	2	2
19	17893554	18087249	5	3	2	2
19	18087250	24399999	5	3	2	2
19	24400000	28599999	NA	NA	NA	NA
19	28600000	42097002	5	3	2	1
19	42097003	42120632	6	4	2	1
19	42120633	43784587	5	3	2	2
19	43784588	59128982	5	3	2	2
20	17500	25599999	4	2	2	2
20	25600000	29437892	4	2	2	2
20	29437893	62432500	4	2	2	2
21	1	9417499	NA	NA	NA	NA
21	9417500	10899999	NA	NA	NA	NA
21	10900000	14447500	2	2	0	1
21	14447501	46937500	2	2	0	2
21	46937501	48129894	2	2	0	2
22	1	12199999	3	2	1	1
22	12200000	17899999	3	2	1	2
22	17900000	49687500	3	2	1	2
22	49687501	51304565	3	2	1	2
X	1	58099999	2	2	0	1
X	58100000	62999999	2	2	0	2
X	63000000	67590160	2	2	0	1
X	67590161	67591835	2	2	0	1
X	67591836	93871319	2	2	0	1
X	93871320	93890079	2	2	0	1
X	93890080	111809049	2	2	0	1
X	111809050	111817967	2	2	0	1
X	111817968	154943238	2	2	0	1
X	154943239	154951419	1	1	0	1
Y	1	11599999	1	1	0	1
Y	11600000	13399999	1	1	0	1
Y	13400000	59373565	1	1	0	1
