chromosome	start	end	total_cn	major_cn	minor_cn	star
1	1	121499999	2	1	1	3
1	121500000	128899999	2	1	1	2
1	128900000	146488601	2	1	1	3
1	146488602	147439601	4	3	1	2
1	147439602	148961801	2	1	1	2
1	148961802	149288058	1	1	0	2
1	149288059	149752001	2	2	0	1
1	149752002	185535172	4	3	1	2
1	185535173	187922566	2	1	1	2
1	187922567	188305393	4	3	1	2
1	188305394	188317540	5	4	1	2
1	188317541	194582601	4	3	1	2
1	194582602	199545818	2	1	1	2
1	199545819	203513893	4	3	1	2
1	203513894	207811230	6	3	3	2
1	207811231	223254201	4	3	1	2
1	223254202	246968092	2	1	1	2
1	246968093	246980897	2	1	1	1
1	246980898	247247500	2	1	1	2
1	247247501	249250620	2	1	1	3
2	13651	71918941	2	1	1	3
2	71918942	72030668	3	2	1	3
2	72030669	90499999	2	1	1	3
2	90500000	96799999	2	1	1	3
2	96800000	213188300	2	1	1	3
2	213188301	213357228	1	1	0	3
2	213357229	242985493	2	1	1	3
3	107445	87899999	2	1	1	3
3	87900000	93899999	2	1	1	3
3	93900000	197796280	2	1	1	3
4	69567	48199999	2	1	1	3
4	48200000	52699999	2	1	1	3
4	52700000	85848001	2	1	1	3
4	85848002	86250666	3	2	1	3
4	86250667	190737380	2	1	1	3
5	14676	18621695	4	3	1	2
5	18621696	27270544	2	1	1	2
5	27270545	29520002	4	3	1	2
5	29520003	46099999	2	1	1	3
5	46100000	50970543	2	1	1	3
5	50970544	50974158	2	1	1	3
5	50974159	180712500	2	1	1	3
6	39681	247367	4	3	1	2
6	247368	382211	4	3	1	2
6	382212	31361701	4	3	1	2
6	31361702	31457689	4	3	1	2
6	31457690	57269997	4	3	1	2
6	57269998	58087800	2	1	1	2
6	58087801	58699999	4	3	1	2
6	58700000	63299999	NA	NA	NA	NA
6	63300000	73729966	2	1	1	3
6	73729967	73811871	4	3	1	2
6	73811872	73864823	4	3	1	1
6	73864824	73905482	4	3	1	2
6	73905483	80317437	2	1	1	3
6	80317438	80352486	1	1	0	2
6	80352487	89066563	2	1	1	3
6	89066564	89104236	2	1	1	1
6	89104237	100088513	2	1	1	3
6	100088514	100206469	4	3	1	2
6	100206470	123389983	2	1	1	3
6	123389984	125582500	4	3	1	3
6	125582501	137259642	4	3	1	2
6	137259643	140845383	2	1	1	3
6	140845384	140953947	2	1	1	2
6	140953948	170897500	2	1	1	3
7	40386	14019996	3	2	1	2
7	14019997	14063448	5	3	2	2
7	14063449	57999999	3	2	1	2
7	58000000	61967601	NA	NA	NA	NA
7	61967602	158817500	4	2	2	2
8	10001	172499	3	2	1	3
8	172500	2155796	3	2	1	3
8	2155797	2155820	3	2	1	3
8	2155821	2382045	3	2	1	3
8	2382046	2713165	1	1	0	3
8	2713166	3534156	3	2	1	2
8	3534157	3665663	1	1	0	3
8	3665664	3774674	3	2	1	2
8	3774675	3902550	3	2	1	2
8	3902551	4126643	1	1	0	3
8	4126644	4312984	3	2	1	3
8	4312985	4353989	1	1	0	2
8	4353990	4716300	3	2	1	2
8	4716301	4717313	3	2	1	2
8	4717314	4837036	3	2	1	2
8	4837037	5019020	1	1	0	3
8	5019021	5420473	3	2	1	2
8	5420474	5422453	1	1	0	2
8	5422454	5692828	3	2	1	2
8	5692829	5693819	3	2	1	2
8	5693820	5877034	3	2	1	2
8	5877035	5877970	3	2	1	2
8	5877971	6092011	3	2	1	2
8	6092012	6092832	3	2	1	2
8	6092833	6489526	3	2	1	2
8	6489527	7243279	1	1	0	3
8	7243280	8376711	1	1	0	3
8	8376712	11557871	3	2	1	2
8	11557872	11566163	2	1	1	2
8	11566164	13323478	3	2	1	2
8	13323479	13333562	2	1	1	2
8	13333563	13374310	2	1	1	2
8	13374311	13490627	3	2	1	2
8	13490628	13509188	3	2	1	2
8	13509189	13510863	3	2	1	1
8	13510864	13571564	3	2	1	2
8	13571565	13572572	3	2	1	2
8	13572573	13700833	3	2	1	3
8	13700834	13702724	3	2	1	2
8	13702725	13807408	3	2	1	3
8	13807409	13808539	3	2	1	2
8	13808540	13889090	3	2	1	3
8	13889091	13892282	3	2	1	2
8	13892283	14230894	3	2	1	3
8	14230895	14377240	1	1	0	3
8	14377241	14485618	3	2	1	3
8	14485619	14608822	1	1	0	2
8	14608823	14652248	1	1	0	1
8	14652249	14715199	1	1	0	2
8	14715200	14735921	3	2	1	2
8	14735922	14736347	3	2	1	2
8	14736348	14777193	3	2	1	3
8	14777194	15130546	1	1	0	3
8	15130547	15315555	3	2	1	2
8	15315556	15315806	3	2	1	2
8	15315807	15474851	3	2	1	2
8	15474852	15504271	3	2	1	2
8	15504272	15588524	4	3	1	2
8	15588525	15757102	1	1	0	3
8	15757103	16078318	3	2	1	2
8	16078319	16131350	1	1	0	2
8	16131351	16137781	1	1	0	1
8	16137782	16350593	1	1	0	2
8	16350594	16533453	3	2	1	3
8	16533454	16537338	3	2	1	3
8	16537339	16559996	3	2	1	3
8	16559997	16561716	3	2	1	2
8	16561717	16697673	3	2	1	3
8	16697674	16813141	1	1	0	2
8	16813142	17102224	3	2	1	2
8	17102225	17102620	3	2	1	2
8	17102621	18025477	3	2	1	2
8	18025478	18502522	1	1	0	2
8	18502523	18612752	3	2	1	2
8	18612753	18613054	3	2	1	2
8	18613055	18672568	3	2	1	2
8	18672569	23931287	1	1	0	3
8	23931288	23972368	3	2	1	2
8	23972369	23974787	3	2	1	2
8	23974788	26185183	3	2	1	2
8	26185184	26185218	3	2	1	2
8	26185219	26284085	3	2	1	2
8	26284086	26284164	3	2	1	2
8	26284165	27053477	3	2	1	2
8	27053478	27652203	1	1	0	3
8	27652204	28061002	3	2	1	2
8	28061003	28061201	3	2	1	2
8	28061202	28760788	1	1	0	3
8	28760789	29759945	3	2	1	2
8	29759946	31084435	1	1	0	3
8	31084436	31187216	3	2	1	2
8	31187217	31187677	3	2	1	2
8	31187678	31353504	3	2	1	2
8	31353505	31355579	3	2	1	2
8	31355580	32459822	3	2	1	2
8	32459823	32460863	3	2	1	2
8	32460864	32625399	3	2	1	2
8	32625400	33880168	1	1	0	3
8	33880169	34109535	3	2	1	2
8	34109536	34223520	3	2	1	2
8	34223521	34224365	3	2	1	2
8	34224366	35094375	3	2	1	2
8	35094376	36455738	1	1	0	3
8	36455739	36504148	1	1	0	1
8	36504149	39230024	1	1	0	3
8	39230025	39394175	1	1	0	2
8	39394176	39404962	3	2	1	2
8	39404963	39406608	1	1	0	2
8	39406609	39481292	3	2	1	2
8	39481293	39483929	1	1	0	2
8	39483930	39488575	1	1	0	2
8	39488576	39576987	1	1	0	3
8	39576988	39645712	3	2	1	2
8	39645713	39870572	1	1	0	3
8	39870573	43099999	3	2	1	3
8	43100000	48099999	3	2	1	3
8	48100000	48107697	3	2	1	3
8	48107698	48107838	3	2	1	2
8	48107839	50037704	3	2	1	3
8	50037705	50037927	3	2	1	2
8	50037928	50074626	3	2	1	2
8	50074627	50082025	3	2	1	2
8	50082026	50105234	3	2	1	2
8	50105235	50107340	5	3	2	2
8	50107341	50416661	3	2	1	3
8	50416662	50417299	3	2	1	3
8	50417300	50610997	3	2	1	3
8	50610998	50611259	3	2	1	3
8	50611260	50678593	3	2	1	3
8	50678594	50867686	3	2	1	2
8	50867687	50951534	3	2	1	2
8	50951535	50951825	3	2	1	2
8	50951826	50957904	3	2	1	1
8	50957905	50971325	3	2	1	1
8	50971326	51025146	3	2	1	2
8	51025147	51251072	3	2	1	2
8	51251073	51254161	3	2	1	2
8	51254162	51446873	3	2	1	3
8	51446874	51515257	1	1	0	2
8	51515258	51835119	3	2	1	2
8	51835120	51837339	3	2	1	2
8	51837340	51912393	3	2	1	2
8	51912394	53362357	1	1	0	3
8	53362358	53379568	3	2	1	2
8	53379569	53627175	1	1	0	3
8	53627176	53793972	3	2	1	3
8	53793973	53823250	1	1	0	2
8	53823251	53828404	3	2	1	2
8	53828405	53830153	3	2	1	2
8	53830154	55638510	3	2	1	2
8	55638511	55647461	3	2	1	1
8	55647462	55804748	3	2	1	2
8	55804749	55805791	3	2	1	2
8	55805792	55976302	3	2	1	2
8	55976303	55976931	3	2	1	2
8	55976932	56411704	3	2	1	2
8	56411705	56602089	1	1	0	3
8	56602090	57344910	3	2	1	2
8	57344911	57357147	1	1	0	2
8	57357148	57727207	3	2	1	2
8	57727208	58299056	1	1	0	3
8	58299057	58370048	3	2	1	3
8	58370049	58370461	3	2	1	2
8	58370462	58491096	3	2	1	2
8	58491097	58522218	3	2	1	1
8	58522219	59005141	3	2	1	2
8	59005142	59218481	1	1	0	2
8	59218482	59741962	3	2	1	2
8	59741963	59742260	3	2	1	2
8	59742261	59842581	3	2	1	2
8	59842582	59844218	4	3	1	2
8	59844219	60499603	3	2	1	2
8	60499604	60500391	3	2	1	2
8	60500392	60684668	3	2	1	2
8	60684669	60686799	4	3	1	2
8	60686800	60841437	3	2	1	2
8	60841438	60842196	3	2	1	2
8	60842197	60854299	3	2	1	2
8	60854300	61022954	1	1	0	2
8	61022955	61077201	3	2	1	2
8	61077202	61947248	1	1	0	2
8	61947249	62840258	3	2	1	2
8	62840259	63199060	1	1	0	2
8	63199061	63280183	3	2	1	2
8	63280184	63571286	1	1	0	2
8	63571287	64088471	3	2	1	2
8	64088472	64088513	3	2	1	2
8	64088514	64371140	3	2	1	2
8	64371141	64531091	1	1	0	3
8	64531092	64595909	3	2	1	3
8	64595910	64801446	1	1	0	2
8	64801447	64844591	3	2	1	2
8	64844592	64964994	3	2	1	2
8	64964995	64974877	3	2	1	1
8	64974878	65043635	3	2	1	2
8	65043636	65044771	3	2	1	2
8	65044772	65238351	3	2	1	2
8	65238352	65238583	3	2	1	2
8	65238584	65306242	3	2	1	2
8	65306243	65537060	1	1	0	2
8	65537061	66017128	3	2	1	2
8	66017129	66120793	1	1	0	2
8	66120794	66313307	2	1	1	2
8	66313308	66313793	1	1	0	2
8	66313794	66314452	3	2	1	1
8	66314453	66315122	3	2	1	2
8	66315123	67424485	3	2	1	2
8	67424486	67424510	3	2	1	2
8	67424511	67424778	1	1	0	2
8	67424779	69028494	1	1	0	2
8	69028495	69035864	3	2	1	2
8	69035865	69035877	3	2	1	2
8	69035878	69155886	3	2	1	2
8	69155887	69156087	3	2	1	2
8	69156088	69460218	3	2	1	2
8	69460219	69754315	1	1	0	2
8	69754316	69989435	3	2	1	2
8	69989436	70082201	1	1	0	2
8	70082202	70085522	1	1	0	2
8	70085523	70085537	1	1	0	2
8	70085538	72661362	1	1	0	2
8	72661363	72898587	3	2	1	2
8	72898588	72899680	3	2	1	2
8	72899681	73286264	3	2	1	2
8	73286265	73286636	3	2	1	2
8	73286637	73391381	3	2	1	2
8	73391382	73802003	1	1	0	2
8	73802004	75445440	3	2	1	2
8	75445441	75445655	3	2	1	2
8	75445656	75449717	2	1	1	2
8	75449718	75450565	1	1	0	2
8	75450566	75673083	3	2	1	2
8	75673084	75674308	3	2	1	2
8	75674309	75713025	3	2	1	2
8	75713026	75855001	1	1	0	2
8	75855002	75993921	3	2	1	2
8	75993922	75996806	3	2	1	1
8	75996807	76026797	3	2	1	2
8	76026798	76027661	3	2	1	2
8	76027662	76052517	3	2	1	2
8	76052518	76069284	1	1	0	2
8	76069285	76076796	3	2	1	1
8	76076797	76077660	3	2	1	1
8	76077661	76133285	3	2	1	2
8	76133286	76133477	3	2	1	2
8	76133478	76217521	3	2	1	2
8	76217522	76220124	3	2	1	2
8	76220125	76420652	3	2	1	2
8	76420653	76905206	1	1	0	2
8	76905207	76914564	3	2	1	2
8	76914565	77041529	1	1	0	2
8	77041530	77294516	3	2	1	2
8	77294517	77295267	4	3	1	2
8	77295268	77311934	3	2	1	2
8	77311935	77314421	1	1	0	2
8	77314422	77436380	3	2	1	2
8	77436381	77439383	3	2	1	2
8	77439384	77591597	3	2	1	2
8	77591598	77596401	3	2	1	2
8	77596402	77795171	3	2	1	2
8	77795172	77807456	4	3	1	2
8	77807457	77863963	3	2	1	2
8	77863964	78110792	1	1	0	2
8	78110793	78196222	3	2	1	2
8	78196223	78393490	1	1	0	2
8	78393491	78393947	1	1	0	2
8	78393948	78456985	1	1	0	2
8	78456986	78492016	3	2	1	2
8	78492017	79033050	1	1	0	2
8	79033051	79106674	3	2	1	2
8	79106675	79169600	3	2	1	1
8	79169601	79344162	3	2	1	2
8	79344163	79344511	3	2	1	2
8	79344512	79381507	3	2	1	2
8	79381508	79543715	1	1	0	2
8	79543716	79569054	3	3	0	1
8	79569055	79569555	3	3	0	1
8	79569556	79703333	3	3	0	1
8	79703334	79705389	3	3	0	1
8	79705390	79771971	3	2	1	2
8	79771972	80456971	1	1	0	2
8	80456972	80886268	3	2	1	2
8	80886269	80886283	3	2	1	2
8	80886284	80886735	3	2	1	2
8	80886736	81701609	3	2	1	2
8	81701610	81702246	3	2	1	2
8	81702247	82156463	3	2	1	2
8	82156464	82156802	3	2	1	2
8	82156803	82525520	3	2	1	2
8	82525521	82525813	3	2	1	2
8	82525814	82905342	3	2	1	2
8	82905343	82905439	3	2	1	2
8	82905440	82955316	3	2	1	2
8	82955317	82977834	1	1	0	2
8	82977835	83166429	3	2	1	2
8	83166430	83478477	1	1	0	2
8	83478478	83537691	3	2	1	3
8	83537692	83563407	1	1	0	2
8	83563408	83574225	3	2	1	2
8	83574226	83576099	3	2	1	2
8	83576100	83612969	3	2	1	3
8	83612970	83613803	3	2	1	2
8	83613804	83639852	3	2	1	2
8	83639853	84324531	1	1	0	3
8	84324532	84375137	3	2	1	2
8	84375138	84375326	3	2	1	1
8	84375327	84375528	3	2	1	1
8	84375529	84384634	1	1	0	2
8	84384635	84410716	3	2	1	3
8	84410717	84414556	3	2	1	1
8	84414557	84499541	3	2	1	3
8	84499542	84502491	3	2	1	2
8	84502492	84549156	3	2	1	2
8	84549157	84551593	3	2	1	2
8	84551594	84567852	3	2	1	3
8	84567853	84570543	3	2	1	1
8	84570544	84583910	3	2	1	3
8	84583911	84588003	3	2	1	2
8	84588004	84692423	3	2	1	3
8	84692424	84694657	3	2	1	2
8	84694658	84746569	3	2	1	2
8	84746570	84775849	3	2	1	3
8	84775850	84804373	3	2	1	2
8	84804374	84806616	5	3	2	2
8	84806617	84833661	3	2	1	3
8	84833662	84862112	3	2	1	2
8	84862113	84863823	3	2	1	2
8	84863824	84924408	2	1	1	2
8	84924409	85063470	3	2	1	2
8	85063471	85065878	3	2	1	2
8	85065879	85213915	3	2	1	2
8	85213916	85216231	3	2	1	1
8	85216232	85329688	3	2	1	2
8	85329689	85359582	3	2	1	2
8	85359583	85360523	3	2	1	2
8	85360524	85429427	3	2	1	2
8	85429428	85432177	1	1	0	2
8	85432178	85504459	3	2	1	2
8	85504460	85506205	3	2	1	2
8	85506206	85638094	3	2	1	2
8	85638095	85639819	3	2	1	2
8	85639820	85670435	3	2	1	2
8	85670436	85757102	1	1	0	2
8	85757103	85804376	3	2	1	2
8	85804377	85805467	2	1	1	2
8	85805468	85993034	3	2	1	2
8	85993035	85993437	3	2	1	2
8	85993438	86427626	3	2	1	2
8	86427627	86428320	3	2	1	2
8	86428321	87503180	3	2	1	2
8	87503181	87822971	1	1	0	2
8	87822972	87890845	3	2	1	2
8	87890846	87891888	3	2	1	2
8	87891889	88001814	3	2	1	2
8	88001815	88001967	3	2	1	2
8	88001968	88012585	3	2	1	2
8	88012586	88012621	3	2	1	2
8	88012622	88217237	3	2	1	3
8	88217238	88446801	1	1	0	2
8	88446802	88462523	1	1	0	2
8	88462524	88494635	3	2	1	2
8	88494636	88503976	1	1	0	1
8	88503977	88546978	1	1	0	2
8	88546979	88632587	3	2	1	2
8	88632588	88634099	3	2	1	1
8	88634100	88729665	3	2	1	2
8	88729666	88730117	3	2	1	2
8	88730118	88787584	1	1	0	2
8	88787585	88864761	3	2	1	2
8	88864762	88950746	1	1	0	2
8	88950747	89003665	3	2	1	2
8	89003666	89097708	3	2	1	3
8	89097709	89179334	3	2	1	2
8	89179335	89355150	3	2	1	2
8	89355151	89356376	3	2	1	2
8	89356377	89416939	3	2	1	2
8	89416940	89418643	3	2	1	2
8	89418644	89521960	3	2	1	2
8	89521961	89524322	3	2	1	2
8	89524323	89732722	3	2	1	2
8	89732723	89736069	3	2	1	2
8	89736070	90081602	3	2	1	2
8	90081603	90081644	3	2	1	1
8	90081645	90146824	1	1	0	2
8	90146825	90199090	3	2	1	2
8	90199091	90283764	1	1	0	2
8	90283765	91072762	3	2	1	2
8	91072763	91512031	1	1	0	2
8	91512032	91628428	3	2	1	2
8	91628429	91629537	3	2	1	2
8	91629538	91629583	3	2	1	2
8	91629584	91837725	3	2	1	2
8	91837726	91837872	3	2	1	2
8	91837873	92392115	3	2	1	2
8	92392116	92393114	3	2	1	2
8	92393115	92393140	3	2	1	2
8	92393141	92421142	3	2	1	2
8	92421143	92588817	3	2	1	1
8	92588818	92924821	3	2	1	2
8	92924822	92932541	3	2	1	2
8	92932542	93403985	3	2	1	2
8	93403986	93404094	3	2	1	2
8	93404095	93561073	3	2	1	2
8	93561074	93563084	3	2	1	2
8	93563085	93780730	3	2	1	2
8	93780731	93913255	3	2	1	2
8	93913256	93917951	3	2	1	2
8	93917952	94173570	3	2	1	2
8	94173571	94173896	3	2	1	2
8	94173897	94180943	3	2	1	2
8	94180944	94184770	3	2	1	2
8	94184771	94425965	3	2	1	2
8	94425966	94426025	3	2	1	2
8	94426026	94463276	3	2	1	2
8	94463277	94463632	3	2	1	2
8	94463633	95429924	3	2	1	2
8	95429925	95448073	4	3	1	2
8	95448074	96967940	3	2	1	2
8	96967941	96969613	3	2	1	2
8	96969614	96972244	3	2	1	2
8	96972245	96974109	3	2	1	2
8	96974110	97639432	3	2	1	2
8	97639433	97640726	3	2	1	2
8	97640727	97748677	3	2	1	2
8	97748678	97749008	3	2	1	2
8	97749009	97912914	3	2	1	2
8	97912915	97913067	3	2	1	2
8	97913068	98489953	3	2	1	2
8	98489954	98491228	3	2	1	2
8	98491229	100004251	3	2	1	2
8	100004252	100004289	3	2	1	2
8	100004290	100222943	3	2	1	2
8	100222944	100253745	1	1	0	2
8	100253746	100303745	1	1	0	2
8	100303746	100365736	3	2	1	2
8	100365737	100366610	3	2	1	2
8	100366611	100419239	3	2	1	2
8	100419240	100520671	3	2	1	2
8	100520672	100564101	1	1	0	3
8	100564102	100581191	3	2	1	2
8	100581192	100582397	2	1	1	2
8	100582398	100715362	3	2	1	2
8	100715363	102156355	1	1	0	2
8	102156356	102215159	3	2	1	3
8	102215160	102215641	3	2	1	2
8	102215642	102586755	3	2	1	3
8	102586756	102594734	3	2	1	1
8	102594735	104649927	3	2	1	2
8	104649928	104650753	3	2	1	1
8	104650754	104651015	3	2	1	1
8	104651016	104652837	3	2	1	2
8	104652838	104899953	3	2	1	2
8	104899954	104905899	4	3	1	2
8	104905900	105083750	3	2	1	2
8	105083751	105373082	1	1	0	2
8	105373083	105826726	3	2	1	2
8	105826727	106215600	1	1	0	2
8	106215601	106351908	3	2	1	2
8	106351909	106523951	1	1	0	2
8	106523952	106524153	1	1	0	2
8	106524154	106525109	1	1	0	2
8	106525110	106680392	3	2	1	2
8	106680393	106845050	3	2	1	2
8	106845051	106845375	3	2	1	2
8	106845376	106877078	3	2	1	2
8	106877079	106877242	3	2	1	2
8	106877243	106991248	3	2	1	2
8	106991249	106993701	3	2	1	2
8	106993702	107007777	3	2	1	2
8	107007778	107009081	2	1	1	2
8	107009082	107060550	3	2	1	2
8	107060551	107061062	3	2	1	2
8	107061063	107194436	3	2	1	2
8	107194437	107194895	3	2	1	2
8	107194896	107195007	3	2	1	1
8	107195008	107497733	1	1	0	2
8	107497734	108639790	3	2	1	2
8	108639791	108640640	3	2	1	3
8	108640641	108701976	3	2	1	2
8	108701977	108708941	5	3	2	2
8	108708942	109200708	3	2	1	2
8	109200709	109558761	1	1	0	2
8	109558762	110941738	3	2	1	2
8	110941739	111025463	1	1	0	2
8	111025464	111076822	3	2	1	2
8	111076823	111082839	1	1	0	2
8	111082840	111189995	3	2	1	2
8	111189996	111192639	3	2	1	2
8	111192640	111290662	3	2	1	2
8	111290663	111310699	1	1	0	2
8	111310700	111405647	3	2	1	2
8	111405648	111406786	3	2	1	1
8	111406787	111453549	3	2	1	2
8	111453550	111526897	1	1	0	2
8	111526898	111537314	3	2	1	1
8	111537315	111540863	3	2	1	2
8	111540864	111553757	3	2	1	2
8	111553758	111555257	3	2	1	2
8	111555258	111575685	3	2	1	2
8	111575686	111577611	3	2	1	2
8	111577612	111656328	3	2	1	2
8	111656329	111656652	3	2	1	2
8	111656653	111696419	3	2	1	2
8	111696420	111696649	3	2	1	2
8	111696650	111699697	3	2	1	2
8	111699698	111701492	3	2	1	1
8	111701493	111836434	3	2	1	2
8	111836435	111840047	3	2	1	1
8	111840048	111850048	3	2	1	2
8	111850049	112007247	3	2	1	2
8	112007248	112056550	1	1	0	2
8	112056551	112123055	1	1	0	2
8	112123056	112251831	3	2	1	2
8	112251832	112255358	3	2	1	2
8	112255359	112266188	3	2	1	2
8	112266189	112270944	3	2	1	1
8	112270945	112318045	3	2	1	2
8	112318046	112408211	1	1	0	2
8	112408212	112417998	3	2	1	2
8	112417999	112419246	3	2	1	2
8	112419247	112788131	3	2	1	2
8	112788132	112793340	3	2	1	1
8	112793341	113089885	3	2	1	3
8	113089886	113093079	3	2	1	3
8	113093080	113169985	3	2	1	2
8	113169986	113170313	3	2	1	2
8	113170314	113240680	3	2	1	3
8	113240681	113244043	3	2	1	2
8	113244044	113288596	3	2	1	2
8	113288597	113298809	3	2	1	1
8	113298810	113298917	3	2	1	2
8	113298918	113369903	3	2	1	2
8	113369904	113369935	3	2	1	2
8	113369936	113386009	1	1	0	2
8	113386010	113528360	3	2	1	2
8	113528361	113529821	3	2	1	2
8	113529822	113571355	3	2	1	2
8	113571356	113721381	1	1	0	2
8	113721382	113801834	3	2	1	2
8	113801835	113806706	3	2	1	1
8	113806707	113925211	3	2	1	2
8	113925212	113948105	1	1	0	2
8	113948106	113994677	3	2	1	3
8	113994678	114085643	1	1	0	2
8	114085644	114262668	3	2	1	2
8	114262669	114266646	3	2	1	2
8	114266647	114337754	3	2	1	2
8	114337755	114339364	3	2	1	2
8	114339365	114442494	3	2	1	2
8	114442495	114444280	3	2	1	2
8	114444281	114502564	3	2	1	2
8	114502565	114503468	3	2	1	2
8	114503469	114959517	3	2	1	2
8	114959518	115024206	1	1	0	2
8	115024207	115139261	3	2	1	2
8	115139262	115139687	3	2	1	2
8	115139688	115139703	2	1	1	2
8	115139704	115139943	2	1	1	2
8	115139944	115146806	3	2	1	1
8	115146807	115278183	3	2	1	2
8	115278184	115284151	3	2	1	2
8	115284152	115325627	3	2	1	2
8	115325628	115326229	1	1	0	2
8	115326230	115328558	1	1	0	2
8	115328559	115379162	1	1	0	2
8	115379163	115531927	3	2	1	2
8	115531928	115536177	4	3	1	2
8	115536178	115578766	3	2	1	2
8	115578767	115584788	3	2	1	2
8	115584789	115745348	3	2	1	2
8	115745349	115815804	3	2	1	2
8	115815805	115823486	1	1	0	2
8	115823487	115921321	3	2	1	2
8	115921322	116032613	1	1	0	2
8	116032614	116133255	3	2	1	2
8	116133256	116141645	3	2	1	2
8	116141646	116364100	3	2	1	2
8	116364101	116365158	3	2	1	1
8	116365159	116486943	3	2	1	2
8	116486944	116586563	1	1	0	2
8	116586564	116641117	3	2	1	2
8	116641118	116645128	1	1	0	2
8	116645129	116645522	1	1	0	2
8	116645523	116840876	1	1	0	2
8	116840877	116928032	3	2	1	2
8	116928033	116931480	3	2	1	2
8	116931481	117377312	3	2	1	2
8	117377313	117681336	1	1	0	2
8	117681337	117943490	3	2	1	2
8	117943491	117944357	3	2	1	2
8	117944358	118120126	3	2	1	2
8	118120127	118120177	3	2	1	2
8	118120178	118120948	3	2	1	2
8	118120949	118151186	3	2	1	2
8	118151187	118153042	3	2	1	2
8	118153043	119069463	3	2	1	2
8	119069464	119069576	3	2	1	2
8	119069577	119116521	3	2	1	2
8	119116522	119118147	3	2	1	2
8	119118148	119192345	3	2	1	2
8	119192346	119193157	3	2	1	2
8	119193158	119300863	3	2	1	2
8	119300864	119301595	3	2	1	2
8	119301596	119972094	3	2	1	2
8	119972095	119976339	3	2	1	2
8	119976340	120243408	3	2	1	2
8	120243409	120260236	3	2	1	2
8	120260237	120923448	3	2	1	2
8	120923449	120923711	3	2	1	2
8	120923712	121138516	3	2	1	2
8	121138517	121325597	3	2	1	2
8	121325598	122152491	1	1	0	2
8	122152492	122314806	3	2	1	2
8	122314807	122407149	1	1	0	2
8	122407150	122557138	3	2	1	2
8	122557139	122563861	3	2	1	2
8	122563862	122616900	3	2	1	2
8	122616901	122618128	3	2	1	2
8	122618129	122726171	3	2	1	2
8	122726172	122726361	3	2	1	2
8	122726362	122740005	1	1	0	1
8	122740006	122757164	1	1	0	2
8	122757165	122767723	1	1	0	1
8	122767724	122768748	1	1	0	2
8	122768749	122870816	3	2	1	2
8	122870817	123014907	1	1	0	2
8	123014908	123165640	2	1	1	2
8	123165641	123166478	2	1	1	2
8	123166479	123295004	3	2	1	2
8	123295005	123297309	3	2	1	2
8	123297310	123324940	3	2	1	2
8	123324941	123325436	3	2	1	2
8	123325437	123647150	3	2	1	2
8	123647151	123652992	3	2	1	2
8	123652993	125329321	3	2	1	2
8	125329322	126290855	1	1	0	2
8	126290856	128676708	3	2	1	2
8	128676709	129237460	3	2	1	2
8	129237461	129741645	1	1	0	2
8	129741646	129986211	3	2	1	2
8	129986212	129987301	3	2	1	2
8	129987302	130021430	3	2	1	3
8	130021431	130021999	3	2	1	1
8	130022000	130439982	3	2	1	2
8	130439983	130490603	1	1	0	2
8	130490604	132164252	3	2	1	2
8	132164253	132164638	3	2	1	2
8	132164639	132320791	3	2	1	2
8	132320792	132321650	3	2	1	2
8	132321651	132432200	3	2	1	2
8	132432201	132435150	3	2	1	2
8	132435151	134968790	3	2	1	2
8	134968791	136894972	1	1	0	2
8	136894973	136930309	3	2	1	1
8	136930310	136930788	3	2	1	2
8	136930789	137264441	3	2	1	2
8	137264442	137762865	1	1	0	2
8	137762866	137985802	3	2	1	2
8	137985803	137992552	4	3	1	2
8	137992553	138014180	3	2	1	2
8	138014181	138025937	1	1	0	2
8	138025938	138045679	3	2	1	2
8	138045680	138216476	1	1	0	2
8	138216477	138255750	3	2	1	2
8	138255751	138304773	3	2	1	2
8	138304774	138305749	3	2	1	2
8	138305750	138382984	3	2	1	2
8	138382985	138383658	3	2	1	2
8	138383659	138694117	3	2	1	2
8	138694118	139001821	1	1	0	2
8	139001822	141871727	3	2	1	2
8	141871728	141872118	2	1	1	2
8	141872119	142173339	3	2	1	2
8	142173340	142175859	3	2	1	2
8	142175860	146364021	3	2	1	2
9	47500	161471	2	1	1	2
9	161472	7369956	2	1	1	2
9	7369957	7817202	3	2	1	2
9	7817203	39118258	2	1	1	3
9	39118259	47299999	2	1	1	2
9	47300000	50699999	2	1	1	2
9	50700000	67690222	2	1	1	2
9	67690223	140267500	2	1	1	3
9	140267501	141031991	2	1	1	3
10	107129	14987439	2	1	1	3
10	14987440	15071364	2	1	1	2
10	15071365	37999999	2	1	1	3
10	38000000	42299999	2	1	1	3
10	42300000	135389924	2	1	1	3
11	20721	199255	2	1	1	2
11	199256	51599999	2	1	1	3
11	51600000	55699999	2	1	1	3
11	55700000	134452200	2	1	1	3
12	110107	33299999	2	1	1	3
12	33300000	38199999	2	1	1	3
12	38200000	132349400	2	1	1	3
12	132349401	133851894	2	1	1	3
13	1	16299999	2	1	1	1
13	16300000	19499999	2	1	1	2
13	19500000	114045301	2	1	1	3
13	114045302	114046591	2	1	1	2
13	114046592	114135582	2	1	1	2
13	114135583	114972321	1	1	0	2
13	114972322	115010908	2	1	1	3
14	1	16099999	4	3	1	1
14	16100000	19099999	4	3	1	2
14	19100000	19427257	4	3	1	2
14	19427258	20438078	3	2	1	1
14	20438079	48887245	4	3	1	3
14	48887246	74474738	2	1	1	3
14	74474739	106396809	4	3	1	3
15	1	15799999	2	1	1	1
15	15800000	20699999	2	1	1	2
15	20700000	100338800	2	1	1	3
15	100338801	102531391	2	1	1	3
16	84170	34599999	2	1	1	3
16	34600000	38599999	2	1	1	3
16	38600000	46459931	2	1	1	2
16	46459932	49388043	3	2	1	2
16	49388044	49388691	3	2	1	2
16	49388692	88869457	1	1	0	3
16	88869458	90107738	1	1	0	3
17	1867	4699625	2	1	1	2
17	4699626	4852688	2	1	1	1
17	4852689	22199999	2	1	1	3
17	22200000	25799999	2	1	1	3
17	25800000	78774600	2	1	1	3
17	78774601	81195209	2	1	1	3
18	27500	136740	2	1	1	2
18	136741	15399999	2	1	1	3
18	15400000	18999999	2	1	1	3
18	19000000	76117000	2	1	1	3
18	76117001	78077247	2	1	1	3
19	102500	271071	1	1	0	2
19	271072	9518543	1	1	0	2
19	9518544	24377499	1	1	0	2
19	24377500	24399999	1	1	0	2
19	24400000	28599999	1	1	0	2
19	28600000	29842500	1	1	0	2
19	29842501	30252197	1	1	0	2
19	30252198	33676193	1	1	0	2
19	33676194	38774804	1	1	0	2
19	38774805	59039998	1	1	0	3
20	17500	25599999	2	1	1	3
20	25600000	29399999	2	1	1	3
20	29400000	62432500	2	1	1	3
21	1	10899999	NA	NA	NA	NA
21	10900000	14299999	2	1	1	2
21	14300000	46937500	2	1	1	3
21	46937501	48129894	2	1	1	2
22	1	12199999	2	1	1	1
22	12200000	17899999	2	1	1	2
22	17900000	49687500	2	1	1	2
22	49687501	51304565	2	1	1	3
X	1	58099999	1	1	0	3
X	58100000	62999999	1	1	0	3
X	63000000	87195527	1	1	0	3
X	87195528	91843406	3	3	0	3
X	91843407	155270559	1	1	0	3
Y	1	11599999	1	1	0	1
Y	11600000	13399999	1	1	0	1
Y	13400000	59373565	1	1	0	1
