chromosome	start	end	total_cn	major_cn	minor_cn	star
1	10001	6669962	2	1	1	3
1	6669963	11074728	2	1	1	3
1	11074729	22128189	2	1	1	2
1	22128190	32040043	2	1	1	2
1	32040044	32649998	2	1	1	2
1	32649999	36750143	2	1	1	2
1	36750144	39749951	2	1	1	2
1	39749952	39970051	4	2	2	1
1	39970052	46461916	2	1	1	2
1	46461917	46550232	2	1	1	2
1	46550233	109850078	2	1	1	3
1	109850079	111749859	2	1	1	2
1	111749860	111894948	2	1	1	2
1	111894949	115176640	2	1	1	2
1	115176641	121499999	2	1	1	2
1	121500000	128899999	2	1	1	2
1	128900000	149926392	2	1	1	2
1	149926393	153618055	2	1	1	2
1	153618056	155169625	2	1	1	2
1	155169626	155302231	4	2	2	2
1	155302232	159025468	2	1	1	2
1	159025469	160110074	2	1	1	2
1	160110075	160329898	2	1	1	2
1	160329899	161010342	2	1	1	2
1	161010343	169498359	2	1	1	3
1	169498360	183506612	2	1	1	2
1	183506613	186300451	2	1	1	2
1	186300452	186350000	4	2	2	2
1	186350001	197119941	2	1	1	3
1	197119942	201205015	2	1	1	2
1	201205016	203200002	2	1	1	2
1	203200003	247247500	2	1	1	3
1	247247501	249250620	2	1	1	2
2	28722	21219972	2	1	1	3
2	21219973	25034942	2	1	1	2
2	25034943	27832500	2	1	1	2
2	27832501	43942500	2	1	1	3
2	43942501	54181462	2	1	1	3
2	54181463	54885369	2	1	1	2
2	54885370	54899962	2	1	1	2
2	54899963	61728836	2	1	1	3
2	61728837	74790003	2	1	1	2
2	74790004	85790931	2	1	1	3
2	85790932	90499999	2	1	1	2
2	90500000	96799999	2	1	1	2
2	96800000	152310042	2	1	1	3
2	152310043	152594205	4	2	2	2
2	152594206	170139988	2	1	1	3
2	170139989	174240009	2	1	1	3
2	174240010	179389981	2	1	1	3
2	179389982	179669931	10	5	5	2
2	179669932	189918666	2	1	1	3
2	189918667	190381780	2	1	1	2
2	190381781	202587796	2	1	1	3
2	202587797	219593349	2	1	1	3
2	219593350	220119995	2	1	1	2
2	220119996	228100054	2	1	1	3
2	228100055	232279996	2	1	1	3
2	232279997	234640014	2	1	1	2
2	234640015	242984321	2	1	1	2
3	62226	9520019	2	1	1	3
3	9520020	9841288	2	1	1	2
3	9841289	39135968	2	1	1	3
3	39135969	48413368	2	1	1	2
3	48413369	52400043	2	1	1	2
3	52400044	53919965	2	1	1	2
3	53919966	56606161	2	1	1	3
3	56606162	56679985	2	1	1	2
3	56679986	87899999	2	1	1	3
3	87900000	93899999	2	1	1	2
3	93900000	100570068	2	1	1	3
3	100570069	113007524	2	1	1	3
3	113007525	130121067	2	1	1	2
3	130121068	130165005	4	2	2	2
3	130165006	151065612	2	1	1	3
3	151065613	151179442	4	2	2	2
3	151179443	197847500	2	1	1	3
4	27500	13645022	2	1	1	3
4	13645023	25714425	2	1	1	3
4	25714426	39436774	2	1	1	3
4	39436775	40783513	2	1	1	2
4	40783514	48199999	2	1	1	3
4	48200000	52699999	2	1	1	2
4	52700000	104070018	2	1	1	3
4	104070019	106193333	2	1	1	2
4	106193334	122719198	2	1	1	3
4	122719199	154499878	2	1	1	3
4	154499879	154650858	2	1	1	2
4	154650859	187029564	2	1	1	3
4	187029565	187210014	2	1	1	2
4	187210015	187515466	2	1	1	2
4	187515467	187589982	2	1	1	2
4	187589983	190749943	2	1	1	2
5	11446	35090002	2	1	1	3
5	35090003	36997615	2	1	1	2
5	36997616	38984796	2	1	1	2
5	38984797	40880008	2	1	1	3
5	40880009	46099999	2	1	1	3
5	46100000	50699999	2	1	1	2
5	50700000	56163094	2	1	1	3
5	56163095	95769996	2	1	1	3
5	95769997	96523920	2	1	1	2
5	96523921	127637634	2	1	1	3
5	127637635	139819992	2	1	1	2
5	139819993	140123597	2	1	1	2
5	140123598	140192002	2	1	1	2
5	140192003	140550007	2	1	1	2
5	140550008	140580001	2	1	1	2
5	140580002	140691212	2	1	1	2
5	140691213	140920009	6	3	3	1
5	140920010	147026041	2	1	1	3
5	147026042	178389993	2	1	1	3
5	178389994	180689978	2	1	1	2
6	212500	28202499	2	1	1	3
6	28202500	28292499	2	1	1	2
6	28292500	30320007	2	1	1	2
6	30320008	30644869	2	1	1	2
6	30644870	31541918	2	1	1	2
6	31541919	32068082	2	1	1	2
6	32068083	42824999	2	1	1	2
6	42825000	43200710	2	1	1	2
6	43200711	43472352	2	1	1	2
6	43472353	44285090	2	1	1	2
6	44285091	56320032	2	1	1	3
6	56320033	58699999	2	1	1	2
6	58700000	63299999	2	1	1	2
6	63300000	71008669	2	1	1	3
6	71008670	83859989	2	1	1	3
6	83859990	90362499	2	1	1	3
6	90362500	90614951	2	1	1	2
6	90614952	109758990	2	1	1	3
6	109758991	117734266	2	1	1	3
6	117734267	152494484	2	1	1	3
6	152494485	152852353	2	1	1	2
6	152852354	158529996	2	1	1	3
6	158529997	160244107	2	1	1	2
6	160244108	170905605	2	1	1	3
7	46239	6180005	2	1	1	2
7	6180006	21795501	2	1	1	3
7	21795502	21960013	2	1	1	2
7	21960014	43904937	2	1	1	3
7	43904938	44584670	2	1	1	2
7	44584671	57999999	2	1	1	3
7	58000000	61699999	2	1	1	3
7	61700000	72398014	2	1	1	2
7	72398015	76125801	2	1	1	3
7	76125802	100040127	2	1	1	3
7	100040128	101838202	2	1	1	2
7	101838203	107829248	2	1	1	2
7	107829249	128846327	2	1	1	3
7	128846328	128861074	2	1	1	2
7	128861075	129903893	2	1	1	3
7	129903894	142559983	2	1	1	3
7	142559984	150940018	2	1	1	2
7	150940019	152037800	2	1	1	2
7	152037801	156767196	2	1	1	3
7	156767197	158817500	2	1	1	3
8	10001	172499	2	1	1	2
8	172500	21860006	2	1	1	3
8	21860007	21872327	2	1	1	3
8	21872328	22415160	2	1	1	2
8	22415161	27469976	2	1	1	2
8	27469977	41840042	2	1	1	3
8	41840043	43099999	2	1	1	3
8	43100000	48731585	2	1	1	2
8	48731586	95504223	2	1	1	3
8	95504224	95565272	2	1	1	2
8	95565273	103219749	2	1	1	3
8	103219750	145021111	2	1	1	3
8	145021112	146364021	2	1	1	2
9	10001	19383813	2	1	1	3
9	19383814	32509902	2	1	1	3
9	32509903	33464871	2	1	1	2
9	33464872	34670010	2	1	1	2
9	34670011	34977500	2	1	1	3
9	34977501	35115373	4	2	2	2
9	35115374	35559368	2	1	1	2
9	35559369	35809986	2	1	1	2
9	35809987	47299999	2	1	1	2
9	47300000	50699999	2	1	1	2
9	50700000	107555344	2	1	1	3
9	107555345	107634640	2	1	1	2
9	107634641	111627499	2	1	1	3
9	111627500	111718073	2	1	1	2
9	111718074	131349939	2	1	1	2
9	131349940	139270040	2	1	1	2
9	139270041	140267500	2	1	1	2
10	95353	32110015	2	1	1	3
10	32110016	37999999	2	1	1	2
10	38000000	42299999	2	1	1	2
10	42300000	64984975	2	1	1	3
10	64984976	75419091	2	1	1	3
10	75419092	90622355	2	1	1	3
10	90622356	129851963	2	1	1	2
10	129851964	135235890	2	1	1	3
10	135235891	135389924	2	1	1	2
11	20721	208817	3	2	1	1
11	208818	6270021	2	1	1	2
11	6270022	6434149	2	1	1	2
11	6434150	8659909	2	1	1	2
11	8659910	10777848	2	1	1	2
11	10777849	10805062	2	1	1	1
11	10805063	18340023	2	1	1	2
11	18340024	47205945	2	1	1	3
11	47205946	51599999	2	1	1	2
11	51600000	55699999	2	1	1	2
11	55700000	62595385	2	1	1	2
11	62595386	62769934	2	1	1	2
11	62769935	85211666	2	1	1	2
11	85211667	118765261	2	1	1	3
11	118765262	119021782	2	1	1	2
11	119021783	134452200	2	1	1	2
12	110107	6597453	2	1	1	2
12	6597454	6669984	4	2	2	2
12	6669985	6915121	2	1	1	2
12	6915122	9253894	2	1	1	2
12	9253895	9360107	2	1	1	2
12	9360108	33299999	2	1	1	3
12	33300000	38199999	2	1	1	2
12	38200000	40917369	2	1	1	3
12	40917370	40969995	5	3	2	1
12	40969996	57614957	2	1	1	2
12	57614958	58070013	2	1	1	2
12	58070014	108909982	2	1	1	3
12	108909983	109005037	2	1	1	2
12	109005038	123186653	2	1	1	3
12	123186654	123200475	2	1	1	3
12	123200476	132390070	2	1	1	3
12	132390071	133212001	2	1	1	2
12	133212002	133368069	2	1	1	2
13	1	16299999	2	1	1	1
13	16300000	19499999	2	1	1	2
13	19500000	46538367	2	1	1	3
13	46538368	99398756	2	1	1	3
13	99398757	114142800	2	1	1	3
13	114142801	115169877	2	1	1	2
14	1	16099999	2	1	1	1
14	16100000	19099999	2	1	1	2
14	19100000	23243116	2	1	1	2
14	23243117	23772683	2	1	1	2
14	23772684	24484759	2	1	1	2
14	24484760	24919996	4	2	2	1
14	24919997	60591828	2	1	1	3
14	60591829	60639955	2	1	1	2
14	60639956	64394876	2	1	1	3
14	64394877	74394534	2	1	1	2
14	74394535	88890088	2	1	1	3
14	88890089	106318400	2	1	1	3
14	106318401	107349539	2	1	1	2
15	1	15799999	2	1	1	1
15	15800000	20699999	2	1	1	2
15	20700000	28524537	2	1	1	3
15	28524538	34160012	2	1	1	3
15	34160013	40689978	2	1	1	2
15	40689979	41845972	2	1	1	2
15	41845973	42131207	2	1	1	2
15	42131208	42700022	2	1	1	2
15	42700023	43776453	2	1	1	2
15	43776454	44086769	2	1	1	2
15	44086770	45358846	2	1	1	3
15	45358847	52224976	2	1	1	2
15	52224977	65985962	2	1	1	2
15	65985963	72242115	2	1	1	2
15	72242116	83968609	2	1	1	2
15	83968610	100338800	2	1	1	3
15	100338801	102531391	2	1	1	2
16	9999	117499	2	1	1	2
16	117500	3416354	2	1	1	2
16	3416355	8987816	2	1	1	3
16	8987817	14377740	2	1	1	2
16	14377741	15815220	2	1	1	3
16	15815221	18859985	2	1	1	3
16	18859986	20792247	2	1	1	2
16	20792248	23677316	2	1	1	2
16	23677317	24569637	2	1	1	2
16	24569638	34599999	2	1	1	2
16	34600000	38599999	2	1	1	2
16	38600000	46461839	2	1	1	2
16	46461840	55540003	2	1	1	3
16	55540004	57240044	2	1	1	2
16	57240045	58625962	2	1	1	2
16	58625963	66997897	2	1	1	2
16	66997898	67123633	2	1	1	2
16	67123634	88827200	2	1	1	3
16	88827201	89335510	2	1	1	2
16	89335511	90039966	2	1	1	2
17	7	4796440	2	1	1	2
17	4796441	22199999	2	1	1	2
17	22200000	25799999	2	1	1	2
17	25800000	26999999	2	1	1	2
17	27000000	36477223	2	1	1	2
17	36477224	40746394	2	1	1	2
17	40746395	42270751	2	1	1	2
17	42270752	48321281	2	1	1	2
17	48321282	48485814	2	1	1	2
17	48485815	56229862	2	1	1	3
17	56229863	61860154	2	1	1	2
17	61860155	62500029	2	1	1	2
17	62500030	73558203	2	1	1	3
17	73558204	78809894	2	1	1	2
17	78809895	80003790	2	1	1	2
17	80003791	81195209	2	1	1	2
18	10001	159527	2	1	1	2
18	159528	15399999	2	1	1	3
18	15400000	18999999	2	1	1	3
18	19000000	21109922	2	1	1	3
18	21109923	28939674	2	1	1	3
18	28939675	29036856	2	1	1	2
18	29036857	61222857	2	1	1	3
18	61222858	76126716	2	1	1	3
18	76126717	78077247	2	1	1	2
19	102500	279841	2	1	1	2
19	279842	6768351	2	1	1	2
19	6768352	7535934	2	1	1	2
19	7535935	7659943	2	1	1	2
19	7659944	9035171	2	1	1	2
19	9035172	9098097	8	4	4	1
19	9098098	10480635	2	1	1	2
19	10480636	13080029	2	1	1	2
19	13080030	24399999	2	1	1	2
19	24400000	28599999	2	1	1	2
19	28600000	36007800	2	1	1	2
19	36007801	38339953	2	1	1	2
19	38339954	54723811	2	1	1	2
19	54723812	54743621	2	1	1	2
19	54743622	57675139	2	1	1	2
19	57675140	59128982	2	1	1	2
20	24347	18396024	2	1	1	2
20	18396025	25599999	2	1	1	3
20	25600000	29491329	2	1	1	3
20	29491330	44530065	2	1	1	2
20	44530066	61543407	2	1	1	3
20	61543408	62432500	2	1	1	2
20	62432501	62782693	2	1	1	2
21	1	10899999	NA	NA	NA	NA
21	10900000	14299999	2	1	1	1
21	14300000	30308077	2	1	1	2
21	30308078	46965661	2	1	1	2
21	46965662	48129894	2	1	1	2
22	1	12199999	2	1	1	1
22	12200000	17899999	2	1	1	2
22	17900000	40797310	2	1	1	2
22	40797311	49687500	2	1	1	3
22	49687501	51304565	2	1	1	2
X	1	58099999	1	1	0	3
X	58100000	62999999	1	1	0	1
X	63000000	155270559	1	1	0	3
Y	1	11599999	1	1	0	1
Y	11600000	13399999	1	1	0	1
Y	13400000	59373565	1	1	0	1
