chromosome	start	end	total_cn	major_cn	minor_cn	star
1	1	53384422	2	1	1	2
1	53384423	53411030	2	1	1	1
1	53411031	57376301	2	1	1	3
1	57376302	74399991	2	1	1	2
1	74399992	121499999	2	1	1	2
1	121500000	128899999	2	1	1	2
1	128900000	143505002	2	1	1	2
1	143505003	152339997	3	2	1	2
1	152339998	178341201	3	2	1	2
1	178341202	178345826	3	2	1	2
1	178345827	247249600	3	2	1	2
1	247249601	249250620	3	2	1	2
2	29422	3377594	2	1	1	2
2	3377595	3379913	2	1	1	2
2	3379914	3380208	2	1	1	1
2	3380209	3380276	2	1	1	2
2	3380277	3380517	2	1	1	2
2	3380518	3384911	2	1	1	1
2	3384912	3385055	2	1	1	1
2	3385056	3385066	2	1	1	2
2	3385067	3385747	2	1	1	2
2	3385748	36519987	2	1	1	3
2	36519988	40228948	2	1	1	2
2	40228949	40273975	2	1	1	2
2	40273976	67330928	2	1	1	2
2	67330929	90499999	2	1	1	2
2	90500000	96799999	2	1	1	2
2	96800000	186955196	2	1	1	2
2	186955197	186995404	2	1	1	2
2	186995405	195111201	2	1	1	2
2	195111202	196128547	2	1	1	2
2	196128548	196149000	2	1	1	2
2	196149001	215915270	2	1	1	2
2	215915271	242999968	2	1	1	3
3	62226	26909998	2	1	1	2
3	26909999	61128938	2	1	1	3
3	61128939	61161831	1	1	0	2
3	61161832	61232924	2	1	1	2
3	61232925	61234170	2	1	1	2
3	61234171	86260406	2	1	1	2
3	86260407	86280504	2	1	1	1
3	86280505	87278569	2	1	1	2
3	87278570	87290796	2	1	1	2
3	87290797	87899999	2	1	1	3
3	87900000	93899999	2	1	1	2
3	93900000	147445866	2	1	1	2
3	147445867	147447017	2	1	1	2
3	147447018	183143651	2	1	1	2
3	183143652	183158187	2	1	1	2
3	183158188	197847500	2	1	1	3
4	41306	199069	2	1	1	1
4	199070	434920	3	2	1	2
4	434921	29307381	2	1	1	2
4	29307382	48199999	2	1	1	2
4	48200000	52699999	2	1	1	2
4	52700000	68272887	2	1	1	2
4	68272888	69358411	2	1	1	3
4	69358412	69359542	2	1	1	2
4	69359543	71290915	2	1	1	2
4	71290916	89179599	2	1	1	2
4	89179600	89711865	3	2	1	2
4	89711866	154687352	2	1	1	2
4	154687353	154695362	2	1	1	2
4	154695363	156689936	2	1	1	2
4	156689937	190749943	2	1	1	3
5	22500	11940732	2	1	1	2
5	11940733	25936273	2	1	1	2
5	25936274	26285865	2	1	1	2
5	26285866	43676870	2	1	1	2
5	43676871	45908587	2	1	1	2
5	45908588	50699999	2	1	1	2
5	50700000	89384545	2	1	1	2
5	89384546	90900987	3	2	1	2
5	90900988	91203561	3	2	1	2
5	91203562	95183102	2	1	1	2
5	95183103	98473250	1	1	0	2
5	98473251	99450017	1	1	0	2
5	99450018	121753544	1	1	0	2
5	121753545	121768683	1	1	0	2
5	121768684	126212388	1	1	0	2
5	126212389	126214538	1	1	0	2
5	126214539	139362507	1	1	0	2
5	139362508	155804257	2	1	1	2
5	155804258	155807106	2	1	1	2
5	155807107	180705866	2	1	1	3
6	39681	208647	2	1	1	2
6	208648	32986110	3	2	1	2
6	32986111	33504446	3	2	1	2
6	33504447	35172825	3	2	1	2
6	35172826	35722900	5	3	2	2
6	35722901	42831280	3	2	1	2
6	42831281	44400394	5	4	1	1
6	44400395	52528353	3	2	1	2
6	52528354	52689560	4	2	2	2
6	52689561	57276517	3	2	1	2
6	57276518	57285722	3	2	1	1
6	57285723	58452401	2	1	1	2
6	58452402	63299999	NA	NA	NA	NA
6	63300000	65525692	3	2	1	2
6	65525693	79343827	3	2	1	2
6	79343828	119726838	3	2	1	2
6	119726839	146111350	3	2	1	2
6	146111351	146186630	3	2	1	2
6	146186631	162270317	3	2	1	2
6	162270318	162289800	2	2	0	2
6	162289801	162305887	2	2	0	2
6	162305888	162306958	2	2	0	1
6	162306959	162310810	2	2	0	2
6	162310811	162321910	2	2	0	2
6	162321911	162322288	2	2	0	1
6	162322289	170859323	2	2	0	2
7	62788	1991473	2	1	1	2
7	1991474	1995693	2	1	1	2
7	1995694	8551175	2	1	1	2
7	8551176	48725071	2	1	1	2
7	48725072	57987438	2	1	1	2
7	57987439	62270139	2	1	1	2
7	62270140	67718462	2	1	1	2
7	67718463	67929696	2	1	1	2
7	67929697	77874968	2	1	1	2
7	77874969	78258679	2	1	1	2
7	78258680	78259830	2	1	1	2
7	78259831	88845125	2	1	1	2
7	88845126	88845355	2	1	1	2
7	88845356	88852301	3	2	1	2
7	88852302	89451557	4	3	1	2
7	89451558	89451604	3	2	1	1
7	89451605	89452679	2	1	1	2
7	89452680	89454731	3	2	1	2
7	89454732	89455274	2	1	1	2
7	89455275	93519220	3	2	1	2
7	93519221	119187082	3	2	1	2
7	119187083	123989887	2	1	1	2
7	123989888	158821400	2	1	1	2
8	10001	161558	1	1	0	1
8	161559	33592513	1	1	0	2
8	33592514	33592555	1	1	0	2
8	33592556	33592933	1	1	0	2
8	33592934	33593248	1	1	0	2
8	33593249	33599380	1	1	0	2
8	33599381	43099999	1	1	0	2
8	43100000	48099999	NA	NA	NA	NA
8	48100000	76775792	5	4	1	2
8	76775793	80198002	5	4	1	2
8	80198003	90652950	4	3	1	2
8	90652951	91268636	4	3	1	2
8	91268637	91268832	5	4	1	1
8	91268833	106584169	6	4	2	2
8	106584170	106588090	6	4	2	2
8	106588091	110716186	5	3	2	2
8	110716187	112355185	6	4	2	2
8	112355186	113009789	5	4	1	2
8	113009790	129426797	6	4	2	2
8	129426798	129534280	8	6	2	2
8	129534281	129620257	9	6	3	1
8	129620258	130370246	8	5	3	2
8	130370247	131896310	6	4	2	2
8	131896311	131900124	6	4	2	2
8	131900125	132285048	6	5	1	1
8	132285049	146364021	5	4	1	2
9	58360	10461406	1	1	0	2
9	10461407	27990008	1	1	0	2
9	27990009	33374454	1	1	0	2
9	33374455	47299999	2	1	1	2
9	47300000	50699999	2	1	1	2
9	50700000	109750200	2	1	1	3
9	109750201	140273200	2	1	1	3
10	102500	4973369	2	1	1	2
10	4973370	5195899	3	2	1	2
10	5195900	31089596	2	1	1	2
10	31089597	31095344	2	1	1	2
10	31095345	37999999	2	1	1	2
10	38000000	42405930	2	1	1	2
10	42405931	42620000	2	1	1	2
10	42620001	61201000	2	1	1	2
10	61201001	63455639	2	1	1	2
10	63455640	63527695	2	1	1	2
10	63527696	92425001	2	1	1	2
10	92425002	105498645	2	1	1	2
10	105498646	105736367	2	1	1	2
10	105736368	135389924	2	1	1	2
11	20721	192996	2	1	1	2
11	192997	50399935	2	1	1	2
11	50399936	51561643	2	1	1	2
11	51561644	55699999	2	1	1	2
11	55700000	62612659	2	1	1	2
11	62612660	62630474	2	1	1	2
11	62630475	65835848	2	1	1	2
11	65835849	67715223	3	2	1	2
11	67715224	82096079	2	1	1	2
11	82096080	89366195	2	1	1	2
11	89366196	129579431	2	1	1	2
11	129579432	130106789	4	3	1	2
11	130106790	134452200	2	1	1	2
12	110107	33171201	2	1	1	3
12	33171202	33299999	2	1	1	3
12	33300000	38199999	2	1	1	2
12	38200000	42366341	2	1	1	2
12	42366342	88290063	2	1	1	2
12	88290064	104643563	2	1	1	2
12	104643564	104696088	2	1	1	2
12	104696089	112841817	2	1	1	2
12	112841818	132349400	1	1	0	2
12	132349401	133851894	1	1	0	2
13	1	16299999	1	1	0	1
13	16300000	19499999	NA	NA	NA	NA
13	19500000	36191630	2	1	1	2
13	36191631	47596057	2	1	1	2
13	47596058	62818756	2	1	1	2
13	62818757	66102334	3	2	1	2
13	66102335	73854019	3	2	1	2
13	73854020	73855119	3	2	1	2
13	73855120	74318242	3	2	1	2
13	74318243	74693442	1	1	0	2
13	74693443	114142800	3	2	1	2
13	114142801	115169877	3	2	1	1
14	1	16099999	4	3	1	1
14	16100000	19099999	NA	NA	NA	NA
14	19100000	20473405	4	3	1	2
14	20473406	20635505	3	2	1	2
14	20635506	33258306	3	2	1	2
14	33258307	33260003	3	2	1	2
14	33260004	33811643	7	5	2	2
14	33811644	33813717	5	3	2	2
14	33813718	34202494	6	4	2	2
14	34202495	34214999	6	4	2	2
14	34215000	34316135	6	4	2	2
14	34316136	34323986	6	4	2	2
14	34323987	34328242	6	4	2	2
14	34328243	34447677	6	4	2	2
14	34447678	34456648	6	4	2	2
14	34456649	34563824	6	4	2	2
14	34563825	34863025	4	2	2	2
14	34863026	34865232	4	2	2	1
14	34865233	62382632	2	2	0	2
14	62382633	79643883	2	2	0	2
14	79643884	106368400	2	2	0	2
15	1	15799999	2	1	1	1
15	15800000	20699999	2	1	1	3
15	20700000	38243244	2	1	1	3
15	38243245	74202408	2	1	1	3
15	74202409	76132236	3	2	1	2
15	76132237	102046987	2	1	1	2
15	102046988	102148316	3	2	1	2
16	89279	1158711	2	1	1	2
16	1158712	1595621	5	3	2	2
16	1595622	34599999	2	1	1	2
16	34600000	38599999	2	1	1	2
16	38600000	66732419	2	1	1	2
16	66732420	66763931	2	1	1	2
16	66763932	78947098	2	1	1	2
16	78947099	79079804	1	1	0	2
16	79079805	88827200	2	1	1	2
16	88827201	90354752	2	1	1	2
17	12500	22199999	1	1	0	2
17	22200000	25799999	1	1	0	2
17	25800000	29881182	1	1	0	2
17	29881183	34818881	2	1	1	2
17	34818882	37021439	1	1	0	2
17	37021440	38788203	2	2	0	2
17	38788204	45792499	1	1	0	2
17	45792500	55685271	2	1	1	2
17	55685272	56218298	3	2	1	2
17	56218299	78774600	2	1	1	2
17	78774601	81195209	2	1	1	2
18	10001	14276346	1	1	0	2
18	14276347	15399999	1	1	0	2
18	15400000	18999999	1	1	0	2
18	19000000	20478350	1	1	0	2
18	20478351	22273873	2	2	0	2
18	22273874	76117000	1	1	0	2
18	76117001	78077247	1	1	0	2
19	102500	254898	1	1	0	2
19	254899	3001306	1	1	0	2
19	3001307	3016799	1	1	0	2
19	3016800	3033883	1	1	0	2
19	3033884	4144919	1	1	0	2
19	4144920	4146450	1	1	0	2
19	4146451	6840012	3	2	1	2
19	6840013	14640045	2	1	1	2
19	14640046	16471966	3	2	1	2
19	16471967	24385348	2	1	1	2
19	24385349	28599999	2	1	1	2
19	28600000	32497984	2	1	1	3
19	32497985	32498876	2	1	1	1
19	32498877	32498905	2	1	1	1
19	32498906	32500400	2	1	1	1
19	32500401	32585668	4	3	1	2
19	32585669	32587267	4	3	1	2
19	32587268	32598750	5	4	1	1
19	32598751	32604761	3	2	1	1
19	32604762	33548211	3	2	1	2
19	33548212	33787925	5	4	1	2
19	33787926	36561226	3	2	1	2
19	36561227	43750004	1	1	0	3
19	43750005	59128982	1	1	0	2
20	17500	2525299	2	1	1	2
20	2525300	2526207	2	1	1	2
20	2526208	25599999	2	1	1	2
20	25600000	29399999	2	1	1	2
20	29400000	50280251	2	1	1	2
20	50280252	50288346	1	1	0	2
20	50288347	51744055	2	1	1	2
20	51744056	53094702	3	2	1	2
20	53094703	54720022	2	1	1	2
20	54720023	62435800	2	1	1	2
21	1	10589200	NA	NA	NA	NA
21	10589201	10744201	NA	NA	NA	NA
21	10744202	10746327	2	1	1	1
21	10746328	15291930	2	1	1	2
21	15291931	46944200	2	1	1	2
21	46944201	48129894	1	1	0	2
22	1	12199999	1	1	0	1
22	12200000	17899999	NA	NA	NA	NA
22	17900000	22308607	2	1	1	2
22	22308608	22579129	1	1	0	1
22	22579130	29065317	2	1	1	2
22	29065318	49691400	2	1	1	2
22	49691401	51304565	2	1	1	2
X	451867	1941101	1	1	0	2
X	1941102	58099999	1	1	0	2
X	58100000	62999999	1	1	0	2
X	63000000	75096999	1	1	0	2
X	75097000	155270559	2	2	0	2
Y	1	11599999	1	1	0	1
Y	11600000	13885605	NA	NA	NA	NA
Y	13885606	59373565	NA	NA	NA	NA
