chromosome	start	end	total_cn	major_cn	minor_cn	star
1	10001	8052088	2	1	1	1
1	8052089	8079003	3	2	1	1
1	8079004	8290241	2	1	1	1
1	8290242	8290275	2	1	1	1
1	8290276	10736346	2	1	1	1
1	10736347	10844835	3	2	1	1
1	10844836	21896432	2	1	1	1
1	21896433	21926738	3	2	1	1
1	21926739	31447937	2	1	1	1
1	31447938	31466580	2	1	1	1
1	31466581	32334819	2	1	1	1
1	32334820	32336755	2	1	1	1
1	32336756	41315044	2	1	1	1
1	41315045	41427461	3	2	1	1
1	41427462	44647541	2	1	1	1
1	44647542	44703507	3	2	1	1
1	44703508	59158939	2	1	1	1
1	59158940	63976189	2	1	1	1
1	63976190	63977038	2	1	1	1
1	63977039	73817766	2	1	1	1
1	73817767	73827331	2	1	1	1
1	73827332	83071606	2	1	1	1
1	83071607	83076417	2	1	1	1
1	83076418	121499999	2	1	1	1
1	121500000	128899999	2	1	1	1
1	128900000	151071880	2	1	1	1
1	151071881	151403420	1	1	0	1
1	151403421	151480766	2	1	1	1
1	151480767	151823456	1	1	0	1
1	151823457	158042436	2	1	1	1
1	158042437	158076063	2	1	1	1
1	158076064	162338546	2	1	1	1
1	162338547	168178595	1	1	0	1
1	168178596	168184229	1	1	0	1
1	168184230	168196020	1	1	0	1
1	168196021	168203075	1	1	0	1
1	168203076	171624879	1	1	0	1
1	171624880	171632936	1	1	0	1
1	171632937	180916390	1	1	0	1
1	180916391	180916899	1	1	0	1
1	180916900	189854002	1	1	0	1
1	189854003	189871134	1	1	0	1
1	189871135	210974915	1	1	0	1
1	210974916	224409712	2	1	1	1
1	224409713	224412834	2	1	1	1
1	224412835	225000016	2	1	1	1
1	225000017	235759608	3	2	1	1
1	235759609	236145014	4	3	1	1
1	236145015	247249600	3	2	1	1
1	247249601	249250620	3	2	1	1
2	20016	1386749	2	1	1	1
2	1386750	3601849	2	1	1	1
2	3601850	3626493	4	3	1	1
2	3626494	3627221	2	1	1	1
2	3627222	18084896	2	1	1	1
2	18084897	18088608	2	1	1	1
2	18088609	25127237	2	1	1	1
2	25127238	25228762	3	2	1	1
2	25228763	25234624	2	1	1	1
2	25234625	25586114	2	1	1	1
2	25586115	25588173	2	1	1	1
2	25588174	28238804	2	1	1	1
2	28238805	28242457	2	1	1	1
2	28242458	38056261	2	1	1	1
2	38056262	38088136	3	2	1	1
2	38088137	38478736	2	1	1	1
2	38478737	38519796	2	1	1	1
2	38519797	47386248	2	1	1	1
2	47386249	47386415	2	1	1	1
2	47386416	49622913	2	1	1	1
2	49622914	49637819	2	1	1	1
2	49637820	51201856	2	1	1	1
2	51201857	63735099	2	1	1	1
2	63735100	63886473	4	3	1	1
2	63886474	79489105	2	1	1	1
2	79489106	79503213	2	1	1	1
2	79503214	79969574	2	1	1	1
2	79969575	79971830	2	1	1	1
2	79971831	85770524	2	1	1	1
2	85770525	85776127	2	1	1	1
2	85776128	89083401	2	1	1	1
2	89083402	89170685	2	1	1	1
2	89170686	89180221	2	1	1	1
2	89180222	90499999	2	1	1	1
2	90500000	96799999	2	1	1	1
2	96800000	101599632	2	1	1	1
2	101599633	101639242	2	1	1	1
2	101639243	106405174	2	1	1	1
2	106405175	106434166	2	1	1	1
2	106434167	118501754	2	1	1	1
2	118501755	131100498	1	1	0	1
2	131100499	131112293	1	1	0	1
2	131112294	133356018	1	1	0	1
2	133356019	133594160	2	2	0	1
2	133594161	139416921	1	1	0	1
2	139416922	161920282	2	1	1	1
2	161920283	161961081	2	1	1	1
2	161961082	165041035	2	1	1	1
2	165041036	165042531	2	1	1	1
2	165042532	171603359	2	1	1	1
2	171603360	171609256	2	1	1	1
2	171609257	183590916	2	1	1	1
2	183590917	187129321	2	1	1	1
2	187129322	187179671	1	1	0	1
2	187179672	187231840	1	1	0	1
2	187231841	188138733	2	1	1	1
2	188138734	210762715	1	1	0	1
2	210762716	210767815	1	1	0	1
2	210767816	222251342	1	1	0	1
2	222251343	235158307	1	1	0	1
2	235158308	235159584	1	1	0	1
2	235159585	242961919	1	1	0	1
3	17500	60595	1	1	0	1
3	60596	7659967	1	1	0	1
3	7659968	7665193	1	1	0	1
3	7665194	12010617	1	1	0	1
3	12010618	12012130	1	1	0	1
3	12012131	25757068	1	1	0	1
3	25757069	36790981	1	1	0	1
3	36790982	36813828	1	1	0	1
3	36813829	38271666	1	1	0	1
3	38271667	38286462	1	1	0	1
3	38286463	58078503	1	1	0	1
3	58078504	58088070	1	1	0	1
3	58088071	62624594	1	1	0	1
3	62624595	62631374	1	1	0	1
3	62631375	84091173	1	1	0	1
3	84091174	84093116	1	1	0	1
3	84093117	87177606	1	1	0	1
3	87177607	87181705	1	1	0	1
3	87181706	93899999	NA	NA	NA	NA
3	93900000	105246147	2	1	1	1
3	105246148	105260194	2	1	1	1
3	105260195	114364126	2	1	1	1
3	114364127	114372987	2	1	1	1
3	114372988	122456868	2	1	1	1
3	122456869	123356177	3	2	1	1
3	123356178	131149812	2	1	1	1
3	131149813	131151954	2	1	1	1
3	131151955	146340585	2	1	1	1
3	146340586	146342746	2	1	1	1
3	146342747	148723083	2	1	1	1
3	148723084	148726773	2	1	1	1
3	148726774	173986872	2	1	1	1
3	173986873	173988778	2	1	1	1
3	173988779	175227327	2	1	1	1
3	175227328	175231319	2	1	1	1
3	175231320	179107714	2	1	1	1
3	179107715	179111808	2	1	1	1
3	179111809	182510117	2	1	1	1
3	182510118	182513062	1	1	0	1
3	182513063	191568981	2	1	1	1
3	191568982	191569267	2	1	1	1
3	191569268	196202953	2	1	1	1
3	196202954	198022429	1	1	0	1
4	27500	32393362	1	1	0	1
4	32393363	32394852	1	1	0	1
4	32394853	39931153	1	1	0	1
4	39931154	44177153	0	0	0	1
4	44177154	44462932	1	1	0	1
4	44462933	44512634	2	2	0	1
4	44512635	48199999	1	1	0	1
4	48200000	52699999	1	1	0	1
4	52700000	65662297	1	1	0	1
4	65662298	65664579	1	1	0	1
4	65664580	80848149	1	1	0	1
4	80848150	80857281	1	1	0	1
4	80857282	98140398	1	1	0	1
4	98140399	98174559	1	1	0	1
4	98174560	99914719	1	1	0	1
4	99914720	99920894	1	1	0	1
4	99920895	101316110	1	1	0	1
4	101316111	101321580	1	1	0	1
4	101321581	190781874	1	1	0	1
5	32806	851581	3	2	1	1
5	851582	2930470	3	2	1	1
5	2930471	2932927	3	2	1	1
5	2932928	4856548	3	2	1	1
5	4856549	31947610	2	1	1	1
5	31947611	31949082	2	1	1	1
5	31949083	37820988	2	1	1	1
5	37820989	37827374	2	1	1	1
5	37827375	46099999	2	1	1	1
5	46100000	50699999	NA	NA	NA	NA
5	50700000	59923550	1	1	0	1
5	59923551	59925441	1	1	0	1
5	59925442	92211573	1	1	0	1
5	92211574	106679307	2	2	0	1
5	106679308	106730913	3	3	0	1
5	106730914	118606357	2	2	0	1
5	118606358	118613678	2	2	0	1
5	118613679	120991167	2	2	0	1
5	120991168	120994722	2	2	0	1
5	120994723	124115446	2	2	0	1
5	124115447	124276223	3	3	0	1
5	124276224	124276235	3	3	0	1
5	124276236	124287501	3	3	0	1
5	124287502	124287792	2	2	0	1
5	124287793	129384019	2	2	0	1
5	129384020	129385620	2	2	0	1
5	129385621	134404445	2	2	0	1
5	134404446	134410202	2	2	0	1
5	134410203	140075082	2	2	0	1
5	140075083	140080976	2	2	0	1
5	140080977	159817907	2	2	0	1
5	159817908	159820225	2	2	0	1
5	159820226	169523224	2	2	0	1
5	169523225	169547521	3	3	0	1
5	169547522	171124113	2	2	0	1
5	171124114	171125276	2	2	0	1
5	171125277	176510801	2	2	0	1
5	176510802	176522408	2	2	0	1
5	176522409	180362677	2	2	0	1
5	180362678	180712500	2	2	0	1
6	39681	202776	2	1	1	1
6	202777	12789226	2	1	1	1
6	12789227	12814816	1	1	0	1
6	12814817	29547688	2	1	1	1
6	29547689	29551991	2	1	1	1
6	29551992	32447499	2	1	1	1
6	32447500	32615796	2	2	0	1
6	32615797	32622283	3	3	0	1
6	32622284	43690302	2	1	1	1
6	43690303	43746110	3	2	1	1
6	43746111	43905396	3	2	1	1
6	43905397	44254066	3	2	1	1
6	44254067	58699999	2	1	1	1
6	58700000	63512561	2	1	1	1
6	63512562	63520670	2	1	1	1
6	63520671	74210974	2	1	1	1
6	74210975	74227195	2	1	1	1
6	74227196	80360505	2	1	1	1
6	80360506	80942465	3	2	1	1
6	80942466	83999001	2	1	1	1
6	83999002	84152601	2	1	1	1
6	84152602	84615183	2	1	1	1
6	84615184	84715623	2	1	1	1
6	84715624	106422652	2	1	1	1
6	106422653	106425489	2	1	1	1
6	106425490	108922187	2	1	1	1
6	108922188	108993331	3	2	1	1
6	108993332	118721113	2	1	1	1
6	118721114	118721783	2	1	1	1
6	118721784	118923486	2	1	1	1
6	118923487	119387455	3	2	1	1
6	119387456	129928184	2	1	1	1
6	129928185	129928602	2	1	1	1
6	129928603	138019641	2	1	1	1
6	138019642	138248056	3	2	1	1
6	138248057	154686280	2	1	1	1
6	154686281	154690150	2	1	1	1
6	154690151	158615695	2	1	1	1
6	158615696	158629674	4	3	1	1
6	158629675	160114295	2	1	1	1
6	160114296	160124128	2	1	1	1
6	160124129	160391791	2	1	1	1
6	160391792	161826774	2	1	1	1
6	161826775	161862599	2	1	1	1
6	161862600	162132141	2	1	1	1
6	162132142	162322084	1	1	0	1
6	162322085	169855674	2	1	1	1
6	169855675	169857430	2	1	1	1
6	169857431	170756902	2	1	1	1
6	170756903	170899800	4	3	1	1
7	40386	955617	2	1	1	1
7	955618	955845	2	1	1	1
7	955846	3466170	2	1	1	1
7	3466171	3469987	2	1	1	1
7	3469988	3491750	2	1	1	1
7	3491751	3665012	1	1	0	1
7	3665013	3685708	2	1	1	1
7	3685709	3687035	2	1	1	1
7	3687036	17069288	2	1	1	1
7	17069289	17085992	2	1	1	1
7	17085993	17476698	2	1	1	1
7	17476699	17631438	3	2	1	1
7	17631439	17635249	3	2	1	1
7	17635250	18026283	3	2	1	1
7	18026284	18467249	2	1	1	1
7	18467250	18470989	2	1	1	1
7	18470990	32243504	2	1	1	1
7	32243505	32247661	4	3	1	1
7	32247662	37618955	2	1	1	1
7	37618956	37621104	2	1	1	1
7	37621105	38010548	2	1	1	1
7	38010549	38013765	2	1	1	1
7	38013766	42217638	2	1	1	1
7	42217639	42222781	2	1	1	1
7	42222782	44439501	2	1	1	1
7	44439502	44462821	2	1	1	1
7	44462822	57999999	2	1	1	1
7	58000000	61699999	2	1	1	1
7	61700000	70240298	2	1	1	1
7	70240299	70254196	2	1	1	1
7	70254197	86081401	2	1	1	1
7	86081402	86084699	4	3	1	1
7	86084700	105622603	2	1	1	1
7	105622604	107715909	1	1	0	1
7	107715910	107725540	1	1	0	1
7	107725541	120231991	1	1	0	1
7	120231992	120243697	3	3	0	1
7	120243698	158821400	1	1	0	1
8	10001	143206	1	1	0	1
8	143207	11710002	1	1	0	1
8	11710003	11837017	2	2	0	1
8	11837018	19513800	1	1	0	1
8	19513801	19539333	1	1	0	1
8	19539334	34948418	1	1	0	1
8	34948419	43099999	2	1	1	1
8	43100000	48726009	2	1	1	1
8	48726010	48726034	2	1	1	1
8	48726035	59810238	2	1	1	1
8	59810239	59822697	3	2	1	1
8	59822698	116338960	2	1	1	1
8	116338961	116350388	2	1	1	1
8	116350389	128633813	2	1	1	1
8	128633814	128714703	3	2	1	1
8	128714704	132126165	2	1	1	1
8	132126166	132135670	2	1	1	1
8	132135671	135651913	2	1	1	1
8	135651914	135673586	2	1	1	1
8	135673587	137510993	2	1	1	1
8	137510994	137527572	2	1	1	1
8	137527573	137882758	2	1	1	1
8	137882759	137889145	2	1	1	1
8	137889146	138983198	2	1	1	1
8	138983199	138985246	2	1	1	1
8	138985247	142220678	2	1	1	1
8	142220679	142236788	2	1	1	1
8	142236789	142861459	2	1	1	1
8	142861460	142877710	2	1	1	1
8	142877711	146364021	2	1	1	1
9	10001	153936	2	2	0	1
9	153937	2131735	1	1	0	1
9	2131736	2138202	1	1	0	1
9	2138203	27471517	1	1	0	1
9	27471518	27485843	3	3	0	1
9	27485844	33333626	1	1	0	1
9	33333627	33335854	1	1	0	1
9	33335855	37228881	2	2	0	1
9	37228882	41718602	2	1	1	1
9	41718603	47299999	2	1	1	1
9	47300000	50699999	NA	NA	NA	NA
9	50700000	66579674	1	1	0	1
9	66579675	71062171	1	1	0	1
9	71062172	81039512	1	1	0	1
9	81039513	81198187	2	2	0	1
9	81198188	131882666	1	1	0	1
9	131882667	131907587	1	1	0	1
9	131907588	140273200	1	1	0	1
9	140273201	141068960	1	1	0	1
10	95096	21084965	2	1	1	1
10	21084966	21107934	2	1	1	1
10	21107935	25398918	2	1	1	1
10	25398919	25403658	2	1	1	1
10	25403659	37999999	2	1	1	1
10	38000000	42299999	2	1	1	1
10	42300000	71428145	2	1	1	1
10	71428146	71429375	2	1	1	1
10	71429376	71430220	2	1	1	1
10	71430221	71445510	3	2	1	1
10	71445511	80962030	2	1	1	1
10	80962031	80976130	2	1	1	1
10	80976131	82270549	2	1	1	1
10	82270550	82291515	2	1	1	1
10	82291516	83946830	2	1	1	1
10	83946831	84116986	1	1	0	1
10	84116987	86529951	2	1	1	1
10	86529952	89712339	1	1	0	1
10	89712340	89994907	0	0	0	1
10	89994908	92800799	1	1	0	1
10	92800800	92801982	1	1	0	1
10	92801983	92807381	2	2	0	1
10	92807382	93023926	2	2	0	1
10	93023927	101094393	1	1	0	1
10	101094394	101646796	2	2	0	1
10	101646797	135389924	1	1	0	1
11	20721	199672	2	2	0	1
11	199673	595274	1	1	0	1
11	595275	595342	1	1	0	1
11	595343	606949	3	3	0	1
11	606950	607303	1	1	0	1
11	607304	9373836	2	2	0	1
11	9373837	9418659	3	3	0	1
11	9418660	13317554	2	2	0	1
11	13317555	13391906	2	2	0	1
11	13391907	16042071	2	2	0	1
11	16042072	21253801	3	3	0	1
11	21253802	25118227	2	2	0	1
11	25118228	36699198	2	2	0	1
11	36699199	36701927	2	2	0	1
11	36701928	41773097	2	2	0	1
11	41773098	41781985	2	2	0	1
11	41781986	42830569	2	2	0	1
11	42830570	47460299	1	1	0	1
11	47460300	47461185	1	1	0	1
11	47461186	50140422	5	4	1	1
11	50140423	51160344	3	2	1	1
11	51160345	51459399	2	1	1	1
11	51459400	51460999	2	1	1	1
11	51461000	55699999	2	1	1	1
11	55700000	64598840	2	1	1	1
11	64598841	64602032	2	1	1	1
11	64602033	72720199	2	1	1	1
11	72720200	72722924	2	1	1	1
11	72722925	73108944	2	1	1	1
11	73108945	73131610	2	1	1	1
11	73131611	85548263	2	1	1	1
11	85548264	85764263	2	1	1	1
11	85764264	85771703	2	1	1	1
11	85771704	85944786	2	1	1	1
11	85944787	95090946	2	1	1	1
11	95090947	95121310	2	1	1	1
11	95121311	96632362	2	1	1	1
11	96632363	99943437	1	1	0	1
11	99943438	99947754	1	1	0	1
11	99947755	122916548	1	1	0	1
11	122916549	122918064	1	1	0	1
11	122918065	122920097	1	1	0	1
11	122920098	122927840	1	1	0	1
11	122927841	134017930	1	1	0	1
11	134017931	134452200	2	1	1	1
12	110107	203421	4	2	2	1
12	203422	9459994	5	3	2	1
12	9459995	10152316	3	2	1	1
12	10152317	10204718	3	2	1	1
12	10204719	27753456	4	3	1	1
12	27753457	28222342	3	2	1	1
12	28222343	28324047	4	3	1	1
12	28324048	33299999	2	1	1	1
12	33300000	38199999	2	1	1	1
12	38200000	47844985	2	1	1	1
12	47844986	75800788	1	1	0	1
12	75800789	75809633	1	1	0	1
12	75809634	100004891	1	1	0	1
12	100004892	100526736	2	2	0	1
12	100526737	108693367	1	1	0	1
12	108693368	108700882	1	1	0	1
12	108700883	124616828	1	1	0	1
12	124616829	124618629	1	1	0	1
12	124618630	132349400	1	1	0	1
12	132349401	133851894	1	1	0	1
13	1	16299999	2	1	1	1
13	16300000	19499999	2	1	1	1
13	19500000	42137926	2	1	1	1
13	42137927	49306884	1	1	0	1
13	49306885	49308704	1	1	0	1
13	49308705	72192050	1	1	0	1
13	72192051	72198346	1	1	0	1
13	72198347	77951437	1	1	0	1
13	77951438	103931003	2	1	1	1
13	103931004	103949237	2	1	1	1
13	103949238	111004704	2	1	1	1
13	111004705	111010313	2	1	1	1
13	111010314	114142800	2	1	1	1
13	114142801	115169877	2	1	1	1
14	1	16099999	1	1	0	1
14	16100000	19099999	1	1	0	1
14	19100000	24555790	1	1	0	1
14	24555791	24568308	1	1	0	1
14	24568309	35820409	1	1	0	1
14	35820410	35873156	2	2	0	1
14	35873157	49989352	1	1	0	1
14	49989353	49991265	1	1	0	1
14	49991266	49994162	5	4	1	1
14	49994163	50079824	5	4	1	1
14	50079825	54203738	5	4	1	1
14	54203739	54213009	5	4	1	1
14	54213010	54261584	5	4	1	1
14	54261585	69072631	1	1	0	1
14	69072632	69149283	2	2	0	1
14	69149284	79582978	1	1	0	1
14	79582979	79583721	1	1	0	1
14	79583722	106368400	1	1	0	1
15	1	15799999	2	1	1	1
15	15800000	20699999	2	1	1	1
15	20700000	22497155	2	1	1	1
15	22497156	22508934	2	1	1	1
15	22508935	25493600	2	1	1	1
15	25493601	25749460	3	2	1	1
15	25749461	26113781	4	3	1	1
15	26113782	26180187	3	2	1	1
15	26180188	26182663	3	2	1	1
15	26182664	27454067	3	2	1	1
15	27454068	27688786	5	4	1	1
15	27688787	49337181	1	1	0	1
15	49337182	49342733	1	1	0	1
15	49342734	65371500	1	1	0	1
15	65371501	65739971	2	2	0	1
15	65739972	66191272	1	1	0	1
15	66191273	75459081	2	2	0	1
15	75459082	75469421	2	2	0	1
15	75469422	81036437	2	2	0	1
15	81036438	81156373	3	3	0	1
15	81156374	91521079	2	2	0	1
15	91521080	91522038	2	2	0	1
15	91522039	100338800	2	2	0	1
15	100338801	102531391	2	2	0	1
16	100010	589734	3	2	1	1
16	589735	623019	3	2	1	1
16	623020	629215	3	2	1	1
16	629216	10524565	3	2	1	1
16	10524566	10549801	5	3	2	1
16	10549802	22149356	3	2	1	1
16	22149357	22151469	3	2	1	1
16	22151470	23610444	3	2	1	1
16	23610445	32908226	2	1	1	1
16	32908227	34599999	2	1	1	1
16	34600000	38599999	2	1	1	1
16	38600000	46435964	2	1	1	1
16	46435965	48407400	2	1	1	1
16	48407401	48415549	2	1	1	1
16	48415550	55423952	2	1	1	1
16	55423953	55431227	2	1	1	1
16	55431228	55942067	2	1	1	1
16	55942068	55947525	2	1	1	1
16	55947526	74343589	2	1	1	1
16	74343590	74344537	2	1	1	1
16	74344538	78674850	2	1	1	1
16	78674851	78682338	2	1	1	1
16	78682339	85662408	2	1	1	1
16	85662409	85689431	3	2	1	1
16	85689432	86170669	2	1	1	1
16	86170670	86181472	2	1	1	1
16	86181473	88827200	2	1	1	1
16	88827201	90354752	2	1	1	1
17	20080	3712661	1	1	0	1
17	3712662	3720947	2	2	0	1
17	3720948	3731088	2	2	0	1
17	3731089	3744643	2	2	0	1
17	3744644	22199999	1	1	0	1
17	22200000	25799999	1	1	0	1
17	25800000	44355365	1	1	0	1
17	44355366	76075447	1	1	0	1
17	76075448	76079046	1	1	0	1
17	76079047	78774600	1	1	0	1
17	78774601	81195209	1	1	0	1
18	37592	146320	3	2	1	1
18	146321	2796866	3	2	1	1
18	2796867	2810661	3	2	1	1
18	2810662	3003915	3	2	1	1
18	3003916	3013179	3	2	1	1
18	3013180	14119956	3	2	1	1
18	14119957	15399999	2	1	1	1
18	15400000	18999999	2	1	1	1
18	19000000	33298962	2	1	1	1
18	33298963	41164722	1	1	0	1
18	41164723	41164911	1	1	0	1
18	41164912	50584782	1	1	0	1
18	50584783	50585700	1	1	0	1
18	50585701	55046836	1	1	0	1
18	55046837	55048990	1	1	0	1
18	55048991	66093567	1	1	0	1
18	66093568	66093771	1	1	0	1
18	66093772	76117000	1	1	0	1
18	76117001	78077247	1	1	0	1
19	102500	247287	2	1	1	1
19	247288	1854987	2	1	1	1
19	1854988	1860712	2	1	1	1
19	1860713	8519970	2	1	1	1
19	8519971	8875319	3	2	1	1
19	8875320	10725088	2	1	1	1
19	10725089	10753240	2	1	1	1
19	10753241	11151075	2	1	1	1
19	11151076	11153990	2	1	1	1
19	11153991	14351386	2	1	1	1
19	14351387	14372221	2	1	1	1
19	14372222	18364757	2	1	1	1
19	18364758	18365070	2	1	1	1
19	18365071	24399999	2	1	1	1
19	24400000	28599999	2	1	1	1
19	28600000	36490053	2	1	1	1
19	36490054	54474517	1	1	0	1
19	54474518	54491958	1	1	0	1
19	54491959	59128982	1	1	0	1
20	17500	4071578	2	1	1	1
20	4071579	4071653	2	1	1	1
20	4071654	4071848	2	1	1	1
20	4071849	4071875	2	1	1	1
20	4071876	12032817	2	1	1	1
20	12032818	12034378	2	1	1	1
20	12034379	25512264	2	1	1	1
20	25512265	25520410	2	1	1	1
20	25520411	29399999	2	1	1	1
20	29400000	32716220	2	1	1	1
20	32716221	32723035	2	1	1	1
20	32723036	37003601	2	1	1	1
20	37003602	37010481	2	1	1	1
20	37010482	39675680	2	1	1	1
20	39675681	39675963	2	1	1	1
20	39675964	44352271	2	1	1	1
20	44352272	44419933	3	2	1	1
20	44419934	44422646	1	1	0	1
20	44422647	44422900	1	1	0	1
20	44422901	44423530	1	1	0	1
20	44423531	45745006	1	1	0	1
20	45745007	48219767	2	2	0	1
20	48219768	48249829	2	2	0	1
20	48249830	56146979	2	2	0	1
20	56146980	56152985	2	2	0	1
20	56152986	60903594	2	2	0	1
20	60903595	60932500	3	3	0	1
20	60932501	60970099	3	3	0	1
20	60970100	62432500	3	3	0	1
21	1	9417499	NA	NA	NA	NA
21	9417500	10899999	NA	NA	NA	NA
21	10900000	14299999	2	2	0	1
21	14300000	28538692	2	1	1	1
21	28538693	28543849	2	1	1	1
21	28543850	31916554	2	1	1	1
21	31916555	31919425	1	1	0	1
21	31919426	32888228	2	1	1	1
21	32888229	32899118	2	1	1	1
21	32899119	32899279	2	1	1	1
21	32899280	32948455	2	1	1	1
21	32948456	32948507	1	1	0	1
21	32948508	32960870	2	1	1	1
21	32960871	36163579	2	1	1	1
21	36163580	36239299	3	2	1	1
21	36239300	38789605	2	1	1	1
21	38789606	42028815	2	1	1	1
21	42028816	42316685	3	2	1	1
21	42316686	46944200	2	1	1	1
21	46944201	48129894	2	1	1	1
22	1	12199999	2	1	1	1
22	12200000	17899999	2	1	1	1
22	17900000	19797780	2	1	1	1
22	19797781	19871511	2	1	1	1
22	19871512	26504256	2	1	1	1
22	26504257	26504352	2	1	1	1
22	26504353	26511946	2	1	1	1
22	26511947	26511998	2	1	1	1
22	26511999	32194456	2	1	1	1
22	32194457	32196351	2	1	1	1
22	32196352	38472788	2	1	1	1
22	38472789	38526659	2	1	1	1
22	38526660	39581228	2	1	1	1
22	39581229	39587390	2	1	1	1
22	39587391	45582401	2	1	1	1
22	45582402	45590657	4	3	1	1
22	45590658	49691400	2	1	1	1
22	49691401	51304565	2	1	1	1
X	1	1567484	1	1	0	1
X	1567485	1567636	1	1	0	1
X	1567637	9482859	1	1	0	1
X	9482860	9483024	1	1	0	1
X	9483025	56166757	1	1	0	1
X	56166758	58099999	1	1	0	1
X	58100000	62999999	1	1	0	1
X	63000000	71644708	1	1	0	1
X	71644709	102400276	1	1	0	1
X	102400277	102403082	1	1	0	1
X	102403083	115555887	1	1	0	1
X	115555888	115576482	2	2	0	1
X	115576483	136967632	1	1	0	1
X	136967633	136975462	1	1	0	1
X	136975463	149651875	1	1	0	1
X	149651876	149862343	2	2	0	1
X	149862344	154913600	1	1	0	1
