chromosome	start	end	total_cn	major_cn	minor_cn	star
1	1	807500	3	3	0	1
1	807501	1627801	3	3	0	2
1	1627802	25600400	3	3	0	2
1	25600401	49025256	3	3	0	2
1	49025257	49417686	2	2	0	2
1	49417687	49912248	3	3	0	2
1	49912249	49921833	3	3	0	2
1	49921834	69435128	3	3	0	2
1	69435129	69436588	3	3	0	2
1	69436589	121347938	3	3	0	2
1	121347939	128899999	NA	NA	NA	NA
1	128900000	145124865	5	3	2	2
1	145124866	174385552	5	3	2	2
1	174385553	174566538	4	2	2	2
1	174566539	217241509	5	3	2	2
1	217241510	217244949	5	3	2	2
1	217244950	247249600	5	3	2	2
1	247249601	249250620	5	3	2	2
2	20016	63511243	4	4	0	2
2	63511244	63825496	3	3	0	2
2	63825497	77520570	4	4	0	2
2	77520571	77919452	3	3	0	2
2	77919453	78083343	2	2	0	2
2	78083344	78089191	2	2	0	2
2	78089192	78166509	2	2	0	2
2	78166510	78178587	3	3	0	2
2	78178588	78252938	4	4	0	2
2	78252939	78287790	3	3	0	2
2	78287791	78760504	4	4	0	2
2	78760505	78804291	5	5	0	2
2	78804292	82667522	4	4	0	2
2	82667523	82737725	3	3	0	2
2	82737726	90499999	4	4	0	2
2	90500000	96799999	4	4	0	2
2	96800000	97811676	4	4	0	2
2	97811677	98014214	4	4	0	1
2	98014215	160239789	4	4	0	2
2	160239790	160433616	3	3	0	2
2	160433617	212776809	4	4	0	2
2	212776810	212817933	3	3	0	2
2	212817934	229951375	4	4	0	2
2	229951376	230000050	3	3	0	2
2	230000051	242955889	4	4	0	2
3	100074	3578462	3	2	1	2
3	3578463	3585212	3	2	1	2
3	3585213	20473701	3	2	1	2
3	20473702	20511354	3	2	1	2
3	20511355	59935174	3	2	1	2
3	59935175	60042976	2	1	1	2
3	60042977	60057407	3	2	1	2
3	60057408	60189994	2	2	0	2
3	60189995	60397871	3	2	1	2
3	60397872	60409497	3	2	1	2
3	60409498	60410389	4	3	1	1
3	60410390	60422795	4	2	2	2
3	60422796	60427914	3	2	1	1
3	60427915	60442029	2	1	1	2
3	60442030	60535592	1	1	0	2
3	60535593	60645195	2	1	1	2
3	60645196	60801042	3	2	1	2
3	60801043	61074152	2	2	0	2
3	61074153	62000001	3	2	1	2
3	62000002	87899999	4	3	1	2
3	87900000	93899999	4	3	1	2
3	93900000	162506641	4	3	1	2
3	162506642	174416055	4	3	1	2
3	174416056	174580675	3	2	1	2
3	174580676	174653537	4	3	1	2
3	174653538	174768024	3	3	0	2
3	174768025	175090256	4	3	1	2
3	175090257	175382044	3	2	1	2
3	175382045	196286380	4	3	1	2
3	196286381	196392504	3	2	1	2
3	196392505	198022429	4	3	1	2
4	27500	50083	2	1	1	1
4	50084	9107801	2	1	1	2
4	9107802	48199999	3	2	1	2
4	48200000	52699999	3	2	1	2
4	52700000	85599346	3	2	1	2
4	85599347	85813981	2	1	1	2
4	85813982	91058850	3	2	1	2
4	91058851	91579572	2	1	1	2
4	91579573	91621195	2	1	1	2
4	91621196	91634876	2	1	1	2
4	91634877	91765141	2	1	1	2
4	91765142	91796787	2	1	1	2
4	91796788	91844304	2	2	0	2
4	91844305	91958532	2	1	1	2
4	91958533	145910845	3	2	1	2
4	145910846	145981633	2	1	1	2
4	145981634	190781874	3	2	1	2
5	22500	37231838	4	2	2	2
5	37231839	37281532	3	2	1	2
5	37281533	46099999	4	2	2	2
5	46100000	50699999	4	2	2	2
5	50700000	54922937	4	2	2	2
5	54922938	56445028	3	2	1	2
5	56445029	58497993	4	2	2	2
5	58497994	58519892	3	2	1	2
5	58519893	58725249	2	2	0	2
5	58725250	58971346	3	2	1	2
5	58971347	59010243	4	2	2	2
5	59010244	59010431	4	2	2	1
5	59010432	59046919	2	1	1	2
5	59046920	59133301	3	2	1	2
5	59133302	59140773	2	1	1	2
5	59140774	59323896	1	1	0	1
5	59323897	59361762	2	2	0	2
5	59361763	59411761	2	2	0	2
5	59411762	59421514	5	3	2	2
5	59421515	59435014	3	2	1	2
5	59435015	59441782	2	2	0	1
5	59441783	59451173	1	1	0	2
5	59451174	59515620	0	0	0	2
5	59515621	59602400	1	1	0	2
5	59602401	59615613	2	1	1	2
5	59615614	59636909	3	2	1	2
5	59636910	59701789	3	2	1	2
5	59701790	59884713	4	2	2	2
5	59884714	59893314	4	2	2	2
5	59893315	87457121	4	2	2	2
5	87457122	114386939	2	2	0	2
5	114386940	180685900	4	2	2	2
6	39681	226283	5	4	1	1
6	226284	381543	4	3	1	2
6	381544	1875848	4	3	1	2
6	1875849	1968950	3	2	1	2
6	1968951	44917191	4	3	1	2
6	44917192	45159272	3	2	1	2
6	45159273	58699999	4	3	1	2
6	58700000	63299999	4	3	1	2
6	63300000	95999347	4	3	1	2
6	95999348	95999438	3	2	1	1
6	95999439	96075671	3	2	1	2
6	96075672	162483347	4	3	1	2
6	162483348	162485277	4	3	1	2
6	162485278	162602956	4	3	1	2
6	162602957	162606915	3	2	1	2
6	162606916	162647533	2	1	1	3
6	162647534	162802635	3	2	1	2
6	162802636	162866995	4	3	1	2
6	162866996	162886360	3	3	0	2
6	162886361	170918194	4	3	1	2
7	40386	3372194	4	3	1	2
7	3372195	3374089	4	3	1	2
7	3374090	33486755	4	3	1	2
7	33486756	33613773	3	2	1	2
7	33613774	57999999	4	3	1	2
7	58000000	61699999	4	3	1	2
7	61700000	89772965	4	3	1	2
7	89772966	89820777	3	2	1	2
7	89820778	89875583	3	2	1	2
7	89875584	110509438	4	3	1	2
7	110509439	110515873	3	3	0	1
7	110515874	110662499	4	3	1	2
7	110662500	110667354	4	3	1	2
7	110667355	110979467	4	3	1	2
7	110979468	110991963	4	3	1	2
7	110991964	111034818	4	3	1	2
7	111034819	111178585	3	3	0	2
7	111178586	126883341	4	3	1	2
7	126883342	126891285	4	3	1	2
7	126891286	158821400	4	3	1	2
8	161635	42947651	2	1	1	2
8	42947652	48099999	NA	NA	NA	NA
8	48100000	49655197	3	2	1	2
8	49655198	49657071	4	3	1	2
8	49657072	59700004	3	2	1	2
8	59700005	89905567	5	4	1	2
8	89905568	89905837	5	4	1	2
8	89905838	100209829	5	4	1	2
8	100209830	100631210	4	3	1	2
8	100631211	146364021	5	4	1	2
9	10001	203936	4	4	0	2
9	203937	15601222	4	4	0	2
9	15601223	15633350	3	3	0	2
9	15633351	44242407	4	4	0	2
9	44242408	47299999	4	4	0	2
9	47300000	50699999	4	4	0	2
9	50700000	66157002	4	4	0	2
9	66157003	76015255	4	4	0	2
9	76015256	79822112	4	4	0	2
9	79822113	80043827	3	3	0	2
9	80043828	100753312	4	4	0	2
9	100753313	100777297	5	5	0	1
9	100777298	131324571	4	4	0	2
9	131324572	131328943	4	4	0	2
9	131328944	140273200	4	4	0	2
10	95096	37999999	4	3	1	2
10	38000000	42369202	4	3	1	2
10	42369203	42545602	4	3	1	2
10	42545603	52730934	4	3	1	2
10	52730935	53004171	3	2	1	2
10	53004172	54042703	4	3	1	2
10	54042704	54055863	5	4	1	2
10	54055864	83519429	4	3	1	2
10	83519430	83525904	4	3	1	2
10	83525905	135389924	4	3	1	2
11	20721	199255	5	3	2	2
11	199256	2920014	5	3	2	2
11	2920015	26928543	4	2	2	2
11	26928544	26943201	4	2	2	2
11	26943202	41108165	4	2	2	2
11	41108166	41120045	4	2	2	2
11	41120046	46231909	4	2	2	2
11	46231910	46339475	3	2	1	2
11	46339476	46890012	4	2	2	2
11	46890013	51158802	3	2	1	2
11	51158803	55699999	NA	NA	NA	NA
11	55700000	60398190	4	2	2	2
11	60398191	80984474	3	2	1	2
11	80984475	81009733	3	2	1	2
11	81009734	106661153	3	2	1	2
11	106661154	106681310	2	1	1	2
11	106681311	134452200	3	2	1	2
12	110107	33299999	4	3	1	2
12	33300000	38199999	4	3	1	2
12	38200000	132349400	4	3	1	2
12	132349401	133851894	4	3	1	2
13	1	16299999	6	4	2	1
13	16300000	19499999	6	4	2	1
13	19500000	35478855	6	4	2	2
13	35478856	35516523	6	4	2	2
13	35516524	102712750	6	4	2	2
13	102712751	102714656	5	3	2	2
13	102714657	114142800	6	4	2	2
13	114142801	115169877	6	4	2	2
14	1	16099999	3	2	1	1
14	16100000	19099999	3	2	1	2
14	19100000	56746344	3	2	1	2
14	56746345	56754501	3	2	1	2
14	56754502	64865696	3	2	1	2
14	64865697	64867018	3	2	1	2
14	64867019	106368400	3	2	1	2
15	1	15799999	3	3	0	1
15	15800000	20699999	3	3	0	2
15	20700000	21200631	3	3	0	1
15	21200632	22039602	3	3	0	1
15	22039603	22596800	3	3	0	2
15	22596801	24610531	3	3	0	2
15	24610532	24780090	2	2	0	2
15	24780091	85787001	3	3	0	2
15	85787002	99383954	3	3	0	2
15	99383955	99414860	2	2	0	2
15	99414861	100338800	3	3	0	2
15	100338801	102435550	3	3	0	2
16	367242	5359902	5	4	1	2
16	5359903	5375933	4	3	1	2
16	5375934	5378222	4	3	1	2
16	5378223	5767863	4	3	1	2
16	5767864	6010712	3	2	1	2
16	6010713	6018997	2	1	1	2
16	6018998	6068996	2	1	1	2
16	6068997	6148630	3	2	1	2
16	6148631	6149477	3	2	1	2
16	6149478	6199047	3	2	1	2
16	6199048	6285050	2	1	1	2
16	6285051	6304845	3	2	1	2
16	6304846	6377329	2	1	1	2
16	6377330	6426804	1	1	0	2
16	6426805	6483654	4	3	1	2
16	6483655	6490619	0	0	0	2
16	6490620	6511497	1	1	0	1
16	6511498	6551140	1	1	0	2
16	6551141	6663767	4	3	1	2
16	6663768	6696249	1	1	0	2
16	6696250	6709747	1	1	0	2
16	6709748	6754330	1	1	0	2
16	6754331	6928512	1	1	0	1
16	6928513	6946651	1	1	0	2
16	6946652	6986927	2	1	1	2
16	6986928	7013453	1	1	0	1
16	7013454	7064829	2	1	1	2
16	7064830	7147572	3	2	1	2
16	7147573	7198384	4	3	1	2
16	7198385	7259007	5	4	1	3
16	7259008	7515324	4	4	0	2
16	7515325	7763328	5	4	1	2
16	7763329	7767004	4	3	1	2
16	7767005	34599999	5	4	1	2
16	34600000	38599999	5	4	1	2
16	38600000	46480000	5	4	1	2
16	46480001	55791898	5	4	1	2
16	55791899	55842002	5	4	1	2
16	55842003	56354546	5	4	1	2
16	56354547	63354339	5	4	1	2
16	63354340	63364839	5	3	2	2
16	63364840	75293008	5	4	1	2
16	75293009	75366445	5	3	2	2
16	75366446	78474893	6	4	2	2
16	78474894	78487628	6	5	1	1
16	78487629	79225167	5	4	1	2
16	79225168	79251106	6	4	2	1
16	79251107	83271076	6	4	2	2
16	83271077	83326849	5	3	2	2
16	83326850	83458386	6	4	2	2
16	83458387	83474146	6	5	1	2
16	83474147	88827200	5	4	1	2
16	88827201	90354752	6	4	2	2
17	1869	21397499	2	2	0	2
17	21397500	21539973	2	2	0	2
17	21539974	22199999	5	3	2	2
17	22200000	25799999	NA	NA	NA	NA
17	25800000	70117359	4	2	2	2
17	70117360	70119471	4	2	2	2
17	70119472	78774600	4	2	2	2
17	78774601	81195209	4	2	2	2
18	27500	15399999	2	1	1	2
18	15400000	18999999	2	1	1	2
18	19000000	36733746	2	1	1	2
18	36733747	36785255	1	1	0	2
18	36785256	76117000	2	1	1	2
18	76117001	78077247	2	1	1	2
19	226776	19157708	5	3	2	2
19	19157709	21279878	5	3	2	2
19	21279879	21304671	4	2	2	2
19	21304672	24399999	5	3	2	2
19	24400000	28599999	5	3	2	2
19	28600000	35833502	5	3	2	2
19	35833503	59128982	5	3	2	2
20	24347	13466943	6	3	3	2
20	13466944	13519803	6	3	3	1
20	13519804	14227684	6	3	3	2
20	14227685	14501790	5	3	2	2
20	14501791	14510417	5	3	2	2
20	14510418	14581581	5	3	2	1
20	14581582	14592536	4	2	2	2
20	14592537	14609849	3	2	1	2
20	14609850	14647141	4	2	2	2
20	14647142	14717815	4	2	2	2
20	14717816	14725330	2	1	1	2
20	14725331	14740854	2	1	1	2
20	14740855	14770876	2	1	1	2
20	14770877	14776489	2	1	1	2
20	14776490	14778898	1	1	0	1
20	14778899	14797443	1	1	0	1
20	14797444	14833156	1	1	0	1
20	14833157	14846550	1	1	0	1
20	14846551	14964979	2	1	1	2
20	14964980	14986088	2	1	1	2
20	14986089	15019632	1	1	0	2
20	15019633	15062857	1	1	0	2
20	15062858	15123937	1	1	0	2
20	15123938	15133588	1	1	0	2
20	15133589	15137356	1	1	0	1
20	15137357	15139540	2	1	1	2
20	15139541	15185221	2	1	1	2
20	15185222	15200507	2	1	1	2
20	15200508	15247454	4	2	2	2
20	15247455	15253550	4	2	2	1
20	15253551	15264822	2	1	1	2
20	15264823	15415806	5	3	2	2
20	15415807	25599999	6	3	3	2
20	25600000	29399999	6	3	3	2
20	29400000	62435800	6	3	3	2
21	1	10899999	NA	NA	NA	NA
21	10900000	14448802	4	3	1	2
21	14448803	46944200	4	3	1	2
21	46944201	48129894	4	3	1	2
22	1	12199999	3	2	1	2
22	12200000	17899999	3	2	1	2
22	17900000	33615233	3	2	1	2
22	33615234	33638425	4	3	1	2
22	33638426	49691400	3	2	1	2
22	49691401	51304565	3	2	1	2
X	1	6520883	5	4	1	2
X	6520884	6593092	4	4	0	2
X	6593093	6891370	5	4	1	2
X	6891371	6915702	4	3	1	2
X	6915703	6965701	4	3	1	2
X	6965702	6997609	3	2	1	2
X	6997610	7023178	4	3	1	2
X	7023179	7030147	5	4	1	2
X	7030148	7032519	2	1	1	2
X	7032520	7034451	2	1	1	2
X	7034452	7052528	4	3	1	2
X	7052529	7121110	5	4	1	2
X	7121111	7209498	4	3	1	2
X	7209499	7225704	5	4	1	2
X	7225705	7232545	5	4	1	2
X	7232546	7257805	3	3	0	1
X	7257806	7491153	2	2	0	2
X	7491154	7816005	3	2	1	2
X	7816006	7870815	4	3	1	2
X	7870816	7913548	3	2	1	2
X	7913549	8149525	4	3	1	2
X	8149526	10619175	5	4	1	2
X	10619176	11053533	4	3	1	2
X	11053534	58099999	5	4	1	2
X	58100000	62999999	5	4	1	2
X	63000000	64131510	5	4	1	2
X	64131511	64208321	4	3	1	2
X	64208322	64209920	2	1	1	2
X	64209921	64350686	4	3	1	2
X	64350687	76955931	5	4	1	2
X	76955932	77189787	4	3	1	2
X	77189788	82541916	5	4	1	2
X	82541917	82553976	5	4	1	2
X	82553977	110213759	5	4	1	2
X	110213760	110213783	5	4	1	1
X	110213784	114261467	5	4	1	2
X	114261468	114327329	4	3	1	2
X	114327330	122830895	5	4	1	2
X	122830896	122865549	2	1	1	2
X	122865550	125858097	5	4	1	2
X	125858098	125859500	5	4	1	2
X	125859501	154913600	5	4	1	2
