chromosome	start	end	total_cn	major_cn	minor_cn	star
1	1	790053	2	1	1	2
1	790054	28338544	2	1	1	2
1	28338545	28421569	1	1	0	2
1	28421570	40429558	2	1	1	2
1	40429559	40476006	1	1	0	2
1	40476007	66804887	2	1	1	2
1	66804888	66886250	2	1	1	2
1	66886251	86009201	1	1	0	2
1	86009202	108332602	1	1	0	2
1	108332603	121499999	2	1	1	2
1	121500000	128899999	2	1	1	2
1	128900000	142535601	2	1	1	2
1	142535602	144951201	2	1	1	2
1	144951202	149760212	3	2	1	2
1	149760213	205059512	3	2	1	2
1	205059513	205145607	3	2	1	2
1	205145608	238164157	3	2	1	2
1	238164158	238165746	3	2	1	2
1	238165747	247249600	3	2	1	2
1	247249601	249250620	3	2	1	3
2	20016	27611594	2	1	1	2
2	27611595	27652980	2	1	1	2
2	27652981	27662724	3	2	1	2
2	27662725	27671553	2	1	1	2
2	27671554	90499999	2	1	1	2
2	90500000	96799999	2	1	1	2
2	96800000	155049070	2	1	1	2
2	155049071	155057956	2	1	1	2
2	155057957	205792766	2	1	1	2
2	205792767	208231851	1	1	0	2
2	208231852	217661634	2	1	1	3
2	217661635	217740507	1	1	0	2
2	217740508	236675281	2	1	1	2
2	236675282	236749710	3	2	1	2
2	236749711	241712429	2	1	1	2
2	241712430	241718281	2	1	1	2
2	241718282	242951000	2	1	1	2
3	62309	87899999	1	1	0	2
3	87900000	93899999	NA	NA	NA	NA
3	93900000	163356471	2	1	1	3
3	163356472	163359518	2	1	1	2
3	163359519	197847500	2	1	1	3
4	21566	11284694	2	1	1	3
4	11284695	11380109	2	1	1	2
4	11380110	11639966	2	1	1	3
4	11639967	48199999	1	1	0	3
4	48200000	52699999	NA	NA	NA	NA
4	52700000	54304389	2	1	1	3
4	54304390	54768607	3	2	1	2
4	54768608	91566905	2	1	1	3
4	91566906	187237726	1	1	0	3
4	187237727	191154275	2	2	0	3
5	22500	42568461	2	1	1	2
5	42568462	42681468	3	2	1	2
5	42681469	46099999	2	1	1	2
5	46100000	50699999	NA	NA	NA	NA
5	50700000	52900035	2	2	0	3
5	52900036	52900789	1	1	0	1
5	52900790	56181842	1	1	0	3
5	56181843	56186775	1	1	0	2
5	56186776	123566333	1	1	0	3
5	123566334	180715810	2	1	1	3
6	39681	202776	1	1	0	2
6	202777	21638793	1	1	0	2
6	21638794	27746183	2	1	1	2
6	27746184	27748322	2	1	1	2
6	27748323	58699999	2	1	1	2
6	58700000	63299999	2	1	1	2
6	63300000	92710923	2	1	1	2
6	92710924	92713509	2	1	1	2
6	92713510	121432824	2	1	1	2
6	121432825	121434066	2	1	1	2
6	121434067	165936131	2	1	1	2
6	165936132	165945978	2	1	1	2
6	165945979	170899800	2	1	1	2
7	40386	25687712	2	1	1	2
7	25687713	25792587	2	1	1	1
7	25792588	57999999	2	1	1	2
7	58000000	62179536	2	1	1	2
7	62179537	62180525	2	1	1	2
7	62180526	98913680	2	1	1	2
7	98913681	98917795	2	1	1	2
7	98917796	133399069	2	1	1	2
7	133399070	134637365	2	1	1	2
7	134637366	134641549	2	1	1	2
7	134641550	158821400	2	1	1	2
8	1	159250	2	1	1	2
8	159251	8655407	2	1	1	2
8	8655408	8655612	2	1	1	2
8	8655613	43099999	2	1	1	2
8	43100000	48099999	2	1	1	2
8	48100000	75786830	2	1	1	2
8	75786831	93284886	3	2	1	2
8	93284887	93286054	3	2	1	2
8	93286055	132688723	3	2	1	2
8	132688724	132694037	3	2	1	2
8	132694038	146364021	3	2	1	2
9	59859	206322	3	2	1	2
9	206323	14649727	3	2	1	3
9	14649728	21876685	2	2	0	3
9	21876686	21989493	0	0	0	2
9	21989494	34434902	2	2	0	3
9	34434903	38808947	1	1	0	2
9	38808948	41962499	1	1	0	2
9	41962500	47299999	2	1	1	2
9	47300000	50699999	2	1	1	2
9	50700000	140273200	2	1	1	2
10	104427	22012515	5	4	1	2
10	22012516	22018028	5	4	1	2
10	22018029	27006394	5	4	1	2
10	27006395	27037019	6	4	2	2
10	27037020	33363752	5	4	1	2
10	33363753	33452183	4	3	1	2
10	33452184	33677201	5	4	1	2
10	33677202	33711985	4	3	1	2
10	33711986	33739017	5	4	1	2
10	33739018	33857751	6	5	1	2
10	33857752	34307506	5	4	1	2
10	34307507	34529033	6	5	1	2
10	34529034	35113648	5	4	1	2
10	35113649	35246622	4	3	1	2
10	35246623	35804630	4	3	1	2
10	35804631	35846304	3	2	1	2
10	35846305	35946486	4	3	1	2
10	35946487	35996485	4	3	1	2
10	35996486	35997069	5	4	1	1
10	35997070	35998075	4	3	1	2
10	35998076	36953862	5	4	1	2
10	36953863	37160887	6	5	1	2
10	37160888	37162489	5	4	1	2
10	37162490	37167925	3	2	1	2
10	37167926	37999999	4	3	1	2
10	38000000	43141385	NA	NA	NA	NA
10	43141386	43145650	5	4	1	2
10	43145651	43156863	5	4	1	1
10	43156864	43158258	5	4	1	1
10	43158259	43231020	5	4	1	3
10	43231021	43270659	4	3	1	2
10	43270660	43528926	5	4	1	2
10	43528927	43645330	4	3	1	2
10	43645331	43663013	4	3	1	2
10	43663014	43664769	7	6	1	1
10	43664770	43666583	7	6	1	1
10	43666584	43774282	7	6	1	2
10	43774283	44306756	6	5	1	2
10	44306757	44311108	1	1	0	1
10	44311109	44312338	1	1	0	2
10	44312339	44313905	1	1	0	2
10	44313906	135420002	1	1	0	3
11	20721	197336	1	1	0	2
11	197337	11528306	1	1	0	3
11	11528307	11531160	1	1	0	1
11	11531161	11568692	3	2	1	2
11	11568693	33707573	2	1	1	3
11	33707574	33722660	1	1	0	2
11	33722661	33744849	2	1	1	3
11	33744850	33747127	2	1	1	1
11	33747128	36467999	2	1	1	3
11	36468000	36471180	2	1	1	2
11	36471181	43646132	2	1	1	3
11	43646133	43647258	2	1	1	3
11	43647259	51599999	2	1	1	3
11	51600000	55699999	2	1	1	3
11	55700000	57472977	2	1	1	3
11	57472978	63446079	1	1	0	3
11	63446080	63488981	0	0	0	2
11	63488982	102281242	1	1	0	2
11	102281243	102514678	2	2	0	2
11	102514679	134452200	1	1	0	2
12	110107	645802	1	1	0	2
12	645803	688542	1	1	0	2
12	688543	693413	11	10	1	1
12	693414	1682272	11	10	1	2
12	1682273	3359340	10	9	1	2
12	3359341	3397500	11	10	1	1
12	3397501	4179530	11	10	1	2
12	4179531	4223526	9	8	1	1
12	4223527	4224201	9	8	1	1
12	4224202	4226586	9	8	1	1
12	4226587	4277807	9	8	1	1
12	4277808	4279132	9	8	1	1
12	4279133	5139539	9	8	1	1
12	5139540	5146501	8	7	1	2
12	5146502	5309458	8	7	1	1
12	5309459	6197944	8	7	1	2
12	6197945	6370109	9	8	1	1
12	6370110	6371417	9	8	1	1
12	6371418	6408566	11	10	1	1
12	6408567	6827883	11	10	1	1
12	6827884	6835692	8	7	1	1
12	6835693	7775184	8	7	1	2
12	7775185	7775736	8	7	1	1
12	7775737	7881804	8	7	1	2
12	7881805	7883293	9	8	1	1
12	7883294	7896008	12	11	1	1
12	7896009	7897293	12	11	1	1
12	7897294	8189602	11	10	1	1
12	8189603	8670801	9	8	1	1
12	8670802	8687703	1	1	0	2
12	8687704	8713405	1	1	0	3
12	8713406	32417191	1	1	0	3
12	32417192	38590438	NA	NA	NA	NA
12	38590439	45223703	1	1	0	2
12	45223704	125105416	1	1	0	3
12	125105417	125106730	1	1	0	2
12	125106731	130232314	1	1	0	3
12	130232315	130233137	1	1	0	3
12	130233138	132349400	1	1	0	3
12	132349401	133851894	1	1	0	3
13	1	16299999	2	1	1	1
13	16300000	19499999	2	1	1	2
13	19500000	20209037	2	1	1	2
13	20209038	25034396	1	1	0	3
13	25034397	25035808	1	1	0	2
13	25035809	25961517	1	1	0	3
13	25961518	26236044	2	1	1	2
13	26236045	26886488	1	1	0	3
13	26886489	28698801	2	1	1	2
13	28698802	39836994	1	1	0	3
13	39836995	43395356	2	2	0	2
13	43395357	43396082	2	2	0	2
13	43396083	76033498	2	2	0	2
13	76033499	76077112	4	4	0	2
13	76077113	99323019	2	2	0	2
13	99323020	114142800	3	3	0	2
13	114142801	115169877	3	3	0	2
14	1	16099999	1	1	0	1
14	16100000	19099999	1	1	0	2
14	19100000	20375050	1	1	0	2
14	20375051	106368400	1	1	0	3
15	1	15799999	1	1	0	1
15	15800000	20699999	1	1	0	2
15	20700000	22656414	1	1	0	2
15	22656415	46439402	1	1	0	3
15	46439403	63026490	2	2	0	3
15	63026491	63261667	3	3	0	2
15	63261668	86528115	2	2	0	3
15	86528116	86585063	2	2	0	1
15	86585064	100338800	2	2	0	2
15	100338801	102531391	2	2	0	3
16	84170	3791798	2	1	1	2
16	3791799	3797701	3	2	1	1
16	3797702	3800049	3	2	1	2
16	3800050	16288356	3	2	1	2
16	16288357	28520592	3	2	1	2
16	28520593	30008876	4	3	1	2
16	30008877	30010350	4	3	1	2
16	30010351	34175589	2	1	1	2
16	34175590	38599999	NA	NA	NA	NA
16	38600000	88827200	1	1	0	3
16	88827201	90354752	1	1	0	2
17	828	4941974	3	3	0	2
17	4941975	4963827	3	3	0	2
17	4963828	5370019	3	3	0	2
17	5370020	5371688	2	2	0	2
17	5371689	5400093	3	3	0	2
17	5400094	13531545	2	2	0	2
17	13531546	18793306	1	1	0	3
17	18793307	18923196	1	1	0	2
17	18923197	21032119	3	2	1	3
17	21032120	22199999	2	1	1	3
17	22200000	25799999	NA	NA	NA	NA
17	25800000	36382802	1	1	0	3
17	36382803	62882001	1	1	0	3
17	62882002	78925044	3	2	1	2
17	78925045	78946881	3	2	1	1
17	78946882	81195209	3	2	1	2
18	27500	132648	2	1	1	2
18	132649	15399999	2	1	1	2
18	15400000	18999999	NA	NA	NA	NA
18	19000000	25102499	1	1	0	3
18	25102500	28093895	1	1	0	2
18	28093896	28790234	2	1	1	2
18	28790235	76117000	1	1	0	3
18	76117001	78077247	1	1	0	3
19	102500	260136	2	1	1	2
19	260137	14890820	2	1	1	2
19	14890821	14892577	2	1	1	2
19	14892578	24399999	2	1	1	2
19	24400000	28599999	2	1	1	2
19	28600000	43842156	2	1	1	2
19	43842157	59128982	2	1	1	2
20	32079	13910603	1	1	0	3
20	13910604	13913638	1	1	0	3
20	13913639	13913651	1	1	0	2
20	13913652	20465719	1	1	0	3
20	20465720	22543194	9	8	1	1
20	22543195	25599999	6	5	1	2
20	25600000	29399999	NA	NA	NA	NA
20	29400000	34325648	2	1	1	2
20	34325649	34328821	2	1	1	2
20	34328822	34654490	2	1	1	2
20	34654491	34688485	2	1	1	2
20	34688486	34692275	2	1	1	2
20	34692276	34709959	2	1	1	2
20	34709960	34753457	2	1	1	2
20	34753458	61264904	2	1	1	2
20	61264905	62435800	3	2	1	2
21	1	10899999	NA	NA	NA	NA
21	10900000	15276796	2	1	1	2
21	15276797	46944200	2	1	1	2
21	46944201	48129894	2	1	1	2
22	1	12199999	1	1	0	2
22	12200000	17899999	1	1	0	2
22	17900000	25919602	1	1	0	3
22	25919603	49691400	1	1	0	3
22	49691401	51304565	1	1	0	2
X	1	4845498	2	1	1	2
X	4845499	7621217	1	1	0	2
X	7621218	7692712	2	1	1	2
X	7692713	10821064	2	1	1	2
X	10821065	10849682	1	1	0	2
X	10849683	58099999	1	1	0	2
X	58100000	62999999	1	1	0	2
X	63000000	66218749	1	1	0	2
X	66218750	66220240	2	1	1	1
X	66220241	66353234	2	1	1	2
X	66353235	66685115	2	1	1	2
X	66685116	66688087	2	1	1	2
X	66688088	66696615	3	2	1	2
X	66696616	66697801	2	1	1	2
X	66697802	66699564	2	1	1	2
X	66699565	66700026	2	1	1	2
X	66700027	66992941	1	1	0	2
X	66992942	67023469	1	1	0	2
X	67023470	67133418	2	1	1	2
X	67133419	69040467	3	2	1	2
X	69040468	69395763	2	1	1	2
X	69395764	69466638	3	2	1	2
X	69466639	69469063	3	3	0	1
X	69469064	75419897	1	1	0	2
X	75419898	75434511	0	0	0	2
X	75434512	154913600	1	1	0	2
