chromosome	start	end	total_cn	major_cn	minor_cn	star
1	1	12342962	1	1	0	2
1	12342963	12347243	1	1	0	2
1	12347244	26706612	1	1	0	2
1	26706613	26729684	2	2	0	2
1	26729685	38776383	1	1	0	2
1	38776384	39491622	2	1	1	2
1	39491623	39716874	3	2	1	2
1	39716875	39880322	4	3	1	2
1	39880323	42913375	2	1	1	2
1	42913376	42914111	2	1	1	2
1	42914112	45173803	2	1	1	2
1	45173804	45190286	2	1	1	2
1	45190287	45622129	2	1	1	2
1	45622130	45629009	2	1	1	2
1	45629010	47464171	2	1	1	2
1	47464172	47469127	3	2	1	2
1	47469128	48122528	2	1	1	2
1	48122529	48126607	2	1	1	2
1	48126608	52290387	2	1	1	2
1	52290388	52306287	3	2	1	2
1	52306288	54415582	2	1	1	2
1	54415583	54419696	2	1	1	2
1	54419697	55245160	2	1	1	2
1	55245161	55252541	3	2	1	2
1	55252542	61640357	2	1	1	2
1	61640358	61666434	3	2	1	2
1	61666435	62965222	2	1	1	2
1	62965223	62971809	3	2	1	2
1	62971810	67793266	2	1	1	3
1	67793267	67797035	2	1	1	2
1	67797036	78160796	2	1	1	2
1	78160797	78164797	2	1	1	2
1	78164798	88949264	2	1	1	3
1	88949265	88952577	2	1	1	2
1	88952578	95256800	2	1	1	3
1	95256801	95264397	2	1	1	3
1	95264398	98070308	2	1	1	2
1	98070309	98073371	2	1	1	2
1	98073372	112840128	2	1	1	2
1	112840129	112844458	2	1	1	2
1	112844459	114368370	2	1	1	2
1	114368371	114371312	2	1	1	2
1	114371313	117986897	2	1	1	2
1	117986898	117995480	3	2	1	2
1	117995481	121499999	2	1	1	2
1	121500000	128899999	2	1	1	2
1	128900000	143544201	2	1	1	2
1	143544202	150212410	2	1	1	3
1	150212411	150215867	2	1	1	3
1	150215868	153439823	2	1	1	3
1	153439824	153446689	2	1	1	1
1	153446690	156368312	2	1	1	3
1	156368313	156382457	2	1	1	2
1	156382458	156901095	2	1	1	2
1	156901096	156904064	2	1	1	2
1	156904065	157310066	2	1	1	2
1	157310067	157352715	3	2	1	2
1	157352716	161041499	2	1	1	3
1	161041500	161064754	2	1	1	2
1	161064755	166161415	2	1	1	2
1	166161416	166168734	2	1	1	2
1	166168735	168389213	2	1	1	2
1	168389214	168396329	2	1	1	2
1	168396330	173289145	2	1	1	3
1	173289146	173297217	2	1	1	1
1	173297218	173968499	2	1	1	3
1	173968500	174001372	2	1	1	2
1	174001373	174067359	2	1	1	3
1	174067360	174073177	2	1	1	2
1	174073178	180265655	2	1	1	2
1	180265656	180266794	2	1	1	2
1	180266795	180270746	2	1	1	2
1	180270747	180278436	2	1	1	2
1	180278437	194726004	2	1	1	2
1	194726005	194742070	3	2	1	2
1	194742071	194839973	2	1	1	2
1	194839974	194855449	3	2	1	2
1	194855450	201549067	2	1	1	2
1	201549068	201550183	2	1	1	2
1	201550184	202768061	2	1	1	2
1	202768062	202771946	4	3	1	2
1	202771947	206991586	2	1	1	3
1	206991587	206995796	2	1	1	3
1	206995797	226942063	2	1	1	2
1	226942064	226946383	4	3	1	2
1	226946384	227051355	2	1	1	3
1	227051356	227052028	2	1	1	3
1	227052029	233607956	2	1	1	2
1	233607957	233621004	2	1	1	2
1	233621005	234368613	2	1	1	2
1	234368614	234374241	4	3	1	2
1	234374242	236560391	2	1	1	2
1	236560392	236560608	2	1	1	2
1	236560609	241236616	2	1	1	2
1	241236617	241248169	2	1	1	2
1	241248170	244297605	2	1	1	2
1	244297606	245153583	3	2	1	2
1	245153584	248111549	2	1	1	2
1	248111550	248112525	2	1	1	2
1	248112526	249250620	2	1	1	2
2	34289	7281460	1	1	0	2
2	7281461	7494762	2	2	0	2
2	7494763	16050813	1	1	0	3
2	16050814	16056135	1	1	0	1
2	16056136	27376376	1	1	0	2
2	27376377	32145240	2	1	1	2
2	32145241	32145278	2	1	1	2
2	32145279	33479715	2	1	1	2
2	33479716	35483549	2	1	1	2
2	35483550	35483817	2	1	1	2
2	35483818	40330707	2	1	1	2
2	40330708	40337590	4	3	1	2
2	40337591	41614263	2	1	1	3
2	41614264	41623115	2	1	1	3
2	41623116	41707182	2	1	1	2
2	41707183	41709924	2	1	1	2
2	41709925	44445339	2	1	1	2
2	44445340	44460245	3	2	1	2
2	44460246	47264160	2	1	1	2
2	47264161	47376457	3	2	1	2
2	47376458	47400786	4	3	1	2
2	47400787	48078071	3	2	1	2
2	48078072	50345237	2	1	1	2
2	50345238	50350916	3	2	1	2
2	50350917	61272320	2	1	1	2
2	61272321	64772751	1	1	0	2
2	64772752	66256366	2	1	1	2
2	66256367	66264497	2	1	1	2
2	66264498	69873625	2	1	1	2
2	69873626	69875150	2	1	1	2
2	69875151	71620218	2	1	1	3
2	71620219	71629227	2	1	1	1
2	71629228	75058168	2	1	1	2
2	75058169	75061748	2	1	1	2
2	75061749	90499999	2	1	1	2
2	90500000	97213736	2	1	1	2
2	97213737	97217452	2	1	1	2
2	97217453	108751183	2	1	1	2
2	108751184	109070527	3	2	1	2
2	109070528	113691693	2	1	1	2
2	113691694	113691736	2	1	1	2
2	113691737	118229067	1	1	0	3
2	118229068	118229127	1	1	0	2
2	118229128	121983293	1	1	0	2
2	121983294	122015185	2	2	0	3
2	122015186	128667609	1	1	0	3
2	128667610	128671559	1	1	0	2
2	128671560	129944046	1	1	0	3
2	129944047	129944301	1	1	0	3
2	129944302	133413658	1	1	0	2
2	133413659	133418648	2	2	0	2
2	133418649	138287691	1	1	0	3
2	138287692	138290076	1	1	0	2
2	138290077	157588386	1	1	0	3
2	157588387	157589495	1	1	0	3
2	157589496	178114332	1	1	0	3
2	178114333	178120526	1	1	0	3
2	178120527	181192918	1	1	0	3
2	181192919	181196574	1	1	0	3
2	181196575	220579181	1	1	0	2
2	220579182	220585115	1	1	0	2
2	220585116	220933101	1	1	0	2
2	220933102	220933339	1	1	0	2
2	220933340	242999968	1	1	0	2
3	60596	6262500	1	1	0	2
3	6262501	14775495	1	1	0	2
3	14775496	14777010	1	1	0	2
3	14777011	23554266	1	1	0	2
3	23554267	23559324	2	2	0	2
3	23559325	28388762	1	1	0	2
3	28388763	28427361	0	0	0	2
3	28427362	53768094	1	1	0	2
3	53768095	53969686	2	2	0	2
3	53969687	58364193	1	1	0	2
3	58364194	59993354	2	1	1	2
3	59993355	60067729	2	1	1	2
3	60067730	60448935	2	1	1	2
3	60448936	60457806	1	1	0	2
3	60457807	60563511	2	1	1	2
3	60563512	60568095	2	1	1	2
3	60568096	65269219	2	1	1	2
3	65269220	65275288	3	2	1	2
3	65275289	68611370	2	1	1	2
3	68611371	68615302	2	1	1	2
3	68615303	71634388	2	1	1	2
3	71634389	71641074	2	1	1	2
3	71641075	72379981	2	1	1	3
3	72379982	72906578	3	2	1	2
3	72906579	72906659	3	2	1	2
3	72906660	72979400	3	2	1	2
3	72979401	84121123	2	1	1	2
3	84121124	84124615	2	1	1	2
3	84124616	87770281	2	1	1	2
3	87770282	87773550	2	1	1	2
3	87773551	94818085	NA	NA	NA	NA
3	94818086	99171031	3	2	1	2
3	99171032	100181964	2	1	1	2
3	100181965	100190939	4	3	1	2
3	100190940	106237261	2	1	1	2
3	106237262	112057435	1	1	0	3
3	112057436	112083388	1	1	0	1
3	112083389	115052757	1	1	0	3
3	115052758	115054424	1	1	0	3
3	115054425	120027312	1	1	0	3
3	120027313	120033112	1	1	0	1
3	120033113	121965453	1	1	0	3
3	121965454	121970484	1	1	0	3
3	121970485	132477470	1	1	0	3
3	132477471	132479261	1	1	0	2
3	132479262	133234527	1	1	0	3
3	133234528	133244583	1	1	0	1
3	133244584	133979272	1	1	0	2
3	133979273	135233385	2	2	0	2
3	135233386	135235367	3	3	0	2
3	135235368	136547824	2	2	0	2
3	136547825	136547949	2	2	0	2
3	136547950	141315448	2	2	0	2
3	141315449	141317530	2	2	0	2
3	141317531	143408094	2	2	0	2
3	143408095	150733356	3	2	1	2
3	150733357	150735722	3	2	1	2
3	150735723	152008222	3	2	1	2
3	152008223	152034040	5	3	2	2
3	152034041	153524256	3	2	1	2
3	153524257	153528009	5	3	2	2
3	153528010	154619641	3	2	1	2
3	154619642	154628649	3	2	1	2
3	154628650	155364214	3	2	1	2
3	155364215	155642040	4	2	2	2
3	155642041	155642267	4	2	2	2
3	155642268	156074227	4	2	2	2
3	156074228	158720873	3	2	1	2
3	158720874	158724887	3	2	1	2
3	158724888	168762136	3	2	1	2
3	168762137	168769902	4	3	1	2
3	168769903	169558117	3	2	1	2
3	169558118	169558479	3	2	1	2
3	169558480	173759957	3	2	1	2
3	173759958	173760278	3	2	1	2
3	173760279	176689114	3	2	1	2
3	176689115	176694202	4	3	1	2
3	176694203	179176272	3	2	1	2
3	179176273	181592577	2	1	1	2
3	181592578	181594353	2	1	1	2
3	181594354	186527402	2	1	1	2
3	186527403	186567700	3	2	1	2
3	186567701	186567744	2	1	1	2
3	186567745	190097226	2	1	1	2
3	190097227	193837997	3	2	1	2
3	193837998	193842026	3	2	1	2
3	193842027	197792892	3	2	1	2
4	49976	15086217	1	1	0	2
4	15086218	15095304	2	2	0	2
4	15095305	16339902	1	1	0	2
4	16339903	16340138	1	1	0	2
4	16340139	27153566	1	1	0	2
4	27153567	27154582	1	1	0	2
4	27154583	48199999	1	1	0	2
4	48200000	52699999	1	1	0	2
4	52700000	58302464	1	1	0	2
4	58302465	58305691	1	1	0	2
4	58305692	74048709	1	1	0	2
4	74048710	74060446	1	1	0	2
4	74060447	90206797	1	1	0	2
4	90206798	90210482	1	1	0	2
4	90210483	91888548	1	1	0	2
4	91888549	91981186	1	1	0	2
4	91981187	94784186	1	1	0	3
4	94784187	94787477	1	1	0	2
4	94787478	121835318	1	1	0	3
4	121835319	121855027	1	1	0	2
4	121855028	125398858	1	1	0	2
4	125398859	125406155	2	2	0	2
4	125406156	127679124	1	1	0	2
4	127679125	127690140	1	1	0	1
4	127690141	127716696	1	1	0	2
4	127716697	127719984	1	1	0	2
4	127719985	129238034	1	1	0	2
4	129238035	129248261	2	2	0	2
4	129248262	141447235	1	1	0	2
4	141447236	141450844	1	1	0	2
4	141450845	141913261	1	1	0	2
4	141913262	141917633	1	1	0	2
4	141917634	141917687	1	1	0	2
4	141917688	156398416	1	1	0	2
4	156398417	156409341	2	2	0	2
4	156409342	159647138	1	1	0	2
4	159647139	159648745	1	1	0	2
4	159648746	163746946	1	1	0	2
4	163746947	163748907	1	1	0	2
4	163748908	167101179	1	1	0	2
4	167101180	167104119	1	1	0	3
4	167104120	190778060	1	1	0	2
5	14676	15959849	3	3	0	2
5	15959850	15961586	3	3	0	2
5	15961587	17846652	3	3	0	2
5	17846653	17856761	3	3	0	2
5	17856762	19638870	3	3	0	2
5	19638871	42291488	1	1	0	3
5	42291489	42293571	1	1	0	3
5	42293572	42293870	1	1	0	2
5	42293871	42296403	1	1	0	2
5	42296404	46099999	1	1	0	3
5	46100000	50699999	1	1	0	3
5	50700000	53885429	1	1	0	3
5	53885430	53888268	1	1	0	1
5	53888269	62375258	1	1	0	3
5	62375259	62416200	2	2	0	2
5	62416201	76893406	1	1	0	2
5	76893407	76912436	1	1	0	1
5	76912437	90015824	1	1	0	2
5	90015825	90020501	1	1	0	2
5	90020502	94038102	1	1	0	2
5	94038103	94040836	1	1	0	2
5	94040837	108043308	1	1	0	2
5	108043309	108043456	1	1	0	2
5	108043457	108719702	1	1	0	2
5	108719703	108725916	1	1	0	2
5	108725917	111277544	1	1	0	2
5	111277545	111277734	1	1	0	2
5	111277735	116860759	1	1	0	2
5	116860760	116872098	2	2	0	2
5	116872099	116945610	1	1	0	2
5	116945611	116949193	1	1	0	2
5	116949194	125436100	1	1	0	2
5	125436101	125450248	1	1	0	2
5	125450249	127544683	1	1	0	2
5	127544684	127553560	1	1	0	2
5	127553561	145550103	1	1	0	2
5	145550104	145550360	1	1	0	3
5	145550361	151630868	1	1	0	2
5	151630869	180687907	1	1	0	2
6	39681	212500	1	1	0	2
6	212501	2024785	1	1	0	2
6	2024786	2086822	2	2	0	2
6	2086823	2348665	1	1	0	2
6	2348666	9132948	1	1	0	2
6	9132949	9138159	3	3	0	2
6	9138160	10536019	1	1	0	2
6	10536020	21526633	2	2	0	2
6	21526634	21528251	1	1	0	2
6	21528252	25286994	1	1	0	2
6	25286995	25293272	3	3	0	2
6	25293273	27147026	2	2	0	2
6	27147027	27151702	3	3	0	2
6	27151703	29855600	2	2	0	2
6	29855601	30699602	2	2	0	2
6	30699603	32504426	1	1	0	2
6	32504427	36769018	1	1	0	3
6	36769019	43028702	2	1	1	2
6	43028703	43035651	2	1	1	2
6	43035652	44073054	2	1	1	2
6	44073055	44079104	2	1	1	2
6	44079105	56591299	2	1	1	2
6	56591300	56597078	2	1	1	2
6	56597079	57978392	2	1	1	2
6	57978393	57984247	2	1	1	2
6	57984248	63299999	2	1	1	2
6	63300000	69697948	2	1	1	2
6	69697949	69716309	3	2	1	2
6	69716310	74825376	2	1	1	2
6	74825377	74827764	2	1	1	2
6	74827765	79034238	2	1	1	2
6	79034239	79038508	4	3	1	2
6	79038509	80336709	2	1	1	2
6	80336710	82569370	1	1	0	3
6	82569371	82574497	1	1	0	1
6	82574498	83848044	1	1	0	3
6	83848045	90607258	2	1	1	2
6	90607259	90608923	2	1	1	2
6	90608924	91261302	2	1	1	2
6	91261303	91264774	2	1	1	2
6	91264775	100723347	2	1	1	2
6	100723348	100728380	3	2	1	2
6	100728381	104341979	2	1	1	2
6	104341980	104344503	4	3	1	2
6	104344504	107236953	2	1	1	2
6	107236954	107255727	3	2	1	2
6	107255728	111298963	2	1	1	3
6	111298964	111303075	2	1	1	3
6	111303076	111303241	2	1	1	2
6	111303242	113688297	2	1	1	2
6	113688298	113697634	3	2	1	2
6	113697635	114741733	2	1	1	2
6	114741734	114752373	2	1	1	2
6	114752374	114752408	2	1	1	2
6	114752409	119961693	2	1	1	2
6	119961694	119972144	3	2	1	2
6	119972145	123178400	2	1	1	2
6	123178401	127755891	3	2	1	2
6	127755892	127758775	3	2	1	2
6	127758776	130922186	3	2	1	2
6	130922187	130925747	4	3	1	2
6	130925748	140737331	3	2	1	2
6	140737332	140738234	3	2	1	2
6	140738235	142740070	3	2	1	2
6	142740071	142749375	3	2	1	2
6	142749376	149080953	3	2	1	2
6	149080954	149082214	3	2	1	2
6	149082215	149683699	3	2	1	2
6	149683700	150900392	1	1	0	3
6	150900393	150900676	1	1	0	3
6	150900677	170894018	1	1	0	3
7	40386	6081069	1	1	0	2
7	6081070	12444405	2	1	1	2
7	12444406	12450902	2	1	1	2
7	12450903	21646365	2	1	1	2
7	21646366	21646386	2	1	1	2
7	21646387	26152687	2	1	1	2
7	26152688	26233953	3	2	1	2
7	26233954	27211975	2	1	1	3
7	27211976	27251315	3	2	1	2
7	27251316	27419653	2	1	1	2
7	27419654	27424468	3	2	1	2
7	27424469	27565311	2	1	1	2
7	27565312	27596553	2	1	1	2
7	27596554	27740471	2	1	1	2
7	27740472	27764159	3	2	1	2
7	27764160	31484081	2	1	1	2
7	31484082	31515733	2	1	1	2
7	31515734	35870506	2	1	1	2
7	35870507	35879303	2	1	1	2
7	35879304	37940131	2	1	1	2
7	37940132	37941259	2	1	1	2
7	37941260	39746844	2	1	1	2
7	39746845	39763375	4	3	1	2
7	39763376	43221155	2	1	1	2
7	43221156	43230023	2	1	1	2
7	43230024	45363441	2	1	1	2
7	45363442	45365732	4	3	1	2
7	45365733	45365775	2	1	1	2
7	45365776	53810553	2	1	1	2
7	53810554	53810566	2	1	1	2
7	53810567	57999999	2	1	1	2
7	58000000	61699999	2	1	1	2
7	61700000	66133195	2	1	1	2
7	66133196	66138021	2	1	1	2
7	66138022	69951805	2	1	1	2
7	69951806	69957768	2	1	1	2
7	69957769	71572085	2	1	1	2
7	71572086	71577051	2	1	1	2
7	71577052	75938189	2	1	1	2
7	75938190	75938405	2	1	1	2
7	75938406	79494546	2	1	1	2
7	79494547	79494741	2	1	1	2
7	79494742	79495559	2	1	1	2
7	79495560	79495661	2	1	1	2
7	79495662	79499417	2	1	1	1
7	79499418	79499462	2	1	1	2
7	79499463	80409049	2	1	1	2
7	80409050	84413769	3	2	1	2
7	84413770	84416266	3	2	1	2
7	84416267	85658311	3	2	1	2
7	85658312	85659743	3	2	1	2
7	85659744	98688538	3	2	1	2
7	98688539	98693963	3	2	1	2
7	98693964	99079824	3	2	1	2
7	99079825	99081466	3	2	1	2
7	99081467	99632329	3	2	1	2
7	99632330	99641080	3	2	1	2
7	99641081	103655316	3	2	1	2
7	103655317	103658086	3	2	1	2
7	103658087	105000579	3	2	1	2
7	105000580	105018652	2	1	1	2
7	105018653	106769921	3	2	1	2
7	106769922	106783559	3	2	1	2
7	106783560	107219265	3	2	1	2
7	107219266	107329838	4	3	1	2
7	107329839	107365452	5	3	2	2
7	107365453	108209250	4	3	1	2
7	108209251	110281650	3	2	1	2
7	110281651	110418810	2	2	0	3
7	110418811	111402850	3	2	1	2
7	111402851	111487141	4	2	2	2
7	111487142	112032461	3	2	1	2
7	112032462	112045587	4	2	2	2
7	112045588	112510376	3	2	1	2
7	112510377	117015349	1	1	0	2
7	117015350	117019616	2	2	0	2
7	117019617	119983182	1	1	0	2
7	119983183	119986286	1	1	0	2
7	119986287	127734119	1	1	0	2
7	127734120	128340354	1	1	0	2
7	128340355	128345506	1	1	0	2
7	128345507	130137928	1	1	0	2
7	130137929	130143074	1	1	0	2
7	130143075	130472986	1	1	0	2
7	130472987	130473154	1	1	0	2
7	130473155	130473312	1	1	0	2
7	130473313	130474741	1	1	0	2
7	130474742	131891944	1	1	0	2
7	131891945	132591134	2	2	0	2
7	132591135	145533497	1	1	0	2
7	145533498	145536125	1	1	0	2
7	145536126	156445412	1	1	0	2
7	156445413	156448271	1	1	0	2
7	156448272	156510753	1	1	0	2
7	156510754	156941998	2	2	0	2
7	156941999	158053757	1	1	0	2
7	158053758	158083962	0	0	0	2
7	158083963	158821400	1	1	0	2
8	1	155756	1	1	0	2
8	155757	6546753	1	1	0	2
8	6546754	6550286	1	1	0	2
8	6550287	15894837	1	1	0	2
8	15894838	15898384	1	1	0	2
8	15898385	27500338	1	1	0	2
8	27500339	27516297	1	1	0	2
8	27516298	43099999	1	1	0	2
8	43100000	48099999	1	1	0	2
8	48100000	63775051	1	1	0	2
8	63775052	63777359	1	1	0	2
8	63777360	68428140	1	1	0	2
8	68428141	68430853	1	1	0	3
8	68430854	73466601	1	1	0	2
8	73466602	73467763	1	1	0	3
8	73467764	74797618	1	1	0	3
8	74797619	74802566	1	1	0	3
8	74802567	82129813	1	1	0	3
8	82129814	82132497	1	1	0	2
8	82132498	88909275	1	1	0	3
8	88909276	90950634	2	1	1	2
8	90950635	90971251	3	2	1	2
8	90971252	92111254	2	1	1	2
8	92111255	92178905	1	1	0	2
8	92178906	93037022	2	1	1	2
8	93037023	93038730	2	1	1	2
8	93038731	100621484	2	1	1	2
8	100621485	100625833	2	1	1	2
8	100625834	105418594	2	1	1	2
8	105418595	115118414	3	2	1	2
8	115118415	115130155	3	2	1	2
8	115130156	118150052	3	2	1	2
8	118150053	119860664	4	3	1	2
8	119860665	119872528	4	3	1	2
8	119872529	120806070	4	3	1	2
8	120806071	120809441	4	3	1	2
8	120809442	121641634	4	3	1	2
8	121641635	121769510	5	4	1	2
8	121769511	121783336	4	3	1	2
8	121783337	121875428	4	3	1	2
8	121875429	127871657	4	3	1	2
8	127871658	127876943	4	3	1	2
8	127876944	128803713	4	3	1	2
8	128803714	128820188	4	3	1	2
8	128820189	131980417	4	3	1	2
8	131980418	135831261	5	3	2	2
8	135831262	135842642	4	2	2	2
8	135842643	137404688	4	2	2	2
8	137404689	137410167	4	2	2	1
8	137410168	138629789	4	2	2	2
8	138629790	142482035	4	2	2	2
8	142482036	142493803	4	2	2	2
8	142493804	145610277	4	2	2	2
8	145610278	145618189	4	2	2	2
9	47500	10382586	3	2	1	2
9	10382587	10382869	3	2	1	2
9	10382870	12311950	3	2	1	2
9	12311951	12313262	3	2	1	2
9	12313263	14717738	3	2	1	2
9	14717739	14720061	3	2	1	2
9	14720062	15488613	3	2	1	2
9	15488614	15490063	3	2	1	2
9	15490064	18332343	3	2	1	2
9	18332344	18332366	3	2	1	2
9	18332367	20852634	2	1	1	2
9	20852635	20856426	2	1	1	2
9	20856427	22657349	2	1	1	2
9	22657350	22665955	2	1	1	2
9	22665956	26610130	2	1	1	2
9	26610131	26613397	4	3	1	2
9	26613398	26841340	2	1	1	2
9	26841341	26846713	4	3	1	2
9	26846714	36202793	2	1	1	2
9	36202794	36205130	2	1	1	2
9	36205131	47299999	2	1	1	2
9	47300000	50699999	NA	NA	NA	NA
9	50700000	66454801	2	1	1	1
9	66454802	69808601	1	1	0	2
9	69808602	79222434	1	1	0	2
9	79222435	79226320	1	1	0	2
9	79226321	86592920	1	1	0	2
9	86592921	86596463	1	1	0	2
9	86596464	86596516	1	1	0	2
9	86596517	87589881	1	1	0	2
9	87589882	87593668	1	1	0	2
9	87593669	88188132	1	1	0	2
9	88188133	88190565	1	1	0	2
9	88190566	88551751	1	1	0	2
9	88551752	88558289	1	1	0	2
9	88558290	91948859	1	1	0	2
9	91948860	91954427	1	1	0	2
9	91954428	138755945	1	1	0	2
9	138755946	138852956	0	0	0	2
9	138852957	140273200	1	1	0	2
9	140273201	141019790	1	1	0	2
10	94426	1039077	2	1	1	2
10	1039078	1046029	2	1	1	2
10	1046030	1248491	2	1	1	2
10	1248492	1254246	3	2	1	2
10	1254247	4168544	2	1	1	2
10	4168545	4171126	3	2	1	2
10	4171127	9208596	2	1	1	2
10	9208597	9213941	2	1	1	2
10	9213942	11400690	2	1	1	2
10	11400691	11400701	2	1	1	2
10	11400702	13603319	2	1	1	2
10	13603320	13606076	3	2	1	2
10	13606077	24658888	2	1	1	2
10	24658889	24704756	3	2	1	2
10	24704757	24704797	3	2	1	2
10	24704798	24712511	3	2	1	2
10	24712512	25232380	2	1	1	2
10	25232381	25236376	2	1	1	1
10	25236377	30501479	2	1	1	2
10	30501480	30505355	2	1	1	2
10	30505356	32551392	2	1	1	2
10	32551393	32567316	3	2	1	2
10	32567317	37999999	2	1	1	2
10	38000000	42397499	2	1	1	2
10	42397500	42645582	2	1	1	2
10	42645583	43773698	3	2	1	2
10	43773699	43877182	2	2	0	2
10	43877183	44659916	2	2	0	2
10	44659917	45342081	3	2	1	2
10	45342082	45348732	4	2	2	2
10	45348733	45665558	3	2	1	2
10	45665559	47069884	2	1	1	2
10	47069885	47071301	2	1	1	2
10	47071302	47419401	2	1	1	2
10	47419402	47892601	2	1	1	2
10	47892602	49195601	2	1	1	2
10	49195602	49603818	6	5	1	2
10	49603819	49728494	6	5	1	2
10	49728495	50720406	4	3	1	2
10	50720407	50721690	4	3	1	2
10	50721691	50723683	1	1	0	2
10	50723684	51497499	1	1	0	2
10	51497500	51745280	2	1	1	2
10	51745281	61906880	1	1	0	2
10	61906881	61916204	1	1	0	2
10	61916205	65948066	1	1	0	2
10	65948067	65953688	1	1	0	2
10	65953689	67715830	1	1	0	2
10	67715831	67715847	1	1	0	2
10	67715848	68683201	1	1	0	2
10	68683202	68690725	1	1	0	2
10	68690726	68690773	1	1	0	2
10	68690774	77059448	1	1	0	2
10	77059449	77167363	1	1	0	2
10	77167364	89705393	1	1	0	2
10	89705394	89711874	2	2	0	2
10	89711875	95377921	1	1	0	2
10	95377922	95385925	2	2	0	2
10	95385926	118939368	1	1	0	2
10	118939369	118945132	1	1	0	2
10	118945133	121912185	1	1	0	2
10	121912186	121923162	2	2	0	2
10	121923163	127727512	1	1	0	2
10	127727513	127730564	1	1	0	2
10	127730565	135079347	1	1	0	2
10	135079348	135084573	3	3	0	2
10	135084574	135389924	1	1	0	2
11	20721	197628	2	1	1	2
11	197629	2846967	2	1	1	2
11	2846968	2866326	2	1	1	2
11	2866327	3264243	2	1	1	2
11	3264244	14697448	1	1	0	2
11	14697449	14713583	1	1	0	2
11	14713584	16765984	1	1	0	3
11	16765985	16766248	1	1	0	2
11	16766249	19823960	1	1	0	2
11	19823961	23278895	2	1	1	2
11	23278896	23286584	4	3	1	2
11	23286585	25344982	2	1	1	2
11	25344983	25845366	3	2	1	2
11	25845367	27485748	2	1	1	2
11	27485749	27879655	3	2	1	2
11	27879656	27890217	3	2	1	1
11	27890218	31662607	3	2	1	2
11	31662608	31692183	2	2	0	2
11	31692184	38610257	3	2	1	2
11	38610258	38614622	5	4	1	2
11	38614623	39094769	3	2	1	2
11	39094770	39099759	3	2	1	2
11	39099760	46933411	3	2	1	2
11	46933412	46942842	3	2	1	2
11	46942843	47438948	3	2	1	2
11	47438949	47477192	5	4	1	2
11	47477193	49042079	3	2	1	2
11	49042080	49051950	3	2	1	2
11	49051951	50607966	3	2	1	2
11	50607967	55699999	NA	NA	NA	NA
11	55700000	58894677	2	1	1	2
11	58894678	58923566	2	1	1	2
11	58923567	58929909	2	1	1	1
11	58929910	58957886	2	1	1	2
11	58957887	64077281	2	1	1	2
11	64077282	64080348	2	1	1	2
11	64080349	64114405	2	1	1	2
11	64114406	64127365	4	3	1	2
11	64127366	64964494	2	1	1	2
11	64964495	64970628	2	1	1	1
11	64970629	65210297	2	1	1	2
11	65210298	65230481	2	1	1	2
11	65230482	68296825	2	1	1	2
11	68296826	68308952	3	2	1	2
11	68308953	68350153	2	1	1	2
11	68350154	68377633	1	1	0	2
11	68377634	69942839	2	1	1	2
11	69942840	69961602	2	1	1	2
11	69961603	71284556	2	1	1	2
11	71284557	71293354	2	1	1	2
11	71293355	71718071	2	1	1	2
11	71718072	71739654	3	2	1	2
11	71739655	71858336	2	1	1	2
11	71858337	71863088	3	2	1	2
11	71863089	72493067	2	1	1	2
11	72493068	72500948	3	2	1	2
11	72500949	76184798	2	1	1	2
11	76184799	76195218	2	1	1	2
11	76195219	78603500	2	1	1	2
11	78603501	78622112	3	2	1	2
11	78622113	84007696	2	1	1	2
11	84007697	84075945	1	1	0	2
11	84075946	84193432	1	1	0	2
11	84193433	84325344	1	1	0	2
11	84325345	92501807	2	1	1	2
11	92501808	92505601	2	1	1	2
11	92505602	97077070	2	1	1	2
11	97077071	97082784	2	1	1	2
11	97082785	98639540	2	1	1	2
11	98639541	98647617	2	1	1	2
11	98647618	101695645	2	1	1	2
11	101695646	101700666	3	2	1	2
11	101700667	107657598	2	1	1	2
11	107657599	107660086	2	1	1	2
11	107660087	108399511	2	1	1	2
11	108399512	108426688	3	2	1	2
11	108426689	112259343	2	1	1	2
11	112259344	112273247	3	2	1	2
11	112273248	113593643	2	1	1	2
11	113593644	113593910	2	1	1	2
11	113593911	118171552	2	1	1	2
11	118171553	118175449	2	1	1	2
11	118175450	119702590	2	1	1	2
11	119702591	122837373	1	1	0	2
11	122837374	122846244	2	2	0	2
11	122846245	123442673	1	1	0	3
11	123442674	125141550	3	3	0	2
11	125141551	125145181	3	3	0	2
11	125145182	129307492	3	3	0	2
11	129307493	129317389	4	4	0	2
11	129317390	134452200	3	3	0	2
12	22500	160106	2	1	1	2
12	160107	972251	2	1	1	3
12	972252	975276	2	1	1	2
12	975277	975323	2	1	1	2
12	975324	1862240	2	1	1	3
12	1862241	1868203	2	1	1	1
12	1868204	2389612	2	1	1	2
12	2389613	2403629	2	1	1	2
12	2403630	5720564	2	1	1	2
12	5720565	5722414	4	3	1	2
12	5722415	12164071	2	1	1	3
12	12164072	12233127	3	2	1	2
12	12233128	15569261	2	1	1	3
12	15569262	15584095	2	1	1	3
12	15584096	21260933	2	1	1	2
12	21260934	21264066	2	1	1	2
12	21264067	27642499	2	1	1	2
12	27642500	27645562	2	1	1	2
12	27645563	28551674	2	1	1	2
12	28551675	28555317	2	1	1	2
12	28555318	33299999	2	1	1	2
12	33300000	38199999	2	1	1	2
12	38200000	41205808	2	1	1	2
12	41205809	42966327	1	1	0	3
12	42966328	42968867	1	1	0	2
12	42968868	52479449	1	1	0	2
12	52479450	52493905	2	2	0	2
12	52493906	52656998	1	1	0	2
12	52656999	52660834	2	2	0	2
12	52660835	53163214	1	1	0	2
12	53163215	53173307	1	1	0	2
12	53173308	66627859	1	1	0	3
12	66627860	66628013	1	1	0	3
12	66628014	66913364	1	1	0	3
12	66913365	66916706	1	1	0	2
12	66916707	75578331	1	1	0	3
12	75578332	75584451	1	1	0	1
12	75584452	79062908	1	1	0	3
12	79062909	79066279	1	1	0	2
12	79066280	79594698	1	1	0	3
12	79594699	88732574	2	1	1	2
12	88732575	88734107	2	1	1	2
12	88734108	92290270	2	1	1	3
12	92290271	99686329	1	1	0	2
12	99686330	99843662	1	1	0	1
12	99843663	104009273	1	1	0	2
12	104009274	105379969	2	1	1	2
12	105379970	105383084	2	1	1	2
12	105383085	109449368	2	1	1	2
12	109449369	132349400	1	1	0	2
12	132349401	133851894	1	1	0	2
13	1	16299999	1	1	0	1
13	16300000	19499999	1	1	0	2
13	19500000	37778993	1	1	0	3
13	37778994	37780827	1	1	0	2
13	37780828	41112988	1	1	0	2
13	41112989	41179675	2	2	0	2
13	41179676	45349830	1	1	0	3
13	45349831	49048426	2	2	0	2
13	49048427	49051515	2	2	0	1
13	49051516	52247399	2	2	0	2
13	52247400	52255278	2	2	0	2
13	52255279	60597381	2	2	0	2
13	60597382	60706110	2	2	0	2
13	60706111	69230604	2	2	0	2
13	69230605	69256347	3	3	0	2
13	69256348	73702292	2	2	0	2
13	73702293	73771757	6	6	0	2
13	73771758	73845639	7	7	0	1
13	73845640	74124644	4	4	0	2
13	74124645	74129344	4	4	0	2
13	74129345	74166001	4	4	0	2
13	74166002	74169289	4	4	0	2
13	74169290	74231937	4	4	0	2
13	74231938	74345431	2	2	0	2
13	74345432	74345883	2	2	0	2
13	74345884	74346106	2	2	0	2
13	74346107	91854862	2	2	0	2
13	91854863	91858488	2	2	0	2
13	91858489	95267314	1	1	0	2
13	95267315	95269460	1	1	0	2
13	95269461	95269506	1	1	0	2
13	95269507	98128046	1	1	0	2
13	98128047	99802386	2	2	0	2
13	99802387	111461385	2	2	0	2
13	111461386	111463442	2	2	0	2
13	111463443	114142800	2	2	0	2
13	114142801	115169877	3	3	0	2
14	1	16099999	1	1	0	1
14	16100000	19099999	1	1	0	2
14	19100000	21291724	1	1	0	3
14	21291725	21295525	1	1	0	2
14	21295526	31193068	1	1	0	2
14	31193069	46505526	1	1	0	2
14	46505527	50830964	2	2	0	2
14	50830965	50831177	1	1	0	1
14	50831178	52988722	2	2	0	2
14	52988723	52991982	3	3	0	2
14	52991983	53683540	2	2	0	2
14	53683541	53756164	0	0	0	2
14	53756165	63880912	1	1	0	2
14	63880913	63886321	2	2	0	1
14	63886322	68347727	2	2	0	2
14	68347728	71622114	1	1	0	2
14	71622115	71848729	2	2	0	2
14	71848730	71848766	1	1	0	2
14	71848767	75039807	1	1	0	3
14	75039808	75043928	1	1	0	1
14	75043929	93699065	1	1	0	3
14	93699066	93703916	1	1	0	2
14	93703917	93703980	1	1	0	2
14	93703981	95207616	1	1	0	3
14	95207617	95213286	1	1	0	2
14	95213287	100741496	1	1	0	3
14	100741497	100749872	1	1	0	3
14	100749873	103380303	1	1	0	3
14	103380304	103382428	1	1	0	3
14	103382429	106281557	1	1	0	3
14	106281558	106286946	1	1	0	3
14	106286947	106318400	1	1	0	2
14	106318401	107349539	1	1	0	3
15	1	15799999	1	1	0	1
15	15800000	20699999	1	1	0	2
15	20700000	21889492	1	1	0	2
15	21889493	26356425	1	1	0	2
15	26356426	26356641	1	1	0	2
15	26356642	26356683	1	1	0	2
15	26356684	36812755	1	1	0	2
15	36812756	36816726	1	1	0	2
15	36816727	49738727	1	1	0	2
15	49738728	49738788	1	1	0	2
15	49738789	50311133	1	1	0	2
15	50311134	50311206	1	1	0	2
15	50311207	75314351	1	1	0	2
15	75314352	75316882	1	1	0	2
15	75316883	80071288	1	1	0	2
15	80071289	80077647	1	1	0	2
15	80077648	85469582	1	1	0	2
15	85469583	85480650	2	2	0	2
15	85480651	86618013	1	1	0	3
15	86618014	86624133	1	1	0	3
15	86624134	90878696	1	1	0	3
15	90878697	90927310	2	2	0	2
15	90927311	100338800	1	1	0	3
15	100338801	102401912	1	1	0	3
16	83807	3326416	1	1	0	2
16	3326417	3333420	1	1	0	2
16	3333421	15229949	1	1	0	2
16	15229950	15236565	1	1	0	3
16	15236566	24050363	1	1	0	3
16	24050364	24052240	1	1	0	1
16	24052241	30665653	1	1	0	3
16	30665654	30680244	1	1	0	3
16	30680245	31904380	1	1	0	3
16	31904381	31907703	1	1	0	1
16	31907704	34599999	2	1	1	3
16	34600000	38599999	2	1	1	3
16	38600000	47388245	2	1	1	3
16	47388246	47388285	2	1	1	2
16	47388286	48838957	1	1	0	2
16	48838958	48839205	1	1	0	2
16	48839206	53636477	1	1	0	2
16	53636478	53645792	1	1	0	2
16	53645793	78889698	1	1	0	2
16	78889699	78926436	0	0	0	2
16	78926437	81985113	1	1	0	2
16	81985114	86795471	2	1	1	2
16	86795472	86795827	2	1	1	2
16	86795828	88103499	2	1	1	2
16	88103500	88116113	3	2	1	2
16	88116114	89422268	2	1	1	2
16	89422269	89422375	2	1	1	2
16	89422376	89431531	2	1	1	1
16	89431532	89444894	2	1	1	2
17	12500	1697017	2	2	0	2
17	1697018	1699370	2	2	0	2
17	1699371	2702338	2	2	0	2
17	2702339	8722631	1	1	0	2
17	8722632	8725370	1	1	0	2
17	8725371	15071282	1	1	0	3
17	15071283	15079088	1	1	0	2
17	15079089	22199999	1	1	0	3
17	22200000	25799999	1	1	0	3
17	25800000	29985854	1	1	0	3
17	29985855	29993499	1	1	0	1
17	29993500	32484747	1	1	0	3
17	32484748	32489509	1	1	0	1
17	32489510	53394660	1	1	0	3
17	53394661	53398965	1	1	0	2
17	53398966	59287035	1	1	0	2
17	59287036	59294437	1	1	0	2
17	59294438	59783145	1	1	0	2
17	59783146	59791458	1	1	0	2
17	59791459	65573629	1	1	0	2
17	65573630	66005042	2	2	0	2
17	66005043	68349651	1	1	0	2
17	68349652	68355180	1	1	0	1
17	68355181	68355315	2	2	0	2
17	68355316	68368846	2	2	0	2
17	68368847	69728522	1	1	0	2
17	69728523	69728695	1	1	0	2
17	69728696	70942553	1	1	0	2
17	70942554	78774600	1	1	0	2
17	78774601	79467882	1	1	0	2
17	79467883	81195209	2	2	0	1
18	46330	1622278	2	1	1	2
18	1622279	1624042	2	1	1	2
18	1624043	2406005	2	1	1	2
18	2406006	2423376	3	2	1	2
18	2423377	9129238	2	1	1	2
18	9129239	9140770	4	3	1	2
18	9140771	15399999	2	1	1	2
18	15400000	18999999	2	1	1	2
18	19000000	22067792	2	1	1	2
18	22067793	22070724	2	1	1	2
18	22070725	22136705	2	1	1	2
18	22136706	22140316	3	2	1	2
18	22140317	22140471	2	1	1	2
18	22140472	25336319	2	1	1	2
18	25336320	25336476	2	1	1	2
18	25336477	42562918	2	1	1	2
18	42562919	42571290	2	1	1	2
18	42571291	52400302	2	1	1	2
18	52400303	52410419	2	1	1	2
18	52410420	60699874	2	1	1	2
18	60699875	60705980	3	2	1	2
18	60705981	70324092	2	1	1	2
18	70324093	70324242	2	1	1	2
18	70324243	72190517	2	1	1	2
18	72190518	72196269	2	1	1	2
18	72196270	76117000	2	1	1	2
18	76117001	78077247	2	1	1	2
19	102500	245630	1	1	0	2
19	245631	1149055	1	1	0	2
19	1149056	1157150	1	1	0	2
19	1157151	1158803	1	1	0	3
19	1158804	1165260	1	1	0	3
19	1165261	1165281	1	1	0	2
19	1165282	1742825	1	1	0	3
19	1742826	3604866	2	1	1	2
19	3604867	3611982	2	1	1	2
19	3611983	9467778	2	1	1	2
19	9467779	9470684	2	1	1	2
19	9470685	11478515	2	1	1	3
19	11478516	11497781	2	1	1	1
19	11497782	14885595	2	1	1	3
19	14885596	14886880	2	1	1	2
19	14886881	17232790	2	1	1	3
19	17232791	17239857	2	1	1	1
19	17239858	24399999	2	1	1	2
19	24400000	28599999	2	1	1	2
19	28600000	30412020	2	1	1	2
19	30412021	30413547	2	1	1	2
19	30413548	31883316	2	1	1	2
19	31883317	31883511	2	1	1	2
19	31883512	33316746	2	1	1	2
19	33316747	35379162	1	1	0	3
19	35379163	36141156	2	1	1	3
19	36141157	38024571	3	2	1	2
19	38024572	38024820	3	2	1	2
19	38024821	39833245	3	2	1	2
19	39833246	39836473	3	2	1	2
19	39836474	41077393	3	2	1	3
19	41077394	41084376	3	2	1	1
19	41084377	41674626	3	2	1	2
19	41674627	41677825	3	2	1	2
19	41677826	41726518	2	1	1	1
19	41726519	42128974	2	1	1	3
19	42128975	44651408	1	1	0	3
19	44651409	45100547	2	1	1	3
19	45100548	46249686	1	1	0	2
19	46249687	46256470	1	1	0	2
19	46256471	53208594	1	1	0	3
19	53208595	53217903	1	1	0	1
19	53217904	59128982	1	1	0	3
20	24545	3055822	2	1	1	2
20	3055823	3321951	2	1	1	2
20	3321952	3331516	2	1	1	2
20	3331517	3574762	2	1	1	2
20	3574763	3578839	2	1	1	2
20	3578840	4514156	2	1	1	2
20	4514157	4538232	2	1	1	2
20	4538233	8151804	2	1	1	2
20	8151805	8151840	2	1	1	2
20	8151841	8361800	1	1	0	2
20	8361801	8791439	2	1	1	2
20	8791440	8804985	2	1	1	2
20	8804986	17274528	2	1	1	2
20	17274529	17281553	2	1	1	2
20	17281554	23603506	2	1	1	2
20	23603507	23603670	2	1	1	2
20	23603671	25274333	2	1	1	2
20	25274334	25276185	3	2	1	2
20	25276186	29399999	NA	NA	NA	NA
20	29400000	33183322	2	1	1	2
20	33183323	33186836	2	1	1	2
20	33186837	33263545	2	1	1	2
20	33263546	33278789	3	2	1	2
20	33278790	34549784	2	1	1	2
20	34549785	34602914	2	1	1	2
20	34602915	37141444	2	1	1	2
20	37141445	37164226	2	1	1	2
20	37164227	39630331	2	1	1	2
20	39630332	39663898	2	1	1	2
20	39663899	43432565	2	1	1	2
20	43432566	43451719	3	2	1	2
20	43451720	46899970	2	1	1	2
20	46899971	46906841	2	1	1	2
20	46906842	49499692	2	1	1	2
20	49499693	49511266	2	1	1	2
20	49511267	53510970	2	1	1	2
20	53510971	53513385	2	1	1	2
20	53513386	54668421	2	1	1	2
20	54668422	54670250	2	1	1	2
20	54670251	58511535	2	1	1	2
20	58511536	58531269	3	2	1	2
20	58531270	60862125	2	1	1	2
20	60862126	60866134	2	1	1	2
20	60866135	60866941	2	1	1	2
20	60866942	60882756	2	1	1	2
20	60882757	61533095	2	1	1	2
20	61533096	62435800	3	2	1	2
21	1	10899999	NA	NA	NA	NA
21	10900000	14299999	1	1	0	2
21	14300000	18293445	1	1	0	2
21	18293446	18296043	1	1	0	2
21	18296044	28083820	1	1	0	2
21	28083821	28088621	1	1	0	2
21	28088622	34804790	1	1	0	2
21	34804791	34808955	1	1	0	2
21	34808956	37733229	1	1	0	2
21	37733230	37735792	1	1	0	2
21	37735793	43568331	1	1	0	2
21	43568332	43572169	1	1	0	2
21	43572170	46944200	1	1	0	2
21	46944201	48129894	1	1	0	2
22	1	12199999	2	1	1	1
22	12200000	17899999	2	1	1	2
22	17900000	19178912	2	1	1	2
22	19178913	19374206	3	2	1	2
22	19374207	29065503	2	1	1	2
22	29065504	29065697	2	1	1	2
22	29065698	29065915	2	1	1	2
22	29065916	29066121	2	1	1	2
22	29066122	36369628	2	1	1	2
22	36369629	36374720	2	1	1	2
22	36374721	36504188	2	1	1	2
22	36504189	36511673	3	2	1	2
22	36511674	36511710	2	1	1	2
22	36511711	37474273	2	1	1	2
22	37474274	37487349	2	1	1	1
22	37487350	37695338	2	1	1	3
22	37695339	37697931	2	1	1	2
22	37697932	38439275	2	1	1	2
22	38439276	38463307	3	2	1	2
22	38463308	39692259	2	1	1	2
22	39692260	39699266	2	1	1	2
22	39699267	43246475	2	1	1	2
22	43246476	43266972	2	1	1	2
22	43266973	49691400	2	1	1	2
22	49691401	51304565	2	1	1	2
X	1	2605721	3	2	1	2
X	2605722	2617914	4	2	2	2
X	2617915	3713646	3	2	1	2
X	3713647	3722592	3	2	1	2
X	3722593	9725402	3	2	1	2
X	9725403	9725549	3	2	1	2
X	9725550	11732698	3	2	1	2
X	11732699	11750545	3	2	1	2
X	11750546	11750808	2	1	1	2
X	11750809	13076663	3	2	1	2
X	13076664	13078192	2	1	1	1
X	13078193	14459854	3	2	1	2
X	14459855	14755005	2	1	1	2
X	14755006	14760191	3	2	1	2
X	14760192	17705086	2	1	1	2
X	17705087	17706021	2	1	1	2
X	17706022	24591443	2	1	1	2
X	24591444	24602231	3	2	1	2
X	24602232	25738391	2	1	1	2
X	25738392	25745611	3	2	1	2
X	25745612	31234526	2	1	1	2
X	31234527	32373225	0	0	0	2
X	32373226	34949155	1	1	0	2
X	34949156	39687706	2	1	1	2
X	39687707	39692221	2	1	1	2
X	39692222	40085975	2	1	1	2
X	40085976	40276454	1	1	0	2
X	40276455	50439434	2	1	1	2
X	50439435	50440812	2	1	1	2
X	50440813	58099999	2	1	1	2
X	58100000	62999999	2	1	1	2
X	63000000	67269116	2	1	1	2
X	67269117	67274127	3	2	1	2
X	67274128	74237194	2	1	1	2
X	74237195	93089145	1	1	0	2
X	93089146	93091477	1	1	0	2
X	93091478	98016188	1	1	0	2
X	98016189	98016395	1	1	0	2
X	98016396	105875807	1	1	0	2
X	105875808	105884813	1	1	0	2
X	105884814	113890530	1	1	0	2
X	113890531	114358238	2	2	0	2
X	114358239	118362249	1	1	0	2
X	118362250	118378817	2	2	0	1
X	118378818	118980399	1	1	0	2
X	118980400	118992577	2	2	0	2
X	118992578	119979447	1	1	0	2
X	119979448	119988997	1	1	0	2
X	119988998	140925524	1	1	0	2
X	140925525	140925540	1	1	0	2
X	140925541	141037345	1	1	0	2
X	141037346	141037494	1	1	0	2
X	141037495	149828938	1	1	0	2
X	149828939	149833495	2	2	0	2
X	149833496	154913600	1	1	0	2
