chromosome	start	end	total_cn	major_cn	minor_cn	star
1	790009	7519994	3	2	1	2
1	7519995	10076852	3	2	1	1
1	10076853	10077159	3	2	1	1
1	10077160	42291868	3	2	1	2
1	42291869	42501517	53	51	2	2
1	42501518	42503565	53	51	2	2
1	42503566	43519958	53	51	2	2
1	43519959	121499999	3	2	1	3
1	121500000	128899999	3	2	1	2
1	128900000	142811938	3	2	1	2
1	142811939	143490938	3	2	1	2
1	143490939	143682938	3	2	1	2
1	143682939	149529401	3	2	1	3
1	149529402	228065201	3	2	1	3
1	228065202	235768800	3	2	1	3
1	235768801	242060111	3	2	1	3
1	242060112	242220002	3	2	1	2
1	242220003	242695224	3	2	1	3
1	242695225	242712129	3	2	1	2
1	242712130	247250862	3	2	1	2
1	247250863	249250620	3	2	1	3
2	20016	151231	3	2	1	2
2	151232	36749863	3	2	1	2
2	36749864	41361149	3	2	1	3
2	41361150	41361191	3	2	1	2
2	41361192	41444419	2	2	0	1
2	41444420	46235520	3	2	1	3
2	46235521	46262427	2	2	0	2
2	46262428	56967587	3	2	1	3
2	56967588	56973086	2	1	1	1
2	56973087	56978738	2	1	1	2
2	56978739	56978796	2	1	1	1
2	56978797	56983449	2	1	1	1
2	56983450	56986553	2	1	1	2
2	56986554	56988873	2	1	1	2
2	56988874	57015823	2	1	1	1
2	57015824	57016283	2	1	1	1
2	57016284	57016854	3	2	1	2
2	57016855	88259001	3	2	1	3
2	88259002	90499999	3	2	1	3
2	90500000	96799999	3	2	1	2
2	96800000	124212843	3	2	1	2
2	124212844	124267759	3	2	1	2
2	124267760	132959998	3	2	1	2
2	132959999	138997550	3	2	1	2
2	138997551	139008632	3	2	1	2
2	139008633	141784991	3	2	1	2
2	141784992	141835561	2	1	1	2
2	141835562	146758161	3	2	1	2
2	146758162	146783429	3	2	1	2
2	146783430	147243609	2	1	1	2
2	147243610	147283383	3	2	1	1
2	147283384	166030894	3	2	1	2
2	166030895	166032339	3	2	1	2
2	166032340	174643833	3	2	1	3
2	174643834	174730203	2	1	1	3
2	174730204	223906797	3	2	1	2
2	223906798	229822497	3	2	1	3
2	229822498	229833204	3	2	1	3
2	229833205	232762849	3	2	1	3
2	232762850	234275794	3	2	1	2
2	234275795	234296188	3	2	1	2
2	234296189	242951000	3	2	1	2
3	108162	12960055	2	1	1	3
3	12960056	12960448	2	1	1	3
3	12960449	30716492	2	1	1	3
3	30716493	30735349	1	1	0	2
3	30735350	35434028	2	1	1	3
3	35434029	35472202	1	1	0	2
3	35472203	44865059	2	1	1	2
3	44865060	44910483	1	1	0	2
3	44910484	87193801	2	1	1	2
3	87193802	87899999	3	2	1	2
3	87900000	93899999	NA	NA	NA	NA
3	93900000	130651684	3	2	1	2
3	130651685	130651723	3	2	1	2
3	130651724	169284769	4	2	2	2
3	169284770	169364090	4	2	2	2
3	169364091	182015033	4	2	2	2
3	182015034	182760873	3	2	1	3
3	182760874	195427601	4	2	2	2
3	195427602	197783637	4	2	2	2
4	31303	2279918	2	2	0	2
4	2279919	10212026	2	2	0	2
4	10212027	13216177	2	2	0	2
4	13216178	15006493	3	3	0	2
4	15006494	42160005	2	2	0	2
4	42160006	43985299	3	2	1	2
4	43985300	44005063	2	1	1	2
4	44005064	48199999	3	2	1	2
4	48200000	52699999	3	2	1	3
4	52700000	65194723	3	2	1	3
4	65194724	65231935	2	1	1	2
4	65231936	66478161	3	2	1	2
4	66478162	89079921	3	2	1	3
4	89079922	89203837	4	3	1	2
4	89203838	89206541	8	7	1	2
4	89206542	89323571	8	7	1	1
4	89323572	89338698	7	6	1	2
4	89338699	89371420	7	6	1	1
4	89371421	89711969	6	5	1	2
4	89711970	91483988	4	3	1	2
4	91483989	91484976	4	3	1	2
4	91484977	91813863	4	3	1	2
4	91813864	91821555	8	7	1	2
4	91821556	92233574	4	3	1	2
4	92233575	163464524	3	2	1	3
4	163464525	165697836	8	7	1	1
4	165697837	165913906	4	3	1	2
4	165913907	166311481	4	3	1	2
4	166311482	167133443	3	2	1	2
4	167133444	167275592	1	1	0	2
4	167275593	188330833	3	2	1	3
4	188330834	188927305	8	7	1	2
4	188927306	189012147	11	9	2	1
4	189012148	189018703	3	2	1	1
4	189018704	189389973	9	8	1	1
4	189389974	190987500	3	2	1	2
5	68406	852220	2	2	0	2
5	852221	8536696	2	2	0	2
5	8536697	26007442	1	1	0	2
5	26007443	46099999	2	2	0	2
5	46100000	50699999	2	2	0	2
5	50700000	109353469	2	2	0	2
5	109353470	175687500	2	2	0	2
5	175687501	177764002	2	2	0	2
5	177764003	180714439	3	3	0	2
6	39681	203396	3	2	1	1
6	203397	947293	3	2	1	2
6	947294	2251151	1	1	0	3
6	2251152	2572516	2	1	1	3
6	2572517	4018708	1	1	0	3
6	4018709	4094563	3	2	1	2
6	4094564	4733733	1	1	0	3
6	4733734	5105984	3	2	1	3
6	5105985	5261612	1	1	0	3
6	5261613	5277199	1	1	0	3
6	5277200	7208967	1	1	0	3
6	7208968	7211501	3	3	0	1
6	7211502	7392431	3	3	0	2
6	7392432	7489491	6	6	0	1
6	7489492	7686716	5	5	0	2
6	7686717	7731874	4	4	0	2
6	7731875	8148751	3	3	0	2
6	8148752	9510502	4	3	1	2
6	9510503	11120763	3	3	0	2
6	11120764	11120783	3	3	0	2
6	11120784	11121142	3	3	0	2
6	11121143	11142457	5	3	2	1
6	11142458	11563628	5	3	2	2
6	11563629	12050243	3	3	0	2
6	12050244	14364868	4	3	1	2
6	14364869	14364892	2	2	0	2
6	14364893	15183797	3	3	0	2
6	15183798	15291552	3	3	0	1
6	15291553	15398456	3	3	0	2
6	15398457	15495627	2	2	0	2
6	15495628	15816316	3	3	0	2
6	15816317	16128615	5	3	2	2
6	16128616	17894923	3	3	0	3
6	17894924	17909135	3	3	0	2
6	17909136	18388580	4	4	0	2
6	18388581	18399807	3	3	0	2
6	18399808	18540255	3	3	0	2
6	18540256	20563723	4	3	1	3
6	20563724	20570599	31	27	4	1
6	20570600	20570712	31	27	4	1
6	20570713	20583909	31	27	4	1
6	20583910	20773938	3	3	0	2
6	20773939	21685106	4	3	1	2
6	21685107	21686664	4	3	1	1
6	21686665	21784329	4	3	1	2
6	21784330	24233075	3	3	0	2
6	24233076	25302502	3	3	0	2
6	25302503	25311600	5	3	2	2
6	25311601	25315730	3	3	0	2
6	25315731	25525881	4	2	2	2
6	25525882	26033696	3	3	0	2
6	26033697	26459778	4	3	1	2
6	26459779	26861870	3	2	1	2
6	26861871	27280449	3	3	0	1
6	27280450	27281622	3	3	0	1
6	27281623	27415498	3	3	0	1
6	27415499	27418270	3	3	0	1
6	27418271	27634921	3	3	0	1
6	27634922	27877402	3	3	0	2
6	27877403	28523461	3	3	0	2
6	28523462	28673939	3	3	0	2
6	28673940	29507534	3	3	0	2
6	29507535	29819460	4	3	1	2
6	29819461	30930723	3	3	0	2
6	30930724	31196202	6	3	3	1
6	31196203	31314626	5	3	2	2
6	31314627	31314962	5	3	2	2
6	31314963	31455248	5	3	2	2
6	31455249	31458051	5	3	2	2
6	31458052	31616676	5	3	2	2
6	31616677	32134585	4	4	0	1
6	32134586	32433011	3	2	1	1
6	32433012	32679211	3	2	1	1
6	32679212	32684638	4	3	1	1
6	32684639	32687661	4	3	1	1
6	32687662	32862942	4	3	1	2
6	32862943	33626801	3	3	0	3
6	33626802	35308919	6	3	3	1
6	35308920	35880837	6	3	3	1
6	35880838	36827994	4	3	1	2
6	36827995	36834439	4	3	1	2
6	36834440	36834457	3	3	0	1
6	36834458	36861834	3	3	0	1
6	36861835	39919935	3	3	0	2
6	39919936	40062818	3	3	0	2
6	40062819	40304121	5	3	2	2
6	40304122	40518151	3	3	0	2
6	40518152	41040922	5	3	2	2
6	41040923	41040962	5	3	2	2
6	41040963	41150632	3	3	0	2
6	41150633	41264473	5	3	2	2
6	41264474	43247169	4	4	0	2
6	43247170	44400930	5	4	1	2
6	44400931	45370731	3	3	0	2
6	45370732	45374285	3	3	0	2
6	45374286	46769865	2	2	0	3
6	46769866	46769959	2	2	0	2
6	46769960	47139148	2	2	0	2
6	47139149	47300635	4	2	2	2
6	47300636	48064314	2	2	0	3
6	48064315	48446434	4	2	2	2
6	48446435	48451287	4	2	2	2
6	48451288	49849303	2	2	0	2
6	49849304	49865412	3	2	1	2
6	49865413	50289430	1	1	0	2
6	50289431	50338298	2	1	1	2
6	50338299	50349595	3	2	1	2
6	50349596	51595199	3	2	1	2
6	51595200	51599023	4	2	2	2
6	51599024	52044142	4	2	2	2
6	52044143	52143836	2	2	0	2
6	52143837	52257989	4	2	2	2
6	52257990	52307989	4	2	2	2
6	52307990	52890545	3	2	1	2
6	52890546	52893286	3	2	1	2
6	52893287	54573940	4	2	2	2
6	54573941	54576920	4	2	2	2
6	54576921	55792347	3	2	1	2
6	55792348	56207891	2	2	0	2
6	56207892	57270112	3	2	1	2
6	57270113	57285806	3	2	1	2
6	57285807	57705119	3	2	1	2
6	57705120	57709936	4	2	2	1
6	57709937	57753202	3	2	1	2
6	57753203	57759584	4	2	2	1
6	57759585	58055465	3	2	1	2
6	58055466	58056013	3	2	1	2
6	58056014	58600647	3	2	1	2
6	58600648	58699999	2	2	0	2
6	58700000	63299999	2	2	0	2
6	63300000	63320420	2	2	0	2
6	63320421	63588035	1	1	0	2
6	63588036	63656976	4	2	2	2
6	63656977	63657012	2	1	1	2
6	63657013	64033012	2	2	0	2
6	64033013	65658318	3	2	1	2
6	65658319	65730790	2	2	0	1
6	65730791	65750124	2	2	0	1
6	65750125	68843045	2	2	0	2
6	68843046	69016640	4	2	2	2
6	69016641	69023103	2	2	0	2
6	69023104	69041561	32	30	2	1
6	69041562	69041589	32	30	2	1
6	69041590	70950873	5	3	2	2
6	70950874	71406626	4	2	2	3
6	71406627	72211072	2	2	0	2
6	72211073	72211384	2	2	0	2
6	72211385	72211418	2	2	0	2
6	72211419	73452397	2	2	0	2
6	73452398	73635147	3	2	1	2
6	73635148	74062819	2	2	0	2
6	74062820	74063071	2	2	0	2
6	74063072	76273912	2	2	0	2
6	76273913	76288312	2	2	0	2
6	76288313	78360200	2	2	0	2
6	78360201	78564054	3	2	1	2
6	78564055	78932882	2	2	0	3
6	78932883	78947101	3	2	1	1
6	78947102	78950140	3	2	1	1
6	78950141	79097800	4	2	2	2
6	79097801	79211988	2	2	0	2
6	79211989	79466630	4	2	2	2
6	79466631	79471426	2	2	0	2
6	79471427	79576617	3	2	1	2
6	79576618	79624581	2	2	0	2
6	79624582	79995050	3	2	1	3
6	79995051	80000399	3	2	1	3
6	80000400	80736542	3	2	1	3
6	80736543	80742703	3	2	1	2
6	80742704	81287333	3	2	1	2
6	81287334	81398950	2	2	0	2
6	81398951	81501222	4	2	2	2
6	81501223	81501241	4	2	2	2
6	81501242	83794054	2	2	0	2
6	83794055	83857881	4	2	2	2
6	83857882	84379958	2	2	0	2
6	84379959	84809954	3	2	1	2
6	84809955	87556037	2	2	0	2
6	87556038	87795507	3	2	1	2
6	87795508	89252600	2	2	0	2
6	89252601	89575208	4	2	2	2
6	89575209	89575260	4	2	2	2
6	89575261	89582951	3	2	1	2
6	89582952	89612310	3	2	1	1
6	89612311	89612366	3	2	1	1
6	89612367	89717674	3	2	1	2
6	89717675	89767500	2	2	0	2
6	89767501	89829214	2	2	0	2
6	89829215	90145280	4	2	2	3
6	90145281	90150881	4	2	2	2
6	90150882	90225075	4	2	2	3
6	90225076	90229912	4	2	2	2
6	90229913	90804065	4	2	2	3
6	90804066	90805410	4	2	2	3
6	90805411	91270191	4	2	2	2
6	91270192	91270468	4	2	2	2
6	91270469	91273512	4	2	2	2
6	91273513	91309373	4	2	2	2
6	91309374	91312628	4	2	2	2
6	91312629	91846234	4	2	2	2
6	91846235	92876128	2	2	0	2
6	92876129	93531095	3	2	1	2
6	93531096	93531202	3	2	1	2
6	93531203	93622864	3	2	1	2
6	93622865	93625672	3	2	1	1
6	93625673	93666702	5	3	2	2
6	93666703	93673363	4	2	2	2
6	93673364	93982500	4	2	2	2
6	93982501	94053255	4	2	2	2
6	94053256	94126999	4	2	2	2
6	94127000	94845295	2	2	0	2
6	94845296	94966405	4	2	2	2
6	94966406	94972519	4	2	2	1
6	94972520	96051369	4	2	2	2
6	96051370	96619919	2	2	0	2
6	96619920	96619988	1	1	0	1
6	96619989	96627461	3	2	1	2
6	96627462	96837646	3	2	1	2
6	96837647	96997842	2	2	0	2
6	96997843	96999804	1	1	0	2
6	96999805	97000026	2	2	0	1
6	97000027	97017745	2	2	0	1
6	97017746	97559096	2	2	0	2
6	97559097	97559107	4	2	2	2
6	97559108	97709234	4	2	2	2
6	97709235	97711948	3	2	1	1
6	97711949	97814421	3	2	1	2
6	97814422	97814435	3	2	1	2
6	97814436	97814521	3	2	1	1
6	97814522	97827031	3	2	1	2
6	97827032	97975270	3	2	1	2
6	97975271	99257739	2	2	0	2
6	99257740	99498727	4	2	2	2
6	99498728	99527050	5	3	2	2
6	99527051	99527106	2	2	0	1
6	99527107	99870004	2	2	0	3
6	99870005	100539413	4	2	2	3
6	100539414	100591112	3	2	1	1
6	100591113	101638417	3	2	1	2
6	101638418	103745001	1	1	0	2
6	103745002	104849152	1	1	0	2
6	104849153	105378812	3	2	1	3
6	105378813	105382300	3	2	1	3
6	105382301	105472235	3	2	1	2
6	105472236	105554968	3	2	1	2
6	105554969	105974867	3	2	1	2
6	105974868	105975862	3	2	1	1
6	105975863	106775202	2	2	0	3
6	106775203	106775421	2	2	0	3
6	106775422	107109102	2	2	0	2
6	107109103	107370691	4	2	2	2
6	107370692	107372106	4	2	2	2
6	107372107	107740681	3	2	1	2
6	107740682	110630291	2	2	0	2
6	110630292	111153166	3	2	1	3
6	111153167	111789731	2	2	0	2
6	111789732	112152267	4	2	2	2
6	112152268	112202266	4	2	2	2
6	112202267	113368491	2	2	0	2
6	113368492	113584878	4	2	2	2
6	113584879	114820803	2	2	0	2
6	114820804	115726247	4	2	2	2
6	115726248	116161047	2	2	0	2
6	116161048	116570316	2	1	1	2
6	116570317	116578243	5	3	2	2
6	116578244	116898685	4	2	2	2
6	116898686	117326330	2	2	0	2
6	117326331	118010172	4	2	2	2
6	118010173	119519533	4	2	2	2
6	119519534	119520427	4	2	2	2
6	119520428	119697943	4	2	2	2
6	119697944	120066314	2	2	0	3
6	120066315	120084592	5	4	1	1
6	120084593	120737406	5	4	1	2
6	120737407	121325344	4	4	0	2
6	121325345	122092615	2	2	0	2
6	122092616	122092715	2	2	0	2
6	122092716	122200003	3	2	1	1
6	122200004	122424011	3	2	1	1
6	122424012	122428604	3	2	1	1
6	122428605	122570613	3	2	1	2
6	122570614	122576870	3	2	1	1
6	122576871	123498391	3	2	1	2
6	123498392	123500816	3	2	1	2
6	123500817	123696075	4	3	1	2
6	123696076	123699611	3	2	1	1
6	123699612	124214827	5	3	2	2
6	124214828	126377234	2	2	0	2
6	126377235	126393970	3	2	1	2
6	126393971	127427279	2	2	0	2
6	127427280	127508784	31	29	2	1
6	127508785	127510183	31	29	2	1
6	127510184	127590502	31	29	2	1
6	127590503	128382722	2	2	0	2
6	128382723	128409415	2	2	0	2
6	128409416	129428310	2	2	0	3
6	129428311	130134218	3	2	1	2
6	130134219	130148331	2	2	0	2
6	130148332	130185080	2	2	0	2
6	130185081	130337474	4	2	2	2
6	130337475	130341098	4	2	2	2
6	130341099	130387961	4	2	2	2
6	130387962	131256742	2	2	0	2
6	131256743	131627963	4	2	2	2
6	131627964	131628148	2	2	0	2
6	131628149	132113907	2	2	0	2
6	132113908	132122119	5	3	2	2
6	132122120	132975422	2	2	0	2
6	132975423	133287367	4	2	2	3
6	133287368	133287446	4	2	2	2
6	133287447	133621784	2	2	0	2
6	133621785	133787043	3	2	1	3
6	133787044	135059830	2	2	0	2
6	135059831	135158861	4	2	2	2
6	135158862	135162441	4	2	2	2
6	135162442	135219392	34	31	3	1
6	135219393	135284172	34	31	3	1
6	135284173	135709965	34	31	3	1
6	135709966	136354753	2	2	0	2
6	136354754	136559606	4	2	2	2
6	136559607	137559516	2	2	0	2
6	137559517	138404402	3	2	1	2
6	138404403	138738761	2	2	0	3
6	138738762	139213505	4	2	2	2
6	139213506	139405912	2	2	0	2
6	139405913	139406100	2	2	0	2
6	139406101	140252142	4	2	2	3
6	140252143	141427310	2	2	0	2
6	141427311	141514967	33	31	2	1
6	141514968	141563016	32	30	2	1
6	141563017	141613015	26	24	2	1
6	141613016	141720313	3	2	1	2
6	141720314	141724303	2	2	0	2
6	141724304	142207866	1	1	0	2
6	142207867	143030446	4	2	2	2
6	143030447	143419504	2	2	0	3
6	143419505	143440526	2	2	0	2
6	143440527	144165148	2	2	0	3
6	144165149	144165203	2	2	0	2
6	144165204	144666975	4	2	2	2
6	144666976	145239903	2	2	0	2
6	145239904	145246836	2	2	0	2
6	145246837	145272626	4	2	2	2
6	145272627	145273044	4	2	2	2
6	145273045	145273061	4	2	2	2
6	145273062	146358901	4	2	2	2
6	146358902	146420176	4	2	2	2
6	146420177	146450362	2	2	0	2
6	146450363	146860372	4	2	2	1
6	146860373	147219941	2	2	0	3
6	147219942	147313603	2	2	0	2
6	147313604	147318928	4	2	2	2
6	147318929	147591842	4	2	2	2
6	147591843	148535523	2	2	0	2
6	148535524	150182715	4	2	2	3
6	150182716	150635417	2	2	0	2
6	150635418	152349047	4	2	2	3
6	152349048	152374368	4	2	2	1
6	152374369	152374542	4	2	2	2
6	152374543	152755364	4	2	2	3
6	152755365	152762361	4	2	2	1
6	152762362	153394457	4	2	2	2
6	153394458	155130057	2	2	0	2
6	155130058	155718249	3	2	1	2
6	155718250	155721264	3	2	1	2
6	155721265	155956536	4	2	2	2
6	155956537	155958019	4	2	2	2
6	155958020	156499692	4	2	2	2
6	156499693	156511954	2	2	0	2
6	156511955	156512166	2	2	0	2
6	156512167	156592534	2	2	0	2
6	156592535	156645311	4	2	2	2
6	156645312	156824923	3	2	1	2
6	156824924	159152579	2	2	0	2
6	159152580	159152619	2	2	0	2
6	159152620	159449836	3	2	1	2
6	159449837	159454201	4	2	2	2
6	159454202	160719872	4	2	2	2
6	160719873	160719918	4	2	2	2
6	160719919	160723424	4	2	2	1
6	160723425	161771556	3	2	1	2
6	161771557	163372483	2	2	0	2
6	163372484	163380234	2	2	0	2
6	163380235	165118894	2	2	0	2
6	165118895	166104468	4	2	2	2
6	166104469	167115010	2	2	0	2
6	167115011	167402621	3	2	1	2
6	167402622	167402802	3	2	1	2
6	167402803	168120459	2	2	0	2
6	168120460	168181193	4	2	2	2
6	168181194	168181254	4	2	2	2
6	168181255	168184478	4	2	2	1
6	168184479	168296504	4	2	2	3
6	168296505	169801581	2	2	0	2
6	169801582	170899800	3	2	1	3
7	40386	1852192	4	2	2	2
7	1852193	3350026	4	2	2	2
7	3350027	6718202	4	2	2	2
7	6718203	11965499	4	2	2	2
7	11965500	12025885	2	1	1	2
7	12025886	12027036	2	1	1	2
7	12027037	12027762	2	1	1	2
7	12027763	41021414	4	2	2	2
7	41021415	41086989	3	2	1	2
7	41086990	57508165	4	2	2	2
7	57508166	61699999	4	2	2	2
7	61700000	64728573	4	2	2	2
7	64728574	64732102	4	2	2	2
7	64732103	97537201	4	2	2	2
7	97537202	106277051	4	2	2	2
7	106277052	114823839	4	2	2	2
7	114823840	114827407	4	2	2	2
7	114827408	131719976	4	2	2	2
7	131719977	152491602	4	2	2	2
7	152491603	158821400	4	2	2	2
8	1	166428	1	1	0	2
8	166429	13447844	1	1	0	2
8	13447845	13573802	0	0	0	2
8	13573803	34823383	1	1	0	2
8	34823384	35446604	7	6	1	1
8	35446605	35469375	6	5	1	2
8	35469376	39230024	6	5	1	2
8	39230025	42143482	6	5	1	2
8	42143483	42163557	6	5	1	2
8	42163558	42406996	8	6	2	1
8	42406997	43099999	1	1	0	2
8	43100000	48099999	NA	NA	NA	NA
8	48100000	95470054	4	3	1	2
8	95470055	96000422	10	8	2	1
8	96000423	103577266	7	6	1	2
8	103577267	103650182	9	8	1	2
8	103650183	104856193	7	6	1	2
8	104856194	104877718	4	3	1	2
8	104877719	110679880	4	3	1	2
8	110679881	111294295	4	3	1	2
8	111294296	117068123	7	6	1	1
8	117068124	118319972	4	3	1	2
8	118319973	118387937	7	6	1	1
8	118387938	118439930	4	3	1	2
8	118439931	134574201	4	3	1	2
8	134574202	134577030	6	5	1	2
8	134577031	137302500	4	3	1	2
8	137302501	141476801	4	3	1	2
8	141476802	144047201	8	7	1	1
8	144047202	144227500	9	8	1	1
8	144227501	144282887	10	8	2	1
8	144282888	144298820	2	2	0	2
8	144298821	145557287	10	8	2	1
9	95196	220016	3	2	1	2
9	220017	4256539	3	2	1	3
9	4256540	4348104	5	4	1	2
9	4348105	4355577	3	2	1	2
9	4355578	4360155	3	2	1	2
9	4360156	4409717	3	2	1	2
9	4409718	4584651	5	4	1	2
9	4584652	4619429	3	2	1	2
9	4619430	4619790	3	2	1	2
9	4619791	6820043	3	2	1	3
9	6820044	10285542	3	2	1	2
9	10285543	10806394	3	2	1	2
9	10806395	10888203	1	1	0	2
9	10888204	11981333	3	2	1	2
9	11981334	11981360	3	2	1	2
9	11981361	11988049	2	1	1	1
9	11988050	11988152	2	1	1	1
9	11988153	12008629	2	1	1	2
9	12008630	12154136	1	1	0	2
9	12154137	12423245	3	2	1	2
9	12423246	14910631	5	4	1	2
9	14910632	15511066	3	2	1	2
9	15511067	15511198	3	2	1	2
9	15511199	15531942	5	4	1	1
9	15531943	15959125	4	3	1	2
9	15959126	16977468	3	2	1	2
9	16977469	16977571	1	1	0	2
9	16977572	16977786	1	1	0	1
9	16977787	16988657	3	2	1	2
9	16988658	17141221	1	1	0	2
9	17141222	17206803	4	3	1	2
9	17206804	17335194	1	1	0	2
9	17335195	17335562	1	1	0	2
9	17335563	17367293	1	1	0	2
9	17367294	28773647	3	2	1	2
9	28773648	29177992	4	3	1	2
9	29177993	33499926	3	2	1	2
9	33499927	44726801	3	2	1	3
9	44726802	44882801	4	3	1	1
9	44882802	47299999	3	2	1	1
9	47300000	50699999	3	2	1	2
9	50700000	124368414	3	2	1	3
9	124368415	124721570	2	1	1	2
9	124721571	133325979	3	2	1	2
9	133325980	133338413	3	2	1	2
9	133338414	139397054	3	2	1	2
9	139397055	139429388	3	2	1	1
9	139429389	140273200	3	2	1	2
9	140273201	141069765	5	3	2	2
10	95074	930779	4	2	2	2
10	930780	8877401	6	4	2	2
10	8877402	13514152	6	4	2	2
10	13514153	13514437	5	3	2	2
10	13514438	14531682	6	4	2	2
10	14531683	14531907	6	4	2	2
10	14531908	17574147	6	4	2	2
10	17574148	17580107	4	2	2	2
10	17580108	21902402	4	2	2	2
10	21902403	37999999	4	2	2	2
10	38000000	42420056	NA	NA	NA	NA
10	42420057	42639150	2	2	0	2
10	42639151	45214450	4	2	2	2
10	45214451	52592595	2	2	0	2
10	52592596	52594416	2	2	0	2
10	52594417	52687587	4	2	2	2
10	52687588	88989107	2	2	0	2
10	88989108	113650669	2	2	0	2
10	113650670	113777794	1	1	0	2
10	113777795	131328598	2	2	0	2
10	131328599	134000003	2	2	0	2
10	134000004	135235890	2	2	0	2
10	135235891	135389924	2	2	0	2
11	20721	215400	2	1	1	2
11	215401	14283654	2	1	1	2
11	14283655	17736849	2	1	1	2
11	17736850	17871773	2	1	1	2
11	17871774	29815069	2	1	1	2
11	29815070	29815205	2	1	1	2
11	29815206	50688678	2	1	1	2
11	50688679	55699999	NA	NA	NA	NA
11	55700000	55944276	4	3	1	2
11	55944277	56787171	4	3	1	2
11	56787172	56793400	2	1	1	2
11	56793401	57112693	7	6	1	2
11	57112694	67977201	2	1	1	1
11	67977202	69308207	2	1	1	2
11	69308208	70831355	3	2	1	2
11	70831356	70836927	10	9	1	1
11	70836928	70939928	10	9	1	2
11	70939929	70989078	9	8	1	2
11	70989079	70996521	9	8	1	2
11	70996522	71001802	9	8	1	2
11	71001803	71001897	9	8	1	2
11	71001898	71516043	10	8	2	1
11	71516044	71516126	3	2	1	2
11	71516127	71555050	9	8	1	2
11	71555051	71639305	8	7	1	2
11	71639306	79686952	2	1	1	3
11	79686953	80587207	1	1	0	2
11	80587208	86363595	2	1	1	3
11	86363596	86366662	7	6	1	1
11	86366663	86368222	7	6	1	1
11	86368223	86448082	7	6	1	2
11	86448083	90329279	2	1	1	2
11	90329280	90357843	1	1	0	2
11	90357844	95878528	2	1	1	3
11	95878529	96040370	2	1	1	1
11	96040371	96046774	7	6	1	2
11	96046775	96052131	2	1	1	1
11	96052132	96065020	2	1	1	1
11	96065021	134452200	2	1	1	3
12	110107	215702	2	1	1	2
12	215703	9257399	2	1	1	2
12	9257400	9275672	1	1	0	2
12	9275673	10549696	2	1	1	3
12	10549697	10645385	1	1	0	2
12	10645386	17064461	2	1	1	2
12	17064462	17064572	2	1	1	2
12	17064573	17064624	2	1	1	2
12	17064625	17704501	2	1	1	2
12	17704502	17763233	73	71	2	2
12	17763234	17763291	73	71	2	2
12	17763292	17763349	73	71	2	2
12	17763350	17763538	73	71	2	2
12	17763539	17763579	73	71	2	2
12	17763580	17764269	73	71	2	2
12	17764270	17764860	73	71	2	2
12	17764861	17765097	73	71	2	2
12	17765098	18286434	73	71	2	2
12	18286435	18581220	38	37	1	1
12	18581221	18906694	37	36	1	1
12	18906695	19013736	39	38	1	1
12	19013737	19228921	38	37	1	1
12	19228922	19246212	49	48	1	1
12	19246213	19488074	49	48	1	1
12	19488075	19488319	49	48	1	1
12	19488320	19683958	49	48	1	1
12	19683959	19755340	49	48	1	1
12	19755341	19778439	49	49	0	1
12	19778440	19879390	49	49	0	1
12	19879391	19981252	39	38	1	1
12	19981253	20030884	29	29	0	2
12	20030885	20031251	35	34	1	1
12	20031252	20088782	3	2	1	2
12	20088783	20090683	3	2	1	2
12	20090684	20566474	4	3	1	2
12	20566475	20571992	3	2	1	2
12	20571993	21048478	3	2	1	2
12	21048479	21081214	3	2	1	2
12	21081215	22849237	2	1	1	2
12	22849238	22901221	49	49	0	1
12	22901222	22901851	2	1	1	1
12	22901852	23004912	2	1	1	2
12	23004913	23004966	2	1	1	1
12	23004967	23005090	2	1	1	1
12	23005091	23373693	49	49	0	1
12	23373694	23575358	49	49	0	1
12	23575359	23808643	36	35	1	1
12	23808644	24327709	8	4	4	2
12	24327710	24349569	36	35	1	1
12	24349570	24525202	36	35	1	1
12	24525203	24606647	73	72	1	2
12	24606648	24736564	73	72	1	2
12	24736565	24851509	73	72	1	2
12	24851510	24942296	73	72	1	2
12	24942297	24945153	73	72	1	2
12	24945154	25209108	73	72	1	2
12	25209109	25257566	73	72	1	2
12	25257567	25310600	73	72	1	2
12	25310601	25347788	49	49	0	1
12	25347789	25438343	49	49	0	1
12	25438344	25438910	49	49	0	1
12	25438911	25439150	49	49	0	1
12	25439151	25444795	49	49	0	1
12	25444796	25465457	49	49	0	1
12	25465458	25465516	49	49	0	1
12	25465517	25465630	49	49	0	2
12	25465631	25465814	49	49	0	1
12	25465815	25466608	49	49	0	1
12	25466609	25479410	34	33	1	1
12	25479411	25498535	34	33	1	1
12	25498536	25499528	2	1	1	2
12	25499529	25507337	2	1	1	1
12	25507338	25579887	2	1	1	2
12	25579888	27430580	2	1	1	2
12	27430581	29565347	2	1	1	2
12	29565348	29582501	2	1	1	2
12	29582502	33299999	2	1	1	2
12	33300000	38199999	2	1	1	2
12	38200000	132349400	2	1	1	2
12	132349401	133851894	2	1	1	2
13	1	16299999	3	2	1	1
13	16300000	19499999	3	2	1	2
13	19500000	29440048	3	2	1	2
13	29440049	35735797	3	2	1	2
13	35735798	35752485	3	2	1	2
13	35752486	44428950	3	2	1	2
13	44428951	44480000	4	3	1	2
13	44480001	44568946	4	3	1	2
13	44568947	86138613	3	2	1	2
13	86138614	86143542	3	2	1	2
13	86143543	88564057	3	2	1	2
13	88564058	92975514	4	3	1	2
13	92975515	92975733	6	4	2	2
13	92975734	100723840	6	4	2	2
13	100723841	102400203	6	4	2	1
13	102400204	102440370	5	4	1	2
13	102440371	114142800	6	4	2	2
13	114142801	115030020	6	4	2	1
14	1	16099999	2	2	0	1
14	16100000	19099999	NA	NA	NA	NA
14	19100000	20437980	2	1	1	2
14	20437981	23047826	2	2	0	2
14	23047827	46745990	2	2	0	2
14	46745991	71220188	2	2	0	2
14	71220189	71220414	2	2	0	2
14	71220415	106368400	2	2	0	3
15	1	15799999	2	1	1	1
15	15800000	20699999	2	1	1	2
15	20700000	23701801	2	1	1	2
15	23701802	25390059	2	1	1	2
15	25390060	26239137	3	2	1	2
15	26239138	27521765	2	1	1	3
15	27521766	28748802	3	2	1	2
15	28748803	35183806	2	1	1	2
15	35183807	43950018	2	1	1	2
15	43950019	48422060	3	2	1	2
15	48422061	48996277	2	1	1	3
15	48996278	53131237	3	2	1	2
15	53131238	53927802	3	2	1	2
15	53927803	77359887	2	1	1	2
15	77359888	91362000	2	1	1	2
15	91362001	100338800	2	1	1	2
15	100338801	102399211	2	1	1	3
16	139367	694923	4	2	2	2
16	694924	695753	3	2	1	2
16	695754	11483103	2	1	1	1
16	11483104	16729802	3	2	1	2
16	16729803	20614199	3	2	1	2
16	20614200	20614521	3	2	1	2
16	20614522	32082165	3	2	1	2
16	32082166	34173201	3	2	1	2
16	34173202	38599999	NA	NA	NA	NA
16	38600000	46415802	1	1	0	1
16	46415803	63882997	2	2	0	2
16	63882998	63890934	1	1	0	2
16	63890935	74277500	2	2	0	2
16	74277501	74415747	2	2	0	2
16	74415748	81585315	1	1	0	2
16	81585316	81749120	2	2	0	2
16	81749121	83833558	2	2	0	2
16	83833559	83833598	2	2	0	2
16	83833599	88827200	2	2	0	2
16	88827201	90354752	2	2	0	2
17	7293	14536385	2	2	0	2
17	14536386	14539675	1	1	0	1
17	14539676	16048600	5	5	0	2
17	16048601	22199999	6	6	0	2
17	22200000	25799999	NA	NA	NA	NA
17	25800000	34825200	3	3	0	2
17	34825201	36294201	4	4	0	2
17	36294202	38303198	3	3	0	2
17	38303199	47010378	4	4	0	2
17	47010379	47010671	3	3	0	2
17	47010672	75361082	3	3	0	2
17	75361083	78111562	4	4	0	2
17	78111563	78146903	3	3	0	2
17	78146904	78774600	3	3	0	2
17	78774601	81195209	3	3	0	2
18	27500	8395025	5	3	2	2
18	8395026	8444102	4	3	1	2
18	8444103	11178269	5	3	2	2
18	11178270	15399999	7	5	2	2
18	15400000	18999999	NA	NA	NA	NA
18	19000000	21598856	5	3	2	2
18	21598857	23993158	6	4	2	2
18	23993159	25143607	7	5	2	2
18	25143608	44135464	2	2	0	2
18	44135465	44136047	2	2	0	2
18	44136048	44139695	1	1	0	2
18	44139696	44433213	2	2	0	2
18	44433214	44844523	1	1	0	2
18	44844524	44890456	2	2	0	2
18	44890457	45268890	1	1	0	2
18	45268891	45358954	2	2	0	2
18	45358955	45362718	2	2	0	2
18	45362719	45374673	2	2	0	2
18	45374674	45378269	2	2	0	2
18	45378270	76117000	2	2	0	2
18	76117001	78077247	2	2	0	2
19	226776	5512024	2	1	1	1
19	5512025	5521980	2	1	1	2
19	5521981	18697822	2	1	1	2
19	18697823	18708848	4	3	1	2
19	18708849	20258983	2	1	1	2
19	20258984	20261727	2	1	1	2
19	20261728	24399999	2	1	1	2
19	24400000	28599999	2	1	1	2
19	28600000	43252500	2	1	1	2
19	43252501	55039947	2	1	1	2
19	55039948	56237252	2	1	1	2
19	56237253	59128982	2	1	1	2
20	17500	3660038	4	2	2	2
20	3660039	4780859	4	2	2	2
20	4780860	7368613	4	2	2	2
20	7368614	7408377	2	2	0	2
20	7408378	25599999	3	2	1	2
20	25600000	29836802	3	2	1	2
20	29836803	37711889	3	2	1	2
20	37711890	37738200	3	2	1	2
20	37738201	46245985	3	2	1	2
20	46245986	57736677	3	2	1	2
20	57736678	57763990	3	2	1	2
20	57763991	57764031	3	2	1	2
20	57764032	57769060	3	2	1	2
20	57769061	57769251	3	2	1	2
20	57769252	60921627	3	2	1	2
20	60921628	61985297	3	2	1	2
20	61985298	62435800	3	2	1	2
21	1	10725601	NA	NA	NA	NA
21	10725602	10895462	4	2	2	2
21	10895463	14387500	NA	NA	NA	NA
21	14387501	46944200	2	1	1	2
21	46944201	48129894	2	1	1	2
22	1	12199999	4	3	1	1
22	12200000	17899999	NA	NA	NA	NA
22	17900000	47194402	3	2	1	2
22	47194403	48920049	3	2	1	2
22	48920050	49691400	3	2	1	2
22	49691401	51304565	3	2	1	2
X	1	58099999	1	1	0	2
X	58100000	62999999	1	1	0	2
X	63000000	153922201	1	1	0	2
X	153922202	154913600	1	1	0	2
