chromosome	start	end	total_cn	major_cn	minor_cn	star
1	10001	17049420	2	1	1	3
1	17049421	59848041	2	1	1	3
1	59848042	59983684	1	1	0	3
1	59983685	121499999	2	1	1	3
1	121500000	128899999	2	1	1	2
1	128900000	143237500	2	1	1	2
1	143237501	149042499	3	2	1	2
1	149042500	247247500	3	2	1	2
1	247247501	249250620	3	2	1	3
2	57776	90499999	2	1	1	3
2	90500000	96799999	2	1	1	3
2	96800000	242985493	2	1	1	3
3	100074	87899999	2	1	1	3
3	87900000	93899999	2	1	1	3
3	93900000	197847500	2	1	1	3
4	27500	47075096	2	1	1	3
4	47075097	47075178	2	1	1	2
4	47075179	47242705	2	1	1	2
4	47242706	47327481	1	1	0	2
4	47327482	48199999	2	1	1	3
4	48200000	52699999	2	1	1	3
4	52700000	190799943	2	1	1	3
5	26754	46099999	2	1	1	3
5	46100000	50699999	2	1	1	3
5	50700000	180689978	2	1	1	3
6	39681	201975	2	1	1	2
6	201976	58699999	2	1	1	3
6	58700000	63299999	2	1	1	3
6	63300000	170871585	2	1	1	3
7	40386	57999999	2	1	1	3
7	58000000	61699999	2	1	1	2
7	61700000	158817500	2	1	1	3
8	10001	170011	2	1	1	2
8	170012	43099999	2	1	1	3
8	43100000	48099999	2	1	1	3
8	48100000	128277683	2	1	1	3
8	128277684	128576728	3	2	1	3
8	128576729	146364021	2	1	1	3
9	10001	47299999	2	1	1	3
9	47300000	50699999	2	1	1	2
9	50700000	68419975	2	1	1	2
9	68419976	140267500	2	1	1	3
10	102500	37999999	2	1	1	3
10	38000000	42299999	2	1	1	3
10	42300000	89600001	2	1	1	3
10	89600002	90520171	1	1	0	3
10	90520172	135389924	2	1	1	3
11	20721	190009	2	1	1	2
11	190010	51599999	2	1	1	3
11	51600000	55699999	2	1	1	3
11	55700000	100449487	2	1	1	3
11	100449488	125497266	1	1	0	3
11	125497267	134442500	2	1	1	3
12	110107	33299999	2	1	1	3
12	33300000	38199999	2	1	1	3
12	38200000	51497215	2	1	1	3
12	51497216	52351390	1	1	0	2
12	52351391	52376345	1	1	0	2
12	52376346	52511114	1	1	0	2
12	52511115	52539138	2	1	1	2
12	52539139	53238621	1	1	0	2
12	53238622	132342500	2	1	1	3
12	132342501	133851894	2	1	1	3
13	1	16299999	2	1	1	1
13	16300000	19499999	2	1	1	2
13	19500000	114137500	2	1	1	3
13	114137501	115169877	2	1	1	2
14	1	16099999	2	1	1	1
14	16100000	19099999	2	1	1	2
14	19100000	20375050	2	1	1	2
14	20375051	106362500	2	1	1	3
15	1	15799999	2	1	1	1
15	15800000	20699999	2	1	1	1
15	20700000	100332500	2	1	1	3
15	100332501	102404632	2	1	1	3
16	100010	34472499	2	1	1	3
16	34472500	34599999	2	1	1	2
16	34600000	38599999	2	1	1	2
16	38600000	46447499	2	1	1	2
16	46447500	88827200	1	1	0	3
16	88827201	90354752	1	1	0	3
17	15222	16116698	1	1	0	2
17	16116699	16200074	1	1	0	2
17	16200075	16203969	1	1	0	2
17	16203970	16206145	1	1	0	2
17	16206146	18416001	1	1	0	2
17	18416002	22199999	1	1	0	2
17	22200000	25799999	1	1	0	3
17	25800000	78774600	1	1	0	3
17	78774601	81195209	1	1	0	2
18	27500	15399999	2	1	1	3
18	15400000	18999999	2	1	1	3
18	19000000	76117000	2	1	1	3
18	76117001	78077247	2	1	1	3
19	102500	260136	2	1	1	2
19	260137	24399999	2	1	1	3
19	24400000	28599999	2	1	1	3
19	28600000	59128982	2	1	1	3
20	24347	25599999	2	1	1	3
20	25600000	29399999	2	1	1	3
20	29400000	62432500	2	1	1	3
21	1	9417499	NA	NA	NA	NA
21	9417500	10899999	NA	NA	NA	NA
21	10900000	14299999	2	2	0	1
21	14300000	35360580	2	1	1	3
21	35360581	36949246	1	1	0	2
21	36949247	36990672	2	1	1	2
21	36990673	38414750	1	1	0	2
21	38414751	38694498	2	1	1	2
21	38694499	39746256	1	1	0	2
21	39746257	39766951	2	1	1	2
21	39766952	40988050	1	1	0	2
21	40988051	46937500	2	1	1	3
21	46937501	48129894	2	1	1	3
22	1	12199999	1	1	0	2
22	12200000	17899999	1	1	0	2
22	17900000	49687500	1	1	0	2
22	49687501	51304565	1	1	0	3
X	1	58099999	2	1	1	3
X	58100000	62999999	2	1	1	3
X	63000000	70749079	2	1	1	3
X	70749080	70753871	2	1	1	2
X	70753872	109448943	2	1	1	3
X	109448944	109491884	1	1	0	2
X	109491885	109514079	1	1	0	2
X	109514080	109520938	2	2	0	1
X	109520939	109521437	1	1	0	1
X	109521438	109527977	1	1	0	2
X	109527978	154929638	2	1	1	3
