chromosome	start	end	total_cn	major_cn	minor_cn	star
1	1	1174538	2	1	1	3
1	1174539	1700712	3	2	1	3
1	1700713	5108487	2	1	1	2
1	5108488	5111082	2	1	1	2
1	5111083	14227830	2	1	1	2
1	14227831	14501977	3	2	1	2
1	14501978	16274417	2	1	1	2
1	16274418	16336231	2	1	1	2
1	16336232	22814449	2	1	1	2
1	22814450	24422376	2	1	1	2
1	24422377	24473358	2	1	1	2
1	24473359	26338576	2	1	1	2
1	26338577	26339621	2	1	1	2
1	26339622	26802865	2	1	1	2
1	26802866	26838706	2	1	1	2
1	26838707	29184881	2	1	1	2
1	29184882	29234631	3	2	1	2
1	29234632	35629474	2	1	1	2
1	35629475	35653693	3	2	1	2
1	35653694	48942520	2	1	1	2
1	48942521	49255440	2	1	1	2
1	49255441	49440972	2	1	1	2
1	49440973	49478454	2	1	1	2
1	49478455	49640192	2	1	1	2
1	49640193	49894961	3	2	1	2
1	49894962	49942028	4	3	1	2
1	49942029	50806773	3	2	1	2
1	50806774	50919317	4	3	1	3
1	50919318	50945417	3	2	1	2
1	50945418	52905151	2	1	1	3
1	52905152	52943166	2	1	1	2
1	52943167	53762461	2	1	1	2
1	53762462	53784790	3	2	1	2
1	53784791	55756023	2	1	1	2
1	55756024	55773871	2	1	1	2
1	55773872	60909102	2	1	1	2
1	60909103	60909770	2	1	1	2
1	60909771	62301549	2	1	1	2
1	62301550	62395887	3	2	1	2
1	62395888	73938518	2	1	1	3
1	73938519	74217744	3	2	1	3
1	74217745	78019311	2	1	1	3
1	78019312	78078256	3	2	1	3
1	78078257	79515180	2	1	1	3
1	79515181	79572726	3	2	1	3
1	79572727	93560313	2	1	1	3
1	93560314	93592962	2	1	1	3
1	93592963	95378018	2	1	1	3
1	95378019	95405070	3	2	1	3
1	95405071	97856195	2	1	1	3
1	97856196	97856825	2	1	1	3
1	97856826	100241357	2	1	1	3
1	100241358	100242781	2	1	1	3
1	100242782	116886535	2	1	1	3
1	116886536	116950117	3	2	1	1
1	116950118	121499999	2	1	1	3
1	121500000	128899999	2	1	1	3
1	128900000	142725938	2	1	1	2
1	142725939	146952174	2	1	1	3
1	146952175	146976317	3	2	1	2
1	146976318	155116337	2	1	1	2
1	155116338	155138456	3	2	1	2
1	155138457	169418504	2	1	1	2
1	169418505	169539826	2	1	1	2
1	169539827	172006387	2	1	1	2
1	172006388	173764361	2	1	1	2
1	173764362	174279195	3	2	1	2
1	174279196	191496785	2	1	1	2
1	191496786	191512266	3	2	1	2
1	191512267	191640842	2	1	1	2
1	191640843	191641969	2	1	1	2
1	191641970	194649973	2	1	1	2
1	194649974	194682710	2	1	1	3
1	194682711	199192882	2	1	1	2
1	199192883	199847009	3	2	1	2
1	199847010	203994952	2	1	1	2
1	203994953	204318669	3	2	1	2
1	204318670	204329862	2	2	0	2
1	204329863	204459608	3	2	1	2
1	204459609	223048803	2	1	1	2
1	223048804	223049561	2	1	1	2
1	223049562	232517710	2	1	1	2
1	232517711	232593351	3	2	1	2
1	232593352	240791140	2	1	1	2
1	240791141	240826624	3	2	1	3
1	240826625	241431756	2	1	1	2
1	241431757	241462529	3	2	1	3
1	241462530	247011083	2	1	1	2
1	247011084	247054565	3	2	1	2
1	247054566	247249600	2	1	1	2
1	247249601	249250620	2	1	1	3
2	20016	2818059	2	1	1	2
2	2818060	2864620	3	2	1	2
2	2864621	5280647	2	1	1	3
2	5280648	5312975	3	2	1	2
2	5312976	9642538	2	1	1	3
2	9642539	9797177	3	2	1	2
2	9797178	11684172	2	1	1	3
2	11684173	11724805	3	2	1	3
2	11724806	11778311	4	2	2	3
2	11778312	12236957	3	2	1	3
2	12236958	12414238	2	1	1	3
2	12414239	12513744	3	2	1	2
2	12513745	20817854	2	1	1	3
2	20817855	20820148	1	1	0	1
2	20820149	22460122	2	1	1	3
2	22460123	22475347	2	1	1	3
2	22475348	24107890	2	1	1	3
2	24107891	24171249	3	2	1	3
2	24171250	25040658	2	1	1	3
2	25040659	25064425	2	1	1	3
2	25064426	30858930	2	1	1	3
2	30858931	30861396	2	1	1	2
2	30861397	31646992	2	1	1	3
2	31646993	31648887	2	1	1	2
2	31648888	31787003	2	1	1	3
2	31787004	31792277	2	1	1	2
2	31792278	36754388	2	1	1	3
2	36754389	36813881	2	1	1	3
2	36813882	42883079	2	1	1	3
2	42883080	42921798	3	2	1	1
2	42921799	45866183	2	1	1	3
2	45866184	45901618	3	2	1	2
2	45901619	48551304	2	1	1	3
2	48551305	48553012	2	1	1	3
2	48553013	53914739	2	1	1	3
2	53914740	53917381	2	1	1	2
2	53917382	56374248	2	1	1	3
2	56374249	56392221	3	2	1	3
2	56392222	59050252	2	1	1	3
2	59050253	59053824	2	1	1	2
2	59053825	63587258	2	1	1	3
2	63587259	63641185	3	2	1	3
2	63641186	65132162	2	1	1	3
2	65132163	65135700	2	1	1	2
2	65135701	66786983	2	1	1	3
2	66786984	66789137	2	1	1	2
2	66789138	71106235	2	1	1	3
2	71106236	71179270	3	2	1	2
2	71179271	76478201	2	1	1	3
2	76478202	76837598	1	1	0	3
2	76837599	78581917	2	1	1	3
2	78581918	79399397	3	2	1	2
2	79399398	81968396	2	1	1	3
2	81968397	81970056	2	1	1	3
2	81970057	82176452	2	1	1	3
2	82176453	82178093	2	1	1	2
2	82178094	86498633	2	1	1	3
2	86498634	86832648	2	1	1	2
2	86832649	90499999	2	1	1	3
2	90500000	96799999	2	1	1	3
2	96800000	99478317	2	1	1	2
2	99478318	100160542	2	1	1	2
2	100160543	102899874	2	1	1	2
2	102899875	102925869	3	2	1	3
2	102925870	106692278	2	1	1	3
2	106692279	106696356	2	1	1	2
2	106696357	110369582	2	1	1	3
2	110369583	110411817	3	2	1	1
2	110411818	116846420	2	1	1	3
2	116846421	116847731	2	1	1	3
2	116847732	120709068	2	1	1	3
2	120709069	121084424	2	1	1	3
2	121084425	124156619	2	1	1	3
2	124156620	124207073	2	1	1	2
2	124207074	125625101	2	1	1	3
2	125625102	125626027	2	1	1	3
2	125626028	134060453	2	1	1	3
2	134060454	134088869	3	2	1	3
2	134088870	134482742	2	1	1	3
2	134482743	134532790	3	2	1	2
2	134532791	137030375	2	1	1	3
2	137030376	137059403	3	2	1	2
2	137059404	138609813	2	1	1	3
2	138609814	138684154	3	2	1	2
2	138684155	142366200	2	1	1	3
2	142366201	142395426	2	1	1	2
2	142395427	148899136	2	1	1	3
2	148899137	148904290	2	1	1	3
2	148904291	149222147	2	1	1	3
2	149222148	149228337	2	1	1	3
2	149228338	159450684	2	1	1	3
2	159450685	159492298	2	1	1	2
2	159492299	160958034	2	1	1	3
2	160958035	160992028	3	2	1	2
2	160992029	161327617	2	1	1	2
2	161327618	161356369	3	2	1	3
2	161356370	161632558	2	1	1	3
2	161632559	161635254	2	1	1	2
2	161635255	162188136	2	1	1	3
2	162188137	162227974	3	2	1	2
2	162227975	171978119	2	1	1	3
2	171978120	171980076	2	1	1	2
2	171980077	175000099	2	1	1	3
2	175000100	175036157	3	2	1	2
2	175036158	197523847	2	1	1	3
2	197523848	197556932	3	2	1	2
2	197556933	203369148	2	1	1	3
2	203369149	203394421	3	2	1	1
2	203394422	204799570	2	1	1	3
2	204799571	204801250	2	1	1	3
2	204801251	205537833	2	1	1	3
2	205537834	205627364	2	1	1	2
2	205627365	206413631	2	1	1	3
2	206413632	206431691	2	1	1	3
2	206431692	206437873	3	2	1	2
2	206437874	207007258	3	2	1	3
2	207007259	211524231	2	1	1	3
2	211524232	212154609	3	2	1	3
2	212154610	212655561	4	2	2	3
2	212655562	212826447	3	2	1	3
2	212826448	217014791	2	1	1	3
2	217014792	217058936	3	2	1	3
2	217058937	217062844	3	2	1	2
2	217062845	217099833	3	2	1	2
2	217099834	221323270	2	1	1	3
2	221323271	221324595	1	1	0	1
2	221324596	236244487	2	1	1	3
2	236244488	236304352	3	2	1	2
2	236304353	241003385	2	1	1	2
2	241003386	241004204	2	1	1	2
2	241004205	241657141	2	1	1	2
2	241657142	241667942	3	2	1	2
2	241667943	242071868	2	1	1	2
2	242071869	242104610	3	2	1	2
2	242104611	242111090	3	2	1	2
2	242111091	242178062	3	2	1	2
2	242178063	242955889	2	1	1	3
3	100074	2964391	2	2	0	2
3	2964392	2997571	2	2	0	2
3	2997572	4495920	2	2	0	2
3	4495921	4501229	2	2	0	2
3	4501230	13415517	2	2	0	2
3	13415518	13481146	2	2	0	2
3	13481147	18233452	2	2	0	2
3	18233453	19086566	2	2	0	2
3	19086567	23383551	2	2	0	2
3	23383552	23397525	4	4	0	1
3	23397526	24056428	2	2	0	3
3	24056429	24158589	3	3	0	2
3	24158590	33407880	2	2	0	3
3	33407881	75574415	1	1	0	2
3	75574416	76830393	1	1	0	2
3	76830394	76870922	1	1	0	2
3	76870923	77973656	1	1	0	2
3	77973657	81166326	2	1	1	3
3	81166327	81186285	3	2	1	1
3	81186286	82110516	2	1	1	3
3	82110517	82111999	2	1	1	3
3	82112000	87899999	2	1	1	3
3	87900000	93899999	2	1	1	3
3	93900000	96580648	2	1	1	3
3	96580649	100340453	2	1	1	3
3	100340454	102117745	3	2	1	3
3	102117746	102130914	3	2	1	3
3	102130915	111130814	3	2	1	3
3	111130815	111132283	3	2	1	2
3	111132284	116682042	3	2	1	3
3	116682043	116684112	3	2	1	3
3	116684113	124388079	3	2	1	3
3	124388080	124499558	4	3	1	2
3	124499559	133547467	3	2	1	2
3	133547468	133606180	4	2	2	3
3	133606181	140691940	3	2	1	3
3	140691941	140724010	4	3	1	1
3	140724011	142351001	3	2	1	3
3	142351002	144043311	2	2	0	3
3	144043312	144043549	2	2	0	2
3	144043550	144044238	1	1	0	2
3	144044239	144225881	1	1	0	2
3	144225882	150246585	2	2	0	3
3	150246586	150269490	2	2	0	2
3	150269491	172416379	2	2	0	3
3	172416380	172437918	3	3	0	3
3	172437919	175449585	2	2	0	3
3	175449586	176005972	3	3	0	2
3	176005973	177486195	2	2	0	3
3	177486196	177488931	2	2	0	3
3	177488932	180265803	2	2	0	3
3	180265804	180294870	3	3	0	2
3	180294871	192212216	2	2	0	3
3	192212217	193224642	3	3	0	3
3	193224643	194497991	2	2	0	3
3	194497992	194500114	2	2	0	3
3	194500115	195344103	2	2	0	3
3	195344104	195491661	2	2	0	2
3	195491662	195673790	2	2	0	2
3	195673791	195733208	2	2	0	2
3	195733209	198022429	2	2	0	3
4	59541	1804601	2	1	1	3
4	1804602	1867624	2	1	1	2
4	1867625	8855592	2	1	1	3
4	8855593	8856276	2	1	1	3
4	8856277	22543405	2	1	1	3
4	22543406	22559501	3	2	1	2
4	22559502	25371535	2	1	1	3
4	25371536	25416213	3	2	1	2
4	25416214	31354011	2	1	1	2
4	31354012	31356988	2	1	1	2
4	31356989	39447459	2	1	1	2
4	39447460	39458684	3	2	1	2
4	39458685	39497557	4	2	2	2
4	39497558	39505043	4	2	2	1
4	39505044	40429131	2	1	1	3
4	40429132	40470137	3	2	1	1
4	40470138	48199999	2	1	1	3
4	48200000	52699999	2	1	1	3
4	52700000	54170079	2	1	1	3
4	54170080	54175031	2	1	1	3
4	54175032	65816861	2	1	1	3
4	65816862	65850181	2	1	1	3
4	65850182	67333361	2	1	1	3
4	67333362	67353412	2	1	1	3
4	67353413	68328068	2	1	1	3
4	68328069	70177078	3	2	1	3
4	70177079	95582195	2	1	1	3
4	95582196	95632068	3	2	1	3
4	95632069	96294255	2	1	1	3
4	96294256	96295777	2	1	1	2
4	96295778	99864064	2	1	1	3
4	99864065	99897650	2	1	1	3
4	99897651	107136559	2	1	1	3
4	107136560	107178036	3	2	1	2
4	107178037	132561266	2	1	1	3
4	132561267	132579572	2	1	1	2
4	132579573	141550178	2	1	1	3
4	141550179	141555235	2	1	1	2
4	141555236	141575946	3	2	1	2
4	141575947	141654582	3	2	1	2
4	141654583	141689234	3	2	1	2
4	141689235	141907054	3	2	1	2
4	141907055	146539197	2	1	1	3
4	146539198	146540185	2	1	1	2
4	146540186	150190320	2	1	1	3
4	150190321	150197871	2	1	1	2
4	150197872	153935201	2	1	1	3
4	153935202	154004260	2	1	1	2
4	154004261	158681472	2	1	1	3
4	158681473	159055848	2	1	1	2
4	159055849	162923046	2	1	1	3
4	162923047	162947329	2	1	1	2
4	162947330	188607000	2	1	1	3
4	188607001	188615863	3	2	1	2
4	188615864	189170960	2	1	1	3
4	189170961	189210765	3	2	1	1
4	189210766	189735692	2	1	1	2
4	189735693	189764077	3	2	1	2
4	189764078	191154275	2	1	1	3
5	22500	1751784	2	1	1	3
5	1751785	1815057	3	2	1	2
5	1815058	2527926	2	1	1	3
5	2527927	2575353	3	2	1	2
5	2575354	13796310	2	1	1	3
5	13796311	13841970	3	2	1	2
5	13841971	25001814	2	1	1	3
5	25001815	25001867	2	1	1	2
5	25001868	25006260	1	1	0	1
5	25006261	25006381	2	1	1	2
5	25006382	34063285	2	1	1	3
5	34063286	34088564	3	2	1	2
5	34088565	43955539	2	1	1	3
5	43955540	44258117	3	2	1	3
5	44258118	44351285	3	2	1	3
5	44351286	44455286	3	2	1	3
5	44455287	44468536	6	5	1	2
5	44468537	44602961	6	5	1	3
5	44602962	44687560	6	5	1	2
5	44687561	44740570	6	5	1	1
5	44740571	44771512	5	3	2	1
5	44771513	44793184	4	3	1	2
5	44793185	46099999	2	1	1	3
5	46100000	50699999	2	1	1	3
5	50700000	60790520	2	1	1	3
5	60790521	60804368	3	2	1	3
5	60804369	60832728	3	2	1	3
5	60832729	61052672	3	2	1	3
5	61052673	61215974	2	1	1	3
5	61215975	61331065	2	1	1	2
5	61331066	81575889	2	1	1	3
5	81575890	81580177	1	1	0	1
5	81580178	101302420	2	1	1	3
5	101302421	101941275	3	2	1	3
5	101941276	101941982	3	2	1	2
5	101941983	101943179	3	2	1	1
5	101943180	102666695	2	1	1	3
5	102666696	102697309	1	1	0	2
5	102697310	112703545	2	1	1	3
5	112703546	112726406	2	1	1	3
5	112726407	133767555	2	1	1	3
5	133767556	133821733	3	2	1	2
5	133821734	137824583	2	1	1	2
5	137824584	137886168	2	1	1	2
5	137886169	139576980	2	1	1	3
5	139576981	139602290	3	2	1	1
5	139602291	141012653	2	1	1	3
5	141012654	141043753	3	2	1	2
5	141043754	153012135	2	1	1	3
5	153012136	153017703	1	1	0	1
5	153017704	155821791	2	1	1	3
5	155821792	155822685	2	1	1	3
5	155822686	159381012	2	1	1	3
5	159381013	159425614	3	2	1	2
5	159425615	160920611	2	1	1	3
5	160920612	160924901	1	1	0	1
5	160924902	166149526	2	1	1	3
5	166149527	166172774	3	2	1	2
5	166172775	172080667	2	1	1	2
5	172080668	172105745	2	1	1	2
5	172105746	176473595	2	1	1	2
5	176473596	176637715	3	2	1	2
5	176637716	176657335	1	1	0	2
5	176657336	176692415	3	2	1	1
5	176692416	180502591	2	1	1	2
5	180502592	180543652	3	2	1	1
5	180543653	180715810	2	1	1	3
6	39681	205799	2	1	1	1
6	205800	7108752	2	1	1	3
6	7108753	7178646	2	1	1	3
6	7178647	7223378	2	1	1	2
6	7223379	7254456	2	1	1	3
6	7254457	7521528	2	1	1	3
6	7521529	7573389	2	1	1	2
6	7573390	8405229	2	1	1	3
6	8405230	8406026	2	1	1	2
6	8406027	20223610	2	1	1	3
6	20223611	20223822	2	1	1	3
6	20223823	30666463	2	1	1	3
6	30666464	30706939	2	1	1	2
6	30706940	31423433	2	1	1	2
6	31423434	31457347	3	2	1	2
6	31457348	31507346	3	2	1	2
6	31507347	37031991	2	1	1	3
6	37031992	37063742	3	2	1	2
6	37063743	51367219	2	1	1	3
6	51367220	51369886	2	1	1	2
6	51369887	51833957	2	1	1	2
6	51833958	51834228	2	1	1	2
6	51834229	53089200	2	1	1	3
6	53089201	53123091	3	2	1	2
6	53123092	56593115	2	1	1	3
6	56593116	56595667	2	1	1	3
6	56595668	57000784	2	1	1	3
6	57000785	57028884	2	1	1	2
6	57028885	58699999	2	1	1	3
6	58700000	63299999	2	1	1	3
6	63300000	81823425	2	1	1	3
6	81823426	81846955	3	2	1	1
6	81846956	91805460	2	1	1	3
6	91805461	91831796	3	2	1	1
6	91831797	97680817	2	1	1	3
6	97680818	97682812	2	1	1	3
6	97682813	102831471	2	1	1	3
6	102831472	102851445	3	2	1	2
6	102851446	113071950	2	1	1	3
6	113071951	113093908	2	1	1	2
6	113093909	113741987	2	1	1	3
6	113741988	113787135	3	2	1	2
6	113787136	120601970	2	1	1	3
6	120601971	120647569	2	1	1	2
6	120647570	120910687	2	1	1	3
6	120910688	120949143	2	1	1	3
6	120949144	123043645	2	1	1	3
6	123043646	123057244	2	1	1	3
6	123057245	123956377	2	1	1	3
6	123956378	123999212	2	1	1	2
6	123999213	124677900	2	1	1	3
6	124677901	124680830	2	1	1	3
6	124680831	126307571	2	1	1	3
6	126307572	126411370	3	2	1	2
6	126411371	128567350	2	1	1	3
6	128567351	128597740	3	2	1	1
6	128597741	133695525	2	1	1	3
6	133695526	133722718	2	1	1	3
6	133722719	136803500	2	1	1	3
6	136803501	136860223	3	2	1	1
6	136860224	138376977	2	1	1	3
6	138376978	138495591	3	2	1	3
6	138495592	139421832	2	1	1	2
6	139421833	139471399	2	1	1	2
6	139471400	144306374	2	1	1	3
6	144306375	144331980	2	1	1	2
6	144331981	150299011	2	1	1	3
6	150299012	150301122	2	1	1	2
6	150301123	152309652	2	1	1	2
6	152309653	152338299	2	1	1	2
6	152338300	152338416	3	2	1	2
6	152338417	152349801	3	2	1	2
6	152349802	152361586	3	2	1	2
6	152361587	152506750	3	2	1	2
6	152506751	157079418	2	1	1	2
6	157079419	157108447	2	1	1	2
6	157108448	158680465	2	1	1	2
6	158680466	158715154	2	1	1	2
6	158715155	162263585	2	1	1	2
6	162263586	162264590	2	1	1	2
6	162264591	163503660	2	1	1	2
6	163503661	163505010	2	1	1	2
6	163505011	166042982	2	1	1	3
6	166042983	166067928	3	2	1	2
6	166067929	170889796	2	1	1	2
7	57093	16883067	2	1	1	3
7	16883068	16883818	2	1	1	3
7	16883819	31127932	2	1	1	3
7	31127933	31130635	2	1	1	3
7	31130636	57999999	2	1	1	3
7	58000000	61699999	2	1	1	3
7	61700000	63018208	2	1	1	2
7	63018209	63360748	3	2	1	2
7	63360749	69891428	2	1	1	3
7	69891429	70010527	3	2	1	2
7	70010528	85793837	2	1	1	3
7	85793838	85811097	3	2	1	3
7	85811098	85812977	2	1	1	1
7	85812978	85818674	3	2	1	1
7	85818675	90393308	2	1	1	3
7	90393309	90894959	3	2	1	3
7	90894960	98741907	2	1	1	3
7	98741908	99646280	2	1	1	2
7	99646281	100347547	2	1	1	3
7	100347548	100362449	3	2	1	1
7	100362450	104427477	2	1	1	3
7	104427478	104459380	2	1	1	3
7	104459381	109133575	2	1	1	3
7	109133576	109163542	3	2	1	2
7	109163543	110881619	2	1	1	3
7	110881620	110902054	2	1	1	3
7	110902055	116246258	2	1	1	3
7	116246259	116297317	3	2	1	1
7	116297318	116950526	2	1	1	2
7	116950527	116972456	2	1	1	2
7	116972457	118247424	2	1	1	2
7	118247425	118251085	1	1	0	1
7	118251086	120695954	2	1	1	3
7	120695955	120701998	2	1	1	3
7	120701999	130784963	2	1	1	3
7	130784964	130846674	3	2	1	3
7	130846675	138124076	2	1	1	3
7	138124077	138125220	2	1	1	2
7	138125221	139092097	2	1	1	2
7	139092098	139115927	2	1	1	2
7	139115928	148457190	2	1	1	3
7	148457191	148460209	2	1	1	2
7	148460210	151883944	2	1	1	3
7	151883945	151921323	2	1	1	2
7	151921324	154914915	2	1	1	3
7	154914916	154939152	2	1	1	3
7	154939153	158821400	2	1	1	3
8	156331	18834207	1	1	0	2
8	18834208	30557728	1	1	0	2
8	30557729	37489626	2	1	1	2
8	37489627	37493388	2	1	1	2
8	37493389	42063739	2	1	1	2
8	42063740	43099999	2	1	1	2
8	43100000	48099999	2	1	1	3
8	48100000	55150053	2	1	1	3
8	55150054	55151397	2	1	1	3
8	55151398	62385823	2	1	1	3
8	62385824	62453959	3	2	1	2
8	62453960	66020856	2	1	1	2
8	66020857	66024446	2	1	1	2
8	66024447	67460892	2	1	1	2
8	67460893	67461588	2	1	1	2
8	67461589	67585653	2	1	1	2
8	67585654	67641657	3	2	1	2
8	67641658	72461972	2	1	1	2
8	72461973	72486189	3	2	1	3
8	72486190	75800990	2	1	1	2
8	75800991	80227662	2	1	1	2
8	80227663	80229619	2	1	1	2
8	80229620	80258289	2	1	1	2
8	80258290	80788130	1	1	0	2
8	80788131	81857984	3	2	1	2
8	81857985	81858840	3	2	1	1
8	81858841	81859122	3	2	1	1
8	81859123	81859657	3	2	1	1
8	81859658	81865737	3	2	1	2
8	81865738	82760578	2	1	1	1
8	82760579	82763438	2	1	1	1
8	82763439	82766969	2	1	1	2
8	82766970	82768698	3	2	1	2
8	82768699	82769135	3	2	1	2
8	82769136	82886698	3	2	1	2
8	82886699	82887325	3	2	1	2
8	82887326	82923023	3	2	1	2
8	82923024	82923189	3	2	1	2
8	82923190	82924817	3	2	1	2
8	82924818	82925340	3	2	1	2
8	82925341	82928702	3	2	1	2
8	82928703	82933290	2	1	1	2
8	82933291	82935429	3	2	1	2
8	82935430	83280932	2	1	1	2
8	83280933	83319281	2	1	1	2
8	83319282	84062656	2	1	1	2
8	84062657	84064531	1	1	0	2
8	84064532	85792966	2	1	1	2
8	85792967	85796541	3	2	1	2
8	85796542	85796666	3	2	1	2
8	85796667	85798843	3	2	1	1
8	85798844	85799189	3	2	1	2
8	85799190	87412444	3	2	1	2
8	87412445	87413666	3	2	1	2
8	87413667	87691808	3	2	1	2
8	87691809	89604343	3	2	1	2
8	89604344	89605548	4	3	1	2
8	89605549	89631360	3	2	1	2
8	89631361	92288284	2	1	1	2
8	92288285	94225672	4	3	1	2
8	94225673	98075908	4	3	1	2
8	98075909	98450236	4	3	1	2
8	98450237	98450758	4	3	1	2
8	98450759	98452997	4	3	1	1
8	98452998	98453316	3	2	1	2
8	98453317	98457627	3	2	1	2
8	98457628	98458374	3	2	1	2
8	98458375	98469429	4	3	1	2
8	98469430	100112274	3	2	1	2
8	100112275	100115162	3	2	1	2
8	100115163	100117744	3	2	1	2
8	100117745	100117829	3	2	1	1
8	100117830	100119712	3	2	1	1
8	100119713	100119816	4	3	1	1
8	100119817	100125003	3	2	1	2
8	100125004	100125141	3	2	1	2
8	100125142	102414630	4	3	1	2
8	102414631	103595579	3	2	1	2
8	103595580	103637835	4	3	1	2
8	103637836	104541565	3	2	1	1
8	104541566	106650349	4	3	1	2
8	106650350	107342637	2	1	1	2
8	107342638	110637444	4	3	1	2
8	110637445	110637692	4	3	1	2
8	110637693	110646593	4	3	1	2
8	110646594	110647013	4	3	1	2
8	110647014	110652053	4	3	1	2
8	110652054	110851629	3	2	1	2
8	110851630	115234763	3	2	1	2
8	115234764	115235747	3	2	1	1
8	115235748	115443372	4	3	1	2
8	115443373	115830440	4	3	1	2
8	115830441	115855895	3	2	1	2
8	115855896	116572382	4	3	1	2
8	116572383	116813697	4	3	1	2
8	116813698	117308941	3	2	1	2
8	117308942	117351188	3	2	1	2
8	117351189	119084604	3	2	1	2
8	119084605	119876723	1	1	0	2
8	119876724	120965734	2	1	1	2
8	120965735	120968836	2	1	1	2
8	120968837	121251837	2	1	1	2
8	121251838	121295040	1	1	0	2
8	121295041	121498625	1	1	0	3
8	121498626	124380965	2	2	0	2
8	124380966	128832438	1	1	0	3
8	128832439	128931976	1	1	0	2
8	128931977	138552515	1	1	0	3
8	138552516	139253863	2	2	0	3
8	139253864	146364021	1	1	0	3
9	47500	203760	2	2	0	2
9	203761	1126284	2	2	0	2
9	1126285	1160719	2	2	0	2
9	1160720	2866890	2	2	0	2
9	2866891	2885633	2	2	0	2
9	2885634	3603471	2	2	0	2
9	3603472	19925959	1	1	0	2
9	19925960	25350420	0	0	0	3
9	25350421	31227784	1	1	0	2
9	31227785	31249627	2	2	0	3
9	31249628	35412987	1	1	0	2
9	35412988	35413068	1	1	0	2
9	35413069	44814715	2	1	1	2
9	44814716	44815000	2	1	1	2
9	44815001	44840643	2	1	1	2
9	44840644	47299999	1	1	0	2
9	47300000	50699999	1	1	0	2
9	50700000	66488801	1	1	0	2
9	66488802	68218933	1	1	0	2
9	68218934	68369975	1	1	0	2
9	68369976	73843841	1	1	0	2
9	73843842	73846219	1	1	0	2
9	73846220	83168976	1	1	0	2
9	83168977	83169613	1	1	0	2
9	83169614	96185487	1	1	0	2
9	96185488	96210055	1	1	0	2
9	96210056	101576257	1	1	0	2
9	101576258	102675828	2	2	0	2
9	102675829	114307767	1	1	0	2
9	114307768	114309517	1	1	0	2
9	114309518	121316058	1	1	0	2
9	121316059	122365630	1	1	0	2
9	122365631	122374878	1	1	0	2
9	122374879	125671726	1	1	0	2
9	125671727	125929908	1	1	0	2
9	125929909	134884613	2	1	1	2
9	134884614	134886980	2	1	1	2
9	134886981	140014025	2	1	1	2
9	140014026	140406203	2	1	1	2
9	140406204	140407684	2	1	1	2
10	102500	6561305	2	1	1	2
10	6561306	6579650	2	1	1	2
10	6579651	8078106	2	1	1	2
10	8078107	8099388	3	2	1	2
10	8099389	8112719	4	2	2	2
10	8112720	8114928	3	2	1	1
10	8114929	8116775	1	1	0	1
10	8116776	8138498	3	2	1	2
10	8138499	11646052	2	1	1	2
10	11646053	11669304	3	2	1	2
10	11669305	18687591	2	1	1	2
10	18687592	18687805	2	1	1	2
10	18687806	20959699	2	1	1	2
10	20959700	20961168	2	1	1	2
10	20961169	33048197	2	1	1	2
10	33048198	33077815	2	1	1	2
10	33077816	35667144	2	1	1	2
10	35667145	35668178	2	1	1	2
10	35668179	36397820	2	1	1	2
10	36397821	36414375	2	1	1	2
10	36414376	37999999	2	1	1	2
10	38000000	42388474	2	1	1	2
10	42388475	42423256	2	1	1	2
10	42423257	43206905	2	1	1	3
10	43206906	43209395	2	1	1	2
10	43209396	43465382	2	1	1	3
10	43465383	43527859	2	1	1	2
10	43527860	44158158	2	1	1	3
10	44158159	44165731	2	1	1	2
10	44165732	49959457	2	1	1	3
10	49959458	49961098	2	1	1	3
10	49961099	52818717	2	1	1	3
10	52818718	52822421	2	1	1	3
10	52822422	56252522	2	1	1	3
10	56252523	56266838	3	2	1	2
10	56266839	63080279	2	1	1	3
10	63080280	63080987	2	1	1	2
10	63080988	67858911	2	1	1	3
10	67858912	67861051	1	1	0	1
10	67861052	71153370	2	1	1	3
10	71153371	71245856	3	2	1	3
10	71245857	73784330	2	1	1	2
10	73784331	73809480	2	1	1	2
10	73809481	80910372	2	1	1	2
10	80910373	80928454	3	2	1	2
10	80928455	80938158	3	2	1	2
10	80938159	81333931	2	1	1	3
10	81333932	81353683	2	1	1	2
10	81353684	96046702	2	1	1	3
10	96046703	96062331	3	2	1	2
10	96062332	104558501	2	1	1	3
10	104558502	104560607	2	1	1	2
10	104560608	113593252	2	1	1	3
10	113593253	113601767	2	1	1	2
10	113601768	117153349	2	1	1	3
10	117153350	117832506	2	1	1	2
10	117832507	119135042	2	1	1	3
10	119135043	119136893	2	1	1	3
10	119136894	120529089	2	1	1	3
10	120529090	120584158	2	1	1	2
10	120584159	133960524	2	1	1	2
10	133960525	133963931	1	1	0	1
10	133963932	134808934	2	1	1	3
10	134808935	134833363	3	2	1	2
10	134833364	135389924	2	1	1	3
11	20721	199152	2	1	1	2
11	199153	2412500	2	1	1	2
11	2412501	2413165	2	1	1	2
11	2413166	3017451	2	1	1	2
11	3017452	3915572	2	1	1	2
11	3915573	9684758	2	1	1	3
11	9684759	9711733	3	2	1	2
11	9711734	19917901	2	1	1	3
11	19917902	19949830	2	1	1	3
11	19949831	20080559	2	1	1	3
11	20080560	20107035	2	1	1	3
11	20107036	31432806	2	1	1	3
11	31432807	31452115	3	2	1	2
11	31452116	35254117	2	1	1	3
11	35254118	35306184	2	1	1	3
11	35306185	36324549	2	1	1	3
11	36324550	36342576	3	2	1	2
11	36342577	38022428	2	1	1	3
11	38022429	38054616	2	1	1	3
11	38054617	51213021	2	1	1	3
11	51213022	51236784	3	2	1	2
11	51236785	55699999	NA	NA	NA	NA
11	55700000	65272474	2	1	1	3
11	65272475	65369725	2	1	1	3
11	65369726	67012798	2	1	1	3
11	67012799	67112938	4	3	1	1
11	67112939	67157553	5	4	1	2
11	67157554	67159124	5	4	1	2
11	67159125	67178133	5	4	1	2
11	67178134	67178162	5	4	1	2
11	67178163	68316237	5	4	1	2
11	68316238	68345304	5	4	1	2
11	68345305	69506322	5	4	1	2
11	69506323	69507726	5	4	1	2
11	69507727	69561141	5	4	1	2
11	69561142	69624992	4	3	1	2
11	69624993	70275696	2	1	1	2
11	70275697	70668335	4	3	1	2
11	70668336	70698072	4	3	1	2
11	70698073	71094548	4	3	1	2
11	71094549	72551519	2	1	1	3
11	72551520	73756881	3	2	1	3
11	73756882	76499777	4	3	1	3
11	76499778	76514179	5	4	1	1
11	76514180	76514226	5	4	1	1
11	76514227	76522536	5	3	2	1
11	76522537	76522578	5	3	2	1
11	76522579	76563072	3	2	1	1
11	76563073	77302148	3	2	1	3
11	77302149	77695470	5	4	1	3
11	77695471	77763303	6	5	1	2
11	77763304	78377276	5	4	1	2
11	78377277	78582752	4	3	1	3
11	78582753	78595457	5	4	1	2
11	78595458	78765345	5	4	1	2
11	78765346	78773548	4	3	1	2
11	78773549	78791518	5	4	1	2
11	78791519	78791867	5	4	1	2
11	78791868	78792092	5	4	1	2
11	78792093	78868967	6	5	1	3
11	78868968	78908156	6	5	1	3
11	78908157	78908343	6	5	1	2
11	78908344	78939052	6	5	1	2
11	78939053	78969708	5	4	1	3
11	78969709	78970747	5	4	1	1
11	78970748	78970870	6	5	1	1
11	78970871	79037508	6	5	1	2
11	79037509	79037748	6	5	1	2
11	79037749	79046472	6	5	1	2
11	79046473	79072010	6	5	1	2
11	79072011	79072464	6	5	1	2
11	79072465	79125634	6	5	1	2
11	79125635	79125851	6	5	1	2
11	79125852	79145412	6	5	1	2
11	79145413	79145653	6	5	1	2
11	79145654	79170353	6	5	1	2
11	79170354	79207350	6	5	1	2
11	79207351	79209402	6	5	1	2
11	79209403	79225767	6	5	1	2
11	79225768	79242801	5	4	1	2
11	79242802	79245193	5	4	1	2
11	79245194	79386319	5	4	1	2
11	79386320	79394417	6	5	1	3
11	79394418	79395086	6	5	1	2
11	79395087	79397237	6	5	1	2
11	79397238	79397908	6	5	1	2
11	79397909	79417601	6	5	1	2
11	79417602	79445340	5	4	1	2
11	79445341	79447883	5	4	1	2
11	79447884	79461927	6	6	0	1
11	79461928	79470080	5	4	1	2
11	79470081	79493394	5	4	1	2
11	79493395	79505949	5	4	1	2
11	79505950	79536910	5	4	1	2
11	79536911	79543322	5	4	1	1
11	79543323	79548214	5	4	1	1
11	79548215	79549438	5	4	1	1
11	79549439	79562579	5	4	1	1
11	79562580	79566680	5	4	1	1
11	79566681	79566939	5	4	1	2
11	79566940	79569747	5	4	1	1
11	79569748	79577470	5	4	1	1
11	79577471	79598603	6	5	1	1
11	79598604	79607459	6	5	1	1
11	79607460	79628524	6	5	1	2
11	79628525	79633639	5	4	1	2
11	79633640	79642449	6	5	1	2
11	79642450	80945017	5	4	1	3
11	80945018	81016476	4	3	1	2
11	81016477	81018288	4	3	1	2
11	81018289	81035715	4	3	1	2
11	81035716	81242566	5	4	1	3
11	81242567	81256883	6	5	1	2
11	81256884	81290059	6	5	1	3
11	81290060	81487137	5	4	1	3
11	81487138	81495761	6	6	0	1
11	81495762	81496032	6	6	0	1
11	81496033	81496600	6	5	1	1
11	81496601	81496690	6	5	1	1
11	81496691	81504167	6	5	1	2
11	81504168	81525655	6	5	1	3
11	81525656	81532090	5	4	1	2
11	81532091	81550751	5	4	1	2
11	81550752	81587551	5	4	1	3
11	81587552	81608043	6	5	1	2
11	81608044	81615551	5	4	1	2
11	81615552	81620717	6	5	1	2
11	81620718	81697519	6	5	1	2
11	81697520	81698084	6	5	1	2
11	81698085	81756376	6	5	1	2
11	81756377	81756731	6	5	1	2
11	81756732	81789013	6	5	1	2
11	81789014	81789049	6	5	1	2
11	81789050	81789324	6	5	1	2
11	81789325	81794417	6	5	1	2
11	81794418	81820597	5	4	1	2
11	81820598	81852926	6	5	1	2
11	81852927	81853724	6	5	1	2
11	81853725	81875075	5	4	1	2
11	81875076	81888107	6	5	1	2
11	81888108	81888226	6	5	1	2
11	81888227	81909491	6	5	1	2
11	81909492	81910889	5	4	1	2
11	81910890	81911242	5	4	1	2
11	81911243	81926270	6	5	1	2
11	81926271	81928941	5	4	1	2
11	81928942	81959997	6	5	1	2
11	81959998	81969106	5	4	1	2
11	81969107	81986083	6	5	1	1
11	81986084	81996112	4	3	1	2
11	81996113	81996385	5	4	1	2
11	81996386	82020007	5	4	1	2
11	82020008	82068445	6	5	1	2
11	82068446	82068744	6	5	1	2
11	82068745	82090517	6	5	1	2
11	82090518	82090610	6	5	1	2
11	82090611	82091034	6	5	1	2
11	82091035	82092450	6	5	1	2
11	82092451	82110236	6	5	1	2
11	82110237	82116830	5	4	1	2
11	82116831	82145264	5	4	1	2
11	82145265	82414976	5	4	1	3
11	82414977	82459549	6	5	1	2
11	82459550	82488841	5	4	1	2
11	82488842	82502380	6	5	1	2
11	82502381	82531562	5	4	1	3
11	82531563	82544760	6	5	1	1
11	82544761	82568792	6	5	1	2
11	82568793	82576962	5	4	1	2
11	82576963	82580063	6	5	1	2
11	82580064	82580273	6	5	1	2
11	82580274	82606119	4	3	1	2
11	82606120	82827289	5	4	1	3
11	82827290	82895753	7	6	1	1
11	82895754	82896114	7	6	1	1
11	82896115	82898330	1	1	0	1
11	82898331	82898636	NA	NA	NA	NA
11	82898637	82988065	6	5	1	1
11	82988066	82991252	6	5	1	1
11	82991253	82991364	NA	NA	NA	NA
11	82991365	83136439	5	4	1	1
11	83136440	83150861	5	4	1	1
11	83150862	83160177	6	5	1	1
11	83160178	83240758	6	5	1	2
11	83240759	83243786	6	5	1	2
11	83243787	83297043	6	5	1	2
11	83297044	83297289	6	5	1	2
11	83297290	83315826	6	5	1	2
11	83315827	83353639	6	5	1	2
11	83353640	83355318	6	5	1	2
11	83355319	83359886	6	5	1	2
11	83359887	83360149	6	5	1	2
11	83360150	83396990	7	6	1	2
11	83396991	83425981	6	5	1	2
11	83425982	83470036	5	4	1	2
11	83470037	83473807	5	4	1	2
11	83473808	83475823	5	4	1	1
11	83475824	83512198	6	5	1	2
11	83512199	83513459	6	5	1	2
11	83513460	83524342	6	5	1	2
11	83524343	83524865	6	5	1	2
11	83524866	83549006	6	5	1	2
11	83549007	83549215	6	5	1	2
11	83549216	83570335	6	5	1	2
11	83570336	83570656	6	5	1	2
11	83570657	83574472	6	5	1	2
11	83574473	83576411	7	6	1	2
11	83576412	83576660	6	5	1	1
11	83576661	83584135	6	5	1	1
11	83584136	83584185	7	6	1	1
11	83584186	83584364	7	6	1	1
11	83584365	83612195	7	6	1	1
11	83612196	83612370	7	6	1	1
11	83612371	83612598	7	6	1	1
11	83612599	83676336	6	5	1	2
11	83676337	83680080	6	5	1	2
11	83680081	83693535	6	5	1	2
11	83693536	83698995	6	5	1	2
11	83698996	83699139	7	6	1	1
11	83699140	83767374	6	5	1	2
11	83767375	83776181	6	5	1	1
11	83776182	83776400	6	5	1	1
11	83776401	83800900	6	5	1	2
11	83800901	83807222	6	5	1	1
11	83807223	83822921	7	6	1	1
11	83822922	83823111	7	6	1	1
11	83823112	83853524	7	6	1	1
11	83853525	83853928	7	6	1	1
11	83853929	83855485	7	6	1	1
11	83855486	83889962	5	4	1	1
11	83889963	83911578	5	4	1	1
11	83911579	83948876	5	4	1	1
11	83948877	83982210	5	4	1	1
11	83982211	83982476	7	6	1	1
11	83982477	84028571	6	5	1	2
11	84028572	84046943	7	6	1	1
11	84046944	84047333	7	6	1	2
11	84047334	84100464	7	6	1	1
11	84100465	84109766	6	5	1	2
11	84109767	84113778	6	5	1	2
11	84113779	84142696	6	5	1	2
11	84142697	84148548	7	6	1	1
11	84148549	84160231	6	5	1	2
11	84160232	84160809	6	5	1	2
11	84160810	84164085	6	5	1	2
11	84164086	84174521	6	5	1	2
11	84174522	84177104	6	5	1	2
11	84177105	84184588	6	5	1	2
11	84184589	84265850	6	5	1	2
11	84265851	84270830	6	5	1	2
11	84270831	84277639	6	5	1	2
11	84277640	84278448	6	5	1	2
11	84278449	84295117	6	5	1	2
11	84295118	84341639	6	5	1	2
11	84341640	84344941	6	5	1	2
11	84344942	84459522	6	5	1	3
11	84459523	84460887	5	4	1	1
11	84460888	84520431	6	5	1	3
11	84520432	84540956	6	5	1	2
11	84540957	84608946	7	6	1	2
11	84608947	84654353	5	4	1	2
11	84654354	84798369	6	5	1	2
11	84798370	84877838	5	4	1	2
11	84877839	84941229	6	5	1	2
11	84941230	84941268	5	4	1	2
11	84941269	84956063	5	4	1	2
11	84956064	84961738	5	4	1	2
11	84961739	84988084	6	5	1	2
11	84988085	84996233	5	4	1	2
11	84996234	85062604	6	5	1	1
11	85062605	85067760	5	4	1	1
11	85067761	85069266	5	4	1	1
11	85069267	85083346	6	5	1	1
11	85083347	85084161	6	5	1	1
11	85084162	85089971	7	6	1	2
11	85089972	85090278	7	6	1	2
11	85090279	85108517	6	5	1	1
11	85108518	85129940	6	5	1	2
11	85129941	85130094	6	5	1	2
11	85130095	85178725	6	5	1	2
11	85178726	85191889	6	5	1	2
11	85191890	85192291	6	5	1	2
11	85192292	85198053	6	5	1	2
11	85198054	85198645	6	5	1	2
11	85198646	85279214	6	5	1	2
11	85279215	85280500	6	5	1	2
11	85280501	85296447	7	6	1	2
11	85296448	85296616	6	5	1	2
11	85296617	85720545	6	5	1	2
11	85720546	85720575	6	5	1	2
11	85720576	85721731	6	5	1	2
11	85721732	86749702	5	4	1	2
11	86749703	86771597	4	3	1	2
11	86771598	86785843	5	4	1	2
11	86785844	86786058	5	4	1	2
11	86786059	86800523	5	4	1	2
11	86800524	86862088	4	3	1	3
11	86862089	86863895	5	4	1	1
11	86863896	86964379	7	6	1	2
11	86964380	86964783	7	6	1	2
11	86964784	86968293	6	5	1	2
11	86968294	86968808	6	5	1	2
11	86968809	86977627	7	6	1	1
11	86977628	86978029	7	6	1	1
11	86978030	86978494	6	5	1	2
11	86978495	87181839	6	5	1	3
11	87181840	87313582	5	4	1	3
11	87313583	87477828	4	3	1	2
11	87477829	87556393	4	3	1	2
11	87556394	87612686	4	3	1	2
11	87612687	88031015	4	3	1	2
11	88031016	88031257	4	3	1	2
11	88031258	88059817	4	3	1	2
11	88059818	88087169	4	3	1	2
11	88087170	88196197	3	2	1	2
11	88196198	88198671	3	2	1	2
11	88198672	88232840	3	2	1	2
11	88232841	88244406	3	2	1	2
11	88244407	88255379	3	2	1	2
11	88255380	88255573	3	2	1	2
11	88255574	88566747	4	3	1	2
11	88566748	88656494	3	2	1	3
11	88656495	88705365	4	3	1	2
11	88705366	88943289	4	3	1	3
11	88943290	88943452	4	3	1	2
11	88943453	88976010	4	3	1	2
11	88976011	88976204	4	3	1	1
11	88976205	88992290	4	3	1	2
11	88992291	88992510	5	4	1	2
11	88992511	89509654	5	4	1	3
11	89509655	89510849	5	4	1	3
11	89510850	89512529	5	4	1	1
11	89512530	89540382	5	4	1	1
11	89540383	89545988	5	4	1	1
11	89545989	89676927	5	4	1	1
11	89676928	89880274	5	4	1	3
11	89880275	89895681	6	5	1	1
11	89895682	89895903	6	5	1	1
11	89895904	89899618	5	4	1	2
11	89899619	89902025	5	4	1	2
11	89902026	89953117	5	4	1	3
11	89953118	90037521	4	3	1	2
11	90037522	90093378	5	4	1	2
11	90093379	90093684	5	4	1	2
11	90093685	90111052	5	4	1	2
11	90111053	90111547	5	4	1	2
11	90111548	90124328	5	4	1	2
11	90124329	90124528	5	4	1	2
11	90124529	90152124	4	3	1	2
11	90152125	92146463	5	4	1	2
11	92146464	92522301	4	3	1	2
11	92522302	92522570	4	3	1	2
11	92522571	92537884	5	4	1	2
11	92537885	92556184	5	4	1	2
11	92556185	93303504	6	5	1	3
11	93303505	93610116	4	3	1	3
11	93610117	93984856	2	1	1	2
11	93984857	96522204	3	2	1	2
11	96522205	96555444	4	2	2	2
11	96555445	97411905	3	2	1	2
11	97411906	97418525	4	3	1	1
11	97418526	97428608	3	2	1	2
11	97428609	97547705	4	3	1	2
11	97547706	97549670	4	3	1	2
11	97549671	97565013	4	3	1	2
11	97565014	97597009	4	3	1	2
11	97597010	97597049	3	2	1	2
11	97597050	97597543	3	2	1	2
11	97597544	97602649	3	2	1	2
11	97602650	97608081	3	2	1	2
11	97608082	97626942	4	3	1	2
11	97626943	97627586	4	3	1	2
11	97627587	97627627	4	3	1	2
11	97627628	97628230	4	3	1	2
11	97628231	97628276	4	3	1	2
11	97628277	97731878	4	3	1	2
11	97731879	97762346	5	4	1	2
11	97762347	97775722	3	2	1	2
11	97775723	97906210	5	4	1	2
11	97906211	98085072	4	3	1	2
11	98085073	98143541	3	2	1	3
11	98143542	98208586	4	3	1	2
11	98208587	98208635	4	3	1	2
11	98208636	98208756	4	3	1	2
11	98208757	98219935	3	2	1	2
11	98219936	98537877	3	2	1	2
11	98537878	98544222	4	3	1	2
11	98544223	98551691	3	2	1	3
11	98551692	98572582	4	3	1	2
11	98572583	98573332	4	3	1	2
11	98573333	98643350	4	3	1	3
11	98643351	98693030	4	3	1	3
11	98693031	98738446	3	2	1	2
11	98738447	98738530	3	2	1	2
11	98738531	98783503	4	3	1	2
11	98783504	98783770	4	3	1	2
11	98783771	98875566	4	3	1	2
11	98875567	98875741	4	3	1	2
11	98875742	98910313	4	3	1	2
11	98910314	98917642	3	2	1	2
11	98917643	99005280	4	3	1	2
11	99005281	99008541	3	2	1	2
11	99008542	99011539	3	2	1	1
11	99011540	99011701	3	2	1	1
11	99011702	99130666	4	3	1	2
11	99130667	99130742	4	3	1	2
11	99130743	99213396	5	4	1	2
11	99213397	99216516	3	2	1	2
11	99216517	99258806	4	3	1	2
11	99258807	99291090	3	2	1	2
11	99291091	99405378	4	3	1	2
11	99405379	99484136	3	2	1	2
11	99484137	99485382	3	2	1	2
11	99485383	99734461	4	3	1	2
11	99734462	99734657	4	3	1	2
11	99734658	99758785	4	3	1	2
11	99758786	99759113	4	3	1	2
11	99759114	99992452	4	3	1	2
11	99992453	99992766	4	3	1	2
11	99992767	100010351	4	3	1	2
11	100010352	100010397	3	2	1	2
11	100010398	100206254	3	2	1	3
11	100206255	100244294	4	3	1	3
11	100244295	100244618	4	3	1	2
11	100244619	100259045	5	4	1	2
11	100259046	100289639	5	4	1	3
11	100289640	100849899	5	4	1	3
11	100849900	100850306	4	3	1	2
11	100850307	100976357	4	3	1	2
11	100976358	100976491	3	2	1	2
11	100976492	101107688	4	3	1	2
11	101107689	101165201	3	2	1	2
11	101165202	101172856	3	2	1	2
11	101172857	101196584	4	3	1	1
11	101196585	101368571	3	2	1	2
11	101368572	101372579	4	3	1	1
11	101372580	101372906	3	2	1	2
11	101372907	101375903	3	2	1	1
11	101375904	101379078	2	1	1	1
11	101379079	101381527	4	3	1	2
11	101381528	101422594	3	2	1	2
11	101422595	101422848	3	2	1	2
11	101422849	101454509	4	3	1	2
11	101454510	101487329	3	2	1	2
11	101487330	101489861	3	2	1	2
11	101489862	101612137	3	2	1	2
11	101612138	101614438	3	2	1	2
11	101614439	101614585	3	2	1	1
11	101614586	101615211	3	2	1	1
11	101615212	101615428	3	2	1	1
11	101615429	104817525	3	2	1	2
11	104817526	104819279	1	1	0	2
11	104819280	110600980	1	1	0	3
11	110600981	110624933	1	1	0	3
11	110624934	116371573	1	1	0	3
11	116371574	116408371	2	2	0	2
11	116408372	118821230	1	1	0	3
11	118821231	119125061	2	2	0	3
11	119125062	122022063	1	1	0	3
11	122022064	122023081	1	1	0	3
11	122023082	122372428	1	1	0	3
11	122372429	122390589	2	2	0	1
11	122390590	128385060	1	1	0	3
11	128385061	128408627	2	2	0	2
11	128408628	132265223	1	1	0	3
11	132265224	132280329	1	1	0	3
11	132280330	134452200	1	1	0	3
12	110107	4425044	2	1	1	3
12	4425045	4434654	2	1	1	2
12	4434655	4435712	2	1	1	2
12	4435713	4439358	2	1	1	2
12	4439359	4830682	2	1	1	3
12	4830683	13564668	2	1	1	3
12	13564669	13585269	1	1	0	2
12	13585270	14703545	2	1	1	3
12	14703546	14705642	2	1	1	2
12	14705643	14828079	2	1	1	3
12	14828080	15292656	3	2	1	2
12	15292657	33299999	2	1	1	3
12	33300000	38199999	2	1	1	2
12	38200000	48098365	2	1	1	3
12	48098366	48145264	3	2	1	3
12	48145265	52092046	2	1	1	3
12	52092047	52120954	3	2	1	3
12	52120955	53796453	2	1	1	3
12	53796454	53906303	3	2	1	1
12	53906304	54594445	2	1	1	3
12	54594446	54714077	2	1	1	2
12	54714078	57565610	2	1	1	3
12	57565611	57663129	3	2	1	3
12	57663130	67483453	2	1	1	3
12	67483454	67500660	3	2	1	2
12	67500661	69081232	2	1	1	3
12	69081233	69120158	3	2	1	1
12	69120159	69204693	4	3	1	2
12	69204694	69279868	3	2	1	1
12	69279869	86001038	2	1	1	3
12	86001039	86007138	2	1	1	2
12	86007139	98898033	2	1	1	3
12	98898034	98973062	3	2	1	2
12	98973063	98996327	3	2	1	2
12	98996328	99492820	3	2	1	3
12	99492821	99737086	2	1	1	3
12	99737087	99743502	1	1	0	2
12	99743503	99855469	1	1	0	2
12	99855470	100007115	1	1	0	2
12	100007116	100015789	1	1	0	2
12	100015790	100118781	1	1	0	2
12	100118782	104997421	2	1	1	3
12	104997422	105023836	3	2	1	3
12	105023837	105651051	2	1	1	3
12	105651052	105821168	3	2	1	3
12	105821169	105821215	3	2	1	2
12	105821216	108334441	2	1	1	3
12	108334442	108335845	2	1	1	2
12	108335846	110804195	2	1	1	3
12	110804196	110883538	2	1	1	2
12	110883539	116758238	2	1	1	2
12	116758239	116843564	3	2	1	2
12	116843565	120906193	2	1	1	2
12	120906194	120929637	2	1	1	2
12	120929638	121647158	2	1	1	2
12	121647159	121674265	2	1	1	2
12	121674266	124844540	2	1	1	2
12	124844541	124847076	2	1	1	2
12	124847077	129662041	2	1	1	2
12	129662042	129675668	2	1	1	2
12	129675669	132349400	2	1	1	2
12	132349401	133851894	2	1	1	3
13	1	16299999	2	1	1	1
13	16300000	19499999	2	1	1	2
13	19500000	30115213	2	1	1	3
13	30115214	30143956	3	2	1	2
13	30143957	33181807	2	1	1	3
13	33181808	33230189	3	2	1	2
13	33230190	34341942	2	1	1	3
13	34341943	34344453	2	1	1	3
13	34344454	40096554	2	1	1	3
13	40096555	40123963	2	1	1	3
13	40123964	47245482	2	1	1	3
13	47245483	47334403	3	2	1	1
13	47334404	52719696	2	1	1	3
13	52719697	52752804	2	1	1	2
13	52752805	55127119	2	1	1	3
13	55127120	55129563	1	1	0	1
13	55129564	57249585	2	1	1	3
13	57249586	57252224	2	1	1	2
13	57252225	64591842	2	1	1	3
13	64591843	65136512	3	2	1	3
13	65136513	67135711	2	1	1	3
13	67135712	67153560	2	1	1	2
13	67153561	73711387	2	1	1	3
13	73711388	73763889	3	2	1	1
13	73763890	82482954	2	1	1	3
13	82482955	82544158	2	1	1	2
13	82544159	85089665	2	1	1	3
13	85089666	85134309	2	1	1	2
13	85134310	86252816	2	1	1	3
13	86252817	86253845	1	1	0	1
13	86253846	95560334	2	1	1	3
13	95560335	95607097	2	1	1	2
13	95607098	108502300	2	1	1	3
13	108502301	108507126	2	1	1	2
13	108507127	111867279	2	1	1	3
13	111867280	111869256	2	1	1	3
13	111869257	113330857	2	1	1	3
13	113330858	113334624	1	1	0	1
13	113334625	114436454	2	1	1	3
14	1	16099999	2	1	1	1
14	16100000	19099999	2	1	1	2
14	19100000	20378591	2	1	1	3
14	20378592	23726748	2	1	1	2
14	23726749	23792825	3	2	1	3
14	23792826	26642327	2	1	1	3
14	26642328	26928374	3	2	1	3
14	26928375	27154067	2	1	1	3
14	27154068	27563917	3	2	1	3
14	27563918	34275021	2	1	1	3
14	34275022	34320627	3	2	1	2
14	34320628	39688496	2	1	1	3
14	39688497	39690405	2	1	1	2
14	39690406	41343754	2	1	1	3
14	41343755	41375628	2	1	1	3
14	41375629	50102339	2	1	1	3
14	50102340	50129852	2	1	1	2
14	50129853	50761109	2	1	1	3
14	50761110	50762302	2	1	1	3
14	50762303	57719432	2	1	1	3
14	57719433	57773906	2	1	1	3
14	57773907	67684405	2	1	1	3
14	67684406	67753229	2	1	1	2
14	67753230	67792331	3	2	1	2
14	67792332	68464306	3	2	1	2
14	68464307	70604870	2	1	1	2
14	70604871	70611649	2	1	1	2
14	70611650	73653495	2	1	1	2
14	73653496	73698569	3	2	1	1
14	73698570	74084305	2	1	1	3
14	74084306	74196475	3	2	1	2
14	74196476	77404268	2	1	1	2
14	77404269	77435582	3	2	1	2
14	77435583	90483736	2	1	1	3
14	90483737	90487582	2	1	1	3
14	90487583	91623986	2	1	1	3
14	91623987	91665402	3	2	1	1
14	91665403	100542828	2	1	1	2
14	100542829	100591117	2	1	1	2
14	100591118	100599789	4	3	1	1
14	100599790	100649633	6	5	1	1
14	100649634	100762144	5	4	1	2
14	100762145	100833655	3	2	1	1
14	100833656	103903947	2	1	1	2
14	103903948	105077797	2	1	1	2
14	105077798	105078668	2	1	1	2
14	105078669	105413109	2	1	1	2
14	105413110	105530956	3	2	1	3
14	105530957	106368400	2	1	1	2
15	1	15799999	2	1	1	1
15	15800000	20699999	2	1	1	2
15	20700000	34326313	2	1	1	2
15	34326314	34352704	3	2	1	2
15	34352705	34360286	2	1	1	2
15	34360287	34361374	2	1	1	2
15	34361375	39654702	2	1	1	2
15	39654703	39685754	3	2	1	2
15	39685755	40146786	2	1	1	2
15	40146787	40186393	3	2	1	2
15	40186394	49418598	2	1	1	2
15	49418599	49457959	3	2	1	2
15	49457960	50934220	2	1	1	2
15	50934221	52285990	3	2	1	2
15	52285991	65865631	2	1	1	2
15	65865632	65897862	3	2	1	2
15	65897863	69003895	2	1	1	2
15	69003896	69005409	2	1	1	2
15	69005410	70980290	2	1	1	2
15	70980291	70981417	2	1	1	2
15	70981418	71161150	2	1	1	2
15	71161151	71410589	2	1	1	2
15	71410590	74380050	2	1	1	2
15	74380051	76255721	3	2	1	2
15	76255722	76404431	3	2	1	2
15	76404432	77367123	3	2	1	2
15	77367124	77406104	3	2	1	2
15	77406105	83886049	3	2	1	2
15	83886050	83938842	4	2	2	2
15	83938843	86115770	3	2	1	2
15	86115771	86179899	3	2	1	2
15	86179900	90284298	3	2	1	2
15	90284299	90557746	4	3	1	2
15	90557747	93249808	3	2	1	2
15	93249809	93409445	4	2	2	2
15	93409446	93464416	4	2	2	2
15	93464417	93601499	4	2	2	2
15	93601500	100338800	3	2	1	2
15	100338801	102431166	3	2	1	2
16	83802	1073803	2	1	1	2
16	1073804	1081221	3	2	1	2
16	1081222	1083580	3	2	1	2
16	1083581	1128948	3	2	1	2
16	1128949	5143587	2	1	1	2
16	5143588	5537747	3	2	1	2
16	5537748	13610507	2	1	1	2
16	13610508	13611236	2	1	1	2
16	13611237	15938622	2	1	1	2
16	15938623	15960180	3	2	1	2
16	15960181	18969108	2	1	1	2
16	18969109	18971548	2	1	1	2
16	18971549	18972020	2	1	1	2
16	18972021	18972180	2	1	1	2
16	18972181	18975061	2	1	1	2
16	18975062	18975074	2	1	1	2
16	18975075	18984535	3	2	1	2
16	18984536	24443879	2	1	1	2
16	24443880	24444813	2	1	1	2
16	24444814	26439495	2	1	1	2
16	26439496	26625545	3	2	1	2
16	26625546	27037749	2	1	1	2
16	27037750	27041996	2	1	1	2
16	27041997	33437499	2	1	1	2
16	33437500	34173201	2	1	1	2
16	34173202	38599999	NA	NA	NA	NA
16	38600000	47366267	1	1	0	2
16	47366268	48384206	2	2	0	2
16	48384207	65482233	1	1	0	2
16	65482234	65511762	2	2	0	2
16	65511763	67030235	1	1	0	2
16	67030236	67078886	1	1	0	2
16	67078887	78714536	1	1	0	2
16	78714537	80675887	2	2	0	2
16	80675888	83915591	1	1	0	2
16	83915592	83917274	1	1	0	2
16	83917275	87903452	1	1	0	2
16	87903453	87928914	2	2	0	2
16	87928915	88827200	1	1	0	2
16	88827201	90354752	1	1	0	3
17	7	1246327	1	1	0	2
17	1246328	1326355	2	2	0	3
17	1326356	15978648	1	1	0	2
17	15978649	16019936	1	1	0	2
17	16019937	18360123	1	1	0	2
17	18360124	20702166	1	1	0	2
17	20702167	20909216	3	2	1	2
17	20909217	20967072	4	2	2	2
17	20967073	21539973	3	2	1	2
17	21539974	22199999	1	1	0	2
17	22200000	25799999	NA	NA	NA	NA
17	25800000	27159701	2	1	1	3
17	27159702	27163146	2	1	1	3
17	27163147	28012029	2	1	1	3
17	28012030	28015671	2	1	1	2
17	28015672	33847140	2	1	1	3
17	33847141	33894350	3	2	1	2
17	33894351	33896618	2	1	1	2
17	33896619	33898156	2	1	1	2
17	33898157	36145083	2	1	1	3
17	36145084	36174482	3	2	1	2
17	36174483	37198371	2	1	1	2
17	37198372	37199106	2	1	1	2
17	37199107	38946142	2	1	1	2
17	38946143	38946261	2	1	1	2
17	38946262	47743929	2	1	1	2
17	47743930	47798235	2	1	1	2
17	47798236	54551802	2	1	1	2
17	54551803	54552908	2	1	1	2
17	54552909	56053342	2	1	1	2
17	56053343	67147379	3	2	1	2
17	67147380	79943768	2	1	1	2
17	79943769	79964961	3	2	1	1
17	79964962	79972168	5	3	2	2
17	79972169	80038496	5	3	2	2
17	80038497	80041189	5	3	2	1
17	80041190	80047615	500	306	194	1
17	80047616	81195209	2	1	1	2
18	27500	2727614	2	1	1	3
18	2727615	2787039	2	1	1	3
18	2787040	8544374	2	1	1	3
18	8544375	12886568	1	1	0	2
18	12886569	12887871	1	1	0	2
18	12887872	15399999	1	1	0	2
18	15400000	18999999	1	1	0	2
18	19000000	19010988	1	1	0	2
18	19010989	20621967	1	1	0	2
18	20621968	20637417	1	1	0	2
18	20637418	20637936	1	1	0	2
18	20637937	20658924	1	1	0	2
18	20658925	22879483	1	1	0	2
18	22879484	22879684	1	1	0	2
18	22879685	22881323	1	1	0	1
18	22881324	32076766	2	1	1	3
18	32076767	32080617	2	1	1	2
18	32080618	33661423	2	1	1	3
18	33661424	33703076	3	2	1	3
18	33703077	35207588	2	1	1	2
18	35207589	35211974	2	1	1	2
18	35211975	42535514	2	1	1	2
18	42535515	42538614	2	1	1	2
18	42538615	48009759	2	1	1	2
18	48009760	48039623	2	1	1	2
18	48039624	50231367	2	1	1	3
18	50231368	50243865	2	1	1	3
18	50243866	51634646	2	1	1	3
18	51634647	51677830	2	1	1	2
18	51677831	56610452	2	1	1	3
18	56610453	56637932	3	2	1	2
18	56637933	60361898	2	1	1	3
18	60361899	60434215	2	1	1	3
18	60434216	62279702	2	1	1	2
18	62279703	62280701	1	1	0	1
18	62280702	62319389	2	1	1	3
18	62319390	63113391	1	1	0	3
18	63113392	63151939	2	1	1	2
18	63151940	63153222	2	1	1	2
18	63153223	63380340	2	1	1	2
18	63380341	63468114	1	1	0	2
18	63468115	63469788	1	1	0	2
18	63469789	63469911	1	1	0	2
18	63469912	70414956	1	1	0	3
18	70414957	70427490	1	1	0	2
18	70427491	70428476	2	1	1	2
18	70428477	77770475	2	1	1	2
18	77770476	77770681	2	1	1	2
18	77770682	77771021	2	1	1	2
18	77771022	77773447	1	1	0	2
18	77773448	77826674	2	1	1	2
18	77826675	77903676	1	1	0	3
18	77903677	77949596	2	1	1	2
19	102500	245630	1	1	0	2
19	245631	2126855	1	1	0	2
19	2126856	2174160	2	1	1	2
19	2174161	2192165	2	1	1	2
19	2192166	3035387	2	1	1	2
19	3035388	3117682	3	2	1	2
19	3117683	3201204	4	2	2	2
19	3201205	3502893	3	2	1	2
19	3502894	5493381	2	1	1	2
19	5493382	5496175	1	1	0	2
19	5496176	5553688	2	1	1	2
19	5553689	5593047	3	2	1	1
19	5593048	17476198	2	1	1	2
19	17476199	19016139	3	2	1	3
19	19016140	19085770	2	1	1	2
19	19085771	19134419	3	2	1	2
19	19134420	19624238	2	1	1	2
19	19624239	19638714	2	1	1	2
19	19638715	20720454	2	1	1	2
19	20720455	20763739	2	1	1	2
19	20763740	23050791	2	1	1	2
19	23050792	23053224	2	1	1	2
19	23053225	24399999	2	1	1	2
19	24400000	28599999	2	1	1	2
19	28600000	31661344	2	1	1	2
19	31661345	31687329	2	1	1	2
19	31687330	33795936	2	1	1	2
19	33795937	33831400	2	1	1	2
19	33831401	33907607	2	1	1	2
19	33907608	33927847	2	1	1	2
19	33927848	39184833	2	1	1	2
19	39184834	39237900	4	3	1	2
19	39237901	41771275	2	1	1	2
19	41771276	41772038	2	1	1	2
19	41772039	49926783	2	1	1	2
19	49926784	49927761	2	1	1	2
19	49927762	50129040	2	1	1	2
19	50129041	50175935	2	1	1	2
19	50175936	51316059	2	1	1	2
19	51316060	51347384	3	2	1	2
19	51347385	56035832	2	1	1	2
19	56035833	56070387	3	2	1	2
19	56070388	56073791	2	1	1	2
19	56073792	56097982	3	2	1	2
19	56097983	56136458	2	1	1	2
19	56136459	56163071	3	2	1	2
19	56163072	59128982	2	1	1	2
20	32139	5204586	2	1	1	2
20	5204587	5206370	2	1	1	2
20	5206371	11282200	2	1	1	2
20	11282201	11306522	3	2	1	2
20	11306523	17876257	2	1	1	2
20	17876258	17916040	3	2	1	2
20	17916041	25599999	2	1	1	3
20	25600000	30309608	2	1	1	2
20	30309609	30312300	2	1	1	2
20	30312301	34659974	2	1	1	3
20	34659975	34708198	2	1	1	3
20	34708199	42281651	2	1	1	3
20	42281652	42361506	3	2	1	1
20	42361507	53272174	2	1	1	3
20	53272175	53273876	2	1	1	2
20	53273877	60769388	2	1	1	3
20	60769389	60847008	3	2	1	3
20	60847009	62273391	2	1	1	3
20	62273392	62275243	1	1	0	1
20	62275244	62432500	2	1	1	3
21	1	9417499	NA	NA	NA	NA
21	9417500	10899999	NA	NA	NA	NA
21	10900000	14299999	2	1	1	2
21	14300000	16340728	2	1	1	3
21	16340729	16417029	2	1	1	3
21	16417030	23052348	2	1	1	3
21	23052349	23076566	2	1	1	2
21	23076567	33197751	2	1	1	3
21	33197752	33249601	2	1	1	2
21	33249602	35227092	2	1	1	3
21	35227093	35610210	3	2	1	2
21	35610211	35998707	4	3	1	2
21	35998708	36044602	5	4	1	2
21	36044603	36046939	5	4	1	2
21	36046940	36150515	5	4	1	2
21	36150516	36154967	5	4	1	1
21	36154968	36170725	7	5	2	1
21	36170726	36170743	7	5	2	1
21	36170744	36188609	8	6	2	1
21	36188610	36211613	10	6	4	2
21	36211614	36216678	5	4	1	1
21	36216679	36224295	7	4	3	1
21	36224296	36225132	6	3	3	1
21	36225133	36228347	5	3	2	1
21	36228348	36235285	9	7	2	1
21	36235286	36239108	8	6	2	2
21	36239109	36245110	2	1	1	2
21	36245111	36252133	2	1	1	2
21	36252134	46944200	2	1	1	2
21	46944201	48129894	2	1	1	3
22	1	12199999	1	1	0	2
22	12200000	17899999	1	1	0	2
22	17900000	23509427	1	1	0	2
22	23509428	23556658	2	2	0	2
22	23556659	25664331	1	1	0	2
22	25664332	25919783	1	1	0	2
22	25919784	29065956	1	1	0	2
22	29065957	29123373	1	1	0	2
22	29123374	29191756	2	2	0	2
22	29191757	41234460	1	1	0	2
22	41234461	41236965	1	1	0	2
22	41236966	41600761	1	1	0	2
22	41600762	41604853	1	1	0	2
22	41604854	46395079	1	1	0	2
22	46395080	46442087	2	2	0	2
22	46442088	49691400	1	1	0	2
22	49691401	51304565	1	1	0	3
X	220787	285892	2	1	1	2
X	285893	7205711	2	1	1	3
X	7205712	7240480	3	2	1	2
X	7240481	7578508	2	1	1	3
X	7578509	7597105	3	2	1	1
X	7597106	17059854	2	1	1	3
X	17059855	17081676	2	1	1	2
X	17081677	22927755	2	1	1	3
X	22927756	22931476	2	1	1	2
X	22931477	24276485	2	1	1	3
X	24276486	24314462	2	1	1	2
X	24314463	30419909	2	1	1	3
X	30419910	30691337	2	1	1	2
X	30691338	31051890	2	1	1	3
X	31051891	31066265	2	1	1	2
X	31066266	40158098	2	1	1	3
X	40158099	40174877	2	1	1	2
X	40174878	44208043	2	1	1	3
X	44208044	44495484	3	2	1	2
X	44495485	44969262	2	1	1	3
X	44969263	44987504	3	2	1	2
X	44987505	51821597	2	1	1	3
X	51821598	51963293	2	1	1	2
X	51963294	58099999	2	1	1	3
X	58100000	62999999	2	1	1	2
X	63000000	66830983	2	1	1	3
X	66830984	66832659	2	1	1	2
X	66832660	66906314	2	1	1	2
X	66906315	66949287	4	3	1	1
X	66949288	66963163	4	3	1	1
X	66963164	67054749	2	1	1	2
X	67054750	70319885	2	1	1	3
X	70319886	70334981	2	1	1	2
X	70334982	74910564	2	1	1	3
X	74910565	75965047	3	2	1	2
X	75965048	76001831	3	2	1	2
X	76001832	76311900	3	2	1	2
X	76311901	76342738	4	3	1	2
X	76342739	77938154	3	2	1	2
X	77938155	77940596	1	1	0	1
X	77940597	82404951	3	2	1	2
X	82404952	83896719	2	1	1	3
X	83896720	83913682	2	1	1	2
X	83913683	84382203	2	1	1	3
X	84382204	84408450	3	2	1	1
X	84408451	85982821	2	1	1	3
X	85982822	85985763	2	1	1	2
X	85985764	86898771	2	1	1	3
X	86898772	86899859	2	1	1	2
X	86899860	95666469	2	1	1	3
X	95666470	95677797	2	1	1	2
X	95677798	106663732	2	1	1	3
X	106663733	106729890	2	1	1	2
X	106729891	121195837	2	1	1	3
X	121195838	121244121	3	2	1	2
X	121244122	125378218	2	1	1	3
X	125378219	125381059	2	1	1	2
X	125381060	130269876	2	1	1	3
X	130269877	130296745	3	2	1	2
X	130296746	131289555	2	1	1	3
X	131289556	131733904	3	2	1	2
X	131733905	141539121	2	1	1	3
X	141539122	141597163	2	1	1	2
X	141597164	150058437	2	1	1	3
X	150058438	150126190	2	1	1	2
X	150126191	152648447	2	1	1	3
X	152648448	152714203	3	2	1	2
X	152714204	154329881	2	1	1	3
X	154329882	154331958	1	1	0	2
X	154331959	154913600	2	1	1	3
