chromosome	start	end	total_cn	major_cn	minor_cn	star
1	1	871716	2	1	1	2
1	871717	12922499	2	1	1	3
1	12922500	47705626	2	1	1	3
1	47705627	121499999	2	1	1	3
1	121500000	128899999	2	1	1	2
1	128900000	142617500	2	1	1	2
1	142617501	142723938	2	1	1	2
1	142723939	247247500	2	1	1	2
1	247247501	249250620	2	1	1	2
2	20016	90499999	2	1	1	3
2	90500000	96799999	2	1	1	3
2	96800000	239454996	2	1	1	3
2	239454997	242985695	2	1	1	2
3	62614	13760072	2	1	1	3
3	13760073	87899999	2	1	1	3
3	87900000	93899999	NA	NA	NA	NA
3	93900000	177442805	1	1	0	3
3	177442806	195412500	1	1	0	3
3	195412501	198022429	1	1	0	3
4	20334	22755385	1	1	0	3
4	22755386	34056862	1	1	0	3
4	34056863	35001604	2	1	1	2
4	35001605	35358970	4	3	1	2
4	35358971	35689799	5	4	1	2
4	35689800	35864796	4	3	1	2
4	35864797	35943480	5	4	1	2
4	35943481	37556859	4	3	1	2
4	37556860	38251755	3	2	1	2
4	38251756	38252277	3	2	1	2
4	38252278	38252328	3	2	1	2
4	38252329	38252394	3	2	1	2
4	38252395	38252590	3	2	1	2
4	38252591	38252639	3	2	1	2
4	38252640	38569591	3	2	1	2
4	38569592	38577272	3	2	1	2
4	38577273	38670075	3	2	1	2
4	38670076	38679952	3	2	1	2
4	38679953	40984447	3	2	1	2
4	40984448	40990011	2	1	1	1
4	40990012	40991432	2	1	1	1
4	40991433	41099351	3	2	1	2
4	41099352	41192212	2	1	1	2
4	41192213	41209384	2	1	1	2
4	41209385	41513626	2	1	1	2
4	41513627	41878270	2	1	1	2
4	41878271	43911685	2	1	1	2
4	43911686	44629012	3	2	1	2
4	44629013	44629357	2	1	1	2
4	44629358	44791509	3	2	1	2
4	44791510	44791601	2	1	1	2
4	44791602	44791877	2	1	1	2
4	44791878	46389202	3	2	1	2
4	46389203	46588725	2	1	1	2
4	46588726	46598027	2	1	1	2
4	46598028	46682364	2	1	1	2
4	46682365	46682886	2	1	1	2
4	46682887	46682990	2	1	1	2
4	46682991	46683291	2	1	1	2
4	46683292	48132844	2	1	1	2
4	48132845	48199999	3	2	1	2
4	48200000	52699999	NA	NA	NA	NA
4	52700000	191154275	1	1	0	2
5	39977	1476800	2	1	1	2
5	1476801	46099999	2	1	1	3
5	46100000	50699999	2	1	1	3
5	50700000	95062251	2	1	1	3
5	95062252	95104058	2	1	1	1
5	95104059	164749399	2	1	1	3
5	164749400	164797765	3	2	1	3
5	164797766	165597540	2	1	1	2
5	165597541	165808056	2	1	1	2
5	165808057	165809968	2	1	1	2
5	165809969	165872027	2	1	1	2
5	165872028	166008036	3	2	1	3
5	166008037	166044789	2	1	1	2
5	166044790	166220695	3	2	1	3
5	166220696	167194995	2	1	1	2
5	167194996	168374974	2	1	1	2
5	168374975	179399877	3	2	1	2
5	179399878	179699798	4	3	1	2
5	179699799	180408695	3	2	1	3
5	180408696	180685900	1	1	0	2
6	226284	56320032	1	1	0	3
6	56320033	58699999	2	1	1	3
6	58700000	63299999	2	1	1	2
6	63300000	170869470	2	1	1	3
7	40386	1240013	2	1	1	1
7	1240014	1298135	2	1	1	2
7	1298136	2820004	2	1	1	1
7	2820005	57999999	2	1	1	3
7	58000000	62058677	2	1	1	2
7	62058678	62702975	2	1	1	2
7	62702976	155476911	2	1	1	3
7	155476912	155476925	2	1	1	2
7	155476926	158821400	2	1	1	3
8	172500	41877570	1	1	0	2
8	41877571	43099999	2	1	1	2
8	43100000	48099999	NA	NA	NA	NA
8	48100000	58858659	1	1	0	2
8	58858660	59443731	2	1	1	2
8	59443732	59783800	1	1	0	2
8	59783801	60032514	2	1	1	2
8	60032515	64520003	1	1	0	2
8	64520004	64930085	1	1	0	2
8	64930086	100900358	1	1	0	2
8	100900359	145823400	2	1	1	2
9	47500	44250588	1	1	0	2
9	44250589	47299999	1	1	0	2
9	47300000	50699999	1	1	0	2
9	50700000	128111057	1	1	0	2
9	128111058	128111298	1	1	0	2
9	128111299	128152275	1	1	0	2
9	128152276	128152763	2	2	0	1
9	128152764	128344759	2	2	0	3
9	128344760	128344778	1	1	0	2
9	128344779	140273200	1	1	0	3
9	140273201	141025842	1	1	0	2
10	104552	37999999	2	1	1	2
10	38000000	42407500	NA	NA	NA	NA
10	42407501	74142111	1	1	0	3
10	74142112	84342675	2	1	1	3
10	84342676	135389924	1	1	0	3
11	20721	197336	1	1	0	2
11	197337	2062601	2	1	1	2
11	2062602	39657452	2	1	1	3
11	39657453	39670550	1	1	0	2
11	39670551	51599999	2	1	1	3
11	51600000	55835504	NA	NA	NA	NA
11	55835505	62776240	1	1	0	3
11	62776241	62776451	1	1	0	2
11	62776452	68349986	1	1	0	3
11	68349987	69059970	2	1	1	2
11	69059971	70468110	3	2	1	2
11	70468111	70490179	2	1	1	2
11	70490180	70490282	2	1	1	2
11	70490283	70496273	2	1	1	2
11	70496274	70496467	2	1	1	2
11	70496468	70496598	2	1	1	2
11	70496599	70497416	2	1	1	2
11	70497417	75332459	2	1	1	2
11	75332460	79152816	2	1	1	2
11	79152817	79153103	2	1	1	2
11	79153104	79153130	2	1	1	2
11	79153131	79204472	2	1	1	2
11	79204473	79204653	2	1	1	2
11	79204654	84181955	2	1	1	2
11	84181956	84194063	3	2	1	2
11	84194064	84432699	2	1	1	2
11	84432700	87457510	1	1	0	3
11	87457511	92017942	2	1	1	3
11	92017943	92018072	2	1	1	2
11	92018073	103235548	2	1	1	3
11	103235549	134452200	1	1	0	3
12	110107	33299999	2	1	1	3
12	33300000	38199999	2	1	1	3
12	38200000	132342500	2	1	1	3
12	132342501	133851894	2	1	1	2
13	1	16299999	1	1	0	1
13	16300000	19499999	1	1	0	2
13	19500000	58405667	1	1	0	2
13	58405668	62115825	2	1	1	3
13	62115826	66744010	1	1	0	2
13	66744011	114159998	2	1	1	3
13	114159999	115169877	2	1	1	2
14	1	16099999	1	1	0	1
14	16100000	19099999	NA	NA	NA	NA
14	19100000	20378039	2	1	1	1
14	20378040	106368400	1	1	0	2
15	1	15799999	2	1	1	1
15	15800000	20699999	2	1	1	2
15	20700000	100338800	2	1	1	3
15	100338801	102531391	2	1	1	2
16	9999	135123	1	1	0	2
16	135124	5020519	1	1	0	2
16	5020520	32360229	2	1	1	2
16	32360230	34208000	2	1	1	2
16	34208001	38599999	NA	NA	NA	NA
16	38600000	50929222	1	1	0	2
16	50929223	74062243	2	1	1	3
16	74062244	81547413	1	1	0	3
16	81547414	81637045	1	1	0	1
16	81637046	88827200	1	1	0	3
16	88827201	90354752	1	1	0	2
17	12500	10605016	1	1	0	2
17	10605017	22199999	2	1	1	3
17	22200000	25799999	2	1	1	2
17	25800000	44789284	2	1	1	3
17	44789285	72978989	3	2	1	3
17	72978990	76635577	2	2	0	2
17	76635578	78799310	3	2	1	2
17	78799311	81195209	3	2	1	1
18	27500	15399999	2	1	1	3
18	15400000	18999999	NA	NA	NA	NA
18	19000000	64894595	1	1	0	2
18	64894596	64941141	2	1	1	2
18	64941142	65878048	3	2	1	3
18	65878049	65985498	5	4	1	2
18	65985499	66001426	5	4	1	2
18	66001427	66033326	5	4	1	2
18	66033327	66152651	4	3	1	2
18	66152652	69861787	1	1	0	3
18	69861788	70135087	2	1	1	3
18	70135088	70172992	1	1	0	2
18	70172993	70261436	2	1	1	3
18	70261437	70334004	1	1	0	3
18	70334005	72552400	2	1	1	2
18	72552401	72643501	2	1	1	2
18	72643502	72644758	2	1	1	2
18	72644759	73830157	2	1	1	3
18	73830158	73869891	1	1	0	2
18	73869892	73875691	1	1	0	2
18	73875692	74499984	2	1	1	2
18	74499985	76117000	3	2	1	2
18	76117001	78077247	3	2	1	2
19	240963	9901510	2	1	1	2
19	9901511	9923609	3	2	1	2
19	9923610	9923624	3	2	1	2
19	9923625	9926170	3	2	1	2
19	9926171	9926432	3	2	1	1
19	9926433	9941687	2	1	1	2
19	9941688	11737880	2	1	1	2
19	11737881	11745401	1	1	0	2
19	11745402	22795100	1	1	0	2
19	22795101	24399999	2	1	1	2
19	24400000	28599999	2	1	1	2
19	28600000	59128982	2	1	1	2
20	24545	25599999	2	1	1	2
20	25600000	29399999	2	1	1	2
20	29400000	62405004	2	1	1	2
21	1	9417499	NA	NA	NA	NA
21	9417500	10578610	NA	NA	NA	NA
21	10578611	14299999	NA	NA	NA	NA
21	14300000	46894200	2	1	1	2
21	46894201	48129894	2	1	1	2
22	1	12199999	2	1	1	1
22	12200000	17899999	2	1	1	2
22	17900000	27037537	2	1	1	2
22	27037538	33870013	2	1	1	2
22	33870014	34003175	2	1	1	2
22	34003176	36658020	2	1	1	2
22	36658021	45678594	1	1	0	2
22	45678595	46451467	1	1	0	2
22	46451468	46734559	1	1	0	2
22	46734560	49716597	2	1	1	2
22	49716598	51304565	2	1	1	2
X	1	58099999	1	1	0	3
X	58100000	62999999	1	1	0	3
X	63000000	155270559	1	1	0	3
Y	1	11599999	NA	NA	NA	NA
Y	11600000	13399999	NA	NA	NA	NA
Y	13400000	59373565	NA	NA	NA	NA
