chromosome	start	end	total_cn	major_cn	minor_cn	star
1	10001	6476962	2	1	1	3
1	6476963	6479661	2	1	1	3
1	6479662	6495657	2	1	1	2
1	6495658	6496400	2	1	1	2
1	6496401	6546892	2	1	1	2
1	6546893	6577483	2	1	1	2
1	6577484	12902165	1	1	0	3
1	12902166	15138707	1	1	0	3
1	15138708	15236529	2	1	1	3
1	15236530	15236761	2	1	1	3
1	15236762	15258675	2	1	1	2
1	15258676	15259163	2	1	1	2
1	15259164	15330539	2	1	1	3
1	15330540	15331362	2	1	1	2
1	15331363	15336843	1	1	0	2
1	15336844	15385723	1	1	0	3
1	15385724	15422370	2	1	1	1
1	15422371	15481924	2	1	1	3
1	15481925	15513246	2	1	1	2
1	15513247	15513424	2	1	1	2
1	15513425	15527316	1	1	0	1
1	15527317	15550335	1	1	0	2
1	15550336	15600761	2	1	1	3
1	15600762	15603657	2	1	1	3
1	15603658	27461225	2	1	1	3
1	27461226	28132166	3	2	1	2
1	28132167	32974458	2	1	1	2
1	32974459	33000947	2	1	1	2
1	33000948	56115635	2	1	1	3
1	56115636	56230269	1	1	0	3
1	56230270	56396275	2	1	1	3
1	56396276	57976741	1	1	0	3
1	57976742	59505521	2	1	1	2
1	59505522	60167095	1	1	0	3
1	60167096	66235997	2	1	1	3
1	66235998	69879993	2	1	1	2
1	69879994	69919997	2	1	1	2
1	69919998	81280027	2	1	1	3
1	81280028	102232714	2	1	1	3
1	102232715	102299986	2	1	1	2
1	102299987	121499999	2	1	1	3
1	121500000	128899999	2	1	1	2
1	128900000	143402499	2	1	1	2
1	143402500	146498728	3	2	1	2
1	146498729	156433471	2	1	1	2
1	156433472	184216922	2	1	1	2
1	184216923	185006822	3	2	1	2
1	185006823	194459998	2	1	1	2
1	194459999	198649946	2	1	1	2
1	198649947	201720000	2	1	1	2
1	201720001	202493959	3	2	1	2
1	202493960	204624297	2	1	1	2
1	204624298	205429724	3	2	1	2
1	205429725	247249600	2	1	1	2
1	247249601	249250620	2	1	1	2
2	20016	41015340	2	1	1	3
2	41015341	50370717	2	1	1	3
2	50370718	51530006	2	1	1	3
2	51530007	55202840	2	1	1	3
2	55202841	55839460	3	2	1	2
2	55839461	90499999	2	1	1	3
2	90500000	96799999	2	1	1	2
2	96800000	138639234	2	1	1	3
2	138639235	141116818	2	1	1	3
2	141116819	147322617	2	1	1	3
2	147322618	185124551	2	1	1	3
2	185124552	242999968	2	1	1	3
3	100074	1499296	2	1	1	2
3	1499297	9984936	2	1	1	2
3	9984937	9985139	2	1	1	2
3	9985140	9985153	2	1	1	2
3	9985154	10336209	2	1	1	2
3	10336210	87899999	2	1	1	2
3	87900000	93899999	2	1	1	2
3	93900000	103960025	2	1	1	2
3	103960026	103990006	2	1	1	2
3	103990007	121374334	2	1	1	2
3	121374335	143979588	1	1	0	2
3	143979589	157899934	2	1	1	2
3	157899935	157947178	2	1	1	2
3	157947179	166960027	2	1	1	2
3	166960028	183758843	2	1	1	2
3	183758844	184580202	3	2	1	2
3	184580203	186857979	2	1	1	3
3	186857980	195445034	1	1	0	3
3	195445035	195897149	1	1	0	3
3	195897150	195935913	2	2	0	1
3	195935914	196135357	1	1	0	2
3	196135358	196717475	2	1	1	2
3	196717476	197502782	3	2	1	2
3	197502783	197847500	2	1	1	2
4	9997	23001097	2	1	1	3
4	23001098	42789957	2	1	1	3
4	42789958	48199999	2	1	1	3
4	48200000	52699999	2	1	1	3
4	52700000	63771465	2	1	1	3
4	63771466	63845626	2	1	1	2
4	63845627	91893762	2	1	1	2
4	91893763	93549983	2	1	1	2
4	93549984	116429162	2	1	1	2
4	116429163	116445175	2	1	1	2
4	116445176	151002676	2	1	1	2
4	151002677	178930078	2	1	1	2
4	178930079	190987500	2	1	1	2
5	49928	857921	2	1	1	2
5	857922	45903764	2	1	1	3
5	45903765	46099999	1	1	0	1
5	46100000	50699999	NA	NA	NA	NA
5	50700000	51358179	2	1	1	2
5	51358180	85652353	2	1	1	3
5	85652354	96224880	2	1	1	3
5	96224881	96298433	3	2	1	3
5	96298434	98485290	2	1	1	2
5	98485291	98562921	2	1	1	2
5	98562922	104377500	2	1	1	3
5	104377501	116674993	2	1	1	3
5	116674994	117477077	2	1	1	2
5	117477078	117518431	2	1	1	2
5	117518432	125233042	2	1	1	3
5	125233043	125338788	2	1	1	2
5	125338789	144360675	2	1	1	3
5	144360676	176470937	2	1	1	3
5	176470938	177237002	3	2	1	2
5	177237003	180715810	2	1	1	3
6	39681	202451	2	1	1	1
6	202452	57490009	2	1	1	2
6	57490010	58699999	1	1	0	2
6	58700000	63299999	1	1	0	3
6	63300000	82722358	1	1	0	3
6	82722359	90831144	1	1	0	3
6	90831145	90831541	1	1	0	2
6	90831542	93854960	1	1	0	3
6	93854961	94274369	1	1	0	2
6	94274370	94464154	2	1	1	2
6	94464155	94465266	2	1	1	2
6	94465267	94692090	2	1	1	2
6	94692091	94693210	2	1	1	2
6	94693211	108878557	2	1	1	2
6	108878558	115936366	1	1	0	2
6	115936367	170918961	1	1	0	2
7	59315	7646169	3	2	1	3
7	7646170	8360455	2	1	1	3
7	8360456	25271405	3	2	1	3
7	25271406	25314138	4	3	1	3
7	25314139	44107198	3	2	1	3
7	44107199	44153791	4	3	1	2
7	44153792	54665342	3	2	1	3
7	54665343	54704686	99	99	0	1
7	54704687	54839728	127	127	0	1
7	54839729	54889727	127	127	0	1
7	54889728	54906214	106	106	0	1
7	54906215	54958587	126	126	0	1
7	54958588	54958720	98	98	0	1
7	54958721	54975585	131	131	0	1
7	54975586	55001081	103	103	0	1
7	55001082	55001393	103	103	0	1
7	55001394	55001597	49	49	0	1
7	55001598	55003836	49	49	0	1
7	55003837	55085451	117	117	0	1
7	55085452	55205494	117	117	0	1
7	55205495	55206940	76	76	0	1
7	55206941	55208261	76	76	0	1
7	55208262	55210414	99	99	0	1
7	55210415	55217124	83	83	0	1
7	55217125	55221850	95	95	0	1
7	55221851	55223151	95	95	0	1
7	55223152	55223217	95	95	0	1
7	55223218	55303675	108	108	0	1
7	55303676	55363016	124	124	0	1
7	55363017	55381197	103	103	0	1
7	55381198	55409267	115	115	0	1
7	55409268	55417211	99	99	0	1
7	55417212	55429939	3	2	1	2
7	55429940	57999999	3	2	1	2
7	58000000	61699999	NA	NA	NA	NA
7	61700000	62085583	2	1	1	1
7	62085584	62256748	2	1	1	2
7	62256749	62460063	2	1	1	2
7	62460064	113480049	3	2	1	3
7	113480050	113510073	3	2	1	3
7	113510074	125643839	3	2	1	2
7	125643840	141020430	3	2	1	3
7	141020431	141032417	3	2	1	3
7	141032418	158821400	3	2	1	3
8	161424	43099999	2	1	1	3
8	43100000	48099999	2	1	1	3
8	48100000	83729959	2	1	1	3
8	83729960	88557932	2	1	1	3
8	88557933	124109015	2	1	1	3
8	124109016	145679717	2	1	1	3
9	10001	240570	1	1	0	2
9	240571	9369983	1	1	0	2
9	9369984	20472799	1	1	0	2
9	20472800	26434804	0	0	0	2
9	26434805	34058322	1	1	0	2
9	34058323	43402499	2	1	1	2
9	43402500	47299999	2	1	1	2
9	47300000	50699999	2	1	1	2
9	50700000	68419975	2	1	1	2
9	68419976	106760025	2	1	1	3
9	106760026	130009877	2	1	1	3
9	130009878	130048837	3	2	1	2
9	130048838	139908790	2	1	1	2
9	139908791	140584142	3	2	1	2
10	102500	37999999	1	1	0	2
10	38000000	42523669	1	1	0	2
10	42523670	52650501	1	1	0	2
10	52650502	117247723	1	1	0	3
10	117247724	135389924	1	1	0	3
11	20721	197336	2	1	1	2
11	197337	48698586	2	1	1	3
11	48698587	48942508	2	1	1	2
11	48942509	50411186	2	1	1	2
11	50411187	50694965	1	1	0	2
11	50694966	55699999	NA	NA	NA	NA
11	55700000	80142106	2	1	1	3
11	80142107	84166927	2	1	1	3
11	84166928	94810034	2	1	1	3
11	94810035	94814358	3	2	1	1
11	94814359	134452200	2	1	1	3
12	22500	189092	3	2	1	2
12	189093	9552835	3	2	1	2
12	9552836	21430035	1	1	0	3
12	21430036	21513048	2	1	1	2
12	21513049	29111043	3	2	1	2
12	29111044	29120616	3	2	1	2
12	29120617	32800287	3	2	1	2
12	32800288	32820536	4	2	2	2
12	32820537	33299999	3	2	1	2
12	33300000	38199999	NA	NA	NA	NA
12	38200000	38220003	2	1	1	2
12	38220004	38289996	2	1	1	2
12	38289997	38424944	2	1	1	2
12	38424945	72760013	3	2	1	2
12	72760014	75029995	3	2	1	2
12	75029996	79278977	3	2	1	2
12	79278978	84479606	3	2	1	2
12	84479607	125216764	3	2	1	2
12	125216765	125229520	4	3	1	2
12	125229521	132349400	3	2	1	2
12	132349401	133851894	3	2	1	2
13	1	16299999	2	1	1	1
13	16300000	19499999	2	1	1	2
13	19500000	56120395	2	1	1	3
13	56120396	57813988	2	1	1	3
13	57813989	62399830	2	1	1	3
13	62399831	62430001	2	1	1	2
13	62430002	64260027	2	1	1	3
13	64260028	80185081	2	1	1	3
13	80185082	80872080	3	2	1	3
13	80872081	90463395	2	1	1	3
13	90463396	114142800	2	1	1	3
13	114142801	115169877	2	1	1	3
14	1	16099999	2	1	1	1
14	16100000	19099999	2	1	1	2
14	19100000	23789488	2	1	1	2
14	23789489	23823786	3	2	1	2
14	23823787	27527142	2	1	1	3
14	27527143	27564068	2	1	1	2
14	27564069	74476644	2	1	1	3
14	74476645	102415525	2	1	1	3
14	102415526	102433682	2	1	1	3
14	102433683	104961488	2	1	1	3
14	104961489	105160468	17	16	1	2
14	105160469	105162397	3	2	1	2
14	105162398	105316109	17	17	0	1
14	105316110	106368400	2	1	1	2
15	1	15799999	2	1	1	1
15	15800000	20699999	2	1	1	2
15	20700000	29266353	2	1	1	3
15	29266354	33031165	2	1	1	3
15	33031166	33032756	2	1	1	3
15	33032757	33765201	2	1	1	3
15	33765202	33765315	2	1	1	3
15	33765316	34879950	2	1	1	3
15	34879951	34880433	2	1	1	2
15	34880434	35156792	2	1	1	3
15	35156793	37062074	1	1	0	3
15	37062075	40649202	2	1	1	3
15	40649203	40649436	2	1	1	2
15	40649437	40865500	2	1	1	3
15	40865501	40865775	2	1	1	2
15	40865776	40928886	2	1	1	2
15	40928887	40929448	2	1	1	2
15	40929449	52843732	2	1	1	3
15	52843733	52844328	2	1	1	3
15	52844329	65738612	2	1	1	3
15	65738613	65743403	2	1	1	3
15	65743404	94867798	2	1	1	3
15	94867799	94867911	2	1	1	2
15	94867912	95091309	2	1	1	3
15	95091310	95091543	2	1	1	2
15	95091544	95179298	2	1	1	3
15	95179299	95180561	2	1	1	2
15	95180562	95236726	2	1	1	3
15	95236727	95752574	1	1	0	2
15	95752575	95774058	1	1	0	1
15	95774059	95774700	2	1	1	2
15	95774701	95940875	2	1	1	2
15	95940876	95941013	2	1	1	2
15	95941014	95992602	2	1	1	2
15	95992603	95992625	2	1	1	2
15	95992626	96038889	2	1	1	2
15	96038890	96649795	1	1	0	3
15	96649796	96843853	2	1	1	3
15	96843854	97515195	1	1	0	3
15	97515196	97533608	2	1	1	3
15	97533609	97535731	2	1	1	2
15	97535732	97539106	2	1	1	2
15	97539107	97539847	2	1	1	2
15	97539848	100338800	2	1	1	3
15	100338801	102448955	2	1	1	3
16	88245	11574755	2	1	1	2
16	11574756	11745169	3	2	1	2
16	11745170	12286694	3	2	1	2
16	12286695	34599999	2	1	1	3
16	34600000	38599999	2	1	1	2
16	38600000	61696590	2	1	1	3
16	61696591	66876775	2	1	1	3
16	66876776	77823681	2	1	1	3
16	77823682	77823940	2	1	1	2
16	77823941	78348901	2	1	1	2
16	78348902	79802920	1	1	0	3
16	79802921	79823548	2	1	1	2
16	79823549	81589836	1	1	0	3
16	81589837	82236785	2	1	1	3
16	82236786	82237614	2	1	1	3
16	82237615	82569174	2	1	1	3
16	82569175	82570803	1	1	0	1
16	82570804	88827200	2	1	1	3
16	88827201	90354752	2	1	1	3
17	12500	19416212	2	1	1	3
17	19416213	19445401	3	2	1	2
17	19445402	19539865	2	1	1	2
17	19539866	20298201	3	2	1	2
17	20298202	22199999	2	1	1	2
17	22200000	25799999	2	1	1	3
17	25800000	70355388	2	1	1	2
17	70355389	70381526	3	2	1	2
17	70381527	78774600	2	1	1	2
17	78774601	81195209	2	1	1	2
18	27500	9627266	2	1	1	2
18	9627267	9632902	2	1	1	2
18	9632903	15399999	2	1	1	3
18	15400000	18999999	2	1	1	3
18	19000000	26631606	2	1	1	3
18	26631607	26710295	2	1	1	2
18	26710296	71174003	2	1	1	3
18	71174004	76117000	2	1	1	3
18	76117001	78077247	2	1	1	3
19	255096	5516133	3	2	1	2
19	5516134	5517624	3	2	1	2
19	5517625	5678617	3	2	1	2
19	5678618	5679139	3	2	1	2
19	5679140	5700346	3	2	1	2
19	5700347	5700933	3	2	1	2
19	5700934	5746502	3	2	1	2
19	5746503	5751480	3	2	1	2
19	5751481	5751978	3	2	1	2
19	5751979	5865469	3	2	1	2
19	5865470	5865834	3	2	1	2
19	5865835	6003354	4	3	1	2
19	6003355	6003388	3	2	1	2
19	6003389	6016517	3	2	1	2
19	6016518	6017241	3	2	1	2
19	6017242	6018109	3	2	1	2
19	6018110	6020461	3	2	1	2
19	6020462	6213536	3	2	1	2
19	6213537	6214852	2	1	1	2
19	6214853	6289650	3	2	1	2
19	6289651	6290234	3	2	1	2
19	6290235	6383869	3	2	1	2
19	6383870	6439147	2	1	1	2
19	6439148	6673974	3	2	1	2
19	6673975	6694880	3	2	1	2
19	6694881	6961448	3	2	1	2
19	6961449	6963085	3	2	1	2
19	6963086	6995241	4	3	1	2
19	6995242	7001053	3	2	1	2
19	7001054	7135854	3	2	1	2
19	7135855	7153572	3	2	1	2
19	7153573	7156066	3	2	1	2
19	7156067	7215512	3	2	1	2
19	7215513	7407292	2	1	1	2
19	7407293	7548352	3	2	1	2
19	7548353	7548435	3	2	1	2
19	7548436	18626009	3	2	1	2
19	18626010	24399999	3	2	1	2
19	24400000	28599999	3	2	1	2
19	28600000	39286217	3	2	1	2
19	39286218	39286414	4	3	1	2
19	39286415	39528090	3	2	1	2
19	39528091	39528261	3	2	1	2
19	39528262	39891640	3	2	1	2
19	39891641	39896004	4	3	1	2
19	39896005	39996850	3	2	1	2
19	39996851	39998049	3	2	1	2
19	39998050	40001099	3	2	1	2
19	40001100	40002330	3	2	1	2
19	40002331	40031259	3	2	1	2
19	40031260	40031710	2	1	1	1
19	40031711	40032352	2	1	1	1
19	40032353	40032738	2	1	1	2
19	40032739	40109543	3	2	1	2
19	40109544	40111496	4	3	1	2
19	40111497	40147346	3	2	1	2
19	40147347	40154641	3	2	1	2
19	40154642	40165026	2	1	1	1
19	40165027	40195014	3	2	1	3
19	40195015	40257636	3	2	1	3
19	40257637	40257996	3	2	1	2
19	40257997	40431044	3	2	1	2
19	40431045	40486454	2	1	1	2
19	40486455	40536977	3	2	1	2
19	40536978	48488148	2	1	1	2
19	48488149	48494549	2	1	1	2
19	48494550	48587037	3	2	1	2
19	48587038	48601754	3	2	1	2
19	48601755	48661459	3	2	1	2
19	48661460	48665300	2	1	1	2
19	48665301	48746361	3	2	1	2
19	48746362	48746490	3	2	1	2
19	48746491	48791376	3	2	1	2
19	48791377	48792373	3	2	1	2
19	48792374	48941316	3	2	1	2
19	48941317	48943550	3	2	1	2
19	48943551	49052620	3	2	1	2
19	49052621	49071717	3	2	1	2
19	49071718	49079318	3	2	1	2
19	49079319	49085581	3	2	1	2
19	49085582	49086456	3	2	1	2
19	49086457	49095536	3	2	1	2
19	49095537	49099275	3	2	1	2
19	49099276	49316587	3	2	1	2
19	49316588	54588048	2	1	1	2
19	54588049	54796045	3	2	1	2
19	54796046	54852685	3	2	1	2
19	54852686	54854031	2	1	1	1
19	54854032	54877636	3	2	1	3
19	54877637	54878260	2	1	1	1
19	54878261	54920385	3	2	1	3
19	54920386	54928155	3	2	1	2
19	54928156	54928208	3	2	1	2
19	54928209	54943595	3	2	1	3
19	54943596	54944027	3	2	1	2
19	54944028	55096285	3	2	1	2
19	55096286	55443037	2	1	1	2
19	55443038	55524267	3	2	1	2
19	55524268	55525130	2	1	1	2
19	55525131	55764631	3	2	1	2
19	55764632	55764995	3	2	1	2
19	55764996	55772530	3	2	1	2
19	55772531	55773700	3	2	1	2
19	55773701	55779309	3	2	1	2
19	55779310	55780055	3	2	1	2
19	55780056	59128982	3	2	1	2
20	24347	25599999	3	2	1	2
20	25600000	29399999	3	2	1	2
20	29400000	39590919	3	2	1	2
20	39590920	40334837	4	2	2	2
20	40334838	62432500	3	2	1	2
21	1	10899999	NA	NA	NA	NA
21	10900000	14299999	3	2	1	1
21	14300000	17189974	2	1	1	3
21	17189975	21802669	2	1	1	3
21	21802670	21899988	1	1	0	2
21	21899989	46937500	2	1	1	2
21	46937501	48129894	2	1	1	2
22	1	12199999	2	1	1	1
22	12200000	17899999	2	1	1	3
22	17900000	49687500	2	1	1	3
22	49687501	51304565	2	1	1	3
X	1	58099999	1	1	0	3
X	58100000	62999999	1	1	0	2
X	63000000	155270559	1	1	0	3
Y	1	11599999	1	1	0	1
Y	11600000	13399999	1	1	0	1
Y	13400000	59373565	1	1	0	1
